6 0.36405937499999996 0.47390625000000003 0.367040625 0.466471875 0.3693828125 0.45238750000000005 0.3693828125 0.44182499999999997 0.36853125000000003 0.43008749999999996 0.3651234375 0.41991562499999996 0.35895 0.4163953125 0.3525625 0.41561250000000005 0.3453234375 0.421871875 0.340640625 0.43165312499999997 0.3393625 0.4508234375 0.3421296875 0.4789921875 0.344046875 0.47351406249999994 0.3453234375 0.4680375 0.3463890625 0.457865625 0.3483046875 0.45238750000000005 0.35064687499999997 0.4465203125 0.3517109375 0.44182499999999997 0.3529890625 0.43517343750000004 0.35405312499999997 0.42617656249999997 0.357459375 0.42617656249999997 0.363846875 0.43243593750000003 0.36427187499999997 0.44143437499999993 0.36555 0.4566921875 0.36405937499999996 0.47390625000000003
6 0.3319109375 0.43360937499999996 0.3257375 0.42891406249999997 0.3202015625 0.43008749999999996 0.3157296875 0.43360937499999996 0.3138140625 0.440259375 0.30934375 0.4465203125 0.30593593750000003 0.45825625 0.3070015625 0.46764687499999996 0.30912968749999997 0.474296875 0.3138140625 0.48368593750000005 0.31530468749999996 0.4895546875 0.31594375 0.46999375 0.31594375 0.46060468749999994 0.31594375 0.44925781249999996 0.317646875 0.4386953125 0.3202015625 0.43517343750000004 0.32744062500000004 0.4371296875 0.3314859375 0.44260781250000003 0.33361406250000003 0.4563 0.334040625 0.46608124999999995 0.33638124999999997 0.45708281250000005 0.3353171875 0.44221562499999995 0.3319109375 0.43360937499999996
1 0.40685312500000004 0.563496875 0.40578906249999996 0.554890625 0.40089218750000005 0.5478484375 0.39578281249999997 0.5408062499999999 0.3891828125 0.5333734375 0.384071875 0.538459375 0.3791765625 0.546675 0.37406562499999996 0.5505875 0.37555625 0.556846875 0.377259375 0.5607593750000001 0.3793890625 0.565453125 0.38151718749999997 0.5705390625 0.383434375 0.5756249999999999 0.38790468749999996 0.5822765624999999 0.3923765625 0.581884375 0.3989765625 0.5822765624999999 0.40280781250000003 0.581884375 0.4053625 0.5803203124999999 0.406640625 0.5748421875 0.40685312500000004 0.5685828125 0.40685312500000004 0.563496875
2 0.6862328125 0.5662390625 0.679278125 0.5776015625 0.6761859375 0.5903828125 0.67773125 0.6055312500000001 0.685975 0.6192593750000001 0.6882937499999999 0.6183125 0.6952499999999999 0.615471875 0.7063265624999999 0.6107375 0.719465625 0.600796875 0.7284828125 0.5884890625 0.7351796875 0.5705 0.735953125 0.556771875 0.73183125 0.54304375 0.7251328125 0.53215625 0.7150859374999999 0.5335765625 0.7040093749999999 0.5416234375 0.695765625 0.5510921875 0.6862328125 0.5662390625
1 0.6965375 0.6277796875 0.7004015625 0.6254125 0.7045234375 0.6168921875 0.701175 0.615471875 0.6944765625 0.6140515625 0.689840625 0.615471875 0.6885515625 0.6235203125 0.6900968749999999 0.6254125 0.693446875 0.6277796875 0.6965375 0.6277796875
2 0.6702609374999999 0.5818609375 0.6653671875 0.5884890625 0.6609875 0.5884890625 0.6566078125 0.584228125 0.64939375 0.5865953125 0.6439843749999999 0.5965359375 0.6390890625 0.595590625 0.63161875 0.595590625 0.6236328125 0.606478125 0.6218296875 0.623046875 0.626725 0.6381953125 0.633421875 0.650503125 0.6359984375 0.6528703124999999 0.639346875 0.65855 0.6452718749999999 0.6694375 0.6530015625 0.67511875 0.6643359375 0.673225 0.6743828125 0.66801875 0.6826265625 0.652396875 0.6849453125 0.6372484375 0.68700625 0.6202062500000001 0.6852031249999999 0.6078984375 0.6785046875 0.5894359375 0.674125 0.579021875 0.6702609374999999 0.5818609375
2 0.60199375 0.621153125 0.5960687499999999 0.62730625 0.5893703125 0.633934375 0.5896281250000001 0.6424546875 0.5909156249999999 0.6561828125 0.5978718749999999 0.6808 0.6043125 0.68979375 0.611525 0.6921609375 0.61745 0.6855328125 0.6246640625000001 0.6755921875 0.6313609375 0.661390625 0.6331640625 0.65334375 0.6323921875 0.6415078125 0.6293 0.6292 0.6231171875 0.6173656249999999 0.6164203125000001 0.6112109375 0.6068875 0.6149984374999999 0.60199375 0.621153125
2 0.5615484375 0.641034375 0.55485 0.6490828125 0.55845625 0.673225 0.5615484375 0.6808 0.5656703125 0.68979375 0.5741703125 0.7002078125 0.5806109375 0.70446875 0.5852484375 0.699734375 0.5875671875 0.6893203125 0.5896281250000001 0.6765390625000001 0.59014375 0.661390625 0.5893703125 0.6481359375 0.5852484375 0.635828125 0.5788078125 0.6334609375 0.5692765625 0.6344078125 0.5615484375 0.641034375
1 0.5509859374999999 0.642928125 0.5473796875 0.6500296875 0.5458328125 0.657603125 0.545575 0.6637578125 0.5473796875 0.6718046875 0.5499546875 0.6746453125 0.5533046875000001 0.6746453125 0.556653125 0.6718046875 0.5563953125000001 0.6665984375 0.5553656250000001 0.6547625 0.5553656250000001 0.648609375 0.5558796874999999 0.6424546875 0.55485 0.6363015625 0.5509859374999999 0.642928125
6 0.5530468749999999 0.8124015625000001 0.5504703125 0.802459375 0.5484093750000001 0.7958328125 0.5468640625 0.78873125 0.5453187500000001 0.782578125 0.543771875 0.7910984375 0.54196875 0.8015140625000001 0.541453125 0.8124015625000001 0.5442875 0.82565625 0.5499546875 0.8327562500000001 0.5545921875000001 0.8337031250000001 0.5600015625 0.8270765625 0.5641234374999999 0.817134375 0.5654125 0.8015140625000001 0.5646390625000001 0.7873125 0.5620625 0.7868390625 0.5615484375 0.8005671875000001 0.5600015625 0.8086140625 0.5530468749999999 0.8124015625000001
2 0.396159375 0.6353546875 0.39177968750000003 0.6306203125 0.385596875 0.6344078125 0.381475 0.6424546875 0.3781265625 0.65334375 0.3747765625 0.6618640625000001 0.3740046875 0.68269375 0.372715625 0.6869531249999999 0.3763234375 0.6968953124999999 0.384309375 0.7096765625 0.39332500000000004 0.71015 0.3982203125 0.7021015625 0.40234218750000006 0.6945281249999999 0.4046609375 0.6860062499999999 0.40620625 0.677959375 0.4072359375 0.6665984375 0.4072359375 0.6590234374999999 0.40491875000000005 0.6462421875000001 0.40259999999999996 0.6424546875 0.396159375 0.6353546875
2 0.3647296875 0.6348812500000001 0.36060781249999996 0.6344078125 0.3570015625 0.633934375 0.353653125 0.6325140625000001 0.34953124999999996 0.63866875 0.346696875 0.65334375 0.34257499999999996 0.668965625 0.3412875 0.6841140625000001 0.3464390625 0.7153562499999999 0.350303125 0.71725 0.35803281249999996 0.7134640625 0.3634421875 0.7049421875 0.3670484375 0.6959484375 0.3688515625 0.6860062499999999 0.372715625 0.670384375 0.37555 0.657603125 0.378384375 0.6481359375 0.37915625 0.639615625 0.3758078125 0.6329875 0.371428125 0.6325140625000001 0.3647296875 0.6348812500000001
2 0.34025625000000004 0.6197328125 0.33175625000000003 0.6258859375 0.32737656249999997 0.626359375 0.3209359375 0.621153125 0.31449531249999996 0.6192593750000001 0.3062515625 0.6268328125 0.3016140625 0.6344078125 0.29646249999999996 0.6713312499999999 0.29878125 0.6869531249999999 0.3031609375 0.7035218750000001 0.311146875 0.7167765625 0.32042031249999997 0.7153562499999999 0.330725 0.7068359375 0.339484375 0.6978421875 0.3464390625 0.6803265625 0.345409375 0.663284375 0.3492734375 0.648609375 0.350303125 0.6344078125 0.347728125 0.6235203125 0.34025625000000004 0.6197328125
2 0.30496406249999997 0.6055312500000001 0.29878125 0.5922765625 0.29259843750000003 0.578075 0.2866734375 0.5676593750000001 0.279975 0.5572453125 0.273534375 0.54683125 0.2707015625 0.545884375 0.264775 0.5473046874999999 0.25859375 0.5534578125 0.2549859375 0.560559375 0.253440625 0.5818609375 0.256275 0.595590625 0.259365625 0.6041109375 0.26322968750000003 0.6140515625 0.268640625 0.6254125 0.2727625 0.6306203125 0.2812625 0.6424546875 0.293628125 0.6528703124999999 0.296978125 0.65145 0.302903125 0.6434015625 0.3090859375 0.6292 0.308828125 0.6149984374999999 0.30496406249999997 0.6055312500000001
6 0.3993055546875 0.809027778125 0.3993055546875 0.7881944437499999 0.3854166671875 0.7725694437499999 0.3802083328125 0.8020833328125001 0.3993055546875 0.809027778125
0 0.4075520828125 0.5455729171875 0.4075520828125 0.54296875 0.4322916671875 0.5442708328125 0.4440104171875 0.55078125 0.4622395828125 0.5533854171875 0.4765625 0.5572916671875 0.4947916671875 0.5494791671875 0.52734375 0.5455729171875 0.546875 0.546875 0.5690104171875 0.5442708328125 0.5872395828125 0.5403645828125 0.6015625 0.5221354171875 0.6223958328125 0.5065104171875 0.6666666671875 0.4817708328125 0.7122395828125 0.4739583328125 0.71875 0.4596354171875 0.6744791671875 0.45703125 0.65625 0.4739583328125 0.6197916671875 0.4895833328125 0.5885416671875 0.5169270828125 0.5598958328125 0.5325520828125 0.5286458328125 0.5221354171875 0.4973958328125 0.52734375 0.4661458328125 0.5299479171875 0.44140625 0.5286458328125 0.4270833328125 0.5286458328125 0.40625 0.5221354171875 0.3841145828125 0.5169270828125 0.3684895828125 0.5234375 0.3359375 0.5078125 0.2890625 0.4778645828125 0.28515625 0.5143229171875 0.3372395828125 0.5299479171875 0.3645833328125 0.5325520828125 0.390625 0.5364583328125 0.4075520828125 0.5455729171875
5 0.5951704546875 0.5738636374999999 0.6051136359375 0.5681818171875 0.617897728125 0.546875 0.6107954546875 0.497159090625 0.5909090906250001 0.5113636374999999 0.5951704546875 0.5738636374999999
5 0.6235795453125 0.5582386374999999 0.6534090906250001 0.5482954546875 0.664772728125 0.46448863749999997 0.6136363640625 0.49573863749999997 0.6235795453125 0.5582386374999999
0 0.41619318281249995 0.7002840906250001 0.455965909375 0.7230113625000001 0.5411931828125 0.7173295453125 0.6136363640625 0.694602271875 0.6732954546875 0.6761363625000001 0.6974431828125 0.6392045453125 0.7514204546875 0.5795454546875 0.7457386359375 0.5795454546875 0.671875 0.65625 0.633522728125 0.671875 0.602272728125 0.6889204546875 0.5568181828125 0.6974431828125 0.42613636406250005 0.6931818171875 0.3948863640625 0.6917613625000001 0.367897728125 0.6974431828125 0.31392045468749996 0.6889204546875 0.2457386359375 0.602272728125 0.2769886359375 0.649147728125 0.288352271875 0.678977271875 0.31392045468749996 0.7088068171875 0.350852271875 0.7215909093749999 0.382102271875 0.7159090906250001 0.41619318281249995 0.7002840906250001
