3 0.32892791718750003 0.48181720468749994 0.291653928125 0.476647175 0.2775031640625 0.5786606140624999 0.3147771453125 0.5838306015625 0.32892791718750003 0.48181720468749994
7 0.3600901734375 0.44018276875 0.355421875 0.44027031250000004 0.356957253125 0.52213905625 0.3616255515625 0.5220515125 0.3600901734375 0.44018276875
7 0.446314453125 0.4562613296875 0.43880004375 0.4564347203125 0.44098436875 0.5510921875 0.448498778125 0.5509187984375 0.446314453125 0.4562613296875
7 0.5079686437500001 0.543411678125 0.5177531296875 0.5425703125 0.508450475 0.4343962828125 0.498666153125 0.43523764218750005 0.5079686437500001 0.543411678125
7 0.5407887359375 0.44757623593750007 0.5347582515625 0.4481300390625 0.5432577734375 0.540676565625 0.54928825625 0.5401227671875 0.5407887359375 0.44757623593750007
7 0.5758323390625 0.45279887187499995 0.5687609218749999 0.4526265625 0.5664421875000001 0.547778125 0.5735136046875 0.5479504328125 0.5758323390625 0.45279887187499995
3 0.7115861640625 0.5045352265624999 0.670583009375 0.5040035984375 0.6701158578124999 0.5400308890625001 0.7111190140625 0.540562515625 0.7115861640625 0.5045352265624999
2 0.75292799375 0.54964765625 0.712633421875 0.5242904125 0.6622573890625 0.6043340078125 0.702551796875 0.629691040625 0.75292799375 0.54964765625
2 0.6423304625 0.6812079359375 0.7037212765625 0.6589371296875 0.67420796875 0.5775933625 0.6128180750000001 0.599863984375 0.6423304625 0.6812079359375
2 0.60064148125 0.6948949343749999 0.6431241859375 0.684223046875 0.6242840843749999 0.6092355 0.5818020015625 0.61990730625 0.60064148125 0.6948949343749999
2 0.5869259265625 0.6317717828125 0.5530205968749999 0.6368357296875 0.5635049421875 0.70702360625 0.5974102625000001 0.7019596953125 0.5869259265625 0.6317717828125
1 0.5458670640625 0.674841284375 0.5567256453125 0.674555175 0.5557169296875 0.6362787203125 0.5448584328125 0.6365648296875001 0.5458670640625 0.674841284375
3 0.40548202968749997 0.675413121875 0.42012662812499996 0.6769081984375 0.42487034843749993 0.630447896875 0.41022588437499996 0.628952828125 0.40548202968749997 0.675413121875
2 0.4100679453125 0.63212239375 0.377439796875 0.629442525 0.37093921406249997 0.7085784312500001 0.40356735937500005 0.7112582781250001 0.4100679453125 0.63212239375
2 0.38155931875000004 0.6343078859375 0.352086025 0.6275416328125 0.332430778125 0.7131470359375001 0.3619040484375 0.719913228125 0.38155931875000004 0.6343078859375
2 0.292549546875 0.7151148578125001 0.342928275 0.7196162875 0.35176194843749997 0.6207608765625 0.301384228125 0.61625949375 0.292549546875 0.7151148578125001
2 0.279363184375 0.6577791421875 0.31725104531250004 0.640717228125 0.27282497499999997 0.5420761984375 0.23493775781249998 0.5591379453124999 0.279363184375 0.6577791421875
6 0.3693544984375 0.795407746875 0.3919856015625 0.807749628125 0.40830698749999994 0.77782693125 0.385676034375 0.7654851015624999 0.3693544984375 0.795407746875
6 0.33170756875 0.4343062984375 0.347091434375 0.454084465625 0.373367409375 0.4336475875 0.35798356249999996 0.4138694625 0.33170756875 0.4343062984375
6 0.297293059375 0.45692433125000004 0.31470326875 0.46983450624999995 0.339732225 0.43608329375 0.3223220828125 0.42317315468750005 0.297293059375 0.45692433125000004
6 0.5616288203125 0.7710124375 0.540336090625 0.772977528125 0.5458466359374999 0.8326754624999999 0.5671393640625 0.8307103859374999 0.5616288203125 0.7710124375
7 0.39371256250000003 0.7104258437500001 0.38671875 0.7109375 0.3922498875 0.786529975 0.3992437 0.7860183234375 0.39371256250000003 0.7104258437500001
5 0.5673286984375 0.516963046875 0.59735576875 0.578125 0.6929592609374999 0.5311925359375 0.6629320953125 0.4700311078125 0.5673286984375 0.516963046875
3 0.4805984125 0.5566184640625 0.4632136578125 0.55598195 0.46118845156250005 0.611289721875 0.47857320625 0.61192623125 0.4805984125 0.5566184640625
8 0.37732310625 0.5847257671875 0.405419865625 0.583477115625 0.39885481875 0.4357720828125 0.3707587015625 0.437020721875 0.37732310625 0.5847257671875
1 0.4360915765625 0.63133975 0.42114289843749997 0.63632516875 0.432043353125 0.6690057828125 0.44699202343750005 0.6640203796875 0.4360915765625 0.63133975
1 0.469364946875 0.6131895968750001 0.4966564078125 0.6131895968750001 0.49665631250000003 0.5577013046875 0.469365121875 0.5577013046875 0.469364946875 0.6131895968750001
3 0.5281422296875 0.6000569875 0.5415667656250001 0.6010587187499999 0.54549148125 0.5484669656250001 0.53206706875 0.5474652375 0.5281422296875 0.6000569875
3 0.3725978203125 0.5210580171875 0.348531153125 0.5226839875 0.3534898015625 0.5960722953125 0.37755646718749997 0.5944463375 0.3725978203125 0.5210580171875
