3 0.32892791718750003 0.48181720468749994 0.291653928125 0.476647175 0.2775031640625 0.5786606140624999 0.3147771453125 0.5838306015625 0.32892791718750003 0.48181720468749994
3 0.367335990625 0.517479340625 0.3471324796875 0.5206772156249999 0.3588451578125 0.5946686796875 0.37904866406250004 0.591470825 0.367335990625 0.517479340625
7 0.3600901734375 0.44018276875 0.355421875 0.44027031250000004 0.356957253125 0.52213905625 0.3616255515625 0.5220515125 0.3600901734375 0.44018276875
1 0.39454629531249996 0.5326161375 0.3681400765625 0.5436934515625 0.3871649734375 0.5890408546875 0.41357116562499996 0.5779635875 0.39454629531249996 0.5326161375
7 0.3940984375 0.45309999999999995 0.39075000000000004 0.45309999999999995 0.39075000000000004 0.542096875 0.3940984375 0.542096875 0.3940984375 0.45309999999999995
3 0.46064115 0.540054659375 0.43245491875 0.5408485828125 0.43438983281250004 0.609536071875 0.4625760625 0.608742153125 0.46064115 0.540054659375
7 0.446314453125 0.4562613296875 0.43880004375 0.4564347203125 0.44098436875 0.5510921875 0.448498778125 0.5509187984375 0.446314453125 0.4562613296875
3 0.45953294843750003 0.554404671875 0.4595327828125 0.6140515796875 0.49276406406250006 0.6140515468750001 0.492764053125 0.5544048171875 0.45953294843750003 0.554404671875
3 0.526099125 0.5541597265625 0.5140037640624999 0.556216790625 0.52225366875 0.604720640625 0.5343490265625 0.602663584375 0.526099125 0.5541597265625
7 0.5079686437500001 0.543411678125 0.5177531296875 0.5425703125 0.508450475 0.4343962828125 0.498666153125 0.43523764218750005 0.5079686437500001 0.543411678125
7 0.5758323390625 0.45279887187499995 0.5687609218749999 0.4526265625 0.5664421875000001 0.547778125 0.5735136046875 0.5479504328125 0.5758323390625 0.45279887187499995
7 0.5835571140625 0.45223465625000003 0.5763883875 0.4521045265625 0.5746859375 0.545884375 0.5818546640625 0.546014503125 0.5835571140625 0.45223465625000003
3 0.5598705078124999 0.596753003125 0.5950203671875001 0.5918343562499999 0.5875012203125001 0.5381070218749999 0.5523516859375001 0.5430256453125 0.5598705078124999 0.596753003125
2 0.75292799375 0.54964765625 0.712633421875 0.5242904125 0.6622573890625 0.6043340078125 0.702551796875 0.629691040625 0.75292799375 0.54964765625
1 0.701837365625 0.6295587734375 0.7046675890625 0.616212415625 0.6903283390625 0.61317199375 0.6874981015625 0.6265183328124999 0.701837365625 0.6295587734375
2 0.6423304625 0.6812079359375 0.7037212765625 0.6589371296875 0.67420796875 0.5775933625 0.6128180750000001 0.599863984375 0.6423304625 0.6812079359375
2 0.60064148125 0.6948949343749999 0.6431241859375 0.684223046875 0.6242840843749999 0.6092355 0.5818020015625 0.61990730625 0.60064148125 0.6948949343749999
2 0.5869259265625 0.6317717828125 0.5530205968749999 0.6368357296875 0.5635049421875 0.70702360625 0.5974102625000001 0.7019596953125 0.5869259265625 0.6317717828125
1 0.5458670640625 0.674841284375 0.5567256453125 0.674555175 0.5557169296875 0.6362787203125 0.5448584328125 0.6365648296875001 0.5458670640625 0.674841284375
6 0.5394155984375 0.83245093125 0.5627009828125 0.8343721671875001 0.5668286671875 0.7843528796875 0.54354356875 0.7824316578125 0.5394155984375 0.83245093125
3 0.40548202968749997 0.675413121875 0.42012662812499996 0.6769081984375 0.42487034843749993 0.630447896875 0.41022588437499996 0.628952828125 0.40548202968749997 0.675413121875
2 0.4100679453125 0.63212239375 0.377439796875 0.629442525 0.37093921406249997 0.7085784312500001 0.40356735937500005 0.7112582781250001 0.4100679453125 0.63212239375
2 0.38155931875000004 0.6343078859375 0.352086025 0.6275416328125 0.332430778125 0.7131470359375001 0.3619040484375 0.719913228125 0.38155931875000004 0.6343078859375
2 0.292549546875 0.7151148578125001 0.342928275 0.7196162875 0.35176194843749997 0.6207608765625 0.301384228125 0.61625949375 0.292549546875 0.7151148578125001
2 0.28292355156250004 0.6577791421875 0.3208114125 0.640717228125 0.2763853421875 0.5420761984375 0.238498125 0.5591379453124999 0.28292355156250004 0.6577791421875
7 0.39373907343750003 0.7111013984375 0.3901333046875 0.7111013984375 0.3901333046875 0.7869318187500001 0.39373907343750003 0.7869318187500001 0.39373907343750003 0.7111013984375
6 0.3477115296875 0.4583561140625 0.36949860625 0.4539457265625 0.36236749375 0.41872077343749997 0.3405805171875 0.42313115 0.3477115296875 0.4583561140625
6 0.29678195625 0.4508043328125 0.3130856015625 0.469646084375 0.341734175 0.44485811093749994 0.3254305609375 0.42601640625000003 0.29678195625 0.4508043328125
6 0.4276082546875 0.45002521250000005 0.43386036875 0.46115717343749996 0.4511763140625 0.4514324921875 0.4449241984375 0.4403005453125 0.4276082546875 0.45002521250000005
6 0.40171695625000003 0.7772920234375 0.3856534 0.7734374984375 0.3787551734375 0.8021801328124999 0.39481872500000004 0.80603464375 0.40171695625000003 0.7772920234375
7 0.5445742796874999 0.538725315625 0.551041853125 0.5374999640625 0.5322916671875 0.43854166718750004 0.5258241890625001 0.43976700781250005 0.5445742796874999 0.538725315625
5 0.5574833875 0.5200580015625 0.5982947703125 0.588071803125 0.710429390625 0.520790859375 0.66961805625 0.45277777812500003 0.5574833875 0.5200580015625
