2 0.6952499999999999 0.615471875 0.7063265624999999 0.6107375 0.719465625 0.600796875 0.7284828125 0.5884890625 0.7351796875 0.5705 0.735953125 0.556771875 0.73183125 0.54304375 0.7251328125 0.53215625 0.7150859374999999 0.5335765625 0.7040093749999999 0.5416234375 0.695765625 0.5510921875 0.6862328125 0.5662390625 0.679278125 0.5776015625 0.6761859375 0.5903828125 0.67773125 0.6055312500000001 0.685975 0.6192593750000001 0.6882937499999999 0.6183125 0.6952499999999999 0.615471875
2 0.6390890625 0.595590625 0.63161875 0.595590625 0.6236328125 0.606478125 0.6218296875 0.623046875 0.626725 0.6381953125 0.633421875 0.650503125 0.6359984375 0.6528703124999999 0.639346875 0.65855 0.6452718749999999 0.6694375 0.6530015625 0.67511875 0.6643359375 0.673225 0.6743828125 0.66801875 0.6826265625 0.652396875 0.6849453125 0.6372484375 0.68700625 0.6202062500000001 0.6852031249999999 0.6078984375 0.6785046875 0.5894359375 0.674125 0.579021875 0.6702609374999999 0.5818609375 0.6653671875 0.5884890625 0.6609875 0.5884890625 0.6566078125 0.584228125 0.64939375 0.5865953125 0.6439843749999999 0.5965359375 0.6390890625 0.595590625
2 0.6043125 0.68979375 0.611525 0.6921609375 0.61745 0.6855328125 0.6246640625000001 0.6755921875 0.6313609375 0.661390625 0.6331640625 0.65334375 0.6323921875 0.6415078125 0.6293 0.6292 0.6231171875 0.6173656249999999 0.6164203125000001 0.6112109375 0.6068875 0.6149984374999999 0.60199375 0.621153125 0.5960687499999999 0.62730625 0.5893703125 0.633934375 0.5896281250000001 0.6424546875 0.5909156249999999 0.6561828125 0.5978718749999999 0.6808 0.6043125 0.68979375
2 0.5806109375 0.70446875 0.5852484375 0.699734375 0.5875671875 0.6893203125 0.5896281250000001 0.6765390625000001 0.59014375 0.661390625 0.5893703125 0.6481359375 0.5852484375 0.635828125 0.5788078125 0.6334609375 0.5692765625 0.6344078125 0.5615484375 0.641034375 0.55485 0.6490828125 0.55845625 0.673225 0.5615484375 0.6808 0.5656703125 0.68979375 0.5741703125 0.7002078125 0.5806109375 0.70446875
1 0.5533046875000001 0.6746453125 0.556653125 0.6718046875 0.5563953125000001 0.6665984375 0.5553656250000001 0.6547625 0.5553656250000001 0.648609375 0.5558796874999999 0.6424546875 0.55485 0.6363015625 0.5509859374999999 0.642928125 0.5473796875 0.6500296875 0.5458328125 0.657603125 0.545575 0.6637578125 0.5473796875 0.6718046875 0.5499546875 0.6746453125 0.5533046875000001 0.6746453125
2 0.3740046875 0.68269375 0.372715625 0.6869531249999999 0.3763234375 0.6968953124999999 0.384309375 0.7096765625 0.39332500000000004 0.71015 0.3982203125 0.7021015625 0.40234218750000006 0.6945281249999999 0.4046609375 0.6860062499999999 0.40620625 0.677959375 0.4072359375 0.6665984375 0.4072359375 0.6590234374999999 0.40491875000000005 0.6462421875000001 0.40259999999999996 0.6424546875 0.396159375 0.6353546875 0.39177968750000003 0.6306203125 0.385596875 0.6344078125 0.381475 0.6424546875 0.3781265625 0.65334375 0.3747765625 0.6618640625000001 0.3740046875 0.68269375
2 0.34257499999999996 0.668965625 0.3412875 0.6841140625000001 0.3464390625 0.7153562499999999 0.350303125 0.71725 0.35803281249999996 0.7134640625 0.3634421875 0.7049421875 0.3670484375 0.6959484375 0.3688515625 0.6860062499999999 0.372715625 0.670384375 0.37555 0.657603125 0.378384375 0.6481359375 0.37915625 0.639615625 0.3758078125 0.6329875 0.371428125 0.6325140625000001 0.3647296875 0.6348812500000001 0.36060781249999996 0.6344078125 0.3570015625 0.633934375 0.353653125 0.6325140625000001 0.34953124999999996 0.63866875 0.346696875 0.65334375 0.34257499999999996 0.668965625
2 0.3016140625 0.6344078125 0.29646249999999996 0.6713312499999999 0.29878125 0.6869531249999999 0.3031609375 0.7035218750000001 0.311146875 0.7167765625 0.32042031249999997 0.7153562499999999 0.330725 0.7068359375 0.339484375 0.6978421875 0.3464390625 0.6803265625 0.345409375 0.663284375 0.3492734375 0.648609375 0.350303125 0.6344078125 0.347728125 0.6235203125 0.34025625000000004 0.6197328125 0.33175625000000003 0.6258859375 0.32737656249999997 0.626359375 0.3209359375 0.621153125 0.31449531249999996 0.6192593750000001 0.3062515625 0.6268328125 0.3016140625 0.6344078125
2 0.26714119375 0.545884375 0.2612146328125 0.5473046874999999 0.2550333828125 0.5534578125 0.2514255703125 0.560559375 0.24988025625 0.5818609375 0.2527146328125 0.595590625 0.25580525625 0.6041109375 0.25966931875 0.6140515625 0.26508025625 0.6254125 0.26920213125000003 0.6306203125 0.27770213125 0.6424546875 0.2900677578125 0.6528703124999999 0.2934177578125 0.65145 0.29934275781249997 0.6434015625 0.3055255703125 0.6292 0.3052677578125 0.6149984374999999 0.3014036953125 0.6055312500000001 0.2952208828125 0.5922765625 0.28903806875 0.578075 0.28311306875 0.5676593750000001 0.2764146328125 0.5572453125 0.2699740078125 0.54683125 0.26714119375 0.545884375
6 0.387219975 0.8006869171875 0.390925428125 0.8071714625 0.39277815625 0.8056275218750001 0.39617482187499997 0.8000693421875 0.3983363375 0.7960550984375 0.39988027656249997 0.7932760078125 0.40142421562499997 0.789570553125 0.40296815468749997 0.7874090390624999 0.4023505796875 0.7840123718750001 0.40080664062500004 0.778454190625 0.40049785312499997 0.7769102515624999 0.398645125 0.7796893421875 0.3974099734375 0.782777221875 0.3971011859375 0.788335403125 0.395557246875 0.7920408578125 0.3921605796875 0.7923496437499999 0.390925428125 0.7867914625 0.390925428125 0.783703584375 0.389690278125 0.777836615625 0.38783755000000003 0.7722784328125 0.387219975 0.7682641921875 0.3856760359375 0.7654851015624999 0.3841320953125 0.7704257078125 0.38197058125 0.777836615625 0.38073542968749996 0.783703584375 0.38166179375 0.7901881296875 0.3838233078125 0.794202371875 0.387219975 0.8006869171875
6 0.3676965640625 0.43697272812500004 0.369472875 0.436676675 0.3682886671875 0.4316437921875 0.364439990625 0.422170128125 0.36088736718750003 0.418321453125 0.35733474374999996 0.41713724374999994 0.35348606875 0.418321453125 0.351117653125 0.4192096078125 0.3496373921875 0.4206898671875 0.346972925 0.42365038750000006 0.3449005609375 0.4274990640625 0.3422360921875 0.4310516875 0.3416439890625 0.44496613125 0.344604509375 0.45088717031250003 0.3481571328125 0.4532555875 0.3496373921875 0.45118322187500004 0.3520058078125 0.4485187546875 0.35230185937499997 0.43963719531249995 0.35644658749999997 0.435196415625 0.3626636796875 0.43371615625000004 0.3676965640625 0.43697272812500004
6 0.3247690265625 0.4372687796875 0.3259532328125 0.4384529875 0.3318742734375 0.44230166249999997 0.3342426890625 0.443485871875 0.33098611718750004 0.43282800000000005 0.328025596875 0.4289793234375 0.3253611296875 0.42542669999999994 0.3229927140625 0.42572275312499996 0.32092035 0.42572275312499996 0.319440090625 0.4272030125 0.317071675 0.43045958281249996 0.31647957031249996 0.4310516875 0.3149993109375 0.434308259375 0.31381510156250003 0.43697272812500004 0.31233484218749996 0.4420056109375 0.311150634375 0.4499990140625 0.31055853125 0.4597687296875 0.3147032578125 0.469834496875 0.316775621875 0.45947267812500003 0.3173677265625 0.443485871875 0.3182558828125 0.439933246875 0.3226966625 0.4372687796875 0.3247690265625 0.4372687796875
6 0.5649486109375 0.8153715921875 0.5653008234375 0.8107928328125 0.5621309125 0.8107928328125 0.5607220625 0.81184946875 0.554734453125 0.8107928328125 0.5519167546875 0.802691946875 0.5512123296875 0.7949432765625 0.5505079046875 0.7864901796875 0.5490990546875001 0.7773326578125 0.54769020625 0.7752193843749999 0.5427592328124999 0.7727538968750001 0.5431114453125 0.803044159375 0.54522471875 0.8259379625 0.5501556921875 0.8322777859375 0.5628353374999999 0.8255857499999999 0.5642441859375 0.8192459281250001 0.5649486109375 0.8153715921875
5 0.65637101875 0.5075518140625 0.65088820625 0.5075518140625 0.6360062859375 0.5075518140625 0.626607178125 0.513034628125 0.6062424453124999 0.5247835125 0.5937103015625 0.53418261875 0.6125085171875 0.5514143171875 0.621124365625 0.552980834375 0.6414890984375 0.543581728125 0.6540212421875 0.5255667703125 0.65637101875 0.5075518140625
1 0.38490694062499997 0.581647740625 0.3982453 0.5811713703125 0.40539085 0.5811713703125 0.4034853703125 0.5702148609375 0.402056259375 0.5606874625 0.4001507796875 0.5521128015625 0.3968161890625 0.545443621875 0.3953870796875 0.5411562921875 0.3906233796875 0.5387744421875 0.3791905 0.537821703125 0.3772850203125 0.5468727328125 0.37680864999999997 0.5544946515625 0.37680864999999997 0.5654511609374999 0.37871413125000003 0.57307308125 0.38490694062499997 0.581647740625
0 0.5921278796875 0.51257409375 0.5344871125 0.5140032031249999 0.5073340234375 0.5216251234375 0.48018093593750005 0.5182905328125 0.43540215781249997 0.5192432734375 0.372997690625 0.509239503125 0.345844603125 0.5130504640625 0.2834401359375 0.47541723593749996 0.28296376562500003 0.5368689625 0.3248843234375 0.5540182828125 0.465413465625 0.5802186296875 0.5873641796875 0.5687857515625 0.5921278796875 0.51257409375
