1 0.26129324375 0.47677866093750004 0.25347664375 0.47474782656250003 0.24489276875 0.50778443125 0.2527093671875 0.509815259375 0.26129324375 0.47677866093750004
1 0.26486597968750003 0.5018081343749999 0.268945325 0.501875 0.269103609375 0.4922188546875 0.2650242703125 0.4921519890625 0.26486597968750003 0.5018081343749999
3 0.31846771406249996 0.56646521875 0.3574316484375 0.5698529031249999 0.3609345484375 0.5295660390625 0.3219708765625 0.5261783656250001 0.31846771406249996 0.56646521875
7 0.6138528437499999 0.51333439375 0.619170321875 0.513259375 0.618117990625 0.4386753109375 0.6128005703125 0.4387503296875 0.6138528437499999 0.51333439375
1 0.7350470703124999 0.6262075703125001 0.73993909375 0.625589059375 0.7353984375 0.5896796875 0.730506446875 0.590298196875 0.7350470703124999 0.6262075703125001
3 0.6794882062500001 0.61993745625 0.7049503875 0.6293527421875 0.722439653125 0.58206080625 0.696977684375 0.5726455625 0.6794882062500001 0.61993745625
2 0.7027906328125 0.678577421875 0.6822851171875 0.5989589875 0.629317359375 0.6125990890625 0.649822378125 0.692217096875 0.7027906328125 0.678577421875
3 0.6798166125 0.619900215625 0.64732449375 0.6256223734375 0.6567686187499999 0.6792421140625 0.689260728125 0.6735199859375001 0.6798166125 0.619900215625
7 0.6935378531249999 0.767480603125 0.7015573984375 0.7657919265625 0.6813265625 0.66973125 0.67330718125 0.671419909375 0.6935378531249999 0.767480603125
7 0.6605334359375 0.7870672078125 0.66955611875 0.7865514515625 0.6635890625 0.6821828125 0.6545665921875 0.6826985640625 0.6605334359375 0.7870672078125
7 0.6294066734375 0.6719187578125 0.624703125 0.6724984375 0.6387433921875 0.7864040906249999 0.6434469390625 0.7858244171875 0.6294066734375 0.6719187578125
3 0.3829165625 0.6651371 0.4021746421875 0.6708350546874999 0.41333512812500006 0.6331192453125001 0.3940771890625 0.6274213140625 0.3829165625 0.6651371
3 0.3371262359375 0.6555165125 0.38974508750000003 0.661689884375 0.395392590625 0.6135571171875001 0.3427742296875 0.6073837734375 0.3371262359375 0.6555165125
1 0.34880343593749996 0.6346612421875 0.3351728328125 0.6315814421875 0.3263305984375 0.67071048125 0.339961196875 0.67379026875 0.34880343593749996 0.6346612421875
3 0.3068440171875 0.6304849625 0.33148751875000004 0.6096567703125 0.2989979875 0.57122016875 0.274354625 0.592048265625 0.3068440171875 0.6304849625
5 0.662109375 0.5 0.624090546875 0.5064333609375 0.6367186953124999 0.581054696875 0.6747375124999999 0.574621375 0.662109375 0.5
6 0.6208350765625 0.808741025 0.6304743921875 0.8100703328125001 0.634615384375 0.7800480765625 0.6249761375 0.7787187734375001 0.6208350765625 0.808741025
6 0.6617730140625 0.7842947375 0.6259946234375 0.7947643125 0.639145415625 0.8396963984375001 0.67492378125 0.8292268843749999 0.6617730140625 0.7842947375
6 0.699777128125 0.7954198203125 0.6794130140625 0.7677881578125 0.6505905375000001 0.7890259187499999 0.6709545203125 0.8166574609374999 0.699777128125 0.7954198203125
1 0.5242578124999999 0.5815625 0.5153515625 0.5815625 0.5153515625 0.6121875 0.5242578124999999 0.6121875 0.5242578124999999 0.5815625
1 0.4633746921875 0.6091416390625 0.47300781562500005 0.6120312515624999 0.47656001249999996 0.6001905562500001 0.466926909375 0.597300946875 0.4633746921875 0.6091416390625
1 0.3966015625 0.66703125 0.3830078125 0.66703125 0.3830078125 0.69015625 0.3966015625 0.69015625 0.3966015625 0.66703125
1 0.63622360625 0.65595895625 0.61448231875 0.658479359375 0.618549175 0.6935557125 0.6402904625 0.6910353171875 0.63622360625 0.65595895625
