1 0.248690625 0.49024062500000004 0.248690625 0.5049718750000001 0.255046875 0.5068140624999999 0.2573171875 0.49208125 0.2591328125 0.48103281249999996 0.2564078125 0.475509375 0.252321875 0.4791921875 0.248690625 0.49024062500000004
1 0.2627640625 0.4911609375 0.2591328125 0.50313125 0.26321875 0.5123375 0.269575 0.50313125 0.2704828125 0.49208125 0.26730468749999997 0.481953125 0.2627640625 0.4911609375
3 0.3217875 0.5574546875 0.3272359375 0.556534375 0.331321875 0.5675828125 0.3367703125 0.5675828125 0.337678125 0.562978125 0.342671875 0.5602171874999999 0.345396875 0.5666625 0.35402187500000004 0.5694234375 0.358109375 0.5620578125 0.3594703125 0.54640625 0.3572 0.54088125 0.34857499999999997 0.54364375 0.34221875 0.5445640625 0.3417640625 0.5279906249999999 0.33222968750000004 0.5270703125 0.3276890625 0.5335156249999999 0.3213328125 0.53535625 0.319971875 0.5491671874999999 0.3217875 0.5574546875
3 0.388528125 0.5749484375 0.388528125 0.5592953125 0.37717812500000003 0.556534375 0.3749078125 0.5500890625 0.3726375 0.54088125 0.3703671875 0.5316734375000001 0.3594703125 0.54640625 0.3590171875 0.562978125 0.36174062500000004 0.5703453125 0.36491875 0.576790625 0.3721828125 0.57863125 0.37763125 0.58415625 0.3826265625 0.5804734375 0.388528125 0.5749484375
3 0.6554921874999999 0.520625 0.6550374999999999 0.530753125 0.6554921874999999 0.542721875 0.6591234375 0.556534375 0.6623015624999999 0.562978125 0.670928125 0.5592953125 0.6795546875 0.5583750000000001 0.6827328125000001 0.5583750000000001 0.6859109375 0.5528500000000001 0.6958984375 0.5500890625 0.6945375 0.5418015625 0.691359375 0.530753125 0.68681875 0.5298328125 0.6840953125 0.5298328125 0.6800078125 0.53535625 0.6750140625000001 0.53259375 0.6682046875000001 0.536278125 0.6654796875 0.5298328125 0.6609390625 0.5224656249999999 0.6554921874999999 0.520625
7 0.6178078124999999 0.43867968749999997 0.6155375000000001 0.4681421875 0.6164453125 0.4966859375 0.613721875 0.5040515625 0.6191703125 0.513259375 0.618715625 0.48103281249999996 0.6178078124999999 0.43867968749999997
7 0.6132671875 0.5040515625 0.6082734375000001 0.45985624999999997 0.6050953125 0.411978125 0.6069109375 0.47735000000000005 0.6087281250000001 0.50036875 0.6132671875 0.5040515625
1 0.7340375 0.6182234375 0.7367609374999999 0.62466875 0.7399390625 0.6255890625 0.73766875 0.6099359375 0.7353984375 0.5896796875 0.7349453125000001 0.597046875 0.7340375 0.607175 0.7340375 0.6182234375
2 0.6809171875 0.6707046875 0.6899968750000001 0.655053125 0.693175 0.6412421875 0.6877265625 0.6209859375 0.6804625 0.6044125 0.6718359375 0.60165 0.6609390625 0.6062531250000001 0.6432328125 0.609015625 0.6368765625 0.61914375 0.6386921875 0.6394 0.6409625 0.657815625 0.6473187499999999 0.6734671875 0.6554921874999999 0.6881999999999999 0.6618484375 0.6891203124999999 0.6736515625 0.6771499999999999 0.6809171875 0.6707046875
3 0.6845484374999999 0.646765625 0.6804625 0.6255890625 0.6736515625 0.6209859375 0.6668421875 0.6228265625 0.6559453125 0.633875 0.6495890625 0.6384796875000001 0.6527671875000001 0.6504484374999999 0.6541296875 0.664259375 0.658215625 0.6743875 0.6654796875 0.6771499999999999 0.67274375 0.6762296875 0.6791 0.675309375 0.6859109375 0.6633390625 0.6845484374999999 0.646765625
1 0.612359375 0.644003125 0.6100890625 0.65413125 0.6146296875 0.669784375 0.62053125 0.6854375 0.6291578125 0.6891203124999999 0.6323359375 0.687278125 0.6273421875 0.664259375 0.62053125 0.657815625 0.612359375 0.644003125
7 0.6813265625 0.66973125 0.6748453125 0.6787234375 0.68405625 0.709853125 0.69360625 0.740290625 0.7011109375 0.7658859375 0.6953125 0.736140625 0.688490625 0.70431875 0.6813265625 0.66973125
7 0.6581312500000001 0.6897921874999999 0.6571078124999999 0.7271484375 0.6632484375 0.7679625 0.6680234375 0.7866390625 0.669046875 0.7776468750000001 0.6659765625 0.760353125 0.6642718750000001 0.740290625 0.6642718750000001 0.7146953125 0.6635890625 0.6821828125 0.6581312500000001 0.6897921874999999
7 0.624703125 0.6724984375 0.627771875 0.6953265625 0.631865625 0.73060625 0.642440625 0.7859484375 0.635959375 0.734065625 0.629478125 0.6724984375 0.624703125 0.6724984375
3 0.3917234375 0.644828125 0.393428125 0.6303 0.3872890625 0.6213078125 0.3808078125 0.6213078125 0.375009375 0.6192328125000001 0.37091562499999997 0.6171578125 0.36136406249999997 0.616465625 0.3548828125 0.60885625 0.349425 0.6081640625 0.3422625 0.6157734375 0.340896875 0.6233828124999999 0.3436265625 0.6309921875 0.3439671875 0.642753125 0.3463546875 0.6496703125 0.3521546875 0.6572796875 0.362046875 0.657971875 0.36682187499999996 0.6503625000000001 0.37330312499999996 0.6572796875 0.379784375 0.6565875 0.38694843749999996 0.6538203125 0.3917234375 0.644828125
1 0.33134687500000004 0.6718438921875001 0.33475781250000003 0.6697688921875 0.340215625 0.6642345171875 0.34430937500000003 0.6545485796875 0.344990625 0.6434813921875 0.33885156250000004 0.6324126421875 0.333734375 0.6379470171875 0.3299828125 0.6545485796875 0.33134687500000004 0.6718438921875001
3 0.2904125 0.6019390625 0.294165625 0.6060890624999999 0.29450625 0.6123140625 0.2972359375 0.6171578125 0.3020109375 0.6247671875 0.3057625 0.620615625 0.3105390625 0.614390625 0.31565468750000003 0.61508125 0.32179531250000004 0.6178484375 0.32622968750000003 0.61300625 0.329640625 0.607471875 0.3214546875 0.5977875 0.315996875 0.5915625 0.31122031250000004 0.5874109375 0.305421875 0.5874109375 0.300646875 0.5811859375 0.29211875 0.577034375 0.28700156250000003 0.5929453125 0.2904125 0.6019390625
0 0.694602271875 0.680397728125 0.7130681828125 0.6775568171875 0.7002840906250001 0.6590909093749999 0.6931818171875 0.6676136374999999 0.694602271875 0.680397728125
0 0.31107954531250004 0.678977271875 0.33096590937500003 0.678977271875 0.319602271875 0.6619318171875 0.31107954531250004 0.678977271875
5 0.640625 0.5724431828125 0.6676136359375 0.5625 0.6534090906250001 0.5440340906250001 0.6548295453125 0.5056818171875 0.6576704546875 0.42755681718750005 0.6292613640625 0.43607954531250004 0.6264204546875 0.481534090625 0.6278409093749999 0.5113636374999999 0.6349431828125 0.5497159093749999 0.640625 0.5724431828125
0 0.2329545453125 0.450284090625 0.26846590937500003 0.47869318281249995 0.336647728125 0.508522728125 0.382188465625 0.520831034375 0.2329545453125 0.450284090625
0 0.440340909375 0.5369318171875 0.38920454531250004 0.522727271875 0.382188465625 0.520831034375 0.38920454531250004 0.524147728125 0.475852271875 0.555397728125 0.5482954546875 0.5568181828125 0.75 0.47301136250000003 0.7528409093749999 0.450284090625 0.6079545453125 0.5269886374999999 0.539772728125 0.553977271875 0.440340909375 0.5369318171875
0 0.338576228125 0.6755764765625 0.399147728125 0.7045454546875 0.471590909375 0.7315340906250001 0.6221590906250001 0.7144886374999999 0.7457386359375 0.6363636374999999 0.7457386359375 0.6292613625000001 0.6107954546875 0.710227271875 0.46448863593749995 0.7201704546875 0.338576228125 0.6755764765625
