1 0.31468281249999996 0.5276375 0.31665625 0.5133453125 0.314965625 0.5036265625 0.3107375 0.499625 0.3048171875 0.4899046875 0.2983328125 0.4836171875 0.2924125 0.47332656249999994 0.2876203125 0.4790421875 0.28423750000000003 0.4841875 0.277753125 0.4921921875 0.275215625 0.507628125 0.277753125 0.5190625 0.2771890625 0.53106875 0.277471875 0.5447890625 0.280290625 0.5562234375 0.28564687499999997 0.5562234375 0.29213125 0.560225 0.29776875 0.5642265625 0.30171562500000004 0.5670859375 0.3062265625 0.5636546874999999 0.31101875 0.5493625 0.3144015625 0.537928125 0.31468281249999996 0.5276375
7 0.3383079203125 0.4575399765625 0.30636871875 0.36445754375 0.3278929765625 0.49991330625 0.329975934375 0.5839653328125001 0.359832125 0.5797975265625 0.3806620125 0.559652759375 0.3737187171875 0.5151955 0.35497178749999997 0.36445754375 0.346639853125 0.36862541718749997 0.34964062500000004 0.4670375 0.3383079203125 0.4575399765625
1 0.403203125 0.548790625 0.40151250000000005 0.5585093750000001 0.40151250000000005 0.5670859375 0.4040484375 0.5773765625 0.4088421875 0.5802343750000001 0.413915625 0.572803125 0.41758125 0.5630843750000001 0.418990625 0.5562234375 0.41729843750000006 0.5493625 0.413634375 0.5407875 0.41053281249999996 0.5367859375 0.40545937500000007 0.539071875 0.403203125 0.548790625
1 0.593775 0.5716593750000001 0.5918015624999999 0.55279375 0.5903921875 0.5647984375 0.5887 0.5716593750000001 0.5867265625 0.5756609375 0.5867265625 0.581378125 0.5870093749999999 0.5928125 0.5867265625 0.60253125 0.587290625 0.6093921875 0.589546875 0.61110625 0.5940562500000001 0.6128218750000001 0.5971578125 0.605390625 0.5985671875 0.594528125 0.5996953125 0.5859515625 0.59659375 0.5790921875 0.593775 0.5716593750000001
8 0.633575 0.4340703125 0.63178125 0.44706406249999997 0.6297312500000001 0.46265625000000005 0.6284500000000001 0.482925 0.62563125 0.5068328125 0.6284500000000001 0.5120312499999999 0.63255 0.5120312499999999 0.6369078125 0.5161890625 0.6445953125 0.5239843750000001 0.6507468750000001 0.530221875 0.652796875 0.5239843750000001 0.652796875 0.5078734375 0.6507468750000001 0.4870828125 0.6502343749999999 0.463175 0.6458765625 0.4387484375 0.6412640625 0.42887343749999995 0.6371640625 0.4273140625 0.633575 0.4340703125
6 0.6726859375 0.74665625 0.6711359375 0.747284375 0.6683453125 0.7516859375 0.668965625 0.765521875 0.672065625 0.773696875 0.6754765625 0.7799859375 0.6807484374999999 0.796965625 0.6863312500000001 0.8089140625000001 0.6875718749999999 0.815203125 0.6919125 0.8196046875 0.695634375 0.8240078125 0.70090625 0.8221203125000001 0.7061765624999999 0.815203125 0.7098984374999999 0.8032546875 0.7114484375 0.7894187500000001 0.7114484375 0.7781 0.7114484375 0.7711812499999999 0.707728125 0.757975 0.7018359375000001 0.7510578125 0.6940828125 0.74476875 0.6925328125 0.75294375 0.6937734375 0.76300625 0.695634375 0.7724390624999999 0.6981140625 0.781871875 0.6984250000000001 0.7906765625000001 0.6953234375 0.8007390624999999 0.6900515625 0.801996875 0.6863312500000001 0.7957078125 0.682609375 0.786903125 0.681059375 0.7768421875 0.678578125 0.7674078125 0.6754765625 0.755459375 0.6726859375 0.74665625
6 0.6711359375 0.8372140625 0.6764078125 0.8321828124999999 0.6779578125 0.8252656249999999 0.677028125 0.8139453124999999 0.6751671875 0.796965625 0.670515625 0.786903125 0.6655546875 0.778728125 0.66679375 0.7900484375 0.6692750000000001 0.7988515625 0.670825 0.8114296875000001 0.6692750000000001 0.8221203125000001 0.6652437499999999 0.8221203125000001 0.6621421875 0.8196046875 0.6581109374999999 0.8089140625000001 0.6525296875000001 0.7881609375 0.651909375 0.79445 0.653459375 0.8108015625 0.656871875 0.8246359375000001 0.6621421875 0.8346984375 0.6711359375 0.8372140625
6 0.2726453125 0.7552515625 0.26904531249999997 0.758259375 0.2643859375 0.748809375 0.2662921875 0.7247546875 0.26015 0.74150625 0.25548906250000003 0.7556812500000001 0.2546421875 0.7728625 0.264809375 0.7866078125 0.276246875 0.797775 0.285353125 0.798634375 0.291284375 0.79476875 0.2974265625 0.7848890625 0.3031453125 0.7702859375 0.30378125 0.7578296875 0.30060312499999997 0.7604062500000001 0.2982734375 0.7616953125 0.2946734375 0.7685671875 0.2917078125 0.773721875 0.28831875 0.7771578124999999 0.2828125 0.77458125 0.27857656249999996 0.7659906249999999 0.2802703125 0.7578296875 0.2849296875 0.7423656249999999 0.28450625 0.7380703125 0.28048281249999996 0.7436546875000001 0.276034375 0.74966875 0.2726453125 0.7552515625
6 0.6342052625 0.8411570328125 0.63576746875 0.8360759328125 0.6369391531249999 0.8302131390625 0.635351553125 0.82138671875 0.63381468125 0.827868028125 0.632642996875 0.8337308218749999 0.630690209375 0.83685765625 0.6256130109375 0.836466809375 0.6287374234375 0.841547878125 0.6342052625 0.8411570328125
6 0.3377721421875 0.838030196875 0.3436305046875 0.843111296875 0.35612833125 0.8392027671875001 0.36003390625 0.8298222921875 0.36354892968749997 0.8216143875 0.3651111640625 0.8122339125 0.36826170937499997 0.7974609375 0.36393948125 0.8079345375000001 0.361205590625 0.8192692625 0.3565188828125 0.8270863343749999 0.353394440625 0.8306040156250001 0.3432399234375 0.8341216671874999 0.3377721421875 0.838030196875
7 0.638891940625 0.46731535312499994 0.634863271875 0.51083984375 0.6381108375 0.51421770625 0.638891940625 0.46731535312499994
7 0.6416258312500001 0.47122388125 0.640722646875 0.5176757828125 0.643188096875 0.5224256109375001 0.6416258312500001 0.47122388125
6 0.64186993125 0.8758979328125 0.6301532078125 0.8602638171875 0.6215608953125 0.853228453125 0.6215608953125 0.835249196875 0.618436484375 0.7969456625 0.616093115625 0.7664590953125 0.612968584375 0.7711493468749999 0.612968584375 0.789910296875 0.615311953125 0.8258687515625001 0.615311953125 0.8501016171875 0.616874159375 0.873552790625 0.60437633125 0.8751162375 0.5988281078125001 0.8644531265625 0.5989085515625 0.8805881546875 0.605938596875 0.904821021875 0.618436484375 0.913419771875 0.6340587828124999 0.902475940625 0.642650975 0.8946588828125 0.64186993125 0.8758979328125
1 0.6603124859375 0.5306250015625 0.6659868296875 0.5307239921875 0.667861525 0.5269718140624999 0.6684863609375 0.5188420781249999 0.6641121359375 0.5138391546875 0.6591129812500001 0.5138391546875 0.6603124859375 0.5306250015625
6 0.624743925 0.4105546140625 0.6259937843750001 0.4180590171875 0.629743078125 0.4136814375 0.6303680093749999 0.4036756125 0.629743078125 0.39804732187499997 0.6234941593750001 0.39179367656249997 0.619744865625 0.3961712578125 0.61662040625 0.4036756125 0.6165624859375 0.41421875156250004 0.6184950046875 0.4105546140625 0.6209946296875 0.40430096718749997 0.622869325 0.39992342187499996 0.624743925 0.40617706875000004 0.624743925 0.4105546140625
2 0.6364288359375 0.6547092375 0.6337206281250001 0.6459075624999999 0.6289812640625 0.640491146875 0.6127320171874999 0.6411681984375 0.6093467578125 0.642522303125 0.60460739375 0.651323978125 0.6018991859375 0.6601256531249999 0.6018991859375 0.668250278125 0.6032532890625 0.6824683671875 0.6154402250000001 0.6899159390625 0.61340906875 0.6899159390625 0.6242419 0.6933012 0.6357517828125 0.6865306796875 0.6343976796875 0.672989640625 0.6364288359375 0.6547092375
2 0.6777290046875 0.67840605625 0.68720773125 0.668250278125 0.6858536281250001 0.65674039375 0.6831454203125 0.6506469265625 0.6811142640625001 0.649292821875 0.672989640625 0.642522303125 0.6723125890625 0.642522303125 0.65674039375 0.6418452515624999 0.6520010296875001 0.6418452515624999 0.6459075624999999 0.6452305109375 0.6357517828125 0.6438764078125 0.63507473125 0.6560633421875 0.6371058875 0.6756978484375 0.6486157703125001 0.6831454203125 0.6506469265625 0.6831454203125 0.655386290625 0.6790831078124999 0.66554206875 0.6804372125 0.66960438125 0.6811142640625001 0.6777290046875 0.67840605625
0 0.6235648484375 0.6763749015625 0.54841208125 0.6993946671875 0.42044926250000003 0.6905929921875 0.3439423921875 0.6479387187500001 0.29654875468749997 0.610023809375 0.2878863328125 0.6513368984375 0.3439423921875 0.698717615625 0.40487706718750005 0.72173738125 0.48273804218749994 0.73460136875 0.577525315625 0.736632525 0.644553459375 0.7122586531249999 0.6953323546875 0.6993946671875 0.6892388875 0.6614797578125 0.6235648484375 0.6763749015625
0 0.5247152625 0.581587628125 0.6195025375000001 0.5646613281249999 0.6993946671875 0.5382563031250001 0.7494965109375 0.5328398875 0.7474653546875001 0.4732593140625 0.6608027062499999 0.5077889640625 0.5856499390625001 0.5247152625 0.5240382109375 0.528777575 0.41909515781250006 0.5152365359375 0.337171871875 0.4915397171875 0.2775913 0.4624264828125 0.2735289890625 0.5077889640625 0.308735690625 0.5341939906250001 0.38321140468750003 0.5565367046875 0.460395328125 0.5795564718749999 0.5247152625 0.581587628125
7 0.6222887140625 0.3957165671875 0.6139567796875001 0.43739526250000005 0.6035418375 0.4860204078125 0.6014588265625 0.5165847953125 0.5952097968750001 0.553400971875 0.6043402625 0.588715278125 0.6215943421875 0.586743975 0.6264546265625001 0.5450652796875 0.6243717234374999 0.5068597546875 0.6264546265625001 0.4290595171875 0.6222887140625 0.3957165671875
5 0.40704650156250005 0.532561621875 0.4049635453125 0.49644008125 0.37690970625000003 0.4967013890625 0.3785790015625 0.5297830328125 0.40704650156250005 0.532561621875
7 0.3626428015625 0.757840884375 0.3511062046875 0.7953625234375 0.350144840625 0.8261494671875 0.3616813640625 0.8348083187500001 0.374179325 0.7982488328125 0.38763865000000003 0.723205553125 0.407827603125 0.64623811875 0.3472606734375 0.630844646875 0.3395696828125 0.663555821875 0.3482221109375 0.6847218374999999 0.3299558890625 0.7357127921875 0.317457928125 0.778044821875 0.315144209375 0.8007211546875 0.3299558890625 0.8136423031250001 0.340531046875 0.7664997359375 0.349183475 0.7289780968749999 0.3626428015625 0.723205553125 0.3626428015625 0.757840884375
7 0.29246207812499997 0.73667486875 0.2751572203125 0.770348121875 0.29342344374999996 0.7741965078125 0.33380142031250004 0.667404134375 0.3511062046875 0.6279583390625 0.3043269015625 0.5951923078125 0.2915007140625 0.6260341453125 0.279002753125 0.6760629859375 0.2626593328125 0.7511062625 0.27804138749999996 0.755916728125 0.30399860156249997 0.68760814375 0.29246207812499997 0.73667486875
7 0.6306152546875 0.8610323921875 0.6395461921875001 0.7537950546875 0.635973871875 0.7055382390625 0.6252566374999999 0.68766535 0.6142856734375 0.721428571875 0.6306152546875 0.8610323921875
