1 0.2924125 0.47332656249999994 0.2876203125 0.4790421875 0.28423750000000003 0.4841875 0.277753125 0.4921921875 0.275215625 0.507628125 0.277753125 0.5190625 0.2771890625 0.53106875 0.277471875 0.5447890625 0.280290625 0.5562234375 0.28564687499999997 0.5562234375 0.29213125 0.560225 0.29776875 0.5642265625 0.30171562500000004 0.5670859375 0.3062265625 0.5636546874999999 0.31101875 0.5493625 0.3144015625 0.537928125 0.31468281249999996 0.5276375 0.31665625 0.5133453125 0.314965625 0.5036265625 0.3107375 0.499625 0.3048171875 0.4899046875 0.2983328125 0.4836171875 0.2924125 0.47332656249999994
3 0.362890625 0.517346875 0.3580984375 0.5122015625 0.357815625 0.506484375 0.355278125 0.5001953125 0.34569375 0.499625 0.3411828125 0.49848125000000004 0.3383640625 0.5047703125 0.3383640625 0.5127734375 0.3383640625 0.5333546874999999 0.3403375 0.539071875 0.3434390625 0.5470765625 0.34315625 0.5533640625 0.3434390625 0.5647984375 0.34597500000000003 0.57223125 0.3493578125 0.5796625 0.35274218749999997 0.58080625 0.357815625 0.5796625 0.36317187500000003 0.5779484375 0.368528125 0.5739468750000001 0.3750125 0.5682296874999999 0.37783125 0.5585093750000001 0.3781140625 0.5499343750000001 0.3769859375 0.531640625 0.3747296875 0.5333546874999999 0.371346875 0.53106875 0.36627343749999997 0.5276375 0.365709375 0.520778125 0.362890625 0.517346875
7 0.34964062500000004 0.421871875 0.34964062500000004 0.4670375 0.34907656249999997 0.4899046875 0.3493578125 0.49505 0.35386875 0.49276406250000004 0.3533046875 0.47446875000000005 0.3530234375 0.44931406249999994 0.35133125 0.4321625 0.34964062500000004 0.421871875
1 0.41758125 0.5630843750000001 0.418990625 0.5562234375 0.41729843750000006 0.5493625 0.413634375 0.5407875 0.41053281249999996 0.5367859375 0.40545937500000007 0.539071875 0.403203125 0.548790625 0.40151250000000005 0.5585093750000001 0.40151250000000005 0.5670859375 0.4040484375 0.5773765625 0.4088421875 0.5802343750000001 0.413915625 0.572803125 0.41758125 0.5630843750000001
1 0.5870093749999999 0.5928125 0.5867265625 0.60253125 0.587290625 0.6093921875 0.589546875 0.61110625 0.5940562500000001 0.6128218750000001 0.5971578125 0.605390625 0.5985671875 0.594528125 0.5996953125 0.5859515625 0.59659375 0.5790921875 0.593775 0.5716593750000001 0.5918015624999999 0.55279375 0.5903921875 0.5647984375 0.5887 0.5716593750000001 0.5867265625 0.5756609375 0.5867265625 0.581378125 0.5870093749999999 0.5928125
3 0.6017406249999999 0.588509375 0.60586875 0.5847046875 0.60661875 0.5892703125 0.6073703125 0.597640625 0.611496875 0.5968796875 0.6186265625 0.588509375 0.622753125 0.567203125 0.6268812500000001 0.5367656249999999 0.622378125 0.51698125 0.616375 0.512415625 0.611496875 0.520025 0.60661875 0.527634375 0.6036171875 0.5375265625 0.6017406249999999 0.5481796875 0.600240625 0.564159375 0.5991140625 0.5793781250000001 0.599865625 0.5869875 0.6017406249999999 0.588509375
7 0.621390625 0.4130453125 0.6204578125 0.402178125 0.6174296874999999 0.4305265625 0.6157984375 0.43997656249999995 0.6188281250000001 0.443284375 0.6204578125 0.429109375 0.621390625 0.4130453125
7 0.6225546875 0.416353125 0.622321875 0.429109375 0.6034522890625 0.5265072390625 0.620637984375 0.5132273828125 0.6241859375 0.4404484375 0.62441875 0.42580156249999995 0.6241859375 0.4083203125 0.6225546875 0.416353125
8 0.63255 0.5120312499999999 0.6369078125 0.5161890625 0.6445953125 0.5239843750000001 0.6507468750000001 0.530221875 0.652796875 0.5239843750000001 0.652796875 0.5078734375 0.6507468750000001 0.4870828125 0.6502343749999999 0.463175 0.6458765625 0.4387484375 0.6412640625 0.42887343749999995 0.6371640625 0.4273140625 0.633575 0.4340703125 0.63178125 0.44706406249999997 0.6297312500000001 0.46265625000000005 0.6284500000000001 0.482925 0.62563125 0.5068328125 0.6284500000000001 0.5120312499999999 0.63255 0.5120312499999999
3 0.658690625 0.7064109375000001 0.6622796875 0.705890625 0.6704796875000001 0.7032921875 0.6732984375 0.6970562499999999 0.6727859375 0.6902984375 0.6725296875 0.6799046875 0.6730421875 0.6736671875 0.67663125 0.668990625 0.67945 0.66795 0.6789375 0.660675 0.67535 0.652878125 0.6727859375 0.6466421875 0.660996875 0.6440421875 0.651259375 0.6445624999999999 0.6428015625 0.6471609375 0.6410078125 0.6523578125 0.6420328125 0.6648328125 0.6456203125 0.6721078125 0.6469015625 0.68094375 0.650490625 0.6918578125 0.652540625 0.702771875 0.655871875 0.7032921875 0.658690625 0.7064109375000001
2 0.6730421875 0.6747062500000001 0.6815 0.66743125 0.68355 0.6544375 0.67663125 0.6398843750000001 0.6697109375 0.64144375 0.6568968749999999 0.64144375 0.6425453125 0.6424828125000001 0.6361375 0.646121875 0.6330625000000001 0.6544375 0.63536875 0.66743125 0.6399828125 0.676265625 0.6461328125 0.6814640625 0.655359375 0.6793843749999999 0.6645859375 0.678865625 0.6730421875 0.6747062500000001
2 0.63383125 0.67730625 0.6363953125 0.660675 0.631525 0.646121875 0.62563125 0.6367671875 0.6184546875 0.63780625 0.610765625 0.6372859375 0.604615625 0.636246875 0.600003125 0.6445624999999999 0.600003125 0.659115625 0.603846875 0.6736671875 0.608203125 0.678865625 0.6146109375 0.6851015625 0.6228109374999999 0.6887390625 0.6292187499999999 0.6840625 0.63383125 0.67730625
3 0.63075625 0.6923781250000001 0.63280625 0.6866609375 0.63075625 0.656515625 0.62563125 0.652878125 0.6161484374999999 0.6549578125 0.6156359375 0.6637921875 0.6153796875 0.6767859374999999 0.6164046875 0.6934171874999999 0.6176859375 0.7032921875 0.6181984375 0.7183640625 0.6197359375 0.7230421875 0.6271687499999999 0.718884375 0.6284500000000001 0.71056875 0.6292187499999999 0.7012140625 0.63075625 0.6923781250000001
7 0.6705671875 0.7031203125000001 0.6764593750000001 0.7201 0.6808 0.7389671875 0.6854515625000001 0.7572046875 0.6879328124999999 0.7754421875 0.6904140625 0.78801875 0.6907234375 0.7760703125 0.687003125 0.756575 0.6823515625 0.7333062499999999 0.67366875 0.7024921875000001 0.6705671875 0.7031203125000001
7 0.6508093749999999 0.7454234375000001 0.65165625 0.7634640625 0.654621875 0.7823640625 0.65906875 0.797396875 0.6626703125 0.8012625 0.6607640625 0.792671875 0.6571625 0.781075 0.65525625 0.7673296875 0.6548328125 0.7510078124999999 0.654621875 0.7346859375 0.656103125 0.7192234375 0.6567390625 0.7071953125 0.6520796875 0.7024703125 0.6518671875 0.70934375 0.6512328125 0.7243765625 0.6508093749999999 0.7454234375000001
3 0.31855 0.60075625 0.314209375 0.6001265625000001 0.3111078125 0.5982406250000001 0.30738750000000004 0.5988687500000001 0.3067671875 0.6070453125 0.307696875 0.6227671875 0.30490625 0.6309421875 0.3027359375 0.6366015625 0.3039765625 0.6435203125 0.3014953125 0.6435203125 0.29839375 0.64540625 0.297153125 0.6548390625 0.29777343749999996 0.669303125 0.29839375 0.6749640625 0.3018046875 0.6774796875 0.30490625 0.6774796875 0.3080078125 0.6806234375 0.3111078125 0.687540625 0.31545 0.6862828125 0.3204109375 0.6781078125 0.3235125 0.6724484375 0.3272328125 0.6705609375 0.331884375 0.6705609375 0.3362265625 0.6699328125 0.3387078125 0.6623859375000001 0.3405671875 0.6548390625 0.347390625 0.634715625 0.347390625 0.6240249999999999 0.3396375 0.6120765625 0.333125 0.6070453125 0.326303125 0.6020140625 0.31855 0.60075625
7 0.3616640625 0.7707734375 0.3582875 0.7936015624999999 0.3560359375 0.811103125 0.36241406249999997 0.7981671875 0.36991874999999996 0.7783828125000001 0.37517187500000004 0.74870625 0.3777984375 0.7334875000000001 0.3777984375 0.7114203125 0.3729203125 0.7114203125 0.3684171875 0.7114203125 0.3665421875 0.7144640625 0.36729218750000003 0.7281609375 0.365040625 0.74870625 0.3616640625 0.7707734375
7 0.2917078125 0.750096875 0.28471875 0.7604062500000001 0.28895468750000003 0.7578296875 0.2944609375 0.7513859375 0.301028125 0.736353125 0.30483906250000004 0.72604375 0.31055781250000003 0.7084328125 0.31500625000000004 0.6873859375 0.3109828125 0.6826609375 0.31013437499999996 0.6891046875 0.3078046875 0.7024203124999999 0.30250937499999997 0.722178125 0.297003125 0.7380703125 0.2917078125 0.750096875
7 0.283871875 0.6994125 0.28048281249999996 0.709721875 0.274975 0.729909375 0.2669265625 0.744084375 0.2688328125 0.7419359375 0.2739171875 0.7376406249999999 0.2775171875 0.7320578125 0.28048281249999996 0.7230375 0.2830234375 0.7131578125 0.287684375 0.7007015625 0.2917078125 0.688675 0.296790625 0.6796546875 0.2944609375 0.6732109375 0.293190625 0.679225 0.289378125 0.6856671875 0.283871875 0.6994125
5 0.39004546093750003 0.57137589375 0.3937460828125 0.57137589375 0.40484794687500003 0.5669351484375 0.40632819375 0.5639746531250001 0.3967065796875 0.56027403125 0.3930059578125 0.5587937828125 0.3856047171875 0.556573409375 0.38338434375 0.556573409375 0.38042384687499997 0.5595339078125 0.38042384687499997 0.5639746531250001 0.39004546093750003 0.57137589375
0 0.749071228125 0.52503171875 0.742252634375 0.4743793078125 0.7120560046875 0.48704241093749995 0.674066696875 0.496783259375 0.6107511828125001 0.517239040625 0.40619337031249997 0.5094463625000001 0.33411109375 0.48704241093749995 0.2815105140625 0.463664375 0.2756660046875 0.5211353796875 0.4003488625 0.5591246875 0.546461584375 0.571787790625 0.701341071875 0.5454875 0.749071228125 0.52503171875
6 0.296463784375 0.7916681062500001 0.30085584062500004 0.7867270421875 0.303600875 0.7812369718750001 0.30195385468749997 0.7746488890625 0.3003068328125 0.7730018671875001 0.28877768593750003 0.7730018671875001 0.2854836453125 0.7730018671875001 0.28164059531249996 0.770805840625 0.278346553125 0.7653157703125 0.2794445671875 0.75543364375 0.2810915875 0.75049258125 0.2706604546875 0.7543356296875 0.2695624421875 0.7548846375 0.269013434375 0.7450025109375 0.269013434375 0.7312773359375 0.2662684 0.721395209375 0.2591313078125 0.743904496875 0.260229321875 0.7922171125 0.269013434375 0.7977071828125 0.27779754687499997 0.7977071828125 0.292071728125 0.7955111546875 0.296463784375 0.7916681062500001
6 0.6098314359375 0.8763675046875001 0.6071313609375 0.8844677328125 0.6079028109375 0.8898678828125 0.6082885359375 0.8960394859375 0.6106028859375 0.9025968125 0.620246015625 0.9022110874999999 0.6252604421875 0.8998967375 0.6325892203125 0.8952680359375 0.6356750203125 0.890253609375 0.636446471875 0.865952925 0.6352892953125 0.8474381187500001 0.62988914375 0.8385664421874999 0.6190888390625 0.8316233875 0.6175459390625 0.837023540625 0.6175459390625 0.8424236921875 0.6167744890625 0.8520668203125 0.6133029624999999 0.8647957500000001 0.6098314359375 0.8763675046875001
6 0.6750189843750001 0.8215945359375001 0.6734760828125 0.8134943078125 0.6734760828125 0.8080941562499999 0.6738618093750001 0.8007653781249999 0.674247534375 0.792279425 0.6719331828125 0.783022021875 0.6692331078125 0.77530751875 0.6669187562500001 0.7706788171875 0.678104784375 0.7768504203125 0.6796476859375 0.7884221734375 0.6885193640625 0.81002278125 0.6927623406250001 0.8158086578124999 0.6993196671875 0.818508734375 0.7043340953125 0.8142657578125 0.7051055453124999 0.8050083546875 0.7078056203124999 0.7872649984375 0.708577071875 0.766435840625 0.7074198953125 0.7587213375 0.7051055453124999 0.7525497359375 0.70124829375 0.747149584375 0.6954624171875 0.7432923328125 0.6896765390625 0.7413637078125 0.6889050890624999 0.7413637078125 0.6873621890625 0.7513925609375 0.6970053171874999 0.786879271875 0.6873621890625 0.8019225531249999 0.6796476859375 0.765664390625 0.6730903578125 0.746378134375 0.66807593125 0.748306759375 0.6630615046874999 0.7537069125 0.659204253125 0.7614214140625 0.66614730625 0.7899650734375 0.6700045578125 0.818508734375 0.6622900546875 0.819280184375 0.6522612015625 0.783407746875 0.6460896 0.7776218703125 0.6518754765625 0.8146514828125 0.659204253125 0.8289233125000001 0.6634472296875 0.8343234640625001 0.6703902828125 0.8331662890624999 0.6734760828125 0.8304662125 0.6750189843750001 0.8215945359375001
6 0.38092421249999997 0.38092421249999997 0.37550180312500003 0.36533478750000004 0.3660125875 0.3660125875 0.3612679796875 0.372112796875 0.3585567765625 0.3782130078125 0.357878975 0.38905782499999997 0.357878975 0.40193604531249993 0.36194578125 0.41684766875 0.37143499687500003 0.43853730312500006 0.3788908078125 0.43040369062500006 0.3843132171875 0.414814265625 0.3843132171875 0.40396944843749993 0.38363541562500003 0.38905782499999997 0.38092421249999997 0.38092421249999997
5 0.717615875 0.66809885625 0.716854075 0.661242653125 0.7130450734375 0.65286285 0.7069506703124999 0.65210105 0.69933266875 0.6490538484374999 0.6962854671875001 0.6505774484375 0.6856202625 0.6635280546875 0.6840966625 0.6726696578125 0.6901910640625 0.6749550578125 0.70161806875 0.677240459375 0.709236071875 0.677240459375 0.717615875 0.66809885625
6 0.35534271875 0.8927911906249999 0.3784015640625 0.9028424828125001 0.387861603125 0.9069812484374999 0.4032341671875 0.8963387046875001 0.4032341671875 0.873279859375 0.395547884375 0.8573160421875 0.38313158281250004 0.84549099375 0.366576515625 0.8478560046875 0.3571164765625 0.8360309562499999 0.351795203125 0.8283446734375 0.350021446875 0.8283446734375 0.34351767031249997 0.8307096828124999 0.3405614078125 0.8395784703125001 0.32932761093749996 0.8490385093749999 0.31986757187500003 0.8573160421875 0.3222325828125 0.8679585875000001 0.33405763125 0.8791923828125 0.35534271875 0.8927911906249999
0 0.32469411875 0.692972346875 0.32469411875 0.7170938625 0.33616069375 0.7267857156249999 0.33719205625000004 0.7322815421875 0.34522645 0.6992260531250001 0.3496899953125 0.6804648671875 0.3380847515625 0.6724243390625 0.32469411875 0.692972346875
