1 0.31414639375000003 0.47200708437500005 0.27320380625 0.47449273437499995 0.2789097046875 0.5684704890625001 0.319852290625 0.5659848578125 0.31414639375000003 0.47200708437500005
1 0.5996953125 0.55279375 0.5867265625 0.55279375 0.5867265625 0.6128218750000001 0.5996953125 0.6128218750000001 0.5996953125 0.55279375
2 0.6315960703125 0.6440245703125 0.6370487453125 0.68274321875 0.686554628125 0.6757721453125 0.6811017921875 0.6370536921875 0.6315960703125 0.6440245703125
2 0.6363953125 0.636246875 0.600003125 0.636246875 0.600003125 0.6887390625 0.6363953125 0.6887390625 0.6363953125 0.636246875
6 0.6449317999999999 0.8247693828125 0.6349193390625001 0.8190081765624999 0.6237876359375 0.8383500390625 0.633800084375 0.8441112296875 0.6449317999999999 0.8247693828125
6 0.7151797078125 0.7405089968749999 0.69005718125 0.7388026421875 0.6844947343750001 0.8206832187499999 0.7096172593750001 0.8223895578124999 0.7151797078125 0.7405089968749999
6 0.661027290625 0.8409233921875 0.686020453125 0.8342559203125001 0.673589440625 0.7876680796875 0.6485965593749999 0.7943355109375 0.661027290625 0.8409233921875
6 0.3241948296875 0.3658571671875 0.3350264265625 0.3920580890625 0.371572403125 0.3769503703125 0.3607407859375 0.35074950781249997 0.3241948296875 0.3658571671875
6 0.2939213828125 0.7237661656250001 0.2683078875 0.713604759375 0.25106724062499997 0.757055509375 0.27668070624999996 0.7672168640625 0.2939213828125 0.7237661656250001
6 0.31086697343749997 0.7577475921875 0.26135805625 0.7577475921875 0.26135805625 0.80002224375 0.31086697343749997 0.80002224375 0.31086697343749997 0.7577475921875
6 0.3411586609375 0.830774465625 0.3611047046875 0.8357579515625 0.37012051874999996 0.7996799140624999 0.35017465312499996 0.7946964515625 0.3411586609375 0.830774465625
8 0.62973353125 0.524887534375 0.6518555390625 0.523925778125 0.6479990625000001 0.4352297328125 0.625877340625 0.43619148281250003 0.62973353125 0.524887534375
5 0.3694842765625 0.5770187234375 0.40312515312499997 0.5804687656249999 0.41041394999999997 0.509401171875 0.3767734625 0.5059511484375 0.3694842765625 0.5770187234375
5 0.7537347953125 0.6779148109375 0.7322312140625 0.6216831625 0.66591530625 0.647039821875 0.6874184078125001 0.7032710625 0.7537347953125 0.6779148109375
1 0.395297215625 0.6567361203125001 0.38550180312500004 0.6565145546875 0.38465760625 0.6938312671875 0.39445301875 0.6940528328125 0.395297215625 0.6567361203125001
1 0.401434521875 0.57867916875 0.4169295734375 0.578842259375 0.417312796875 0.5424318203125 0.40181784218749994 0.54226873125 0.401434521875 0.57867916875
1 0.350513840625 0.67416303125 0.3421874984375 0.67390625 0.3412973265625 0.7027666203125 0.34962366875 0.7030234015625 0.350513840625 0.67416303125
