8 0.2376390625 0.4926421875 0.2528359375 0.4808703125 0.2544359375 0.4632109375 0.240234375 0.443359375 0.227240625 0.416121875 0.21204218749999998 0.4131796875 0.2096421875 0.4396671875 0.2184421875 0.472040625 0.22084062499999998 0.498528125 0.2376390625 0.4926421875
7 0.5756578125 0.49799531249999995 0.5739609375 0.5104765625 0.5743 0.5267031249999999 0.5776921875000001 0.5235828125 0.5831203125 0.5217109375 0.588209375 0.5185906250000001 0.5892265625 0.5042359375000001 0.59024375 0.478025 0.590921875 0.45368593749999997 0.5963499999999999 0.4093765625 0.59261875 0.424978125 0.5868515624999999 0.45555781250000005 0.585834375 0.478025 0.5844765625 0.49924375000000004 0.5831203125 0.5104765625 0.5800671875 0.5029874999999999 0.5793890625 0.48301718749999994 0.5763359375 0.44994218750000003 0.5773531249999999 0.41 0.5719265625000001 0.4474453125 0.574978125 0.47864843749999997 0.5756578125 0.49799531249999995
7 0.649609375 0.4686640625 0.651984375 0.49113125 0.65775 0.4961234375 0.66385625 0.5111015625 0.666909375 0.4917546875 0.6713203125 0.47428125000000004 0.676746875 0.45805468749999995 0.6801390625 0.438084375 0.6828531250000001 0.4137453125 0.6835312499999999 0.4006390625 0.6774265625 0.43059531250000005 0.6740328124999999 0.44619687499999994 0.6675875 0.467415625 0.66385625 0.48239375000000007 0.6597859374999999 0.4936265625 0.657071875 0.48239375000000007 0.6550374999999999 0.4642953125 0.6526625 0.44994218750000003 0.651984375 0.42872343749999997 0.651984375 0.410625 0.650965625 0.3925265625 0.649609375 0.41624218749999997 0.648590625 0.4393328125 0.649609375 0.4686640625
7 0.7059203125 0.6983234375 0.703546875 0.682721875 0.701171875 0.66836875 0.6991359375 0.6496453125 0.6920124999999999 0.6459015625 0.6943875 0.6671203125 0.69811875 0.6902109375000001 0.7038859375000001 0.708309375 0.71541875 0.7282796874999999 0.721525 0.733271875 0.7140625 0.7170468750000001 0.7059203125 0.6983234375
7 0.721525 0.6752328125 0.7188109375 0.6608796875 0.7103312500000001 0.6384125 0.7066 0.6540140625 0.71270625 0.6652484375000001 0.7157578124999999 0.680225 0.7222046875 0.699571875 0.7245781250000001 0.7182937500000001 0.73000625 0.7345203125 0.729328125 0.7151734375000001 0.7242390624999999 0.6902109375000001 0.721525 0.6752328125
3 0.2710296875 0.6558875 0.2771359375 0.663375 0.285278125 0.6664953125 0.291384375 0.6639999999999999 0.29681250000000003 0.6521421875 0.30393593750000003 0.6415328125 0.308684375 0.63466875 0.3144515625 0.63404375 0.318521875 0.6334203125 0.32089687499999997 0.61719375 0.3141125 0.6078328125 0.311059375 0.602840625 0.30563125 0.60096875 0.3002046875 0.602840625 0.295115625 0.5997203125 0.28697343750000004 0.5947265625 0.2795109375 0.590359375 0.2740828125 0.5866140625 0.267978125 0.59160625 0.26356718749999997 0.5959749999999999 0.2598359375 0.6040890625 0.26051406250000003 0.6115765625 0.26356718749999997 0.61345 0.265603125 0.6165703125 0.26899531250000003 0.61345 0.27035156250000003 0.619065625 0.27035156250000003 0.6303 0.2700125 0.640909375 0.2710296875 0.6558875
7 0.25406875 0.695203125 0.2506765625 0.7114296875 0.24660625 0.733271875 0.252034375 0.72703125 0.25508593749999997 0.71455 0.25881875 0.7014437499999999 0.2628890625 0.6877140625 0.266959375 0.6808500000000001 0.269334375 0.6689921875 0.2751015625 0.662128125 0.2710296875 0.6496453125 0.26763750000000003 0.6571343749999999 0.26255 0.66836875 0.2581390625 0.6814734375 0.25406875 0.695203125
7 0.2666203125 0.7413859375 0.27204843749999996 0.7314 0.277475 0.71891875 0.28086875 0.7051890625 0.285278125 0.6933312500000001 0.2862953125 0.682721875 0.2896875 0.6664953125 0.2842609375 0.6664953125 0.28086875 0.6858421875 0.277815625 0.6989484375 0.2734046875 0.7133015625 0.267978125 0.7301515625 0.2615328125 0.7494984375 0.2666203125 0.7413859375
3 0.4130166671875 0.5645786453125 0.4162166671875 0.5557489578125 0.4098182296875 0.5469192703125 0.40261822968749994 0.5528052078125001 0.3938197921875 0.5469192703125 0.3914197921875 0.5616348953125 0.40341822968749996 0.5675208328125 0.40741822968749997 0.5675208328125 0.4130166671875 0.5645786453125
3 0.2981770828125 0.541015625 0.294921875 0.5201822921875 0.287109375 0.5319010421875 0.2838541671875 0.52734375 0.2786458328125 0.5188802078125 0.2643229171875 0.525390625 0.248046875 0.537109375 0.24348958281250002 0.5501302078125 0.2565104171875 0.5631510421875 0.2721354171875 0.5638020828125 0.2955729171875 0.556640625 0.2981770828125 0.541015625
5 0.3587239578125 0.6764322921875 0.3684895828125 0.66015625 0.3645833328125 0.6484375 0.3548177078125 0.6419270828125 0.341796875 0.638671875 0.3157552078125 0.640625 0.30859375 0.6653645828125 0.3111979171875 0.6764322921875 0.3313802078125 0.6875 0.3502604171875 0.6842447921875 0.3587239578125 0.6764322921875
5 0.65625 0.6725260421875 0.666015625 0.6692708328125 0.6796875 0.6575520828125 0.6751302078125 0.6484375 0.6647135421875 0.6321614578125 0.654296875 0.6263020828125 0.640625 0.6223958328125 0.6295572921875 0.6256510421875 0.6145833328125 0.634765625 0.6145833328125 0.6516927078125 0.619140625 0.6588541671875 0.6282552078125 0.6744791671875 0.6360677078125 0.67578125 0.65625 0.6725260421875
