1 0.2812382015625 0.5465599765625 0.2899423234375 0.5477424656250001 0.294973009375 0.510715371875 0.28626894062499997 0.5095328859375 0.2812382015625 0.5465599765625
1 0.6408721 0.595849928125 0.654256896875 0.5962695578125 0.6563303859375 0.5301364484375 0.64294574375 0.529716821875 0.6408721 0.595849928125
1 0.3899823 0.5512559265625 0.3989042890625 0.5484701609375 0.392574015625 0.528198015625 0.3836520546875 0.5309837749999999 0.3899823 0.5512559265625
1 0.4010970828125 0.528229059375 0.397433025 0.5285714296874999 0.3989229609375 0.5445153656249999 0.40258701874999997 0.5441729953125 0.4010970828125 0.528229059375
1 0.6445700078125001 0.6710777375 0.6485356078125 0.696171 0.6728979374999999 0.6923214 0.6689322859375 0.6672282015625 0.6445700078125001 0.6710777375
4 0.2387892109375 0.49142095 0.2749269890625 0.491787809375 0.276087225 0.3774795140625 0.239949978125 0.37711265625 0.2387892109375 0.49142095
4 0.3716825390625 0.3748319890625 0.34799383125 0.3733515390625 0.3398198625 0.5041363 0.3635085703125 0.5056167359375 0.3716825390625 0.3748319890625
2 0.2291342234375 0.5538881531250001 0.2763902015625 0.5578258093749999 0.28160271875 0.495272621875 0.234347215625 0.49133498593749997 0.2291342234375 0.5538881531250001
2 0.3647527296875 0.5013234203125 0.332922025 0.5033126609374999 0.3379746890625 0.5841556046874999 0.3698053921875 0.5821663765625 0.3647527296875 0.5013234203125
6 0.396520025 0.8395813390625 0.4220330828125 0.8469160234374999 0.438102934375 0.79102959375 0.4125902234375 0.7836949609375 0.396520025 0.8395813390625
1 0.38186685625 0.6918125984375 0.379277203125 0.65950463125 0.361969875 0.6608917187500001 0.364559465625 0.693199628125 0.38186685625 0.6918125984375
1 0.4699134375 0.6602715078125 0.482895746875 0.661747515625 0.48562454062500005 0.6377491296875 0.4726422921875 0.636273125 0.4699134375 0.6602715078125
