1 0.28415337812499997 0.5330584218750001 0.2725281140625 0.5319796859375 0.2690515625 0.5694421875 0.28067682656250004 0.5705209203125 0.28415337812499997 0.5330584218750001
1 0.5819537046875001 0.5500866265625 0.5584891187500001 0.543373415625 0.5427074140625 0.598529590625 0.5661719859375001 0.6052427687499999 0.5819537046875001 0.5500866265625
1 0.6409335296875 0.6033905749999999 0.6509375187499999 0.6032390624999999 0.6504550828125 0.5713904140625 0.64045115 0.5715419265625 0.6409335296875 0.6033905749999999
1 0.663635146875 0.6214069109375 0.678795696875 0.619915484375 0.6719078125 0.5499078125 0.656747453125 0.5513992296875 0.663635146875 0.6214069109375
1 0.7096761078125 0.5510103484375 0.6986192578125 0.554015103125 0.7092218609375001 0.5930265671875 0.72027870625 0.590021821875 0.7096761078125 0.5510103484375
1 0.293054396875 0.71772625 0.3102360875 0.7188256796875 0.31355264374999997 0.667001303125 0.2963711390625 0.66590188125 0.293054396875 0.71772625
1 0.508824525 0.622906934375 0.5235131546875 0.6211147015625 0.51841518125 0.5793382609375 0.5037266640625 0.5811304859375 0.508824525 0.622906934375
1 0.43120697343750003 0.606246546875 0.44882695625 0.6102131546875 0.4567198390625 0.5751558453125 0.4390999671875 0.57118925 0.43120697343750003 0.606246546875
1 0.47700276875 0.61923808125 0.488200871875 0.61923808125 0.48820083125 0.5830234484375 0.477002803125 0.5830234484375 0.47700276875 0.61923808125
1 0.49355805625000004 0.6137588734375 0.50469679375 0.6156693859375 0.5106406421874999 0.5810190265624999 0.4995019734375 0.5791085203125 0.49355805625000004 0.6137588734375
1 0.45861010625 0.6212427984375 0.479170228125 0.621043075 0.47874243749999995 0.5770182 0.45818248125 0.5772179234375 0.45861010625 0.6212427984375
1 0.42897625625 0.6684938578125 0.42987590937500003 0.6882962640625 0.44712933593750004 0.6875124921875 0.4462296484375 0.6677101203125 0.42897625625 0.6684938578125
1 0.6267900187500001 0.58304790625 0.6365748734375 0.5826982625 0.635347621875 0.548357571875 0.6255628234375 0.5487072140625 0.6267900187500001 0.58304790625
