1 0.285602715625 0.453731265625 0.2454311875 0.4611606359375 0.25995725625 0.5396991609375 0.300128771875 0.5322698359375 0.285602715625 0.453731265625
1 0.374972915625 0.5221353375 0.338300425 0.5186576046875 0.3311585328125 0.5939615828125 0.36783101875 0.59743929375 0.374972915625 0.5221353375
1 0.38825061875 0.584339321875 0.3981682984375 0.5850726749999999 0.40029062499999996 0.5563734375 0.39037299375 0.5556400859374999 0.38825061875 0.584339321875
1 0.4137614515625 0.5931074015625 0.4202897734375 0.5935669125 0.42220213749999996 0.566400303125 0.41567384531249996 0.5659407937500001 0.4137614515625 0.5931074015625
8 0.4288754625 0.5288557859374999 0.4492390890625 0.5281859359375 0.4456430453125 0.41887764531249994 0.4252797390625 0.41954748906250006 0.4288754625 0.5288557859374999
1 0.510721646875 0.625441034375 0.5157125203125 0.6250015609374999 0.5126906250000001 0.5906875 0.5076997828125001 0.591126971875 0.510721646875 0.625441034375
1 0.5232171 0.5832389359375 0.512794965625 0.5842179062499999 0.5169664953125 0.6286232234375 0.5273886296875 0.6276442578125 0.5232171 0.5832389359375
1 0.5526166390625 0.5919731640625 0.5470910625000001 0.5921827796875 0.5484297234375 0.6274668421875 0.5539552999999999 0.6272572281250001 0.5526166390625 0.5919731640625
1 0.564334078125 0.5900995250000001 0.5564499281249999 0.590210328125 0.5569625 0.626678125 0.56484665 0.626567321875 0.564334078125 0.5900995250000001
1 0.5860462390625 0.60739485625 0.5932453234375 0.6078125 0.59473525 0.5821326 0.5875362 0.5817149578125 0.5860462390625 0.60739485625
1 0.60425613125 0.5825962828125 0.596411175 0.581775375 0.5923345999999999 0.6207287218750001 0.60017955625 0.6215496265625 0.60425613125 0.5825962828125
1 0.617264 0.610902621875 0.6228911312500001 0.610986921875 0.6233716031250001 0.5789175875 0.6177445046875001 0.5788332859375 0.617264 0.610902621875
3 0.6465075328125 0.598617128125 0.6611490812499999 0.632002696875 0.6941871093749999 0.6175151062500001 0.679545528125 0.5841296484375 0.6465075328125 0.598617128125
1 0.7077324390624999 0.6232725703125 0.722344346875 0.6222251078125 0.717921478125 0.5605345578125001 0.7033097328125 0.5615820140625 0.7077324390624999 0.6232725703125
1 0.7680312859375 0.564804946875 0.772862653125 0.565258775 0.7752691265625 0.53964218125 0.7704377796874999 0.5391883546875 0.7680312859375 0.564804946875
1 0.765682609375 0.5607319515625 0.769403734375 0.5598683734375001 0.7653515625 0.542409375 0.7616304484375 0.5432729515625 0.765682609375 0.5607319515625
7 0.756999278125 0.436622959375 0.7507765281250001 0.43612812187500005 0.743807071875 0.5237656421875 0.7500298203125 0.5242604765625 0.756999278125 0.436622959375
7 0.7381627609375 0.41890131875 0.73248125 0.41914843749999997 0.736201540625 0.5046765640624999 0.7418830515625 0.504429446875 0.7381627609375 0.41890131875
7 0.73285685625 0.52497291875 0.7390684937499999 0.52446243125 0.73155 0.43298437500000003 0.7253384484375001 0.433494859375 0.73285685625 0.52497291875
1 0.8217753265625 0.6346157046875 0.8008448640625 0.62257210625 0.784547265625 0.6508920625 0.8054777 0.662935621875 0.8217753265625 0.6346157046875
1 0.758826446875 0.6778619109374999 0.7492717828125001 0.6786052328125 0.75196543125 0.7132243453125 0.7615200953125 0.712481025 0.758826446875 0.6778619109374999
1 0.725673275 0.664531046875 0.7024897906249999 0.66751339375 0.7086652171875001 0.7155116578125 0.731848696875 0.712529328125 0.725673275 0.664531046875
3 0.7601439578125 0.6711461234375 0.752031259375 0.648815071875 0.7105353734375 0.6638881609375 0.718647953125 0.6862191125 0.7601439578125 0.6711461234375
1 0.6977082171875 0.7161560859375 0.7059504984375 0.715843453125 0.704854634375 0.6869568953125 0.6966124046875 0.6872695249999999 0.6977082171875 0.7161560859375
1 0.6713817046874999 0.7220805953125 0.6784518937499999 0.7212438515625 0.6752395203125 0.6941047499999999 0.6681693734375 0.694941490625 0.6713817046874999 0.7220805953125
1 0.41230650312500006 0.6693229328125 0.4039339296875 0.66822190625 0.4004685484375 0.6945701375 0.408841121875 0.695671159375 0.41230650312500006 0.6693229328125
1 0.38236356875 0.693509984375 0.3942038796875 0.6987630968749999 0.40583210000000003 0.6725572265624999 0.39399185000000003 0.6673041296875 0.38236356875 0.693509984375
3 0.38398501875 0.6845470406249999 0.3939205203125 0.666680703125 0.3547565125 0.6449044765624999 0.34482100625 0.66277073125 0.38398501875 0.6845470406249999
1 0.3141209671875 0.670516121875 0.34972616875 0.639371959375 0.3033022515625 0.5863050046875 0.26769733125 0.61744895625 0.3141209671875 0.670516121875
1 0.27907782812500004 0.6162876625 0.30681158124999997 0.586984034375 0.24835852812499998 0.5316681328125 0.22062495625 0.5609715546875 0.27907782812500004 0.6162876625
