3 0.28063906250000004 0.425203125 0.2752921875 0.43652968750000004 0.26638125 0.43124375 0.261746875 0.44106093749999997 0.26851875000000003 0.45163281250000004 0.272796875 0.45616406249999997 0.280996875 0.4599390625 0.2899078125 0.4599390625 0.2970375 0.4501234375 0.2970375 0.425203125 0.292046875 0.4229375 0.28063906250000004 0.425203125
3 0.3080890625 0.4229375 0.30095937500000003 0.42067187500000003 0.29810625 0.425203125 0.2991765625 0.44936718750000004 0.30915781249999996 0.46598125 0.3080890625 0.4229375
3 0.32698125 0.43200000000000005 0.32127812499999997 0.438040625 0.3191390625 0.45163281250000004 0.3177125 0.46975625 0.33090312499999996 0.46975625 0.33945781249999996 0.4690015625 0.342309375 0.4599390625 0.34052812499999996 0.44030625 0.33625 0.43879531250000003 0.33197187499999997 0.4599390625 0.3284078125 0.450878125 0.32698125 0.43200000000000005
2 0.6863109374999999 0.39801875 0.6773984375000001 0.38065000000000004 0.6699125 0.3776296875 0.654584375 0.3798953125 0.6517328124999999 0.3889578125 0.646384375 0.4101 0.644959375 0.4350203125 0.6485234375 0.4599390625 0.655296875 0.46975625 0.665634375 0.4742875 0.67989375 0.47126718749999996 0.6920140625 0.45691875 0.6913015625 0.42897968750000004 0.6863109374999999 0.39801875
7 0.6293 0.3645984375 0.6256234375 0.3217578125 0.62451875 0.2851484375 0.623784375 0.35369375000000003 0.62451875 0.371609375 0.6293 0.3645984375
7 0.629521875 0.37315156250000003 0.63363125 0.3736359375 0.6359140625 0.3402640625 0.6352296875000001 0.320434375 0.6311203125 0.29721875 0.633859375 0.334459375 0.6320328125 0.359609375 0.629521875 0.37315156250000003
4 0.6720174906249999 0.2608864671875 0.667459678125 0.2428614671875 0.6571253031250001 0.2486552171875 0.654390928125 0.2782677171875 0.654998740625 0.2872802171875 0.653783115625 0.34521615625 0.6571253031250001 0.3561583421875 0.6583149015624999 0.357497340625 0.66578004375 0.359709234375 0.673840928125 0.36130834218749996 0.675664365625 0.35422709218750004 0.675361240625 0.33942240625000003 0.673840928125 0.29693490625 0.6720174906249999 0.2608864671875
1 0.729653125 0.40508749999999993 0.7266125 0.396075 0.722965625 0.39285625 0.720534375 0.40315625 0.722965625 0.4211796875 0.7314765624999999 0.4250421875 0.729653125 0.40508749999999993
7 0.7109609375 0.2845328125 0.7134484375000001 0.276925 0.707921875 0.29155625 0.7134484375000001 0.3208171875 0.714553125 0.3846046875 0.7178687499999999 0.3524171875 0.7162109375 0.32608281250000004 0.7128953124999999 0.2997484375 0.7109609375 0.2845328125
7 0.703778125 0.3781671875 0.707921875 0.37465625 0.709303125 0.3676328125 0.70184375 0.337203125 0.69908125 0.31613437499999997 0.69908125 0.30443125000000004 0.7001859375 0.28921562500000003 0.702396875 0.269903125 0.6949359375 0.2927265625 0.6949359375 0.3430546875 0.6993578125 0.3647078125 0.703778125 0.3781671875
1 0.7684296875000001 0.43844374999999997 0.7656671875 0.4442953125 0.762628125 0.451903125 0.760140625 0.4589265625 0.7637328125 0.47121562499999997 0.770640625 0.4852609375 0.776165625 0.48233437500000004 0.777546875 0.46828906249999996 0.7758890625 0.45248906250000004 0.7739546875000001 0.4396140625 0.7684296875000001 0.43844374999999997
1 0.674490625 0.48643125 0.6747671875 0.4981359375 0.6789125 0.5115953125 0.6805703125 0.5197875 0.6813984375000001 0.517446875 0.684990625 0.510425 0.6855421875000001 0.49989062500000003 0.6852671875 0.4911125 0.6772546875 0.484675 0.674490625 0.48643125
3 0.6739390625 0.5168625 0.6733859375 0.506328125 0.6720046875000001 0.49286874999999997 0.6700703125 0.4881875 0.6659265624999999 0.488771875 0.6604 0.493453125 0.66426875 0.5115953125 0.6684125 0.5168625 0.6739390625 0.5168625
3 0.639678125 0.49228281249999994 0.6399546875000001 0.5074984375 0.6457578125000001 0.5139359375 0.6493484375 0.5092546875 0.6512828125000001 0.506328125 0.6540453125 0.49696562499999997 0.65100625 0.49228281249999994 0.6468625 0.48935781250000004 0.639678125 0.49228281249999994
5 0.344571253125 0.5187584875 0.350656396875 0.517237203125 0.3521776828125 0.5157159171875 0.3491351109375 0.505066915625 0.333922253125 0.50734884375 0.3285977515625 0.505066915625 0.3263158234375 0.5065882015625001 0.3255551796875 0.50734884375 0.3316403234375 0.5134339875 0.344571253125 0.5187584875
3 0.6908955234375 0.44262711250000003 0.696853965625 0.44745061249999996 0.7042310828125 0.4471668765625 0.7087708484374999 0.4414921703125 0.7113244671875 0.4338313171875 0.7113244671875 0.42134696250000003 0.7067847015625001 0.4026204296875 0.700826259375 0.398931871875 0.6937328765624999 0.40063428281249996 0.69146299375 0.40120175312499995 0.6906117875 0.40148548906250003 0.6874906984375 0.411132490625 0.6880581703125 0.42361684374999997 0.6908955234375 0.44262711250000003
0 0.6534599015625 0.38454645 0.6755716453125 0.3797358859375 0.6967219499999999 0.3864706828125 0.7262019015625001 0.3692307703125 0.6803785390625 0.358569396875 0.6448075515625 0.37011475781250003 0.6178889140625 0.401864471875 0.6053910328125001 0.41629616562500005 0.6428848234375 0.4028266078125 0.6534599015625 0.38454645
