8 0.25115468750000003 0.5994484375 0.24244374999999999 0.62119375 0.2347 0.6389843749999999 0.22792500000000002 0.6488671874999999 0.21727968749999998 0.6725875 0.22792500000000002 0.6785187500000001 0.24244374999999999 0.6666578125 0.25696093750000004 0.6528203125 0.2647046875 0.6350296875 0.268575 0.611309375 0.26276875 0.5954953125 0.25115468750000003 0.5994484375
8 0.2364027640625 0.5520078125000001 0.2267230765625 0.567821875 0.21898088906250002 0.5737515625 0.21220588906249999 0.59351875 0.2180121390625 0.611309375 0.2286590140625 0.603403125 0.2402730765625 0.597471875 0.2576949515625 0.5856125 0.25188713906250004 0.553984375 0.2460808890625 0.5381703124999999 0.2364027640625 0.5520078125000001
8 0.34890781249999997 0.633053125 0.3431 0.660728125 0.336325 0.6923546875000001 0.3285828125 0.7318890625 0.31987187499999997 0.7536343750000001 0.3247109375 0.7773546875 0.336325 0.7694468750000001 0.34890781249999997 0.7477031249999999 0.360521875 0.7239828125 0.36245781250000003 0.7022390625 0.368265625 0.682471875 0.36729687499999997 0.6528203125 0.34890781249999997 0.633053125
8 0.3958112984375 0.715701203125 0.3984550484375 0.6927496390625 0.39316598593749996 0.679248078125 0.3845722359375 0.683298078125 0.3753175484375 0.6981496390624999 0.3693691109375 0.7130012031249999 0.3601128609375 0.7346027640624999 0.3515191109375 0.7643058890625001 0.34226442343749996 0.7859090140625 0.3462316109375 0.8007590140625 0.3607753609375 0.777807453125 0.3733347359375 0.7643058890625001 0.3825894234375 0.750804328125 0.3872175484375 0.741354328125 0.3958112984375 0.715701203125
8 0.5816656250000001 0.381675 0.580175 0.41616406250000004 0.5796796875 0.4445671875 0.5846453125 0.4516671875 0.5935859375 0.4425375 0.6015328125 0.43137968750000005 0.60351875 0.407034375 0.603021875 0.3684890625 0.6084859375 0.33704375 0.60550625 0.31269843750000004 0.60351875 0.2974828125 0.596565625 0.288353125 0.588121875 0.311684375 0.5856390625000001 0.3553015625 0.5816656250000001 0.381675
8 0.6233859374999999 0.3877625 0.6218953125 0.3603734375 0.62040625 0.3329859375 0.617425 0.311684375 0.609478125 0.3025546875 0.6050093750000001 0.3177703125 0.602028125 0.3542875 0.6015328125 0.3958765625 0.6069953124999999 0.4090640625 0.6218953125 0.42732187499999996 0.6233859374999999 0.3877625
8 0.6736078125 0.37706093749999997 0.67240625 0.3451484375 0.6615890624999999 0.309553125 0.64896875 0.2764140625 0.63695 0.2543203125 0.62553125 0.251865625 0.61831875 0.26905 0.6249296875 0.3034171875 0.635146875 0.3451484375 0.6459640624999999 0.39424375 0.6561796875 0.383196875 0.6736078125 0.37706093749999997
8 0.6501703125 0.3758328125 0.652575 0.3390109375 0.6561796875 0.3132359375 0.6597859374999999 0.2886875 0.6561796875 0.2776421875 0.6477671875000001 0.2825515625 0.6405546875 0.29850781249999997 0.63394375 0.341465625 0.635146875 0.373378125 0.6303390624999999 0.4077453125 0.6357468749999999 0.431065625 0.647165625 0.42615625 0.6513718749999999 0.41388125000000003 0.6501703125 0.3758328125
8 0.6730078125000001 0.24695625 0.6675984374999999 0.264140625 0.66459375 0.2923703125 0.66459375 0.3230546875 0.6633921875000001 0.3611046875 0.658584375 0.384425 0.6718046875 0.3979265625 0.6754109374999999 0.3500578125 0.677815625 0.3132359375 0.6766125 0.2776421875 0.6730078125000001 0.24695625
5 0.73878125 0.683946875 0.7370984375 0.6971171875 0.732053125 0.698834375 0.7275671874999999 0.695971875 0.723921875 0.6891015625 0.719996875 0.6799390625 0.7216796875 0.6845203125 0.7258843749999999 0.69654375 0.7286890625 0.7045609374999999 0.732053125 0.713721875 0.7365390625 0.7160124999999999 0.741584375 0.7148671875 0.7438281250000001 0.7051328125 0.7432671875 0.6948265625000001 0.7410234375 0.6776484375 0.7326140624999999 0.6490203125 0.73485625 0.660471875 0.7373796875 0.6719234375 0.73878125 0.683946875
8 0.649421875 0.6135695921875 0.6482203125 0.633208653125 0.6488203125 0.6663477171875 0.650021875 0.6933508421875 0.6542296875 0.7154430281249999 0.6638453125 0.7363086531249999 0.6716578125 0.7301727171875 0.6722578125 0.7031695921875001 0.6680515625 0.6688024031250001 0.6680515625 0.6295258421875001 0.6638453125 0.590249278125 0.6638453125 0.5718383421875 0.64761875 0.590249278125 0.649421875 0.6135695921875
8 0.620575 0.576696875 0.620575 0.6208843749999999 0.6229796875 0.6601609374999999 0.6283875 0.7055734375 0.6368015625 0.7387125 0.6482203125 0.7485328124999999 0.6524265625 0.7325765625 0.645815625 0.7055734375 0.6410078125 0.6785703125 0.6355999999999999 0.6540234375 0.6349984375 0.6282484375 0.6349984375 0.588971875 0.620575 0.576696875
5 0.643196875 0.741953125 0.639628125 0.736228125 0.6358046875000001 0.7310218749999999 0.6411578125 0.7466390625 0.6462546875 0.7560078125 0.6500781250000001 0.7586109375000001 0.6549203125 0.752884375 0.6559390625 0.7414328125 0.6525296875000001 0.7284125 0.6536453125 0.7357078125000001 0.6513515625 0.7440359375 0.64701875 0.7450765625 0.643196875 0.741953125
0 0.48798076874999996 0.45072115312500005 0.53125 0.44951923125000004 0.5769230765625 0.44951923125000004 0.669471153125 0.41826923125000004 0.71875 0.36658653750000003 0.7199519234375 0.342548078125 0.677884615625 0.36658653750000003 0.631009615625 0.39903846249999997 0.587740384375 0.41947115312500005 0.509615384375 0.36658653750000003 0.44230769218750005 0.40384615312500005 0.41706730781249995 0.38221153750000003 0.3762019234375 0.39903846249999997 0.3052884609375 0.36658653750000003 0.32451923125 0.42908653750000003 0.365384615625 0.427884615625 0.40625 0.420673078125 0.46394230781249995 0.44951923125000004 0.48798076874999996 0.45072115312500005
0 0.6755338937500001 0.5889954328125 0.7260146625 0.532505046875 0.7572646625 0.48202427812500004 0.747649278125 0.46159158749999996 0.7079858171875 0.514476203125 0.619043509375 0.560149278125 0.578178125 0.584187740625 0.5421204328125 0.5986108171875 0.4760146625 0.610630046875 0.39308197031250003 0.6166396625 0.40269735625 0.6514954328125 0.46279350937499997 0.6430819718749999 0.5048608171875 0.638274278125 0.5325050484375 0.63707235625 0.587793509375 0.615437740625 0.6454858171875 0.5974088937500001 0.6755338937500001 0.5889954328125
5 0.47098214374999997 0.828125 0.47879464218749995 0.8364955359374999 0.48660714374999997 0.8392857140625001 0.5061383921875 0.8376116078125 0.5161830359375 0.8292410718750001 0.5239955359375 0.8141741078125 0.5284598218750001 0.8002232140625001 0.5345982140625 0.7868303578125 0.5362723218750001 0.77734375 0.5362723218750001 0.7650669640625 0.5290178562500001 0.7533482140625 0.5234375 0.7455357140625 0.5033482140625 0.7399553578125 0.493303571875 0.7416294640625 0.479352678125 0.7449776781249999 0.465959821875 0.7472098218750001 0.45368303593750003 0.75 0.45758928593750003 0.7606026781249999 0.45647321406249997 0.7678571421875 0.45647321406249997 0.7840401781249999 0.455915178125 0.7974330359375 0.46037946406249997 0.80859375 0.465959821875 0.8191964281249999 0.47098214374999997 0.828125
8 0.497209821875 0.8063616078125 0.5050223218750001 0.7405133921875 0.49832589218749995 0.6919642859375 0.4921875 0.65234375 0.487165178125 0.6322544640625 0.479352678125 0.6205357140625 0.47488839218749995 0.6261160718750001 0.477678571875 0.6573660718750001 0.481584821875 0.6975446421875 0.487165178125 0.7444196421875 0.49162946406249997 0.7991071421875 0.497209821875 0.8063616078125
8 0.515625 0.7215401781249999 0.51171875 0.6886160718750001 0.5089285718750001 0.6551339281249999 0.5050223218750001 0.6361607140625 0.498883928125 0.6305803578125 0.49386160781250005 0.6506696421875 0.5044642859375 0.7209821421875 0.5027901781249999 0.7823660718750001 0.5100446421875 0.7873883921875 0.5139508921875 0.75 0.515625 0.7215401781249999
8 0.5301339281249999 0.7533482140625 0.5290178562500001 0.7237723218750001 0.5306919640625 0.6953125 0.52734375 0.6690848218750001 0.5290178562500001 0.6400669640625 0.5139508921875 0.6233258921875 0.5083705359375 0.6344866078125 0.5083705359375 0.6356026781249999 0.5139508921875 0.7064732140625 0.5161830359375 0.7477678578125 0.5256696421875 0.7762276781249999 0.5301339281249999 0.7533482140625
8 0.5452008921875 0.7862723218750001 0.5440848218750001 0.7555803578125 0.55078125 0.7215401781249999 0.5479910718750001 0.6808035718750001 0.5418526781249999 0.64453125 0.5379464281249999 0.6116071421875 0.5290178562500001 0.6099330359375 0.5256696421875 0.6272321421875 0.5301339281249999 0.6422991078125 0.5290178562500001 0.6808035718750001 0.53125 0.7198660718750001 0.53125 0.75 0.5452008921875 0.7862723218750001
