8 0.25696093746130033 0.652820313095238 0.26470468730650154 0.6350296869047619 0.268575 0.6113093749999999 0.26276874984520127 0.5954953130952381 0.25115468730650153 0.5994484369047619 0.24244374984520123 0.62119375 0.2347 0.638984375 0.22792500000000002 0.648867186904762 0.21727968730650155 0.6725874999999999 0.22792500000000002 0.67851875 0.24244374984520123 0.6666578119047619 0.25696093746130033 0.652820313095238
8 0.24027307678018575 0.597471875 0.2576949517027864 0.5856125 0.25188713931888546 0.553984375 0.24608088916408669 0.5381703119047619 0.23640276470588234 0.5520078119047619 0.22672307678018574 0.567821875 0.21898088916408667 0.5737515619047618 0.2122058891640867 0.59351875 0.21801213931888544 0.6113093749999999 0.22865901424148607 0.603403125 0.24027307678018575 0.597471875
8 0.3605218749226006 0.723982811904762 0.36245781238390096 0.7022390630952381 0.36826562476780184 0.6824718750000001 0.3672968749226006 0.652820313095238 0.34890781238390095 0.633053125 0.3431 0.660728125 0.33632500000000004 0.6923546880952381 0.3285828123839009 0.731889061904762 0.3198718749226006 0.753634375 0.32471093746130036 0.7773546880952381 0.33632500000000004 0.769446875 0.34890781238390095 0.7477031249999999 0.3605218749226006 0.723982811904762
8 0.36077536037151703 0.7778074523809524 0.37333473560371516 0.7643058892857142 0.38258942291021675 0.7508043273809525 0.38721754798761615 0.7413543273809523 0.3958112978328173 0.7157012023809525 0.3984550482972136 0.6927496392857143 0.39316598575851397 0.6792480773809524 0.38457223529411766 0.6832980773809524 0.3753175479876161 0.6981496392857143 0.36936911083591334 0.7130012023809524 0.36011286068111453 0.7346027642857142 0.3515191108359133 0.7643058892857142 0.3422644229102167 0.7859090142857144 0.3462316105263158 0.8007590142857143 0.36077536037151703 0.7778074523809524
8 0.6035187498452013 0.2974828130952381 0.5965656247678018 0.288353125 0.5881218749226006 0.31168437499999996 0.5856390625386997 0.35530156190476186 0.5816656247678019 0.38167500000000004 0.580175 0.41616406309523807 0.5796796873065015 0.4445671880952381 0.5846453126934984 0.4516671880952381 0.5935859374613003 0.4425375 0.601532812383901 0.43137968809523813 0.6035187498452013 0.407034375 0.6030218749226006 0.3684890630952381 0.6084859374613003 0.33704375000000003 0.6055062501547988 0.3126984380952381 0.6035187498452013 0.2974828130952381
8 0.6020281250773994 0.3542875 0.601532812383901 0.3958765630952381 0.6069953126934984 0.4090640619047619 0.6218953126934985 0.427321875 0.6233859374613003 0.3877625 0.6218953126934985 0.3603734369047619 0.6204062501547988 0.3329859380952381 0.617425 0.31168437499999996 0.6094781250773994 0.3025546880952381 0.6050093752321981 0.3177703119047619 0.6020281250773994 0.3542875
8 0.6249296873065016 0.3034171880952381 0.6351468749226006 0.3451484380952381 0.6459640625386996 0.39424375 0.6561796873065016 0.383196875 0.6736078123839009 0.3770609369047619 0.6724062501547987 0.3451484380952381 0.6615890625386996 0.30955312500000004 0.6489687498452013 0.2764140630952381 0.63695 0.2543203119047619 0.6255312501547988 0.251865625 0.6183187498452013 0.26905 0.6249296873065016 0.3034171880952381
8 0.6303390625386996 0.4077453119047619 0.6357468749226006 0.431065625 0.6471656247678018 0.42615625 0.6513718749226006 0.41388125000000003 0.6501703126934985 0.3758328119047619 0.652575 0.3390109380952381 0.6561796873065016 0.31323593690476187 0.6597859374613002 0.2886875 0.6561796873065016 0.2776421869047619 0.6477671876160991 0.2825515619047619 0.6405546873065016 0.29850781190476194 0.6339437498452013 0.341465625 0.6351468749226006 0.373378125 0.6303390625386996 0.4077453119047619
8 0.6718046873065016 0.3979265619047619 0.6754109374613002 0.3500578130952381 0.6778156247678018 0.31323593690476187 0.6766124996904024 0.2776421869047619 0.673007812383901 0.24695625000000002 0.6675984377708979 0.264140625 0.6645937498452013 0.29237031190476187 0.6645937498452013 0.32305468690476186 0.6633921876160991 0.3611046880952381 0.6585843752321981 0.38442499999999996 0.6718046873065016 0.3979265619047619
6 0.7410234377708979 0.677648436904762 0.7326140625386997 0.6490203130952381 0.7348562501547988 0.660471875 0.7373796873065016 0.671923436904762 0.7387812501547988 0.683946875 0.7370984377708978 0.6971171869047619 0.7320531250773994 0.698834375 0.7275671876160991 0.6959718749999999 0.7239218749226006 0.6891015619047619 0.7199968749226007 0.6799390619047619 0.7216796873065014 0.6845203119047619 0.7258843752321981 0.69654375 0.7286890625386997 0.704560936904762 0.7320531250773994 0.7137218750000001 0.7365390625386997 0.7160125 0.7415843752321981 0.7148671880952381 0.7438281250773994 0.7051328130952381 0.7432671876160991 0.694826563095238 0.7410234377708979 0.677648436904762
8 0.6680515622291021 0.6295258416666666 0.6638453126934983 0.5902492785714286 0.6638453126934983 0.5718383416666667 0.6476187498452013 0.5902492785714286 0.6494218749226007 0.6135695916666667 0.6482203126934983 0.6332086535714285 0.6488203126934984 0.6663477166666667 0.6500218749226006 0.6933508416666667 0.6542296873065016 0.7154430285714285 0.6638453126934983 0.7363086535714286 0.6716578123839009 0.7301727166666667 0.6722578123839009 0.7031695916666667 0.6680515622291021 0.6688024035714286 0.6680515622291021 0.6295258416666666
8 0.6410078123839009 0.6785703130952381 0.6355999999999999 0.654023436904762 0.6349984377708978 0.628248436904762 0.6349984377708978 0.588971875 0.620575 0.576696875 0.620575 0.6208843749999999 0.6229796873065016 0.660160938095238 0.6283874996904025 0.7055734369047619 0.6368015622291021 0.7387125 0.6482203126934983 0.748532811904762 0.6524265622291021 0.732576561904762 0.6458156247678019 0.7055734369047619 0.6410078123839009 0.6785703130952381
6 0.6525296873065015 0.7284125 0.6536453126934985 0.735707813095238 0.6513515622291022 0.744035938095238 0.6470187498452012 0.7450765619047619 0.6431968749226006 0.741953125 0.6396281250773994 0.736228125 0.6358046873065015 0.7310218749999999 0.6411578123839009 0.7466390619047619 0.6462546873065015 0.7560078130952381 0.6500781250773994 0.758610936904762 0.6549203126934984 0.7528843749999999 0.6559390625386997 0.741432811904762 0.6525296873065015 0.7284125
0 0.3245192309597523 0.42908653809523806 0.3653846154798761 0.42788461547619044 0.40625 0.4206730773809524 0.4639423077399381 0.44951923095238094 0.4879807690402477 0.45072115357142856 0.53125 0.44951923095238094 0.5769230767801857 0.44951923095238094 0.6694711535603716 0.41826923095238094 0.71875 0.36658653809523806 0.7199519232198143 0.3425480773809524 0.6778846154798762 0.36658653809523806 0.6310096154798761 0.39903846190476194 0.5877403845201239 0.41947115357142856 0.5096153845201239 0.36658653809523806 0.4423076922600619 0.40384615357142856 0.4170673077399381 0.38221153809523806 0.3762019232198142 0.39903846190476194 0.3052884613003096 0.36658653809523806 0.3245192309597523 0.42908653809523806
0 0.5048608173374614 0.6382742785714286 0.5325050482972136 0.6370723559523809 0.5877935095975232 0.6154377404761905 0.6454858173374614 0.597408894047619 0.6755338941176471 0.5889954321428572 0.7260146631578946 0.5325050476190476 0.7572646631578946 0.4820242785714286 0.7476492786377709 0.46159158690476193 0.7079858173374614 0.5144762023809524 0.6190435095975232 0.5601492785714286 0.5781781250773994 0.5841877404761905 0.5421204328173375 0.5986108178571429 0.47601466315789476 0.6106300476190477 0.39308197089783287 0.6166396630952381 0.4026973560371517 0.6514954321428572 0.46279350959752324 0.6430819714285714 0.5048608173374614 0.6382742785714286
6 0.45647321424148607 0.7840401785714286 0.45591517832817335 0.7974330357142857 0.46037946439628485 0.80859375 0.46595982167182665 0.8191964285714286 0.4709821430340557 0.828125 0.47879464272445815 0.8364955357142857 0.4866071430340557 0.8392857142857143 0.5061383925696594 0.8376116071428571 0.5161830359133127 0.8292410714285714 0.5239955356037151 0.8141741071428571 0.5284598216718267 0.8002232142857143 0.5345982142414861 0.7868303571428571 0.5362723213622291 0.77734375 0.5362723213622291 0.7650669642857143 0.5290178569659443 0.7533482142857143 0.5234374996904024 0.7455357142857143 0.5033482142414861 0.7399553571428571 0.4933035715170278 0.7416294642857143 0.4793526786377709 0.7449776785714286 0.46595982167182665 0.7472098214285714 0.45368303591331266 0.75 0.4575892854489164 0.7606026785714286 0.45647321424148607 0.7678571428571429 0.45647321424148607 0.7840401785714286
8 0.4776785715170278 0.6573660714285714 0.48158482167182665 0.6975446428571429 0.48716517832817335 0.7444196428571429 0.49162946439628485 0.7991071428571429 0.49720982167182665 0.8063616071428571 0.5050223213622291 0.7405133928571429 0.498325892879257 0.6919642857142857 0.49218749969040243 0.65234375 0.48716517832817335 0.6322544642857143 0.4793526786377709 0.6205357142857143 0.4748883925696594 0.6261160714285714 0.4776785715170278 0.6573660714285714
8 0.5044642854489164 0.7209821428571429 0.5027901783281733 0.7823660714285714 0.5100446427244582 0.7873883928571429 0.513950892879257 0.75 0.515625 0.7215401785714286 0.5117187498452013 0.6886160714285714 0.5089285715170279 0.6551339285714286 0.5050223213622291 0.6361607142857143 0.49888392879256965 0.6305803571428571 0.4938616074303406 0.6506696428571429 0.5044642854489164 0.7209821428571429
8 0.5083705356037151 0.6356026785714286 0.513950892879257 0.7064732142857143 0.5161830359133127 0.7477678571428571 0.5256696427244582 0.7762276785714286 0.5301339287925697 0.7533482142857143 0.5290178569659443 0.7237723214285714 0.5306919640866873 0.6953125 0.5273437498452013 0.6690848214285714 0.5290178569659443 0.6400669642857143 0.513950892879257 0.6233258928571429 0.5083705356037151 0.6344866071428571 0.5083705356037151 0.6356026785714286
8 0.5301339287925697 0.6422991071428571 0.5290178569659443 0.6808035714285714 0.53125 0.7198660714285714 0.53125 0.75 0.545200892879257 0.7862723214285714 0.5440848216718267 0.7555803571428571 0.5507812501547987 0.7215401785714286 0.5479910712074303 0.6808035714285714 0.5418526786377709 0.64453125 0.5379464284829721 0.6116071428571429 0.5290178569659443 0.6099330357142857 0.5256696427244582 0.6272321428571429 0.5301339287925697 0.6422991071428571
