1 0.5644484375000001 0.64971875 0.5717125000000001 0.6441953125000001 0.5721671875000001 0.632225 0.5726203125 0.612890625 0.563540625 0.6082859375 0.558546875 0.6 0.55400625 0.5953953125 0.548103125 0.6027625 0.5471953125 0.6239390625000001 0.5494656250000001 0.643275 0.555821875 0.65248125 0.5644484375000001 0.64971875
6 0.5610795453125 0.7599431828125 0.5625 0.757102271875 0.5525568171875 0.7556818171875 0.5525568171875 0.7698863625000001 0.5525568171875 0.7798295453125 0.5610795453125 0.7826704546875 0.5639204546875 0.772727271875 0.5610795453125 0.7599431828125
0 0.5738636359375 0.649147728125 0.5738636359375 0.6278409093749999 0.5497159093749999 0.6278409093749999 0.5298295453125 0.616477271875 0.5099431828125 0.616477271875 0.491477271875 0.616477271875 0.48011363593749995 0.617897728125 0.46306818281249995 0.6193181828125 0.450284090625 0.6264204546875 0.440340909375 0.633522728125 0.45170454531250004 0.6505681828125 0.47869318281249995 0.647727271875 0.508522728125 0.647727271875 0.5213068171875 0.65625 0.5511363640625 0.6590909093749999 0.5653409093749999 0.65625 0.5738636359375 0.649147728125
5 0.45170454531250004 0.7130681828125 0.444602271875 0.6761363625000001 0.43892045468749996 0.6122159093749999 0.41051136406250005 0.6150568171875 0.414772728125 0.6676136374999999 0.413352271875 0.7017045453125 0.41619318281249995 0.7230113625000001 0.45170454531250004 0.7130681828125
5 0.40482954531250004 0.7286931828125 0.41761363593749995 0.727272728125 0.409090909375 0.617897728125 0.383522728125 0.6221590906250001 0.375 0.6448863625000001 0.37642045468749996 0.6818181828125 0.3806818171875 0.7130681828125 0.383522728125 0.7244318171875 0.40482954531250004 0.7286931828125
5 0.37642045468749996 0.6505681828125 0.336647728125 0.6463068171875 0.3394886359375 0.711647728125 0.3394886359375 0.7357954546875 0.3707386359375 0.7372159093749999 0.383522728125 0.7372159093749999 0.37642045468749996 0.6505681828125
5 0.32954545468749996 0.741477271875 0.335227271875 0.6505681828125 0.2926136359375 0.649147728125 0.2713068171875 0.6832386374999999 0.2698863640625 0.7159090906250001 0.2911931828125 0.7329545453125 0.3181818171875 0.741477271875 0.32954545468749996 0.741477271875
5 0.5767045453125 0.6463068171875 0.5752840906250001 0.7045454546875 0.600852271875 0.7471590906250001 0.609375 0.7230113625000001 0.6051136359375 0.680397728125 0.6036931828125 0.6463068171875 0.5767045453125 0.6463068171875
5 0.640625 0.7244318171875 0.6363636359375 0.7002840906250001 0.6292613640625 0.6661931828125 0.6065340906250001 0.647727271875 0.6051136359375 0.6690340906250001 0.6122159093749999 0.7130681828125 0.617897728125 0.742897728125 0.6377840906250001 0.7457386374999999 0.640625 0.7244318171875
5 0.710227271875 0.7357954546875 0.6988636359375 0.6860795453125 0.6860795453125 0.6505681828125 0.663352271875 0.6576704546875 0.632102271875 0.663352271875 0.6377840906250001 0.6818181828125 0.640625 0.710227271875 0.6519886359375 0.742897728125 0.664772728125 0.7457386374999999 0.710227271875 0.7357954546875
5 0.7627840906250001 0.6903409093749999 0.7627840906250001 0.6661931828125 0.758522728125 0.65625 0.75 0.6306818171875 0.727272728125 0.616477271875 0.6903409093749999 0.649147728125 0.7173295453125 0.7230113625000001 0.71875 0.7230113625000001 0.7400568171875 0.7130681828125 0.7471590906250001 0.7088068171875 0.7627840906250001 0.6903409093749999
5 0.46448863593749995 0.41051136250000003 0.455965909375 0.44886363749999997 0.47017045468749996 0.46306818281249995 0.49005681718750005 0.45738636250000003 0.484375 0.41051136250000003 0.46448863593749995 0.41051136250000003
5 0.5454545453125 0.414772728125 0.539772728125 0.41761363749999997 0.5369318171875 0.46732954531250004 0.553977271875 0.46732954531250004 0.5596590906250001 0.446022728125 0.5596590906250001 0.42329545468749996 0.5596590906250001 0.414772728125 0.5454545453125 0.414772728125
5 0.5809659093749999 0.413352271875 0.5639204546875 0.453125 0.5809659093749999 0.487215909375 0.5909090906250001 0.455965909375 0.5894886359375 0.44176136250000003 0.5880681828125 0.430397728125 0.585227271875 0.41761363749999997 0.5809659093749999 0.413352271875
5 0.5980113640625 0.42045454531250004 0.5909090906250001 0.42045454531250004 0.5909090906250001 0.44176136250000003 0.6107954546875 0.47301136250000003 0.617897728125 0.45170454531250004 0.617897728125 0.434659090625 0.616477271875 0.424715909375 0.5980113640625 0.42045454531250004
5 0.6235795453125 0.421875 0.6122159093749999 0.48295454531250004 0.6434659093749999 0.49005681718750005 0.6434659093749999 0.440340909375 0.6434659093749999 0.43323863749999997 0.6363636359375 0.42755681718750005 0.6235795453125 0.421875
5 0.6889204546875 0.455965909375 0.6775568171875 0.45454545468749996 0.6605113640625 0.44318181718750005 0.6519886359375 0.440340909375 0.6505681828125 0.440340909375 0.6448863640625 0.434659090625 0.6463068171875 0.475852271875 0.6463068171875 0.477272728125 0.6590909093749999 0.49431818281249995 0.6846590906250001 0.49431818281249995 0.6903409093749999 0.471590909375 0.6889204546875 0.455965909375
5 0.6988636359375 0.450284090625 0.6875 0.450284090625 0.6918966453125 0.465232684375 0.694602271875 0.508522728125 0.7002840906250001 0.5113636374999999 0.7443181828125 0.5127840906250001 0.7443181828125 0.49573863749999997 0.7372159093749999 0.46448863749999997 0.7230113640625 0.45170454531250004 0.6988636359375 0.450284090625
5 0.444602271875 0.47301136250000003 0.444602271875 0.46875 0.446022728125 0.45880681718750005 0.444602271875 0.4375 0.44318181718750005 0.42755681718750005 0.421875 0.42755681718750005 0.40198863593749995 0.44886363749999997 0.41051136406250005 0.453125 0.424715909375 0.47443181718750005 0.43892045468749996 0.484375 0.444602271875 0.47301136250000003
5 0.40056818281249995 0.487215909375 0.413352271875 0.49431818281249995 0.409090909375 0.44176136250000003 0.3963068171875 0.44318181718750005 0.3948863640625 0.444602271875 0.3948863640625 0.455965909375 0.3948863640625 0.47301136250000003 0.40056818281249995 0.487215909375
5 0.39204545468749996 0.450284090625 0.36079545468749996 0.45880681718750005 0.3806818171875 0.487215909375 0.3849431828125 0.5014204546875 0.399147728125 0.5 0.40056818281249995 0.487215909375 0.39204545468749996 0.450284090625
5 0.3551136359375 0.5142045453125 0.37784090937500003 0.5213068171875 0.382102271875 0.5099431828125 0.37215909062499997 0.46875 0.3650568171875 0.46732954531250004 0.35795454531250004 0.455965909375 0.3494318171875 0.465909090625 0.3494318171875 0.487215909375 0.3551136359375 0.5142045453125
5 0.3494318171875 0.49857954531250004 0.350852271875 0.491477271875 0.34659090937500003 0.461647728125 0.305397728125 0.47301136250000003 0.29829545468749996 0.49005681718750005 0.3068181828125 0.5056818171875 0.328125 0.5113636374999999 0.3394886359375 0.5099431828125 0.3494318171875 0.49857954531250004
1 0.49160905 0.5552311375000001 0.48502790156250003 0.5453684359375 0.47220393281249995 0.5470394734374999 0.4896346859375 0.5789016171875 0.49160905 0.5552311375000001
1 0.50937813125 0.58153168125 0.50937813125 0.5598337375 0.4944078796875 0.5610197375 0.49489962500000007 0.584819246875 0.50937813125 0.58153168125
1 0.525831003125 0.5644363125 0.5264891078125 0.5736415625 0.5416257703125 0.5598337375 0.5355263015625 0.54457236875 0.525831003125 0.5644363125
6 0.48620865 0.7638176421875 0.4987128109375 0.7608781578125 0.4987128109375 0.6940051734375 0.487316159375 0.6987132359375 0.48620865 0.7638176421875
