2 0.5051187500000001 0.41102812499999997 0.5029250000000001 0.43920312499999997 0.508775 0.4673765625 0.5285171875 0.47479062499999997 0.539484375 0.46885937499999997 0.540946875 0.44365156250000004 0.538021875 0.4125109375 0.5292484375 0.3962 0.5138921875 0.3962 0.5051187500000001 0.41102812499999997
1 0.78078125 0.5385546875 0.7844375 0.5103796875 0.7698140625 0.508896875 0.7661578125 0.523725 0.7720078125 0.5415203125 0.78078125 0.5385546875
1 0.7259421875000001 0.5222421875000001 0.7186296875 0.5296578125 0.7127796875 0.525209375 0.70035 0.5296578125 0.70035 0.5474515625 0.7076609375 0.5548656249999999 0.7259421875000001 0.5622796875 0.733984375 0.5474515625 0.736909375 0.5192765625 0.7259421875000001 0.5222421875000001
1 0.28210156249999996 0.5296578125 0.2835640625 0.5444859375 0.29014531250000003 0.5548656249999999 0.30038125 0.5548656249999999 0.30330625 0.5504171875 0.31135 0.53410625 0.30184375 0.531140625 0.29453125 0.5296578125 0.28210156249999996 0.5296578125
1 0.7508798640625 0.410174896875 0.7486074781250001 0.42438772968749994 0.75599258125 0.4118804328125 0.7565607 0.4005101671875 0.750852259375 0.398579546875 0.7508798640625 0.410174896875
0 0.6457844015624999 0.5835714484375 0.6895268203125 0.5795918953125 0.6974799546875 0.5795918953125 0.745767059375 0.5733382140625001 0.7542883140625001 0.5693586171875 0.74801135 0.5526988640625 0.723611834375 0.5642419875 0.6923672375 0.5636734828125001 0.6639630578125 0.5687900906250001 0.638967328125 0.5659475234375 0.639535446875 0.580160378125 0.6457844015624999 0.5835714484375
0 0.2941406109375 0.5795918953125 0.31970437343749997 0.579023346875 0.3282256265625 0.579023346875 0.32258521406249996 0.5612215921875 0.2924363859375 0.5636734828125001 0.269144925 0.561399421875 0.258919446875 0.5750437500000001 0.258919446875 0.5784548203125001 0.2674407 0.5795918953125 0.2941406109375 0.5795918953125
0 0.3570558828125 0.43378692656249995 0.358017278125 0.423203846875 0.34936491406250003 0.4169501875 0.3359056875 0.41646914375 0.3176396375 0.41646914375 0.3018028734375 0.42019230781249994 0.30177698125 0.43619217343749994 0.312352096875 0.43619217343749994 0.32436925 0.43234378125 0.335425009375 0.43186273750000004 0.3532104171875 0.43378692656249995 0.3570558828125 0.43378692656249995
9 0.21980879843749998 0.4044429015625 0.21980879843749998 0.4179122890625 0.23230664843749999 0.417431246875 0.2356714359375 0.431381678125 0.24528515781250002 0.43907848281249995 0.255379559375 0.43234378125 0.2606671359375 0.41502599843750004 0.2630705671875 0.40588604687499996 0.2659546765625 0.396265053125 0.2659546765625 0.3890493078125 0.26403192343750004 0.37317467187500003 0.26162849375 0.3606673859375 0.2592250625 0.3510463921875 0.2601864203125 0.3351717375 0.265473996875 0.324107596875 0.2669160328125 0.3164108015625 0.2664353546875 0.3014982671875 0.2630705671875 0.2933204375 0.261147815625 0.28995307656249997 0.25970574218750003 0.286585725 0.257782990625 0.2836994421875 0.24771032499999998 0.278966346875 0.2414396921875 0.29620671875000004 0.237113509375 0.322664453125 0.23326800625000002 0.3471979796875 0.22798046562500002 0.367402071875 0.22173155000000003 0.3837577671875 0.21980879843749998 0.4044429015625
7 0.5371812203124999 0.3985997734375 0.5396807671875 0.356956971875 0.544679925 0.267841371875 0.5480127171875 0.228697146875 0.5396807671875 0.22120143125 0.5296824531250001 0.2411899875 0.5213505031250001 0.28533138281250003 0.516351346875 0.3319712921875 0.5138517359375 0.3894383703125 0.50124998125 0.43458333437499996 0.5088525781250001 0.46106397499999996 0.5221836859375 0.46606109843750004 0.5388475859375 0.4635625375 0.541347196875 0.448571134375 0.5371812203124999 0.3985997734375
9 0.7504791265625 0.43191401406249996 0.7546451015625 0.456066853125 0.7696426359374999 0.4593982578125 0.7796409515625 0.44523969843750005 0.7821405609375 0.43357973281250006 0.7913056296875001 0.43357973281250006 0.7946384859375 0.41692261249999996 0.78297368125 0.3877726515625 0.772142246875 0.3444641328125 0.7647916484375 0.31687500156250004 0.7546451015625 0.2994899109375 0.7463131515625 0.2994899109375 0.739647565625 0.31031706406250004 0.7471463968750001 0.3794440921875 0.7504791265625 0.43191401406249996
