3 0.346915625 0.603625 0.348859375 0.60774375 0.352425 0.6139234375 0.3559890625 0.6132359375 0.35728593750000004 0.606371875 0.3550171875 0.59950625 0.35307187500000003 0.589209375 0.3495078125 0.5898953125 0.34561875 0.5967609375 0.346915625 0.603625
3 0.3929328125 0.6297125 0.3971453125 0.6207874999999999 0.39649843749999997 0.610490625 0.3919609375 0.6029390625 0.38904375 0.593328125 0.386775 0.576853125 0.38029375 0.57479375 0.3767296875 0.589209375 0.37154375 0.5885234374999999 0.3702484375 0.5947015625 0.3657109375 0.6091171875 0.36538750000000003 0.6221609375 0.3712203125 0.6303984375 0.37608125000000003 0.63314375 0.3845078125 0.635203125 0.3929328125 0.6297125
3 0.403303125 0.614609375 0.39811874999999997 0.61666875 0.3961734375 0.62490625 0.3971453125 0.6386359374999999 0.4016828125 0.6468734375 0.4062203125 0.6516796874999999 0.4123765625 0.6461875 0.4175625 0.63795 0.4156171875 0.62559375 0.4114046875 0.6152953125 0.403303125 0.614609375
3 0.5867265625 0.6043125 0.5815421875 0.6008796875 0.5783015625 0.606371875 0.5740875 0.6008796875 0.5718203125 0.6029390625 0.5669578125 0.601565625 0.5653374999999999 0.6111765625000001 0.5685796875 0.6207874999999999 0.5714953125 0.6262796875000001 0.5770046875 0.6235328124999999 0.584134375 0.6180421875000001 0.5902921875 0.6118640625 0.5867265625 0.6043125
1 0.609278125 0.5780265625000001 0.6049328125 0.568821875 0.5989140625 0.5659890625 0.59189375 0.573778125 0.59055625 0.5865234375 0.591225 0.5957296875 0.5979125 0.60139375 0.6035953125 0.6098921875000001 0.609946875 0.61768125 0.611953125 0.61343125 0.612621875 0.60351875 0.609278125 0.5780265625000001
1 0.5838703125 0.59148125 0.5852078125 0.6056421875 0.5885515625 0.6162640625 0.5925625 0.6219296875 0.5952375 0.619096875 0.5985796875 0.6106 0.5979125 0.5992703125000001 0.5939 0.5858156250000001 0.5892203125 0.57731875 0.5848734375 0.5794421875 0.5838703125 0.59148125
7 0.5437531250000001 0.7295609375 0.5404109375 0.7231890625 0.54475625 0.8152421875 0.546428125 0.8060359375000001 0.547096875 0.779128125 0.5504390625 0.728853125 0.5437531250000001 0.7295609375
7 0.42607656250000003 0.7217718750000001 0.42975312499999996 0.7380578125 0.43175937500000006 0.757178125 0.43476875000000004 0.8131171875 0.436775 0.7635500000000001 0.43343125000000005 0.7253125 0.42607656250000003 0.7217718750000001
2 0.419725 0.6899078125 0.41303906250000005 0.683534375 0.4013375 0.681409375 0.3949859375 0.685659375 0.39030468749999997 0.6962796875 0.3883 0.7125671875 0.39063906249999997 0.7281453124999999 0.400334375 0.7493875 0.41002968749999996 0.7508046875 0.419390625 0.7472640625 0.42440468750000004 0.7246046875000001 0.42407031249999994 0.70619375 0.419725 0.6899078125
7 0.3953203125 0.7196484375 0.387296875 0.7529281250000001 0.3919765625 0.7536375 0.3953203125 0.7472640625 0.4 0.7415984375 0.4053484375 0.7437234375 0.4076890625 0.7784203125 0.4076890625 0.7415984375 0.41370625 0.762134375 0.41203593749999995 0.7331015625 0.3953203125 0.7196484375
7 0.33180156250000004 0.7387671874999999 0.3281234375 0.757178125 0.33380624999999997 0.740890625 0.339490625 0.7323937500000001 0.3451734375 0.7231890625 0.35219374999999997 0.7175234374999999 0.355871875 0.71823125 0.3595484375 0.7253125 0.3605515625 0.767090625 0.3625578125 0.762134375 0.3642296875 0.7437234375 0.366234375 0.7323937500000001 0.37225312499999996 0.750096875 0.37158437499999997 0.7175234374999999 0.369578125 0.702653125 0.3625578125 0.6927390625000001 0.3575421875 0.685659375 0.35286249999999997 0.702653125 0.349184375 0.7104421875 0.337484375 0.7217718750000001 0.33180156250000004 0.7387671874999999
2 0.583285590625 0.6822439234375001 0.57200086875 0.677035590625 0.5546397562500001 0.6813758671875 0.5502994796875 0.7056814234375001 0.5633203124999999 0.739535590625 0.574605034375 0.7412717015625 0.5858897562500001 0.730855034375 0.591098090625 0.716966146875 0.5893619796875 0.7039453124999999 0.583285590625 0.6822439234375001
