3 0.3982747296875 0.5752395625 0.366570465625 0.5744535015625 0.365076046875 0.6347213453125 0.3967803125 0.6355074015625 0.3982747296875 0.5752395625
3 0.3993686484375 0.6527582515625 0.41939752812500003 0.6496053796875 0.41363185625 0.612983459375 0.393603115625 0.61613631875 0.3993686484375 0.6527582515625
1 0.5943722328125001 0.619723921875 0.61440295625 0.61709681875 0.6075505999999999 0.56485634375 0.5875200640625 0.5674834343749999 0.5943722328125001 0.619723921875
1 0.595780665625 0.5766991921875 0.5825917953124999 0.5779447453125 0.5867975890625 0.6224741218750001 0.599986459375 0.6212285734375 0.595780665625 0.5766991921875
7 0.550150003125 0.7227294203125 0.5404109375 0.7231890625 0.5447562046875001 0.8152421890625 0.55449526875 0.8147825531249999 0.550150003125 0.7227294203125
7 0.43303137812500003 0.72111019375 0.42607656250000003 0.7217718750000001 0.434768659375 0.813117196875 0.44172347343749996 0.812455521875 0.43303137812500003 0.72111019375
2 0.3890012484375 0.751186540625 0.4248758046875 0.7505350984375 0.42361274218749995 0.681004878125 0.38773872656249997 0.681656315625 0.3890012484375 0.751186540625
7 0.4223768234375 0.72617041875 0.39532028124999996 0.7196484296875 0.382608478125 0.7723746625000001 0.40966500625 0.7788966109375 0.4223768234375 0.72617041875
7 0.34885066249999996 0.6830024734375 0.3263394171875 0.756632790625 0.36650154218750003 0.7689094234375 0.3890123875 0.69527945 0.34885066249999996 0.6830024734375
2 0.5613070687499999 0.7449945687499999 0.5979812296875 0.7347273484375 0.58097789375 0.6740022531250001 0.544304203125 0.684269403125 0.5613070687499999 0.7449945687499999
1 0.50675985 0.5838129999999999 0.5137272187499999 0.5840057062499999 0.514572146875 0.5534594703125 0.5076048140625 0.553266765625 0.50675985 0.5838129999999999
1 0.445801534375 0.702763565625 0.435453078125 0.7006732875 0.4314786578125 0.72034665625 0.44182711250000006 0.7224369312500001 0.445801534375 0.702763565625
