8 0.2838453125 0.37320312499999997 0.2887625 0.3721984375 0.297503125 0.3661671875 0.30351249999999996 0.35812656249999997 0.309521875 0.35410624999999996 0.3073375 0.327975 0.2991421875 0.29480625 0.2931328125 0.270684375 0.2860296875 0.25761875 0.2740109375 0.2616390625 0.2674546875 0.24957812499999998 0.263084375 0.270684375 0.2647234375 0.2958109375 0.2647234375 0.3128984375 0.26144531249999997 0.341040625 0.263084375 0.3701875 0.27237187500000004 0.3742078125 0.2838453125 0.37320312499999997
1 0.3929984375 0.47904375000000005 0.39628125000000003 0.4737578125 0.3999765625 0.46998281249999996 0.40325937500000003 0.4639421875 0.40161718750000003 0.45487968749999996 0.3987453125 0.4465734375 0.39505 0.45941093750000006 0.3934078125 0.468471875 0.3929984375 0.47904375000000005
1 0.3827359375 0.451859375 0.381915625 0.45865625000000004 0.384378125 0.4662078125 0.3876625 0.4760234375 0.38889375 0.47300312499999997 0.38930312499999997 0.45865625000000004 0.390125 0.44959375 0.3897140625 0.439021875 0.384378125 0.44430781250000007 0.3827359375 0.451859375
1 0.42337187500000006 0.45941093750000006 0.4192671875 0.4639421875 0.4155734375 0.47224843749999995 0.414753125 0.477534375 0.41311093750000005 0.4865953125 0.4151625 0.49490156250000006 0.4192671875 0.5039640624999999 0.42090937500000003 0.50094375 0.4225515625 0.483575 0.4237828125 0.4707375 0.42337187500000006 0.45941093750000006
3 0.45292656249999996 0.52133125 0.45497812499999996 0.5273734375 0.4599046875 0.534925 0.468934375 0.5356796875 0.47385937499999997 0.5387 0.4787859375 0.540965625 0.4861734375 0.5379453125 0.48822656249999996 0.524353125 0.48658437499999996 0.511515625 0.482890625 0.5130250000000001 0.4767328125 0.5122703125 0.47057656249999996 0.5054734375 0.465240625 0.4971671875 0.464009375 0.483575 0.4599046875 0.47828906250000003 0.4566203125 0.482065625 0.4533359375 0.490371875 0.4533359375 0.51378125 0.45292656249999996 0.52133125
1 0.48986875 0.5122703125 0.489046875 0.5251078125 0.48863593749999995 0.5371890625 0.4919203125 0.5402109375 0.498078125 0.5296390625 0.4984875 0.5220875 0.4984875 0.5160453125 0.498078125 0.5054734375 0.49520468749999996 0.49867812499999997 0.48986875 0.5122703125
1 0.513675 0.510759375 0.51244375 0.52133125 0.5165484375 0.531903125 0.5222953125 0.534925 0.525578125 0.5281281250000001 0.524346875 0.5122703125 0.5227046875 0.5016984375 0.520653125 0.49414687500000004 0.5153171875 0.502453125 0.513675 0.510759375
3 0.55020625 0.48810624999999996 0.5485640625 0.4798 0.5448703125 0.47149374999999993 0.5378921875 0.47149374999999993 0.5378921875 0.4798 0.5378921875 0.4865953125 0.535840625 0.4933921875 0.533378125 0.5016984375 0.5378921875 0.5054734375 0.5424078125 0.51378125 0.5399453125 0.524353125 0.5378921875 0.5379453125 0.544459375 0.542475 0.5493859375000001 0.540965625 0.5518484375 0.53039375 0.55020625 0.48810624999999996
7 0.535840625 0.4677171875 0.5407656249999999 0.45865625000000004 0.537071875 0.4156140625 0.53625 0.3793671875 0.535840625 0.3604890625 0.533378125 0.40806250000000005 0.5346093749999999 0.435246875 0.535840625 0.4677171875
2 0.5904328125 0.4888609375 0.5883796875 0.45639062499999994 0.5764765625 0.4465734375 0.567446875 0.45035 0.559646875 0.45865625000000004 0.552259375 0.47300312499999997 0.5518484375 0.4888609375 0.5530796875 0.5145359375 0.5617 0.5402109375 0.5752453125 0.54323125 0.5871484375 0.53416875 0.592484375 0.5175562499999999 0.5904328125 0.4888609375
2 0.6123234375 0.52964375 0.6271 0.5183171875 0.6279203125 0.5054796875 0.62833125 0.4775390625 0.62833125 0.44884375 0.621353125 0.4329859375 0.61560625 0.442803125 0.607396875 0.45639531250000004 0.5983671875 0.45639531250000004 0.5901578125 0.4526203125 0.59056875 0.476784375 0.5926203125 0.504725 0.5975453125 0.5198265625 0.6020609375 0.5243578125 0.6123234375 0.52964375
7 0.612515625 0.33845000000000003 0.6083015625 0.3595875 0.6058125000000001 0.37684843749999997 0.603515625 0.39340625 0.6069625000000001 0.39728125 0.611175 0.3557125 0.611365625 0.393053125 0.611365625 0.40150781249999995 0.613471875 0.3990421875 0.6138546875 0.39164374999999996 0.613471875 0.370859375 0.612515625 0.33845000000000003
7 0.6374390625 0.3779671875 0.6371578125 0.3284546875 0.6343546875 0.37177812499999996 0.635196875 0.40942968750000003 0.63575625 0.4445015625 0.641925 0.44656406249999997 0.6402421875 0.43057656250000004 0.63968125 0.413040625 0.6374390625 0.3779671875
3 0.6739390625 0.46315156249999995 0.6678234375 0.461275 0.6647640625 0.46690156250000003 0.661196875 0.4772171875 0.6601765625 0.48612656249999997 0.6601765625 0.49597187500000006 0.66170625 0.5091015624999999 0.66629375 0.5208234375 0.6734296875 0.5245734375 0.6815859375 0.5212921875000001 0.6917796875 0.5203546875 0.69968125 0.5166031249999999 0.7073265625 0.5095703125 0.7073265625 0.5044125 0.7040140625 0.4908140625 0.69840625 0.48096875 0.693309375 0.47627968750000005 0.68923125 0.4776859375 0.685153125 0.4870640625 0.6803109375 0.48847031249999995 0.68005625 0.4833125 0.6769984375 0.470653125 0.6739390625 0.46315156249999995
1 0.7271046875 0.49053281249999997 0.725703125 0.49775468749999996 0.729628125 0.5008484375 0.73439375 0.5003328125000001 0.7360765625 0.49775468749999996 0.7414031249999999 0.49569062500000005 0.7458890625000001 0.49105 0.751215625 0.48125 0.7542984374999999 0.47145000000000004 0.753178125 0.46061874999999997 0.750934375 0.44875625 0.747290625 0.41935781250000004 0.743365625 0.422453125 0.737478125 0.43689375 0.734675 0.4430828125 0.7301890625 0.44978749999999995 0.726825 0.46165 0.7254234375 0.46783906249999996 0.7243015625 0.4750609375 0.7271046875 0.49053281249999997
2 0.614403125 0.597296875 0.612440625 0.587496875 0.6087953125000001 0.5761499999999999 0.6012265625000001 0.5617093750000001 0.5956187500000001 0.5591296875 0.58580625 0.5596453125 0.57991875 0.5668671875 0.5765546875 0.574603125 0.5776765625 0.5828562500000001 0.5807609375 0.595234375 0.5849656249999999 0.6024546875000001 0.5891703125000001 0.6127703125 0.5959 0.6241171875 0.6029078125 0.629275 0.6096359375 0.6256640625000001 0.614403125 0.6148328125 0.614121875 0.6086437499999999 0.614403125 0.597296875
2 0.5692406250000001 0.565253125 0.5606578125 0.5625078125 0.547596875 0.5625078125 0.5453578125 0.5714312500000001 0.547225 0.5940859374999999 0.5531953125 0.6126203125 0.556553125 0.6339015625 0.5614046874999999 0.6565562500000001 0.5670015625 0.6634203125 0.5752109375 0.6641078125 0.5796890625 0.6565562500000001 0.5808078125 0.6428265625 0.5800609375 0.6297828125 0.5778218749999999 0.609875 0.5763296875 0.58035625 0.5692406250000001 0.565253125
7 0.580465625 0.7311609375 0.5924921875 0.766903125 0.583240625 0.727190625 0.579540625 0.69825625 0.5758390624999999 0.664215625 0.5709046875 0.6647828125 0.5733718750000001 0.6801 0.57460625 0.7005250000000001 0.580465625 0.7311609375
7 0.6082203125000001 0.686909375 0.605753125 0.63755 0.5989687499999999 0.63981875 0.59989375 0.664215625 0.6020531250000001 0.691446875 0.6060625 0.6971203125 0.6122296875 0.72038125 0.6082203125000001 0.686909375
1 0.43367187500000004 0.57230625 0.4312046875 0.5660640625 0.4253453125 0.5598234375 0.4241125 0.575709375 0.4241125 0.5904609375 0.42966249999999995 0.5887578125 0.43182187499999997 0.5802484375 0.43367187500000004 0.57230625
7 0.38124531250000004 0.7402390624999999 0.387721875 0.7288921875 0.39142343749999997 0.714140625 0.3963578125 0.6925828125 0.398825 0.67783125 0.39358125 0.6823703125 0.3904984375 0.7073328125 0.3861796875 0.7237859375 0.38124531250000004 0.7402390624999999
0 0.7529206328125 0.45233603906250003 0.7456248890625 0.39834754375000003 0.7062278796875 0.42315306875 0.659535128125 0.43117838593749996 0.5967917421875 0.42023477187499997 0.5836594046875 0.42023477187499997 0.5617721765625 0.441392425 0.5325892078125001 0.44722901875 0.506324534375 0.450876890625 0.4654683765625 0.45233603906250003 0.4392037015625 0.44649944531249997 0.40199541562499996 0.43409668281249997 0.34654777187499997 0.4275305140625 0.33779288125 0.390322228125 0.297666296875 0.3815673359375 0.2903705546875 0.4610909296875 0.4041841375 0.48516688124999996 0.5683383453124999 0.493921771875 0.701120859375 0.4858964546875 0.7529206328125 0.45233603906250003
2 0.42607136562500003 0.5873072765625 0.4275305140625 0.579281959375 0.42461221718750003 0.566879196875 0.42096434687500006 0.5625017515625 0.41585732656249996 0.5595834546875 0.40929115781250003 0.5566651578124999 0.401265840625 0.5544764343749999 0.39907711875 0.5559355828125 0.3917813765625 0.5705270687499999 0.38667435625 0.6237859890624999 0.39397009843749997 0.6412957718750001 0.40345456406249997 0.6361887515625 0.41002073125000005 0.6208676921875 0.413668603125 0.6062762078125 0.41731647499999996 0.5989804640624999 0.42607136562500003 0.5873072765625
0 0.5931438703125 0.6215972671875 0.6143015234375 0.6303521578125 0.6113832265625 0.585848128125 0.542073671875 0.5953325921875 0.4924626234375 0.5938734453125 0.44795859374999997 0.591684721875 0.42461221718750003 0.586577703125 0.3976179703125 0.5873072765625 0.3874039296875 0.585848128125 0.3815673359375 0.6383774734375 0.42315306875 0.6391070484375 0.4545247609375 0.6303521578125 0.49319219687500004 0.635459178125 0.524563890625 0.6361887515625 0.5515581375 0.635459178125 0.5931438703125 0.6215972671875
5 0.2808860890625 0.5683383453124999 0.32684926718749996 0.5814706828125 0.36186883124999997 0.5807411078125 0.3786490390625 0.5749045140625 0.39251095 0.5632313265625 0.371353296875 0.5559355828125 0.3509252171875 0.5464511171875001 0.32539011875 0.54499196875 0.28818183125 0.5428032468749999 0.2743199203125 0.5573947328125 0.2808860890625 0.5683383453124999
5 0.714982771875 0.597521315625 0.712064475 0.5836594046875 0.69236596875 0.5719862171875 0.6573464046875 0.5778228109375 0.6267042859374999 0.5785523859375 0.6143015234375 0.5822002578125 0.6121128015624999 0.59460301875 0.622326840625 0.6026283359375 0.6449436421875 0.610653653125 0.6690195937500001 0.6135719500000001 0.714982771875 0.597521315625
