8 0.30352974375 0.2475495265625 0.25633715 0.25020329375 0.26333901718749997 0.37471575156250003 0.3105316078125 0.372062 0.30352974375 0.2475495265625
1 0.4061635953125 0.4479178265625 0.3974201625 0.4463332859375 0.391539696875 0.47877938750000004 0.400283128125 0.48036392499999997 0.4061635953125 0.4479178265625
1 0.3810205328125 0.47567411562500006 0.38873194375 0.47607968281249996 0.39067837031249997 0.43907259062500004 0.38296699843750004 0.438667025 0.3810205328125 0.47567411562500006
1 0.4115287 0.5032279734375 0.420609921875 0.504091784375 0.4248469234375 0.4595512453125 0.415765759375 0.45868743749999996 0.4115287 0.5032279734375
1 0.4882389296875 0.540011384375 0.497488665625 0.5405127765625 0.4997431828125 0.4989241390625 0.4904935078125 0.49842275 0.4882389296875 0.540011384375
1 0.513551903125 0.535603809375 0.5260830453125 0.5346309328125 0.522926 0.49397041562500005 0.5103949375 0.49494329062500003 0.513551903125 0.535603809375
2 0.555096040625 0.5445833234374999 0.5941226703125 0.541964525 0.5876704375 0.44582229062499995 0.548644371875 0.44844107187500004 0.555096040625 0.5445833234374999
2 0.62805963125 0.43287189374999996 0.589833025 0.4335219375 0.5914737171875 0.529998296875 0.6297003234375 0.5293482578125001 0.62805963125 0.43287189374999996
1 0.76517784375 0.42340825625 0.7369334750000001 0.41701250312499993 0.718517915625 0.49833261562500003 0.746762271875 0.50472833125 0.76517784375 0.42340825625
2 0.5927455640625 0.6325393874999999 0.6237152499999999 0.622591084375 0.601838440625 0.5544953078125 0.5708691234375001 0.564443546875 0.5927455640625 0.6325393874999999
2 0.5746747156249999 0.5602763078125 0.54464241875 0.562751290625 0.553146071875 0.6659261765625 0.5831783671874999 0.6634512171875 0.5746747156249999 0.5602763078125
1 0.4345849515625 0.5605403984375 0.4253453109375 0.5598234375 0.4229745703125 0.5903726390624999 0.4322142109375 0.5910895984375 0.4345849515625 0.5605403984375
2 0.42964815781250004 0.5571977296874999 0.39339281718749997 0.55372156875 0.3850770953125 0.6404431171875 0.42133243125000003 0.6439192515625 0.42964815781250004 0.5571977296874999
5 0.38441646406249996 0.660256040625 0.416295446875 0.5736141796875 0.2261366703125 0.5036539703125 0.19425700625 0.590294240625 0.38441646406249996 0.660256040625
5 0.780710559375 0.6541746125000001 0.7566966749999999 0.5381290437499999 0.602856071875 0.5699604093749999 0.626868009375 0.686004278125 0.780710559375 0.6541746125000001
