1 0.303109375 0.5086828125 0.3088875 0.517053125 0.3159046875 0.517053125 0.31838125 0.5019859375 0.31631718750000004 0.47603906250000005 0.30765 0.46683125 0.29815625 0.47017968750000005 0.29114062500000004 0.46599375 0.287425 0.483571875 0.2870125 0.5137046875 0.2956796875 0.51035625 0.303109375 0.5086828125
2 0.360490625 0.55455 0.35595 0.5687796875 0.3576015625 0.5788249999999999 0.36668124999999996 0.58970625 0.3724609375 0.5888687499999999 0.3798890625 0.5855203125 0.3848421875 0.5738015625 0.38690625 0.5537140625 0.3893828125 0.5202312499999999 0.3844296875 0.516884375 0.37658749999999996 0.5193953125 0.369571875 0.52274375 0.3629671875 0.5252546875 0.3617296875 0.5352984375000001 0.360490625 0.55455
2 0.3943359375 0.5964015625 0.401765625 0.601425 0.4096078125 0.5930546875 0.41208437499999995 0.5704546875000001 0.4112578125 0.54534375 0.40341562499999994 0.5311140625 0.3943359375 0.5319499999999999 0.3881453125 0.5436687499999999 0.38566875 0.5637578125 0.3848421875 0.5796609375 0.3881453125 0.5922171875 0.3943359375 0.5964015625
2 0.412496875 0.6030984375 0.41951406249999995 0.61146875 0.4269421875 0.617328125 0.439325 0.61063125 0.44097656250000006 0.5989140625 0.4430390625 0.5595718749999999 0.4413890625 0.54283125 0.43808749999999996 0.533625 0.433134375 0.528603125 0.42776875 0.5319499999999999 0.41827500000000006 0.5327875 0.413321875 0.5478546875 0.41208437499999995 0.5746390625 0.412496875 0.6030984375
2 0.5635609374999999 0.582171875 0.5660375 0.6022609375 0.5742921875 0.6156546875 0.581721875 0.6206765625 0.5903890625 0.6156546875 0.5957546875 0.605609375 0.5957546875 0.5930546875 0.59699375 0.572128125 0.591215625 0.55455 0.5796578125 0.54534375 0.569753125 0.5553874999999999 0.5635609374999999 0.56794375 0.5635609374999999 0.582171875
2 0.6056609374999999 0.6097953125 0.6110265625 0.6097953125 0.6188687500000001 0.604771875 0.6221703125 0.593890625 0.622996875 0.5704546875000001 0.61845625 0.54534375 0.613503125 0.5378093749999999 0.6073125 0.5369734375 0.6011203125 0.5470171875000001 0.5965812500000001 0.5587359375000001 0.59699375 0.5754765625 0.5974062499999999 0.6005874999999999 0.6056609374999999 0.6097953125
2 0.6234524296874999 0.5726232640625 0.62757899375 0.5809935765625001 0.63170711875 0.5885279515625 0.6416133671875001 0.5968982640625 0.64491493125 0.5960607640625 0.65069305625 0.5918763890625 0.6556461812500001 0.5818310765625 0.65440711875 0.5575576390625 0.64697899375 0.5383060765625001 0.63666024375 0.5341201390625 0.62881805625 0.5332826390625 0.6230383671874999 0.5433279515625 0.6222133671875001 0.5575576390625 0.6234524296874999 0.5726232640625
6 0.7238796875 0.7417140625 0.7191046875 0.7417140625 0.7129640625 0.7341046875 0.7078484375 0.7237281249999999 0.7054609375 0.717503125 0.70273125 0.732721875 0.7081890625 0.750015625 0.7098953125 0.771459375 0.7163765625 0.7790703125 0.728996875 0.7776859375 0.739571875 0.7631593750000001 0.74161875 0.747940625 0.735478125 0.7313375 0.7293375 0.7168109375 0.7259265625 0.708509375 0.7211515625 0.702284375 0.721834375 0.7161187499999999 0.7255859375 0.7334125 0.7238796875 0.7417140625
0 0.44184027812500004 0.5407986109375 0.45659722187499996 0.5460069437499999 0.49131944531249994 0.5546875 0.5251736109375 0.5616319437499999 0.551215278125 0.559027778125 0.5859375 0.5520833328125 0.6171875 0.5451388890625 0.644965278125 0.5416666671875 0.6875 0.5208333328125 0.730902778125 0.5078125 0.7743055546875001 0.4817708328125 0.7682291671875 0.4609375 0.7317708328125 0.48003472187499996 0.6901041671875 0.49652777812500004 0.6545138890625 0.515625 0.6336805546875001 0.5173611109375 0.6102430562500001 0.519965278125 0.589409721875 0.5295138890625 0.5442708328125 0.5399305562500001 0.5182291671875 0.5399305562500001 0.5017361109375 0.5329861109375 0.4782986109375 0.5286458328125 0.44184027812500004 0.5078125 0.4140625 0.49131944375 0.3845486109375 0.49305555625 0.3385416671875 0.4869791671875 0.2986111109375 0.47569444375 0.246527778125 0.4548611109375 0.238715278125 0.4826388890625 0.27690972187499996 0.48784722187499996 0.359375 0.511284721875 0.3810763890625 0.519097221875 0.44184027812500004 0.5407986109375
0 0.46180555468750006 0.7126736109375 0.4939236109375 0.7178819437499999 0.5329861109375 0.71875 0.5685763890625 0.7100694437499999 0.5850694453124999 0.7022569437499999 0.6154513890625 0.6875 0.640625 0.6875 0.6571180562500001 0.6927083328125 0.671875 0.6883680562500001 0.6796875 0.6796875 0.6875 0.6710069437499999 0.7369791671875 0.637152778125 0.734375 0.609375 0.6319444453124999 0.6553819437499999 0.565972221875 0.6788194437499999 0.526909721875 0.6822916671875 0.47743055468750006 0.6805555562500001 0.4435763890625 0.6736111109375 0.40538194375 0.6545138890625 0.359375 0.6423611109375 0.3177083328125 0.6223958328125 0.2760416671875 0.5989583328125 0.27690972187499996 0.6241319437499999 0.3255208328125 0.6701388890625 0.3532986109375 0.6814236109375 0.3767361109375 0.6727430562500001 0.40625 0.6796875 0.4296875 0.690972221875 0.46180555468750006 0.7126736109375
5 0.35390625 0.65859375 0.3671875 0.6515625 0.3765625 0.621875 0.33359375 0.628125 0.35390625 0.65859375
5 0.67109375 0.67890625 0.67734375 0.6671875 0.67890625 0.6546875 0.67578125 0.63828125 0.6703125 0.625 0.6609375 0.62265625 0.63984375 0.6421875 0.63984375 0.65703125 0.64140625 0.6703125 0.64609375 0.678125 0.64921875 0.6828125 0.67109375 0.67890625
