1 0.25647031249999996 0.47855 0.259771875 0.46766874999999997 0.25647031249999996 0.448415625 0.2531671875 0.45846093750000005 0.24862812500000003 0.471015625 0.250278125 0.4860828125 0.25399375 0.48189843750000005 0.25647031249999996 0.47855
2 0.3848421875 0.5738015625 0.38690625 0.5537140625 0.3893828125 0.5202312499999999 0.3844296875 0.516884375 0.37658749999999996 0.5193953125 0.369571875 0.52274375 0.3629671875 0.5252546875 0.3617296875 0.5352984375000001 0.360490625 0.55455 0.35595 0.5687796875 0.3576015625 0.5788249999999999 0.36668124999999996 0.58970625 0.3724609375 0.5888687499999999 0.3798890625 0.5855203125 0.3848421875 0.5738015625
2 0.3943359375 0.5319499999999999 0.3881453125 0.5436687499999999 0.38566875 0.5637578125 0.3848421875 0.5796609375 0.3881453125 0.5922171875 0.3943359375 0.5964015625 0.401765625 0.601425 0.4096078125 0.5930546875 0.41208437499999995 0.5704546875000001 0.4112578125 0.54534375 0.40341562499999994 0.5311140625 0.3943359375 0.5319499999999999
2 0.4413890625 0.54283125 0.43808749999999996 0.533625 0.433134375 0.528603125 0.42776875 0.5319499999999999 0.41827500000000006 0.5327875 0.413321875 0.5478546875 0.41208437499999995 0.5746390625 0.412496875 0.6030984375 0.41951406249999995 0.61146875 0.4269421875 0.617328125 0.439325 0.61063125 0.44097656250000006 0.5989140625 0.4430390625 0.5595718749999999 0.4413890625 0.54283125
6 0.7253515640625 0.7780593609374999 0.7347249437500001 0.7724310828125 0.735349875 0.7567969671875 0.7372244734375 0.7461657875000001 0.735974709375 0.7336584953124999 0.7282812359374999 0.7282812515625 0.727226259375 0.738036028125 0.718477715625 0.7430389640625 0.7072297375 0.745540396875 0.7109790312500001 0.7611745125 0.71785288125 0.7761832609375 0.7253515640625 0.7780593609374999
8 0.2831823640625 0.482774753125 0.28545692031250003 0.48618658750000004 0.31275160625 0.481068834375 0.313888884375 0.44012680625 0.311614328125 0.3906551875 0.299672903125 0.3809883203125 0.2939865109375 0.413400759375 0.2831823640625 0.482774753125
2 0.5697765625 0.6010517234375 0.57148248125 0.6118558703125 0.5737570375 0.618110903125 0.5777375124999999 0.620385459375 0.592522134375 0.6135617875 0.6010517234375 0.606169478125 0.604463559375 0.60332628125 0.6067381171874999 0.5976398875 0.6073067546875001 0.5919534953125 0.6073067546875001 0.59138485625 0.6084440343749999 0.5868357421875 0.610718590625 0.5856984625 0.6220913765625 0.5839925453125 0.6255032125 0.586267103125 0.628346409375 0.59138485625 0.6323268843750001 0.5942280531249999 0.6436996703125 0.5987771671875 0.6454055875 0.5987771671875 0.652229259375 0.5919534953125 0.65507245625 0.5800120703125 0.6539351765625 0.5532860234375 0.6539351765625 0.5441877953125001 0.65109198125 0.542481878125 0.6471115046875 0.542481878125 0.642562390625 0.5413445984374999 0.6414251125 0.5413445984374999 0.6391505546875 0.5413445984374999 0.6346014421875 0.5419132375 0.6306209671875 0.542481878125 0.6255032125 0.5430505171875 0.622660015625 0.5419132375 0.6192481812499999 0.5402073203125 0.6129931484375 0.54361915625 0.6073067546875001 0.5498741875000001 0.6050321984375 0.5538546625 0.6010517234375 0.5578351374999999 0.5970712484375 0.5623842531250001 0.592522134375 0.5629528921875 0.5908162171875 0.560678334375 0.5885416593749999 0.5572664984375 0.5851298234375 0.5532860234375 0.582855265625 0.5498741875000001 0.57944343125 0.5493055484375 0.5748943171875001 0.5521487453125 0.5720511203124999 0.5561292203125 0.564658809375 0.5657960875 0.5657960875 0.5737570375 0.5669333671875 0.578306153125 0.5697765625 0.5879730203125 0.5697765625 0.5936594125 0.5697765625 0.6010517234375
0 0.5707536296875 0.70992369375 0.6442479343749999 0.6903773375 0.7005414421875 0.6677035625000001 0.743543428125 0.63252011875 0.7302519046875 0.5996822390625 0.6708309796874999 0.6317382640625 0.5895181328125 0.6708309796874999 0.52306051875 0.68490435625 0.4440932359375 0.676303959375 0.3987456859375 0.6505027671875 0.2759945640625 0.5871725703124999 0.26583045781250003 0.6215741593749999 0.3244695296875 0.6677035625000001 0.369817078125 0.6723946875 0.4057823765625 0.6794313765625 0.449566215625 0.706014421875 0.5152419765625 0.7153966734375 0.5707536296875 0.70992369375
0 0.5551165453125 0.584045153125 0.688813628125 0.5426068765625 0.7263426328125 0.5308790625 0.7748176 0.5027323078125 0.76699905625 0.46442144687500003 0.73494303125 0.47849482343750005 0.703668859375 0.4847496578125 0.6372112453125001 0.5152419765625 0.5824814453125 0.533224625 0.519151246875 0.5402613125 0.479276678125 0.5285334984375 0.44252952656250005 0.514460121875 0.4268924421875 0.496477471875 0.329942509375 0.489440784375 0.25644820625000003 0.4581666125 0.237683703125 0.49100449218750003 0.277558271875 0.5128964125000001 0.307268734375 0.5308790625 0.4362746921875 0.5723173390625 0.5551165453125 0.584045153125
5 0.3559979796875 0.70747250625 0.36996626718750003 0.609621971875 0.3430146890625 0.611397059375 0.3221800578125 0.6986439109375 0.3559979796875 0.70747250625
5 0.6905015031249999 0.704529621875 0.672857296875 0.629486396875 0.644485278125 0.6352941171875 0.6522724453125 0.7126225109375001 0.6905015031249999 0.704529621875
