2 0.2132413828125 0.5420564515625 0.267764421875 0.5531814984375 0.284751925 0.46993218125 0.2302295734375 0.4588072046875 0.2132413828125 0.5420564515625
2 0.3286059625 0.49276736093749995 0.279098940625 0.48520861249999997 0.2650935375 0.5769312359375001 0.3146005453125 0.5844899265625 0.3286059625 0.49276736093749995
2 0.3136883921875 0.5985107828125 0.3531407578125 0.6020868687500001 0.3597062109375 0.5296595234375 0.32025434062499997 0.526083459375 0.3136883921875 0.5985107828125
2 0.39018052812500004 0.5228930578125001 0.36087597968749996 0.5186682593749999 0.3491231015625 0.6001824265625 0.3784276453125 0.6044071953125 0.39018052812500004 0.5228930578125001
2 0.41276154062500003 0.5238804671875 0.379318025 0.5242519578125 0.380301040625 0.6127394749999999 0.41374455625 0.6123679875 0.41276154062500003 0.5238804671875
2 0.41246397031250004 0.6163624999999999 0.4438751015625 0.6163624999999999 0.44387489843749994 0.536496875 0.41246420625 0.536496875 0.41246397031250004 0.6163624999999999
2 0.481659375 0.5565984375 0.44478437499999995 0.5565984375 0.44478437499999995 0.6297375 0.481659375 0.6297375 0.481659375 0.5565984375
2 0.4817484375 0.6277842078125 0.5184978703125 0.627244909375 0.5173322140625001 0.5478400359375 0.4805833046875 0.5483793312499999 0.4817484375 0.6277842078125
2 0.5207240843750001 0.61643066875 0.5542948156249999 0.6108508109375 0.543217353125 0.544212378125 0.5096470109375 0.549792203125 0.5207240843750001 0.61643066875
2 0.6372899953125 0.5751535125 0.6112732015625 0.4977849390625 0.564154853125 0.513628175 0.590171271875 0.5909964296875 0.6372899953125 0.5751535125
1 0.3669079125 0.6885778328125001 0.35683750000000003 0.68845625 0.35651942812500004 0.7147975546875001 0.366589840625 0.7149191375 0.3669079125 0.6885778328125001
6 0.329590784375 0.36894190312499997 0.3077272296875 0.36894190312499997 0.3077272296875 0.40339202500000004 0.329590784375 0.40339202500000004 0.329590784375 0.36894190312499997
6 0.30760015625000003 0.3686957171875 0.30014288125 0.3675776609375 0.29624885 0.39354915625000003 0.3037061234375 0.3946672109375 0.30760015625000003 0.3686957171875
5 0.617754025 0.561824615625 0.7013632421875 0.5484067968749999 0.682127425 0.42855877812500004 0.5985196609375001 0.4419764796875 0.617754025 0.561824615625
5 0.33889705625 0.67929464375 0.30946661249999996 0.654466340625 0.2745421609375 0.6958585390625001 0.303972475 0.7206867015625 0.33889705625 0.67929464375
