2 0.27294687500000003 0.527784375 0.27483749999999996 0.5008421875 0.27483749999999996 0.47824687499999996 0.26396406250000004 0.4660796875 0.253090625 0.46347187500000003 0.23607031250000002 0.4686859375 0.226615625 0.4825921875 0.2195234375 0.511271875 0.2275609375 0.5329984375000001 0.2393796875 0.5356062500000001 0.248834375 0.5425578125 0.258290625 0.5512484375 0.26869062499999996 0.5486421874999999 0.27294687500000003 0.527784375
2 0.2961125 0.5816671875 0.3074578125 0.5816671875 0.315021875 0.5747140625 0.31927812499999997 0.55385625 0.317859375 0.530390625 0.3154953125 0.5147484375 0.306040625 0.495628125 0.2961125 0.48780625000000005 0.281928125 0.495628125 0.27578281250000003 0.5069265625 0.27294687500000003 0.5260453125 0.2705828125 0.546034375 0.26821875 0.5564640625 0.27483749999999996 0.5668921874999999 0.28807499999999997 0.5729765625 0.2961125 0.5816671875
2 0.33203125 0.6001734375 0.34054375000000003 0.597475 0.3484703125 0.59261875 0.355221875 0.579128125 0.3572765625 0.5564625000000001 0.35404843750000003 0.5359578125 0.34582812500000004 0.5284015625 0.3299765625 0.5321796875 0.3211703125 0.5489078125 0.3158859375 0.5742703125 0.3164734375 0.5812859375 0.319115625 0.5866828125 0.3226375 0.5942375 0.328215625 0.5985546875 0.33203125 0.6001734375
2 0.37136718750000003 0.5980140625 0.3757703125 0.5947765625 0.37929375 0.58938125 0.38222812500000003 0.5780484375 0.38340312499999996 0.5580812500000001 0.3816421875 0.5354171875 0.3795859375 0.52624375 0.37224843750000003 0.5203078125 0.363734375 0.5203078125 0.359625 0.530021875 0.35698281249999997 0.5456703125 0.355221875 0.5613203125 0.35434062499999996 0.57696875 0.35052500000000003 0.590459375 0.3572765625 0.6007125 0.36402812500000004 0.60233125 0.37136718750000003 0.5980140625
2 0.4118765625 0.59585625 0.4133453125 0.5764296875 0.41275781250000004 0.5575421875 0.4118765625 0.5424328125 0.4068875 0.5278625 0.3942640625 0.5240859375 0.3851640625 0.5343375 0.3798796875 0.555384375 0.3798796875 0.5748109375 0.3801734375 0.601253125 0.38663125 0.6050296875 0.3942640625 0.612584375 0.400721875 0.610965625 0.4089421875 0.6077281250000001 0.4118765625 0.59585625
2 0.44387499999999996 0.5764296875 0.44299375 0.5629390625 0.4397640625 0.5526859375 0.43506718749999995 0.542971875 0.42802187500000005 0.536496875 0.420684375 0.539734375 0.41451874999999994 0.5521453125 0.41510625 0.5645578125 0.41246406249999995 0.5850640625 0.41275781250000004 0.60395 0.4171609375 0.6098859375 0.428903125 0.6163624999999999 0.44064531249999994 0.615821875 0.44387499999999996 0.5980140625 0.44387499999999996 0.5764296875
2 0.480446875 0.62081875 0.481659375 0.600303125 0.48093125 0.586925 0.47850625 0.5704234375 0.4714703125 0.5592734375 0.4629796875 0.5565984375 0.45060625 0.5632875 0.4457546875 0.572653125 0.44478437499999995 0.592721875 0.44478437499999995 0.616359375 0.4457546875 0.62215625 0.4520625 0.626615625 0.46395 0.6297375 0.47777812500000005 0.6261703125 0.480446875 0.62081875
2 0.5182921875 0.6132375 0.51805 0.5967359375 0.5168375000000001 0.586478125 0.5136828125 0.5735453125000001 0.5110140624999999 0.5583812499999999 0.5061625000000001 0.5494625 0.49791406250000003 0.548125 0.49136406250000003 0.5548140625 0.48481406250000003 0.5659640625 0.481659375 0.5797890625 0.48141718750000007 0.605209375 0.48360000000000003 0.622603125 0.48845312500000004 0.6261703125 0.5005828125 0.6275078125 0.51416875 0.622603125 0.5182921875 0.6132375
2 0.54983125 0.586925 0.5476484375 0.57086875 0.5449796874999999 0.5548140625 0.5401265625 0.546340625 0.5330921875 0.5458953125 0.5241156250000001 0.5494625 0.51950625 0.5530296875 0.5144109375 0.5592734375 0.5144109375 0.5784515625 0.51805 0.5985203125 0.5216890624999999 0.6136828125 0.529209375 0.6150203125 0.5410984375 0.6114531249999999 0.549103125 0.5989656250000001 0.54983125 0.586925
2 0.57360625 0.528946875 0.5753046875 0.5467859374999999 0.581128125 0.561503125 0.5898609375 0.5788968750000001 0.60005 0.5855859375 0.610240625 0.5842484375 0.617275 0.5762203125 0.623340625 0.5628421875 0.626009375 0.5503546874999999 0.6221281249999999 0.5311781250000001 0.618003125 0.5177984375 0.6124234375000001 0.5030812499999999 0.608784375 0.498621875 0.602234375 0.50575625 0.5947125 0.5079859375 0.588890625 0.5053109375 0.5828249999999999 0.512446875 0.5753046875 0.5209203125 0.57360625 0.528946875
1 0.35904375 0.690484375 0.35683750000000003 0.68845625 0.357278125 0.699403125 0.35661718750000004 0.7067015624999999 0.3574984375 0.714809375 0.35860156249999997 0.7139984375 0.3616890625 0.7111609375 0.3667625 0.7006203125 0.3661 0.6912953125 0.3616890625 0.6908890624999999 0.35904375 0.690484375
5 0.69185681875 0.514562140625 0.6908378828124999 0.49927811718750004 0.6852337421875 0.49927811718750004 0.6760633265625 0.49927811718750004 0.65976036875 0.5048822578125 0.6567035640625 0.50590119375 0.62511658125 0.5186378796875 0.631230190625 0.5313745671875 0.6536467578125 0.526789359375 0.6551751609375 0.526789359375 0.6750443921875 0.522204153125 0.69185681875 0.514562140625
6 0.29088429531250004 0.3614538578125 0.29776913125000004 0.3726417171875 0.30121154843750003 0.38038715624999997 0.3037933625 0.374362925 0.3072357796875 0.3588720453125 0.30465396718750004 0.3416599578125 0.302072153125 0.32875089062499996 0.2986297359375 0.3158418234375 0.2943267140625 0.3158418234375 0.2822782515625 0.3244478671875 0.2762540203125 0.3304720984375 0.2702297890625 0.331332703125 0.26850858125 0.331332703125 0.2676479765625 0.33907814375 0.26248435 0.3562902328125 0.258181328125 0.3674780890625 0.25646011875 0.3855507828125 0.2616237453125 0.3821083640625 0.26592676718749997 0.36833869375 0.27883583437500004 0.3588720453125 0.2865812734375 0.35370841875000003 0.29088429531250004 0.3614538578125
0 0.2526785984375 0.6503559796875 0.24910722500000002 0.620016828125 0.2294642578125 0.621801515625 0.2473214015625 0.6771256875 0.2598214828125 0.7021106374999999 0.3223214828125 0.730665103125 0.383035796875 0.70389539375 0.37946428593750003 0.6806948578124999 0.35625008125 0.6896180937499999 0.3098214015625 0.7021106374999999 0.28125 0.6806948578124999 0.2526785984375 0.6503559796875
