1 0.3505674328125 0.5444261109374999 0.3287413328125 0.54266689375 0.32525477343750003 0.585919525 0.347080871875 0.5876787343750001 0.3505674328125 0.5444261109374999
2 0.6182483203125 0.5928789 0.60896731875 0.5373380531249999 0.5684669390625 0.5441051406249999 0.57774771875 0.599645790625 0.6182483203125 0.5928789
2 0.6404284609374999 0.5204379078125 0.6038336359375001 0.528310284375 0.616983534375 0.5894320937499999 0.6535783453125 0.5815597578125 0.6404284609374999 0.5204379078125
1 0.692822721875 0.6847531109375 0.700777896875 0.6815058406250001 0.6897443265625001 0.65447955625 0.68178919375 0.6577268171874999 0.692822721875 0.6847531109375
1 0.66911986875 0.634325815625 0.6277593859375 0.6461136015625 0.6479729468750001 0.7170283171875 0.6893333921875 0.705240621875 0.66911986875 0.634325815625
1 0.33871439531249997 0.654705771875 0.3016675125 0.6460321578125 0.282980909375 0.7258354140625001 0.3200277671875 0.7345089546875 0.33871439531249997 0.654705771875
6 0.3277045828125 0.7450648015625 0.2884061484375 0.7408582296875 0.277041190625 0.8470115687499999 0.31633961718750003 0.8512180859375 0.3277045828125 0.7450648015625
6 0.24753723125 0.8205517515625 0.2693595453125 0.8207275125000001 0.2699013 0.7534539484375 0.24807933906250001 0.7532781890625 0.24753723125 0.8205517515625
6 0.66536306875 0.8191643484375 0.6845157671875 0.8118482640625 0.66994325 0.7737067234375 0.650790721875 0.781022771875 0.66536306875 0.8191643484375
6 0.7459615937499999 0.755397696875 0.7065397203125 0.74389903125 0.6941923484375 0.7862230953125 0.7336141984375 0.7977217015625 0.7459615937499999 0.755397696875
6 0.24332925625000001 0.76562680625 0.226549990625 0.7568459234375 0.20895253125000002 0.7904665328125 0.2257317703125 0.7992473765625 0.24332925625000001 0.76562680625
6 0.745012003125 0.77477566875 0.7563854375 0.7763989484375 0.7590171671875 0.757962990625 0.7476437796875001 0.7563397140625 0.745012003125 0.77477566875
6 0.7872412046874999 0.7421946984375001 0.776668275 0.7299552593749999 0.758409246875 0.7457255171875 0.7689821421875 0.7579649234375 0.7872412046874999 0.7421946984375001
1 0.6111126062500001 0.6794510796875 0.62189768125 0.6853646609374999 0.6320482671875001 0.6668547453125 0.621263228125 0.6609411765625001 0.6111126062500001 0.6794510796875
6 0.3385554140625 0.8678547125 0.3534322671875 0.8621081125 0.34720859531250003 0.84599990625 0.332331803125 0.85174649375 0.3385554140625 0.8678547125
6 0.6619942328125 0.8361541890625 0.6412866734375 0.8199192671875 0.6246469484375 0.8411386671875001 0.6453544578125 0.8573735328125001 0.6619942328125 0.8361541890625
1 0.36497663281250003 0.5809843046875 0.374867053125 0.57874578125 0.369048284375 0.55303950625 0.3591579078125 0.5552780265624999 0.36497663281250003 0.5809843046875
