1 0.3306703125 0.5537468750000001 0.328115625 0.5584421875000001 0.3268390625 0.566265625 0.3259875 0.5768296875 0.3289671875 0.58621875 0.3328 0.5842625 0.33578125000000003 0.5811328125 0.340890625 0.57839375 0.344084375 0.5772203124999999 0.347490625 0.5748734375 0.34855468749999996 0.5693953125 0.3481296875 0.56391875 0.347490625 0.5568765625000001 0.345575 0.5490515625 0.3415296875 0.5490515625 0.3351421875 0.5431828125 0.3325875 0.545921875 0.3306703125 0.5537468750000001
2 0.5883171875000001 0.5908265625 0.5954015625 0.5960328125000001 0.6024859375 0.5955125 0.609853125 0.5908265625 0.6143875000000001 0.5840562499999999 0.6146703125 0.575725 0.6129703125 0.5647890624999999 0.611553125 0.5528125 0.609003125 0.5423984374999999 0.60531875 0.538753125 0.5973843750000001 0.5392734375 0.5880328125000001 0.5408359375 0.577265625 0.54291875 0.5730140625 0.5465640625 0.5713140625 0.56114375 0.5775484375 0.5804109375000001 0.5818 0.581453125 0.5883171875000001 0.5908265625
2 0.6081531250000001 0.5554171875 0.6129703125 0.5778078125 0.6169374999999999 0.5819734375000001 0.6183546875 0.5835359375 0.6237390625 0.5835359375 0.6291234375 0.586659375 0.6345078125 0.588221875 0.639040625 0.5861390625 0.645275 0.581453125 0.6475421875 0.5726 0.646409375 0.556978125 0.644425 0.54604375 0.641025 0.537190625 0.636490625 0.5309421875 0.63025625 0.52625625 0.62770625 0.5257343750000001 0.6189218750000001 0.5293796875 0.6095703125 0.53615 0.6067359375 0.5465640625 0.6081531250000001 0.5554171875
7 0.58945 0.50490625 0.5818 0.45387500000000003 0.5869 0.511675 0.592284375 0.5137578125 0.58945 0.50490625
7 0.6245890625 0.5111546875 0.6186375 0.4616859375 0.622321875 0.5168828125 0.6245890625 0.5111546875
7 0.62430625 0.5137578125 0.62855625 0.517403125 0.6271390625000001 0.50178125 0.624871875 0.45075000000000004 0.6228890625 0.47678750000000003 0.62430625 0.5137578125
1 0.692315625 0.680390625 0.6971328125 0.68299375 0.698834375 0.6767453125 0.6945828125 0.66633125 0.6894828125 0.663728125 0.6823984375000001 0.657478125 0.686365625 0.66789375 0.688915625 0.6751828125 0.692315625 0.680390625
1 0.6563265625 0.70746875 0.664828125 0.7095515625 0.6778640625000001 0.708509375 0.6823984375000001 0.7038234375 0.6840984375 0.68768125 0.6823984375000001 0.6809109375 0.680696875 0.6767453125 0.6778640625000001 0.667371875 0.673896875 0.657478125 0.672196875 0.647584375 0.6702125 0.6397734374999999 0.6665281249999999 0.6376906250000001 0.6529265625 0.6486265625 0.646125 0.649146875 0.6432921875 0.6428984375 0.639040625 0.6428984375 0.635640625 0.64654375 0.6362078125 0.667371875 0.636490625 0.6767453125 0.6387578125 0.68455625 0.6396078125 0.68768125 0.6424421875 0.6949703125 0.6517937500000001 0.70590625 0.6563265625 0.70746875
7 0.6758796874999999 0.69445 0.6727624999999999 0.6991375 0.6767296875000001 0.7147593750000001 0.687215625 0.7355875000000001 0.6999671875 0.76370625 0.6758796874999999 0.69445
7 0.662278125 0.78505625 0.657178125 0.7522515624999999 0.6554765625 0.7267359375 0.6549109375 0.70746875 0.65604375 0.6991375 0.6486765625 0.6949703125 0.6520765625 0.7204859375 0.65264375 0.74548125 0.662278125 0.78505625
1 0.3097578125 0.6710171875000001 0.312309375 0.6642484375000001 0.3159921875 0.6553953124999999 0.312025 0.6496671875 0.306075 0.6470640624999999 0.29984062499999997 0.653834375 0.2984234375 0.663728125 0.29700625 0.6741421875 0.292471875 0.6871609375000001 0.28935468750000004 0.698615625 0.2870875 0.7111140625 0.29133906249999997 0.7204859375 0.294171875 0.7262140625 0.302390625 0.7303796874999999 0.3114578125 0.7309015624999999 0.31655937500000003 0.7262140625 0.32194375000000003 0.718403125 0.325628125 0.7105921875 0.32619375 0.7012203125 0.32534375 0.693409375 0.31854218749999996 0.6928875 0.312309375 0.6892437499999999 0.3089078125 0.6824734375 0.3097578125 0.6710171875000001
7 0.21437187500000002 0.709553125 0.22395312500000003 0.6978171875 0.2326828125 0.690775 0.23012656250000002 0.6825593750000001 0.2196953125 0.6923390625 0.2113921875 0.7048593750000001 0.20372656249999999 0.7169875 0.19691406250000001 0.733809375 0.194359375 0.7447640625 0.201171875 0.7306796875 0.207771875 0.7169875 0.21437187500000002 0.709553125
7 0.2169265625 0.7803656250000001 0.23119218749999998 0.773715625 0.23949531249999997 0.763934375 0.2482234375 0.7482859375 0.2558890625 0.733809375 0.2492890625 0.731071875 0.2422625 0.74985 0.23183125000000002 0.76628125 0.2169265625 0.7803656250000001
6 0.2879477375 0.8462958 0.30110335625 0.8495871921875 0.30833893749999997 0.8403712828125001 0.314916746875 0.8225977328124999 0.322152378125 0.796924934375 0.31557456875 0.800874546875 0.30636562500000003 0.8232560515625 0.294525546875 0.8298388375 0.292552234375 0.8212811953125 0.2984722234375 0.8074573562499999 0.3043922625 0.7890255374999999 0.3070233953125 0.7758599671875 0.3070233953125 0.762036128125 0.3076811671875 0.7462374328125 0.3070233953125 0.7442626015625 0.301761128125 0.742287771875 0.296498909375 0.749528825 0.2866321953125 0.7574282218749999 0.2871710375 0.7649671062500001 0.2879477375 0.7719103046875 0.2879477375 0.7850758765625 0.28071215625 0.8127235546874999 0.2840010609375 0.82852225 0.2879477375 0.8462958
6 0.25637427968750004 0.8206229281249999 0.26426763124999997 0.8087738921875 0.26952989843749997 0.7995580078125 0.2603209546875 0.8048242328124999 0.2550586875 0.798899715625 0.2537431453125 0.78968383125 0.2583475921875 0.7817844828125 0.2629520890625 0.7725685734375001 0.264925403125 0.762036128125 0.2699013015625 0.753453946875 0.2557164578125 0.760719615625 0.24979646875 0.7732268671875 0.24782310624999998 0.7850758765625 0.252427553125 0.7962666171875 0.252427553125 0.8140401421875 0.25637427968750004 0.8206229281249999
6 0.6778988796875 0.8074777624999999 0.679461046875 0.798618446875 0.672691446875 0.780899775 0.6674840140625 0.7746461250000001 0.6706084265625 0.7871534437500001 0.6706084265625 0.79705501875 0.6669632390625 0.8053932453125 0.6638387484375 0.800703003125 0.6596354046874999 0.791796875 0.65811061875 0.8001818734375 0.6633180515625 0.8100834484374999 0.67008773125 0.8163371171874999 0.6768573296875 0.8147736906249999 0.6778988796875 0.8074777624999999
6 0.740388075 0.7689136624999999 0.729973209375 0.7579697515625 0.7200790390625 0.7501526921874999 0.7205998140625 0.754842915625 0.7065397609375 0.7438990421875 0.7065397609375 0.7538006375 0.71070564375 0.7678713453125 0.709143478125 0.776209553125 0.7060189859375 0.7814209234375 0.70289449375 0.7814209234375 0.6967447796874999 0.7774739578125 0.6992493078125 0.7855900171875 0.7081019265624999 0.790280259375 0.7226827546875 0.790280259375 0.738825828125 0.779857496875 0.740388075 0.7689136624999999
6 0.2217277109375 0.7867150921875 0.2154788078125 0.7887996484375 0.21756176875 0.777334628125 0.228645821875 0.7579427078125 0.21964475 0.7700386984375001 0.2139165625 0.7809825921875 0.2097506203125 0.7908841859375 0.2212069765625 0.7950532984375001 0.23474629375 0.7820248703125 0.2217277109375 0.7867150921875
6 0.75351053125 0.7571770515625 0.7510030249999999 0.7592830875 0.7513050640625 0.7641664125000001 0.7457913125 0.7693165078125 0.74542370625 0.7748344296874999 0.7568188171875 0.77336295 0.757921578125 0.7656378921875 0.75351053125 0.7571770515625
6 0.7660084046875 0.74687693125 0.76082780625 0.7436366203125 0.7641704859375 0.752394853125 0.7737276234375 0.7538662921875 0.7777710640625 0.744669753125 0.776668303125 0.7299552921875 0.7751979906249999 0.73216246875 0.7733600734375 0.7476126421875 0.768581478125 0.7501876765625 0.7660084046875 0.74687693125
7 0.2565163515625 0.6604779421875 0.25025398593750003 0.6688318234375 0.2278313984375 0.683546284375 0.2318748109375 0.6890642078125 0.2550325828125 0.6765569234375 0.259811165625 0.6714068578125 0.2565163515625 0.6604779421875
6 0.6291430625000001 0.875681834375 0.6511097515625 0.8795206734375001 0.6743560546875 0.8705633828125 0.6724366359375 0.8562743718749999 0.6447116859375 0.8616060921875001 0.6511022203125 0.842086828125 0.6497135921875 0.8295795140625 0.6462419703125 0.8219361796875001 0.64166665 0.8092013890624999 0.6406873546875 0.8247155875000001 0.6288838609375 0.830274353125 0.622634984375 0.8261052671875 0.6254122390625 0.8413919359375001 0.622531728125 0.8662980062500001 0.6291430625000001 0.875681834375
1 0.6199333218749999 0.6842875796875 0.6237412671875 0.6820028125 0.630214771875 0.6701981875 0.6256452390625 0.6633438875000001 0.6222180890625 0.66372468125 0.61764855625 0.667532625 0.6172677609375 0.6732445421875 0.6168869671875 0.6743869250000001 0.6168869671875 0.6770524859375 0.61764855625 0.6804796359374999 0.6199333218749999 0.6842875796875
6 0.337759865625 0.8628769625 0.3439620359375 0.8652027765625 0.348096815625 0.86416908125 0.35274844375000003 0.8618432671875 0.352231596875 0.8590006062500001 0.35068105312500003 0.8574500625000001 0.3483552390625 0.8538321312500001 0.3478383921875 0.8502141968749999 0.3478383921875 0.8476299609375 0.34499573125 0.8468546890624999 0.3424114921875 0.8481468078125 0.3400856796875 0.8496973499999999 0.3367261703125 0.8525400125000001 0.3354340515625 0.8553826718750001 0.3354340515625 0.859775878125 0.337759865625 0.8628769625
