3 0.327099271875 0.5012092375 0.331559375 0.556165634375 0.3694980171875 0.553086759375 0.3650377609375 0.4981305296875 0.327099271875 0.5012092375
2 0.38856138906250004 0.5587919390625 0.4207566140625 0.5634932796875 0.4306882140625 0.49548538124999997 0.3984933421875 0.49078406562500004 0.38856138906250004 0.5587919390625
7 0.41528121249999994 0.3775164890625 0.41167968750000006 0.377528125 0.4118906625 0.4428272609375 0.41549218750000005 0.442815625 0.41528121249999994 0.3775164890625
7 0.4045144984375 0.490508221875 0.409282996875 0.490116390625 0.40034076250000006 0.3812986 0.395572334375 0.381690428125 0.4045144984375 0.490508221875
7 0.4292565421875 0.48416463125 0.43633442499999997 0.4838374984375 0.42784956249999995 0.3002699078125 0.42077184218749997 0.3005970375 0.4292565421875 0.48416463125
3 0.5795199453125 0.5572044765624999 0.6019028875 0.5562299140625 0.597498425 0.455084675 0.5751158328125 0.4560592296875 0.5795199453125 0.5572044765624999
7 0.5909875734375001 0.3271551203125 0.5846738765625 0.3269852546875 0.5811703125000001 0.45720312500000004 0.587484009375 0.45737298906249996 0.5909875734375001 0.3271551203125
3 0.7524700953125001 0.50082878125 0.7258688609374999 0.4819110015625 0.6837798609375 0.541089671875 0.710381003125 0.5600073437499999 0.7524700953125001 0.50082878125
3 0.4478021046875 0.6261075984375 0.43945518437500003 0.6265188921875 0.441587496875 0.6697872593749999 0.44993441718750005 0.6693759671875 0.4478021046875 0.6261075984375
2 0.3158888890625 0.698421875 0.36766902031250004 0.698421875 0.367668621875 0.6200453125000001 0.3158893046875 0.6200453125000001 0.3158888890625 0.698421875
7 0.33916426093749996 0.6712459281250001 0.3290218234375 0.6672234171875 0.2908836171875 0.7633713 0.3010260296875 0.7673937671875 0.33916426093749996 0.6712459281250001
6 0.763599334375 0.7867633359374999 0.79729035625 0.7564591859375 0.7386052703125 0.6912264734375 0.7049146296875 0.7215303265624999 0.763599334375 0.7867633359374999
8 0.6822900875 0.789527621875 0.6973121546875001 0.7879976546874999 0.69318283125 0.7474616421875 0.6781609078125 0.748991603125 0.6822900875 0.789527621875
5 0.4932107375 0.6517078875 0.446613840625 0.6028638046875 0.3335430109375 0.7107176796875 0.380139109375 0.7595609703124999 0.4932107375 0.6517078875
5 0.7100814390625 0.7139611734375 0.6989886140625 0.6224627390624999 0.6382494140625 0.6298255765625 0.6493416109375 0.721323440625 0.7100814390625 0.7139611734375
5 0.6958833953125 0.4445766296875 0.5932469375 0.44168569375000005 0.58984375 0.5625 0.6924802062500001 0.5653909078125 0.6958833953125 0.4445766296875
5 0.300330065625 0.40640016093750003 0.244479015625 0.4304720265625 0.304833575 0.5704955625 0.3606844640625 0.5464239671875 0.300330065625 0.40640016093750003
