5 0.328146875 0.6894640625 0.3224 0.695209375 0.31706406249999997 0.6886421875 0.3146015625 0.6837171875 0.3113171875 0.6943890625 0.3043390625 0.69849375 0.299003125 0.6968515625 0.2936671875 0.6845375 0.29325625 0.66811875 0.28915156249999996 0.6828953125 0.2875109375 0.7001359375 0.2866890625 0.7190171875 0.2871 0.73871875 0.2948984375 0.7493921875 0.30598125 0.7411828125000001 0.31295937500000004 0.7362562500000001 0.3199375 0.7247640625 0.32527343750000004 0.7116281250000001 0.3297890625 0.704240625 0.3347140625 0.695209375 0.33389375 0.682075 0.328146875 0.6894640625
5 0.45938749999999995 0.3779515625 0.46236718750000005 0.389871875 0.464353125 0.402784375 0.465346875 0.3799390625 0.4628640625 0.3620578125 0.45541406249999994 0.3501390625 0.4479640625 0.35311875000000004 0.4444875 0.37199218749999996 0.4464734375 0.39583124999999997 0.44995 0.3789453125 0.4559109375 0.3709984375 0.45938749999999995 0.3779515625
5 0.7126859375000001 0.7315765625 0.7181484375 0.70575 0.714671875 0.68985625 0.70970625 0.6719765625 0.7037453124999999 0.66105 0.7047390625000001 0.6779375 0.7037453124999999 0.69085 0.6982828125 0.6968093750000001 0.692321875 0.69085 0.6868593749999999 0.6868765625 0.6823890625 0.697803125 0.685865625 0.7186625 0.678415625 0.713696875 0.6679859375 0.699790625 0.6689796875 0.7176703125 0.6749390625 0.7335625 0.685865625 0.7444890625 0.7032484375 0.7464765625 0.7126859375000001 0.7315765625
5 0.6169718515625 0.36658889375000003 0.6169718515625 0.3415742921875 0.61176441875 0.330109271875 0.597183671875 0.3290669921875 0.5831235390625 0.3327149578125 0.5773954109375 0.3478279328125 0.5836443140625 0.3790961640625 0.5945312375 0.3946614578125 0.5961421203125 0.382744128125 0.601349553125 0.372321384375 0.6081192328125 0.37023683749999997 0.61228519375 0.3895189078125 0.613326665625 0.3999416515625 0.6169718515625 0.36658889375000003
5 0.27101198437499996 0.6730756421875 0.26939337343749997 0.6618566171875 0.2625575515625 0.6738113671875 0.25042728593749997 0.6863186515625 0.24307561562500002 0.7028724203125 0.24895697499999997 0.7002973875 0.2599844796875 0.686686521875 0.27101198437499996 0.6730756421875
5 0.18426225624999998 0.640335959375 0.1791161109375 0.6429109921875 0.1769105875 0.632610871875 0.17472425625000002 0.6204963234374999 0.17323475156249998 0.6355537625000001 0.1736023578125 0.6458538828125 0.17507266875 0.6510039484375 0.1846298625 0.6462217531250001 0.1952897609375 0.6359216171875001 0.18426225624999998 0.640335959375
0 0.32872258125 0.631507290625 0.2993159015625 0.615321378125 0.266600965625 0.5936175484375 0.24454595625 0.567131528125 0.23939978125 0.5656600703125 0.23351845 0.5697065484375 0.24748663437500001 0.5873639125000001 0.28387740625 0.6337144546875 0.2926993875 0.639232378125 0.298580746875 0.644014575 0.31585715937500003 0.6679255734375 0.31585715937500003 0.6749149484375 0.32063575625 0.664982684375 0.3456314171875 0.66829344375 0.36033475625 0.6686613 0.38716836250000003 0.6635112328125 0.3941524265625 0.6635112328125 0.41804535468750004 0.6730756421875 0.42466186875 0.674179221875 0.45039271249999996 0.674179221875 0.477961475 0.6749149484375 0.499648934375 0.6778578375000001 0.5253797796875 0.6778578375000001 0.5294231640625 0.6774899828125001 0.54927270625 0.6690291562499999 0.5750035515625 0.663879103125 0.58529584375 0.6635112328125 0.6177337281249999 0.651739675 0.6408915000000001 0.639232378125 0.6486107765625 0.6359216171875001 0.645302490625 0.623782190625 0.6287612328125001 0.6285643875 0.609646903125 0.6304036953125001 0.5769319937499999 0.6458538828125 0.5493632328125 0.656889728125 0.5251026984375 0.6660862671875 0.5019301390625001 0.6655330875 0.47465324531249997 0.665350540625 0.45112786875 0.6657184109375 0.425029475 0.662775521875 0.3904765921875 0.6546825640625 0.3570265 0.64438244375 0.32872258125 0.631507290625
0 0.64971348125 0.47168001562499995 0.6508907078124999 0.46792279375 0.7008076203125 0.43379027968750006 0.7026455390625 0.4139257578125 0.6934559515625 0.422754434375 0.6552272343750001 0.446665434375 0.6427294171875 0.45144763125000004 0.64971348125 0.47168001562499995
0 0.304961103125 0.4448261265625 0.3464980484375 0.4783015203125 0.3520118015625 0.46285134687499996 0.34245460781250003 0.45659769843750003 0.30055011249999997 0.4326866984375 0.2943011765625 0.42532946718750003 0.29613909375 0.440043928125 0.304961103125 0.4448261265625
5 0.651403025 0.746381559375 0.6519843562500001 0.758888828125 0.64907788125 0.7629609734375 0.64529945625 0.757725365625 0.64152103125 0.7484176109375 0.6458807421875 0.76848745625 0.6528562625000001 0.76848745625 0.6546001640625 0.7617975 0.654018878125 0.7530714828125 0.651403025 0.746381559375
