1 0.3209967265625 0.52582958125 0.347086503125 0.5222725500000001 0.3393921875 0.4658421875 0.313302634375 0.46939920468749996 0.3209967265625 0.52582958125
8 0.336459825 0.5835454796875 0.311759271875 0.5792796703125 0.29116474999999997 0.698515 0.315865290625 0.7027807609375001 0.336459825 0.5835454796875
8 0.36356648125 0.60233231875 0.33820949375 0.5958745390625 0.31100595000000003 0.7026782093749999 0.3363629125 0.7091359203125001 0.36356648125 0.60233231875
6 0.46281301875 0.3495227125 0.44275485937500003 0.3511936046875 0.447171903125 0.4042156078125 0.4672300609375 0.4025447203125 0.46281301875 0.3495227125
1 0.48332691250000004 0.5201965125 0.46584375 0.5289375 0.49266394687500004 0.5825766203125 0.51014708125 0.5738356765625 0.48332691250000004 0.5201965125
1 0.507527765625 0.5801478484375 0.5287978296875 0.5754957109375 0.5185206421874999 0.528512240625 0.4972507453125 0.5331643609375 0.507527765625 0.5801478484375
1 0.5286655515625001 0.570072584375 0.5362190375 0.56953285625 0.533174690625 0.5269314875 0.5256212578125 0.5274712125 0.5286655515625001 0.570072584375
1 0.5461657796875 0.5284046515624999 0.5378593734375 0.52794375 0.535768090625 0.5656296390625 0.544074496875 0.5660905390625001 0.5461657796875 0.5284046515624999
1 0.6498419906249999 0.5040459265624999 0.6568539296875 0.5022933468749999 0.649784803125 0.47401245937500003 0.64277289375 0.47576503593749997 0.6498419906249999 0.5040459265624999
1 0.699351890625 0.47322373281249996 0.7077299109374999 0.47098967812500003 0.6988930984375 0.43785259375 0.690515115625 0.44008664375000006 0.699351890625 0.47322373281249996
1 0.6036577890625 0.6208122656249999 0.6122265453125 0.62159155 0.6147786234375 0.5935327203125 0.6062099125 0.5927534375 0.6036577890625 0.6208122656249999
1 0.601199965625 0.6214686234375 0.6077963468750001 0.619819715625 0.602387228125 0.598183296875 0.595790871875 0.5998322015625 0.601199965625 0.6214686234375
6 0.5773952859375 0.3999416515625 0.6169719625 0.3999416515625 0.616971828125 0.32906699375000004 0.57739545625 0.32906699375000004 0.5773952859375 0.3999416515625
6 0.27583728750000003 0.66685204375 0.2693933234375 0.6618565796875 0.239651028125 0.7002176296875 0.2460949703125 0.7052130671875 0.27583728750000003 0.66685204375
6 0.18077015000000002 0.6552773609375 0.195289821875 0.6359215375 0.17472425625000002 0.6204963234374999 0.160204603125 0.6398520984375 0.18077015000000002 0.6552773609375
6 0.6524904125 0.7460351859375 0.64152103125 0.7484176109375 0.6461950046875 0.7699342015624999 0.6571643828125 0.7675517828125 0.6524904125 0.7460351859375
7 0.47224482500000003 0.5254112578125001 0.482315715625 0.5257507046875001 0.48810388906249996 0.35403318437500003 0.47803323750000004 0.353693740625 0.47224482500000003 0.5254112578125001
7 0.5207543593749999 0.360375190625 0.5094331828125 0.3608280078125 0.515624996875 0.515625 0.5269461734374999 0.5151721874999999 0.5207543593749999 0.360375190625
6 0.2814891625 0.7352095296875001 0.3078456609375 0.7397251046875 0.318388615625 0.6781965734375001 0.292032465625 0.6736810296875 0.2814891625 0.7352095296875001
6 0.29917684218749996 0.7310517265625001 0.316650228125 0.73846030625 0.33917385 0.6853457125 0.32170065625 0.677937178125 0.29917684218749996 0.7310517265625001
6 0.68631900625 0.7522371578125 0.708920875 0.7433133453125 0.6898040375 0.6949031796875 0.6672024015625 0.70382694375 0.68631900625 0.7522371578125
6 0.7052928109375001 0.68308296875 0.6847522140625 0.6930027296875 0.7059335828125 0.7368557265625 0.7264741453125 0.7269360171875 0.7052928109375001 0.68308296875
8 0.6625843734375 0.7268083421875 0.6896121890625 0.7223042625 0.6658221015625 0.5795681140625 0.6387950515624999 0.584072128125 0.6625843734375 0.7268083421875
8 0.678826140625 0.5555369625 0.6575508546875 0.5610623109375 0.695643996875 0.707722553125 0.7169192515625 0.7021972843750001 0.678826140625 0.5555369625
1 0.5258507734375 0.6451351671875 0.54677434375 0.64422823125 0.5453979765625 0.6124798265625 0.52447453125 0.6133867609375 0.5258507734375 0.6451351671875
1 0.45098815468750003 0.6445638734375 0.473321090625 0.647884734375 0.47774966875 0.6181055203125 0.455416859375 0.6147846703125001 0.45098815468750003 0.6445638734375
1 0.491088265625 0.6243538484375 0.47850610312499997 0.623420725 0.47653595 0.649982865625 0.48911811250000004 0.6509159859375 0.491088265625 0.6243538484375
