3 0.3695945234375 0.46924498437500006 0.32578047187500003 0.45956091875 0.3019993734375 0.5671464562499999 0.3458133984375 0.5768304375 0.3695945234375 0.46924498437500006
7 0.341142034375 0.385334846875 0.3302078125 0.38608125000000004 0.3369608953125 0.48500312812499996 0.347895115625 0.4842567296875 0.341142034375 0.385334846875
7 0.338281878125 0.3130380171875 0.3327129640625 0.31284566874999997 0.32758125 0.4614140625 0.3331501640625 0.461606409375 0.338281878125 0.3130380171875
7 0.3173038921875 0.3767501890625 0.3095703125 0.3777109375 0.321576490625 0.474350009375 0.32931006875 0.473389265625 0.3173038921875 0.3767501890625
1 0.6031547609375 0.5054206109375 0.6059953124999999 0.521528125 0.626846821875 0.5178512375000001 0.62400625 0.5017437499999999 0.6031547609375 0.5054206109375
7 0.3312220984375 0.6953199640625 0.3231357359375 0.6933265125 0.3019546875 0.7792328125 0.3100410421875 0.78122624375 0.3312220984375 0.6953199640625
7 0.2688249453125 0.77474019375 0.2742654953125 0.7768128375 0.308090478125 0.6880392984375 0.30265003125 0.6859666765625 0.2688249453125 0.77474019375
5 0.6691394796875 0.5685744125000001 0.6232271468749999 0.6871626578125001 0.6892828375 0.712732671875 0.735194190625 0.5941452640625 0.6691394796875 0.5685744125000001
5 0.43269230781249995 0.622596153125 0.38557525937500003 0.623981753125 0.3882211328125 0.7139423078125 0.43533818125 0.712556721875 0.43269230781249995 0.622596153125
5 0.6262019234375 0.58173076875 0.658317225 0.5786087015625 0.6490384609375 0.4831730765625 0.616923646875 0.4862951203125 0.6262019234375 0.58173076875
1 0.51507204375 0.666782990625 0.526582634375 0.66711563125 0.52756695 0.6330579453125 0.5160564359375 0.63272530625 0.51507204375 0.666782990625
1 0.543010415625 0.6290423125 0.5312451859375 0.6285055015625 0.5298404765625 0.659288471875 0.54160570625 0.6598252828125 0.543010415625 0.6290423125
