2 0.4476625 0.5225359375 0.41960781249999995 0.5225359375 0.41960781249999995 0.6079343749999999 0.4476625 0.6079343749999999 0.4476625 0.5225359375
2 0.59070151875 0.6154907796875 0.5550260609375 0.6189190171875001 0.56124623125 0.6836401890625 0.5969216859375 0.6802119734375001 0.59070151875 0.6154907796875
8 0.2284123609375 0.33585133906250003 0.2062432359375 0.33490524375 0.204095115625 0.38523854375 0.226264240625 0.3861846375 0.2284123609375 0.33585133906250003
6 0.362754925 0.7249125734375 0.3299747109375 0.723093140625 0.3265453359375 0.784868740625 0.35932554843750003 0.7866881609374999 0.362754925 0.7249125734375
8 0.39508928593750003 0.6540178578125 0.3594445109375 0.652905384375 0.3551727640625 0.789755521875 0.3908175390625 0.7908679796875 0.39508928593750003 0.6540178578125
6 0.591457171875 0.37333208125 0.553113259375 0.3768161875 0.560779884375 0.46118605312499994 0.59912379375 0.4577019671875 0.591457171875 0.37333208125
6 0.638585071875 0.422351015625 0.6778756890625 0.4215153984375 0.6767057796875 0.36651539375 0.637415421875 0.367351009375 0.638585071875 0.422351015625
6 0.5234269734375 0.46110716875 0.523426896875 0.40007003750000003 0.4868207015625 0.400070115625 0.4868206328125 0.4611071 0.5234269734375 0.46110716875
6 0.3575085015625 0.38615173281250004 0.399647296875 0.4243217265625 0.4403421640625 0.379397390625 0.3982035359375 0.3412275296875 0.3575085015625 0.38615173281250004
6 0.30484437343750004 0.383650109375 0.2797714265625 0.388238690625 0.288443921875 0.43562461875 0.313516865625 0.43103605 0.30484437343750004 0.383650109375
5 0.3333354421875 0.6691035453125 0.3611554953125 0.6152066765625 0.247523028125 0.5565593796875 0.2197028875 0.6104556031249999 0.3333354421875 0.6691035453125
5 0.6873131140625001 0.600670415625 0.6267679125 0.5992945671875 0.62485950625 0.68326508125 0.68540470625 0.68464091875 0.6873131140625001 0.600670415625
6 0.6333907 0.8268654156249999 0.6595552734375 0.8158342109375001 0.6340604890625 0.7553761125 0.6078962781249999 0.7664072296875 0.6333907 0.8268654156249999
