1 0.4036848953125 0.5225348953125 0.39830052031249996 0.5287833328125 0.3934833328125 0.5371145828125 0.391216146875 0.5501333328125 0.3909333328125 0.564713021875 0.3872489578125 0.574606771875 0.3883817703125 0.579294271875 0.3934833328125 0.5917911453125 0.3991505203125 0.5959567703124999 0.4068020828125 0.5949161453125 0.41218645781249996 0.5917911453125 0.41501927031249997 0.5829395828124999 0.4161536453125 0.5537786453125 0.4144536453125 0.5350317703125 0.41048645781250004 0.5267005203124999 0.4036848953125 0.5225348953125
2 0.41960781249999995 0.5943953125 0.4232921875 0.6001234375 0.428109375 0.60376875 0.43717656250000003 0.6079343749999999 0.4470953125 0.6011656249999999 0.4476625 0.5777328125000001 0.44652812500000005 0.5381578124999999 0.43972656250000003 0.524096875 0.43519375 0.5225359375 0.428959375 0.5277421875 0.424425 0.5365953125 0.4213078125 0.54596875 0.41960781249999995 0.5605484374999999 0.41960781249999995 0.5943953125
2 0.5598124999999999 0.6296390625 0.5577515625 0.6395796875 0.5592984375000001 0.655675 0.562646875 0.663721875 0.5680562499999999 0.6731906249999999 0.5783609375000001 0.68691875 0.586346875 0.685971875 0.592271875 0.680290625 0.59510625 0.6717703125 0.59510625 0.6594625 0.594075 0.64289375 0.5902109375 0.6315328124999999 0.5804218750000001 0.626325 0.5734671875 0.6249046875000001 0.5636765625 0.6230109374999999 0.5598124999999999 0.6296390625
1 0.5629906250000001 0.6893812500000001 0.5627984374999999 0.6819124999999999 0.5624109374999999 0.6769328125 0.5597015625 0.67835625 0.5571843750000001 0.6776453124999999 0.55525 0.6808453125 0.5566046874999999 0.68618125 0.5629906250000001 0.69309585 0.5629906250000001 0.6893812500000001
1 0.400265625 0.6776328125 0.40181093749999997 0.6743187500000001 0.4028421875 0.6691109375 0.4028421875 0.6639046875 0.40206875000000003 0.660590625 0.39949375 0.65775 0.398978125 0.6648515625 0.3982046875 0.6710046875 0.3987203125 0.6809453125 0.400265625 0.6776328125
6 0.32179375 0.7372093750000001 0.3221375 0.7447703125 0.323509375 0.7510718749999999 0.32659531249999996 0.7598921875 0.32899531249999997 0.7624125 0.33070937499999997 0.7498109375 0.3303671875 0.734059375 0.3303671875 0.7233484375 0.32899531249999997 0.7145265625 0.3262515625 0.7227171875 0.3224796875 0.7277578124999999 0.32179375 0.7372093750000001
8 0.20418124999999998 0.386692534375 0.2104046875 0.388980034375 0.21289375000000002 0.385930034375 0.219946875 0.385167534375 0.2249265625 0.384405034375 0.22658593749999997 0.382119096875 0.2261703125 0.376019096875 0.22368125 0.35924722187499997 0.21745781250000001 0.341711284375 0.21289375000000002 0.338661284375 0.20832968749999997 0.340948784375 0.205840625 0.347811284375 0.205840625 0.365345659375 0.20418124999999998 0.386692534375
8 0.39409722187499996 0.690972221875 0.390625 0.6588541671875 0.38715277812500004 0.6614583328125 0.3680555546875 0.6657986109375 0.3611111109375 0.6805555562500001 0.3654513890625 0.7291666671875 0.36371527812500004 0.7725694437499999 0.3732638890625 0.7725694437499999 0.3767361109375 0.753472221875 0.3888888890625 0.730034721875 0.3923611109375 0.7118055562500001 0.39409722187499996 0.690972221875
6 0.3307291671875 0.828125 0.3333333328125 0.8055555562500001 0.3350694453125 0.7986111109375 0.3342013890625 0.7803819437499999 0.32899305624999997 0.7708333328125 0.31336805624999997 0.792534721875 0.3064236109375 0.808159721875 0.3072916671875 0.824652778125 0.31336805624999997 0.8376736109375 0.328125 0.839409721875 0.3307291671875 0.828125
6 0.6310763890625 0.7708333328125 0.644097221875 0.754340278125 0.6458333328125 0.7421875 0.640625 0.7317708328125 0.6319444453124999 0.71875 0.6154513890625 0.7265625 0.6032986109375 0.730034721875 0.5946180562500001 0.745659721875 0.5989583328125 0.7638888890625 0.6015625 0.7751736109375 0.609375 0.7838541671875 0.621527778125 0.7795138890625 0.6310763890625 0.7708333328125
0 0.3767361109375 0.5234375 0.4123263890625 0.5321180562500001 0.4470486109375 0.5381944437499999 0.4895833328125 0.5460069437499999 0.5243055546875001 0.5538194437499999 0.5546875 0.5564236109375 0.5763888890625 0.5460069437499999 0.5928819437499999 0.534722221875 0.6423611109375 0.5182291671875 0.6935763890625 0.5008680562500001 0.738715278125 0.48090277812500004 0.7369791671875 0.44878472187499996 0.698784721875 0.46440972187499996 0.660590278125 0.48784722187499996 0.621527778125 0.512152778125 0.582465278125 0.515625 0.543402778125 0.519965278125 0.5104166671875 0.5234375 0.4392361109375 0.526909721875 0.3975694453125 0.5173611109375 0.35590277812500004 0.5078125 0.2951388890625 0.48003472187499996 0.2526041671875 0.4557291671875 0.24045138906250002 0.48784722187499996 0.28211805624999997 0.4973958328125 0.33159722187499996 0.5086805562500001 0.3611111109375 0.5182291671875 0.3767361109375 0.5234375
0 0.46440972187499996 0.6796875 0.4670138890625 0.6796875 0.48350694375 0.6866319437499999 0.512152778125 0.6883680562500001 0.550347221875 0.690972221875 0.5911458328125 0.671875 0.6163194453124999 0.675347221875 0.6258680562500001 0.6796875 0.6571180562500001 0.684027778125 0.6875 0.65625 0.7335069437499999 0.609375 0.7282986109375 0.5772569437499999 0.6805555546875001 0.6189236109375 0.6414930562500001 0.6380208328125 0.6163194453124999 0.6423611109375 0.582465278125 0.652777778125 0.5546875 0.651909721875 0.5251736109375 0.6588541671875 0.4895833328125 0.6623263890625 0.4513888890625 0.6545138890625 0.4036458328125 0.6388888890625 0.37152777812500004 0.6310763890625 0.3298611109375 0.6267361109375 0.3220486109375 0.6579861109375 0.3515625 0.6614583328125 0.4114583328125 0.676215278125 0.4236111109375 0.6805555562500001 0.46440972187499996 0.6796875
5 0.6657986109375 0.6258680562500001 0.6623263890625 0.6032986109375 0.6258680562500001 0.621527778125 0.6241319437499999 0.636284721875 0.636284721875 0.637152778125 0.652777778125 0.636284721875 0.6631944453124999 0.6310763890625 0.6657986109375 0.6258680562500001
5 0.2421875 0.5963541671875 0.23611111093749998 0.6041666671875 0.2413194453125 0.6276041671875 0.2725694453125 0.6432291671875 0.2881944453125 0.6510416671875 0.30902777812500004 0.6579861109375 0.328125 0.6484375 0.33246527812500004 0.6145833328125 0.3098958328125 0.6067708328125 0.2881944453125 0.5998263890625 0.2760416671875 0.5946180562500001 0.26475694375000003 0.5928819437499999 0.2560763890625 0.5946180562500001 0.2421875 0.5963541671875
