6 0.3277429653250774 0.7632951523809524 0.3322064786377709 0.7851829535714285 0.3424725746130031 0.7780359023809524 0.3616656637770898 0.7445342273809524 0.3585412173374613 0.7315802392857144 0.3496141900928793 0.7297934761904762 0.3478287777089783 0.7490011166666667 0.3389017498452012 0.7682087416666666 0.33176013436532503 0.7695488392857143 0.33176013436532503 0.7525746261904762 0.33309916780185755 0.7338136845238096 0.32997472198142414 0.7230931416666666 0.3277429653250774 0.7632951523809524
0 0.5352125436532508 0.6912356404761905 0.5655644520123839 0.6898955607142858 0.5700279659442724 0.6930224035714286 0.5941309473684211 0.6961492130952381 0.5985944613003096 0.6939157678571428 0.6249292000000001 0.6787283345238095 0.6378733628482972 0.6836419416666667 0.6521565938080496 0.6836419416666667 0.6709034061919504 0.6751548428571429 0.6869720154798762 0.6563939011904761 0.7025943139318885 0.6407597869047619 0.7338389108359132 0.6121716833333333 0.7293753969040248 0.5965375678571428 0.6820621907120743 0.6447799773809524 0.6717960953560372 0.6572872654761905 0.6579591752321982 0.6689011904761905 0.6356416061919504 0.6680078261904762 0.62760726749226 0.6662210630952381 0.6075214551083591 0.6702412714285714 0.5959163256965944 0.6778349702380952 0.5785086489164086 0.6814084964285715 0.5660107962848298 0.6787283345238095 0.529129453869969 0.6758928571428572 0.5262855164086687 0.6890021952380952 0.5352125436532508 0.6912356404761905
0 0.5950236365325078 0.5214228321428571 0.5530665993808049 0.5258897226190477 0.5276245839009288 0.5258897226190477 0.525392827244582 0.521869530952381 0.4923628173374613 0.5267831035714285 0.4861138916408669 0.5258897226190477 0.45085212507739936 0.5232095952380953 0.44817402352941177 0.5165092595238095 0.42407104210526314 0.5205294511904762 0.41737577089783284 0.5160625607142857 0.4205002513931888 0.5312499940476191 0.43567620495356035 0.5290165488095238 0.4495130916408669 0.5357168833333333 0.4709379374613003 0.5316966761904762 0.487452959133127 0.5397370916666667 0.527178239628483 0.5410771547619048 0.5575301133126934 0.5433106 0.591629453869969 0.5347098214285714 0.5950236365325078 0.5214228321428571
0 0.6900964613003097 0.49640825476190475 0.69545273250774 0.4932814273809524 0.6923282185758515 0.47094697738095237 0.681615812383901 0.479434075 0.6900964613003097 0.49640825476190475
6 0.29150469349845204 0.8062476428571429 0.29641455232198144 0.8250085845238095 0.3106978 0.8401960178571428 0.32542739256965947 0.8486830988095239 0.33703252136222905 0.8348357797619048 0.33881793374613006 0.8174148678571428 0.3356934879256966 0.7995473083333333 0.32712052569659444 0.7897321428571429 0.30087806625387 0.7973138630952381 0.29150469349845204 0.8062476428571429
6 0.5740451349845201 0.4668558011904762 0.5838648520123839 0.4583687023809524 0.5905601226006192 0.45122168571428567 0.5959163256965944 0.44273458809523814 0.5954699808049536 0.4226335821428571 0.5918991907120743 0.40342595833333333 0.5860966086687306 0.3757312369047619 0.5829721628482972 0.3551835404761905 0.5718133783281734 0.3257020726190476 0.5691352427244581 0.3288288904761905 0.5673498643962849 0.34669645119047615 0.5628863504643963 0.3708176559523809 0.5530665993808049 0.3873451607142857 0.5410151256965944 0.3775179904761905 0.5280709287925697 0.3739444988095238 0.5231610699690402 0.39091866904761907 0.5231610699690402 0.4145931833333333 0.5262855164086687 0.4413945238095238 0.5289636179566564 0.46774918214285716 0.532980786996904 0.4882969035714286 0.536105266873065 0.4713226904761905 0.5588691808049535 0.4632822916666667 0.563727668111455 0.46774553571428573 0.5740451349845201 0.4668558011904762
6 0.369616186377709 0.44362796904761903 0.37274063219814246 0.43112067976190477 0.377204146130031 0.4226335821428571 0.37854321424148607 0.43782101547619046 0.38122131578947366 0.4860634583333333 0.389255653869969 0.5016975738095238 0.420053906501548 0.498124030952381 0.4227320080495356 0.47891640714285716 0.41916118328173374 0.44318128690476194 0.4222856637770898 0.400745830952381 0.4325517250773994 0.37349779166666663 0.39684361424148606 0.35384349404761906 0.38077497089783285 0.376177944047619 0.3780968693498452 0.3918120511904762 0.3838994173374613 0.39761900476190476 0.37541876780185757 0.400745830952381 0.370955253869969 0.4257604083333333 0.3638136049535604 0.44362796904761903 0.3606891585139319 0.45032830357142856 0.36450891826625387 0.4627232142857143 0.369616186377709 0.44362796904761903
6 0.30668063034055726 0.3980656869047619 0.2990926705882353 0.38600507976190473 0.2839167170278638 0.39136535119047616 0.28704117956656344 0.41012629285714286 0.2888265752321982 0.43246074404761903 0.3031249894736842 0.4275669642857143 0.3062342860681115 0.41637994642857146 0.30668063034055726 0.3980656869047619
6 0.6592982427244582 0.4592620845238095 0.6695643386996905 0.45658195714285715 0.6762596092879257 0.4355875702380952 0.676705920123839 0.41012629285714286 0.6673325814241486 0.377964680952381 0.6508175938080496 0.37260441904761904 0.6423368767801858 0.389578605952381 0.6378733628482972 0.40833953095238096 0.6351952953560371 0.43782101547619046 0.641444187616099 0.45658195714285715 0.6479910613003096 0.46049107142857143 0.6592982427244582 0.4592620845238095
6 0.689203772136223 0.4726627547619048 0.6896501510835914 0.4628355928571429 0.6896501510835914 0.4369276333333333 0.6927745969040248 0.4204001369047619 0.6909892185758514 0.39404549642857145 0.6874183938080496 0.4230802809523809 0.6874183938080496 0.44362796904761903 0.6851866371517028 0.46417565714285713 0.689203772136223 0.4726627547619048
0 0.2950755015479876 0.4772006309523809 0.28704117956656344 0.479434075 0.2869419541795665 0.4978794642857143 0.2950755015479876 0.4772006309523809
