2 0.4476625 0.5225359375 0.41960781249999995 0.5225359375 0.41960781249999995 0.6079343749999999 0.4476625 0.6079343749999999 0.4476625 0.5225359375
2 0.5919034421875 0.6202984765624999 0.556227984375 0.6237267078125 0.5624481546875 0.6884478781250001 0.598123609375 0.6850196687500001 0.5919034421875 0.6202984765624999
6 0.32212077968749997 0.7625013796875 0.330872053125 0.7623882359375 0.3302528921875 0.714510303125 0.32150171250000004 0.714623446875 0.32212077968749997 0.7625013796875
8 0.2284123609375 0.3393235609375 0.2062432359375 0.338377465625 0.204095115625 0.388710765625 0.226264240625 0.389656859375 0.2284123609375 0.3393235609375
8 0.3959930390625 0.648770434375 0.3643750875 0.6461814484375 0.3529996359375 0.7850833640625 0.38461758281249997 0.7876723109375 0.3959930390625 0.648770434375
6 0.3023220390625 0.8360495218749999 0.328987328125 0.8399701015625001 0.3389392640625 0.772295728125 0.3122744171875 0.7683751812499999 0.3023220390625 0.8360495218749999
5 0.6267111921875 0.6954836890625 0.69647165625 0.6640268218750001 0.6653645828125 0.5950520828125 0.595605015625 0.626508715625 0.6267111921875 0.6954836890625
5 0.33050242343749997 0.6673074109375 0.3526763609375 0.60464695625 0.251370215625 0.56880109375 0.22919597500000002 0.63146093125 0.33050242343749997 0.6673074109375
6 0.6401979078125 0.7216800125 0.5968209718749999 0.7256209359375 0.6028966546875 0.7924832609375 0.6462735859375 0.7885423671875 0.6401979078125 0.7216800125
6 0.68509826875 0.372128959375 0.639006934375 0.371327775 0.6375626765625 0.4544102 0.6836540125 0.45521138125 0.68509826875 0.372128959375
