3 0.2634309578125 0.5608413999999999 0.3032192890625 0.529230865625 0.2511606265625 0.4637101 0.21137263750000002 0.49532042187499997 0.2634309578125 0.5608413999999999
3 0.287041296875 0.49140397656249996 0.2819664921875 0.56045059375 0.334710584375 0.5643266421875001 0.339785075 0.49528032499999997 0.287041296875 0.49140397656249996
3 0.364523853125 0.517410990625 0.330897978125 0.5186313874999999 0.33253644531250004 0.56377248125 0.3661623203125 0.5625520890625 0.364523853125 0.517410990625
7 0.37153166875 0.5146760609375 0.3783850578125 0.5145697109375 0.3768860734375 0.417981703125 0.3700327796875 0.41808805156249995 0.37153166875 0.5146760609375
2 0.4476625 0.5225359375 0.41960781249999995 0.5225359375 0.41960781249999995 0.6079343749999999 0.4476625 0.6079343749999999 0.4476625 0.5225359375
3 0.44743952499999995 0.6067471734375001 0.487225125 0.6053895484375 0.48459288437500003 0.528267153125 0.44480781875000003 0.52962476875 0.44743952499999995 0.6067471734375001
3 0.544412559375 0.603529915625 0.5583983359375 0.6023484546875 0.5539502484375001 0.5496995 0.5399646 0.5508809546875 0.544412559375 0.603529915625
3 0.5839333765625 0.578913403125 0.5969214375 0.578584428125 0.59589225 0.5379574515625001 0.582904278125 0.538286425 0.5839333765625 0.578913403125
3 0.5981734953125 0.597193925 0.623137496875 0.5947685609375 0.6156318734374999 0.5175232671875001 0.590668203125 0.5199486156249999 0.5981734953125 0.597193925
7 0.5970559171875001 0.52029066875 0.606748034375 0.5202175109375 0.6059265625 0.41140781249999997 0.5962346000000001 0.4114809703125 0.5970559171875001 0.52029066875
3 0.617044065625 0.5793357609374999 0.6551759125000001 0.573981071875 0.6465275671875 0.5124012265625 0.6083961140625 0.5177558875 0.617044065625 0.5793357609374999
3 0.6678093515625 0.5123163515625 0.6440838 0.5158778265625 0.652734565625 0.5735017140625 0.6764601140625001 0.56994025625 0.6678093515625 0.5123163515625
3 0.6509607015625 0.6048671359375 0.6792116703125 0.634147459375 0.7329307375 0.582322190625 0.704679946875 0.5530420625 0.6509607015625 0.6048671359375
3 0.5799459062500001 0.662474478125 0.6050652859375 0.665652571875 0.6113635796875 0.6158768265625 0.586244440625 0.612698746875 0.5799459062500001 0.662474478125
2 0.5919034421875 0.6202984765624999 0.556227984375 0.6237267078125 0.5624481546875 0.6884478781250001 0.598123609375 0.6850196687500001 0.5919034421875 0.6202984765624999
7 0.59370268125 0.78641565625 0.597325078125 0.7854718546874999 0.5856671875 0.7407359375 0.582044828125 0.741679734375 0.59370268125 0.78641565625
3 0.5494497515625001 0.6812850953125 0.563596815625 0.6794682375 0.557378125 0.631053125 0.5432311984375 0.6328699734375001 0.5494497515625001 0.6812850953125
3 0.42090985468750003 0.619059884375 0.403896825 0.6137692703125001 0.3909515171875 0.6553924609374999 0.4079645375 0.6606830515625 0.42090985468750003 0.619059884375
6 0.32212077968749997 0.7625013796875 0.330872053125 0.7623882359375 0.3302528921875 0.714510303125 0.32150171250000004 0.714623446875 0.32212077968749997 0.7625013796875
7 0.34012284843749996 0.7514375203125 0.348196878125 0.6723109046875 0.34202499999999997 0.67168125 0.3339509234375 0.7508078125 0.34012284843749996 0.7514375203125
8 0.2284123609375 0.3393235609375 0.2062432359375 0.338377465625 0.204095115625 0.388710765625 0.226264240625 0.389656859375 0.2284123609375 0.3393235609375
8 0.3959930390625 0.648770434375 0.3643750875 0.6461814484375 0.3529996359375 0.7850833640625 0.38461758281249997 0.7876723109375 0.3959930390625 0.648770434375
6 0.3023220390625 0.8360495218749999 0.328987328125 0.8399701015625001 0.3389392640625 0.772295728125 0.3122744171875 0.7683751812499999 0.3023220390625 0.8360495218749999
5 0.6267111921875 0.6954836890625 0.69647165625 0.6640268218750001 0.6653645828125 0.5950520828125 0.595605015625 0.626508715625 0.6267111921875 0.6954836890625
5 0.33050242343749997 0.6673074109375 0.3526763609375 0.60464695625 0.251370215625 0.56880109375 0.22919597500000002 0.63146093125 0.33050242343749997 0.6673074109375
6 0.6401979078125 0.7216800125 0.5968209718749999 0.7256209359375 0.6028966546875 0.7924832609375 0.6462735859375 0.7885423671875 0.6401979078125 0.7216800125
6 0.68509826875 0.372128959375 0.639006934375 0.371327775 0.6375626765625 0.4544102 0.6836540125 0.45521138125 0.68509826875 0.372128959375
