3 0.24834843750000002 0.5418406250000001 0.24608593750000002 0.5446140625 0.24608593750000002 0.55154375 0.2472171875 0.5598609375 0.2498578125 0.5647125 0.2551375 0.5688718749999999 0.2607953125 0.5737234375 0.2645671875 0.5785750000000001 0.26909375 0.5799609375 0.2732421875 0.5764953125 0.2743734375 0.5695640625 0.272865625 0.56540625 0.2706015625 0.5563953125000001 0.27135625 0.54530625 0.26720781250000003 0.5397624999999999 0.2638125 0.538375 0.26004062499999997 0.53906875 0.257778125 0.5446140625 0.257778125 0.5563953125000001 0.2558921875 0.5522375 0.25362968750000003 0.54530625 0.2509890625 0.5418406250000001 0.24834843750000002 0.5418406250000001
3 0.454503125 0.6497453125 0.4560625 0.6417265624999999 0.456996875 0.6342796875000001 0.45637343750000003 0.6216781250000001 0.4560625 0.613659375 0.4538796875 0.6044937499999999 0.451075 0.5999109375 0.447021875 0.5999109375 0.44733437499999995 0.6107953125 0.44671093749999996 0.6256875 0.447021875 0.64344375 0.4476453125 0.6577640625 0.452009375 0.6554734375 0.454503125 0.6497453125
3 0.4753890625 0.618240625 0.472271875 0.6205328125 0.46977812500000005 0.6256875 0.46977812500000005 0.6325609375 0.47040156250000004 0.6405796875 0.47195937499999996 0.6491718750000001 0.4738296875 0.6560453125000001 0.47663593750000005 0.6594828125000001 0.4775703125 0.6468812500000001 0.47725937500000004 0.6319874999999999 0.4753890625 0.618240625
3 0.4887921875 0.6359984375 0.487234375 0.6262609375 0.484740625 0.61766875 0.48037656249999994 0.6188140625 0.47850625 0.6302703125 0.47881718749999996 0.6503171875 0.4813109375 0.6612015625 0.4841171875 0.662346875 0.48598749999999996 0.6577640625 0.4875453125 0.6491718750000001 0.4887921875 0.6422984375 0.4887921875 0.6359984375
3 0.5224578125 0.6016296875 0.520275 0.611940625 0.5159109374999999 0.619959375 0.5152875 0.60793125 0.50780625 0.600484375 0.5071828125 0.613659375 0.5065593749999999 0.627978125 0.5103 0.6400078125 0.5221453125 0.6445890624999999 0.526821875 0.6400078125 0.529003125 0.633134375 0.5324328125 0.6188140625 0.5324328125 0.6062125 0.531809375 0.5964750000000001 0.5296265625000001 0.57528125 0.5286921875 0.5930375 0.524328125 0.5964750000000001 0.5224578125 0.6016296875
1 0.5830765625 0.59345 0.58835625 0.5906781249999999 0.591375 0.58790625 0.5898656250000001 0.5664203125 0.587603125 0.5532515625000001 0.5819453125 0.5532515625000001 0.5744015625000001 0.560875 0.574025 0.5768156249999999 0.5793046875 0.5927578125 0.5830765625 0.59345
1 0.6038203125 0.59345 0.6064609375 0.589984375 0.604953125 0.5795890625 0.6004265625 0.5698859374999999 0.5959 0.560875 0.590996875 0.5594890625 0.5879796875000001 0.5691921875 0.5894890625 0.5920640625 0.59250625 0.6107781250000001 0.5966546875 0.6121640625 0.60005 0.6073125 0.6019359375 0.5996875 0.6038203125 0.59345
3 0.6901937499999999 0.5497859375 0.685290625 0.5504781249999999 0.6781234375 0.5525578125 0.6686953124999999 0.5490921875 0.660775 0.5567171875 0.66190625 0.5761234375 0.6679406250000001 0.5747375 0.6735984375 0.5761234375 0.6785015624999999 0.5761234375 0.684159375 0.5747375 0.6890625 0.5698859374999999 0.6935890625 0.56156875 0.6901937499999999 0.5497859375
3 0.681453125 0.5995515625000001 0.6837203125 0.6042390625 0.6857046875 0.607884375 0.6865546874999999 0.613090625 0.6879703125 0.6240265625 0.6944890625 0.6255890625 0.6978890625 0.6240265625 0.7027062500000001 0.6240265625 0.7075234375 0.6224640625 0.7123406250000001 0.6162156249999999 0.7137578125 0.607884375 0.710925 0.596428125 0.712625 0.5922625 0.7154578125 0.587575 0.715175 0.5719531250000001 0.7063906249999999 0.56935 0.7041234375000001 0.5792437500000001 0.69760625 0.5860125 0.6871203125 0.5896578124999999 0.681453125 0.5995515625000001
3 0.2937953125 0.6490203125 0.3005953125 0.6537078125 0.3025796875 0.65839375 0.3068296875 0.666725 0.31023125 0.6698500000000001 0.308246875 0.6745359375 0.311646875 0.68130625 0.3167484375 0.6792234374999999 0.3195828125 0.6708921875 0.3175984375 0.6563109375 0.31306406249999996 0.6485000000000001 0.3054125 0.6365234375 0.302296875 0.6302749999999999 0.2988953125 0.6250671875 0.295778125 0.6224640625 0.29237812500000004 0.6302749999999999 0.2918109375 0.6406890625 0.2937953125 0.6490203125
3 0.4453125 0.60625 0.4515625 0.6 0.4484375 0.6 0.4375 0.60625 0.4375 0.621875 0.4375 0.6359375 0.446875 0.640625 0.44375 0.6234375 0.4453125 0.60625
5 0.28125 0.7390625 0.278125 0.7734375 0.28125 0.7984375 0.303125 0.8078125 0.321875 0.796875 0.3328125 0.7578125 0.346875 0.7375 0.35625 0.728125 0.35625 0.69375 0.334375 0.678125 0.31875 0.6765625 0.3015625 0.709375 0.28125 0.7390625
5 0.671875 0.7265625 0.65625 0.7015625 0.6453125 0.6875 0.634375 0.6765625 0.6328125 0.68125 0.6109375 0.68125 0.6125 0.715625 0.6203125 0.76875 0.6375 0.7703125 0.6578125 0.7625 0.671875 0.7265625
5 0.653125 0.49375 0.603125 0.4921875 0.615625 0.55625 0.621875 0.5875 0.6453125 0.584375 0.6515625 0.5453125 0.653125 0.49375
0 0.3984375 0.75625 0.440625 0.76875 0.503125 0.7671875 0.5375 0.759375 0.5625 0.7484375 0.5734375 0.7421875 0.5734375 0.7265625 0.6 0.721875 0.615625 0.7125 0.6515625 0.7109375 0.6734375 0.690625 0.6796875 0.684375 0.690625 0.6734375 0.7046875 0.6609375 0.7078125 0.6515625 0.7140625 0.640625 0.728125 0.6265625 0.7375 0.615625 0.7390625 0.615625 0.7453125 0.603125 0.734375 0.6046875 0.725 0.615625 0.715625 0.6265625 0.709375 0.6328125 0.7046875 0.64375 0.6984375 0.6515625 0.6921875 0.6578125 0.6875 0.6640625 0.6828125 0.66875 0.678125 0.6734375 0.671875 0.6765625 0.665625 0.68125 0.6609375 0.6859375 0.6546875 0.690625 0.6453125 0.703125 0.6171875 0.703125 0.5984375 0.7046875 0.5828125 0.7140625 0.5703125 0.7171875 0.559375 0.7203125 0.5546875 0.725 0.5484375 0.728125 0.540625 0.7328125 0.5265625 0.7453125 0.5171875 0.7484375 0.509375 0.75 0.5 0.75 0.4953125 0.75 0.471875 0.74375 0.465625 0.74375 0.4515625 0.74375 0.44375 0.74375 0.434375 0.7390625 0.41875 0.7359375 0.4109375 0.734375 0.3546875 0.7046875 0.30625 0.7 0.2640625 0.6453125 0.2515625 0.6609375 0.265625 0.684375 0.3015625 0.7140625 0.321875 0.7375 0.365625 0.728125 0.3875 0.7390625 0.3984375 0.75625
0 0.36875 0.577089375 0.3890625 0.586464375 0.421875 0.594276875 0.44375 0.598964375 0.471875 0.605214375 0.4890625 0.611464375 0.5125 0.597401875 0.53125 0.597401875 0.553125 0.581776875 0.58125 0.577089375 0.6046875 0.581776875 0.625 0.564589375 0.6328125 0.538026875 0.6453125 0.523964375 0.65625 0.520839375 0.6921875 0.513026875 0.6875 0.492714375 0.6765625 0.49583937499999997 0.6484375 0.506776875 0.628125 0.522401875 0.6171875 0.547401875 0.5953125 0.567714375 0.571875 0.570839375 0.5546875 0.567714375 0.5265625 0.578651875 0.50625 0.583339375 0.4671875 0.591151875 0.4390625 0.577089375 0.3921875 0.577089375 0.36875 0.553651875 0.3328125 0.547401875 0.3046875 0.523964375 0.284375 0.523964375 0.2484375 0.497401875 0.2390625 0.469276875 0.228125 0.48802687499999997 0.2546875 0.517714375 0.2921875 0.538026875 0.3359375 0.563026875 0.36875 0.577089375
