1 0.5752322390625 0.594001003125 0.5917218234375 0.5928427359375 0.5889061640625 0.5527626140625 0.5724166953125 0.5539208765625 0.5752322390625 0.594001003125
1 0.60439015625 0.5586052953125 0.5873552140625 0.5597293609375 0.59084083125 0.6125476921875 0.6078757718750001 0.6114236328125 0.60439015625 0.5586052953125
5 0.6155185171875 0.587517803125 0.6516806984375 0.58741651875 0.6514423078125 0.502403846875 0.61528064375 0.50250513125 0.6155185171875 0.587517803125
5 0.29687824375 0.7339070390625 0.35336572187500004 0.7367788640625 0.356971153125 0.665865384375 0.3004845359375 0.6629935828125 0.29687824375 0.7339070390625
5 0.5883432515625 0.670600184375 0.6029999046875 0.7229388328125 0.66947115625 0.7043269359375001 0.6548142734375 0.6519886687499999 0.5883432515625 0.670600184375
1 0.4318023359375 0.6894636390625 0.418462596875 0.69310289375 0.4254098609375 0.718564353125 0.43874959375 0.7149251078125001 0.4318023359375 0.6894636390625
1 0.44812629687500005 0.73058966875 0.458363503125 0.730102025 0.4569502359375 0.7004383625 0.44671309531250003 0.7009260046875 0.44812629687500005 0.73058966875
1 0.49515547812499994 0.7247764484375 0.51532776875 0.725484453125 0.516898884375 0.680724640625 0.4967267875 0.6800166390625 0.49515547812499994 0.7247764484375
1 0.4660689203125 0.6904380765625 0.45818595 0.6904380765625 0.45818595 0.7214985421875 0.4660689203125 0.7214985421875 0.4660689203125 0.6904380765625
1 0.55759735625 0.597121209375 0.5653407671874999 0.5981726375 0.5699095375 0.5645285531249999 0.5621661734375001 0.563477128125 0.55759735625 0.597121209375
1 0.5413264625 0.5635991625 0.531385009375 0.5631019234375 0.5295409156249999 0.5999676968750001 0.53948236875 0.6004649343749999 0.5413264625 0.5635991625
