3 0.2544844890625 0.631064375 0.28628978125 0.5996998812500001 0.2585841296875 0.571608025 0.22677895625 0.6029724046875 0.2544844890625 0.631064375
3 0.312772925 0.5955554078125 0.295372925 0.61596665625 0.3390296296875 0.6531781921875 0.3564295109375 0.6327670546874999 0.312772925 0.5955554078125
3 0.3719260734375 0.622344396875 0.3431843609375 0.616787403125 0.330880265625 0.6804182703125 0.3596219671875 0.685975228125 0.3719260734375 0.622344396875
1 0.628841503125 0.67582821875 0.6209674984375 0.678351021875 0.6274209203125001 0.698490128125 0.635294921875 0.69596733125 0.628841503125 0.67582821875
1 0.7908474296875 0.60700536875 0.7717064703125 0.6036353125 0.765847815625 0.6369069374999999 0.7849887718749999 0.640276984375 0.7908474296875 0.60700536875
7 0.361172821875 0.6875337218750001 0.3492645015625 0.68566173125 0.3321691171875 0.7943933828125 0.3440774328125 0.79626535 0.361172821875 0.6875337218750001
5 0.6526144078125 0.6846608796875 0.65625 0.73798076875 0.7091346265625 0.7343751593750001 0.705498753125 0.681055578125 0.6526144078125 0.6846608796875
1 0.516484653125 0.6899585234375001 0.5286368796875001 0.690250490625 0.529488321875 0.6548156265625 0.5173361828124999 0.654523659375 0.516484653125 0.6899585234375001
1 0.376778475 0.6438083859375 0.364827475 0.6447279765625 0.36702493125 0.673282384375 0.37897593125 0.6723627953125 0.376778475 0.6438083859375
1 0.49150065625000006 0.64862555 0.4735929234375 0.650478675 0.4775803140625 0.6890057671875 0.495488046875 0.68715265 0.49150065625000006 0.64862555
