8 0.8104760656250001 0.711108096875 0.8310519859375001 0.7080119671875 0.814625459375 0.5988625921875 0.7940499828124999 0.6019586890624999 0.8104760656250001 0.711108096875
8 0.7971270359375 0.618921990625 0.7768726046875 0.6220446 0.7904688703125 0.7102235703125 0.81072329375 0.7071009890625 0.7971270359375 0.618921990625
5 0.8142255234375 0.7399091062500001 0.8280758734375 0.7128537828125 0.8063526640625 0.7017348734375 0.792502303125 0.7287901234375 0.8142255234375 0.7399091062500001
5 0.7948110015625 0.690792946875 0.7790900890625 0.69837783125 0.7952951984375 0.7319603953125 0.811016090625 0.7243755421875 0.7948110015625 0.690792946875
5 0.8655193765625 0.7835753999999999 0.9017560437500001 0.7613791062499999 0.8678503093750001 0.7060359515625 0.83161405 0.7282320828125 0.8655193765625 0.7835753999999999
5 0.9000510187499999 0.6764800265625001 0.8606818828125 0.6979411640625 0.894201071875 0.7594203546875 0.9335700921875001 0.7379593828125001 0.9000510187499999 0.6764800265625001
5 0.49626046874999996 0.8083962625 0.48718684999999995 0.784719165625 0.45886682656250005 0.7955699671875001 0.46794034218749997 0.8192469765625001 0.49626046874999996 0.8083962625
5 0.41490659843750005 0.7698905625 0.392578596875 0.770904828125 0.3937556796875 0.7968122578125 0.41608368125000006 0.7957979953125001 0.41490659843750005 0.7698905625
5 0.9425933656250001 0.6709654625 0.935214865625 0.6525651984375 0.90623780625 0.6641834265625 0.9136162359375 0.6825836328125 0.9425933656250001 0.6709654625
5 0.4573166234375 0.83150095625 0.46666277031250003 0.7946888015625 0.419646103125 0.782754253125 0.4102998140625 0.8195661875000001 0.4573166234375 0.83150095625
5 0.8679630749999999 0.33755693125 0.8764250234375 0.3504748484375 0.9034019000000001 0.332804090625 0.8949399546875 0.31988619375 0.8679630749999999 0.33755693125
5 0.34622976250000004 0.720029375 0.324596409375 0.7243533796875 0.330799925 0.7553849828125 0.3524332734375 0.75106099375 0.34622976250000004 0.720029375
