1 0.39093125 0.5181984374999999 0.394646875 0.5366125 0.40331406249999996 0.5290796875 0.40248906250000005 0.5123390624999999 0.40331406249999996 0.49894531249999996 0.39547187500000003 0.4947609375 0.39093125 0.5181984374999999
1 0.3500703125 0.5793015625 0.352959375 0.6044125 0.3570875 0.6186421875 0.3711203125 0.61445625 0.3760734375 0.6002265625 0.38308906249999997 0.5793015625 0.37400937500000003 0.5734421875 0.36534218749999997 0.5592125 0.3562609375 0.555028125 0.3500703125 0.5793015625
1 0.49457968750000003 0.6140578125 0.47310468749999995 0.6138359375 0.4541734375 0.6180890625 0.45325625 0.6529609375 0.45697031250000003 0.677234375 0.468528125 0.67305 0.4763703125 0.6722125 0.4829734375 0.68309375 0.48916562499999994 0.6864421875 0.4970078125 0.6738859374999999 0.501134375 0.66049375 0.505675 0.6303609375 0.49457968750000003 0.6140578125
1 0.5112664515625001 0.6551438421875 0.5125039515625 0.6417500921875 0.5071383265625 0.6308688421875 0.5046617640625 0.6559797796875 0.5067258265625 0.6651875921875 0.5112664515625001 0.6551438421875
6 0.8267906249999999 0.69565 0.817709375 0.716575 0.8098671875000001 0.7098796875 0.806978125 0.6981609375 0.79955 0.7073671874999999 0.7929453125 0.700671875 0.7859281250000001 0.6797453124999999 0.7826265625 0.70653125 0.7871671874999999 0.7375015625 0.795834375 0.7542421874999999 0.8193609374999999 0.745871875 0.827615625 0.7308046874999999 0.8309171875000001 0.7132265624999999 0.8267906249999999 0.69565
1 0.90548125 0.5784640624999999 0.9141484375 0.5667453124999999 0.9195140625 0.5458203125 0.9162125 0.52489375 0.9030046875 0.5181984374999999 0.8935124999999999 0.531590625 0.8914484375 0.5575390625 0.8972265625 0.576790625 0.90548125 0.5784640624999999
1 0.8976390625 0.4822046875 0.9034171875 0.4729984375 0.9071328125000001 0.462953125 0.910434375 0.440353125 0.9050687500000001 0.43114687500000004 0.8959890625 0.4227765625 0.888146875 0.42528750000000004 0.8819546875000001 0.4336578125 0.8774140625 0.45625781249999997 0.877828125 0.4880640625 0.889384375 0.4889015625 0.8976390625 0.4822046875
1 0.8658578125 0.4939234375 0.8695718749999999 0.4830421875 0.8695718749999999 0.474671875 0.8654453125 0.462953125 0.8617296874999999 0.4554203125 0.857190625 0.46965 0.8604921875 0.48555312500000003 0.8658578125 0.4939234375
8 0.8060661765624999 0.6084558828125 0.8005514703125 0.63051470625 0.8106617640625 0.6626838234375 0.815257353125 0.7104779421874999 0.8235294124999999 0.71323529375 0.8244485296875 0.6893382359375 0.8235294124999999 0.643382353125 0.8207720593750001 0.6240808828125 0.8060661765624999 0.6084558828125
8 0.8005514703125 0.6498161765625 0.7922794125 0.6240808828125 0.7830882359375 0.63511029375 0.7876838234375 0.6645220578125001 0.7931985296875 0.6966911765625 0.8060661765624999 0.69761029375 0.8125 0.6709558828125 0.8005514703125 0.6498161765625
6 0.8606770828125001 0.7682291671875 0.8684895828125001 0.7708333328125 0.8854166671874999 0.7747395828125 0.8997395828125001 0.7604166671875 0.91015625 0.7356770828125 0.9205729171874999 0.7018229171875 0.9348958328125001 0.6653645828125 0.89453125 0.6848958328125 0.8802083328125001 0.70703125 0.84375 0.7239583328125 0.83984375 0.734375 0.84765625 0.7565104171875 0.8606770828125001 0.7682291671875
5 0.4869791671875 0.53125 0.4791666671875 0.5807291671875 0.5234375 0.578125 0.5104166671875 0.5338541671875 0.4869791671875 0.53125
5 0.796875 0.5208333328125 0.7994791671875 0.5494791671875 0.8229166671874999 0.5494791671875 0.828125 0.5338541671875 0.828125 0.5182291671875 0.8229166671874999 0.5052083328125 0.796875 0.5208333328125
