1 0.39093123125 0.5366125 0.40331409687499997 0.5366125 0.403314059375 0.4947609375 0.39093127499999997 0.4947609375 0.39093123125 0.5366125
1 0.50609583125 0.6143606671875 0.4543073171875 0.6129987156250001 0.452401065625 0.685475346875 0.504189578125 0.6868372890625001 0.50609583125 0.6143606671875
1 0.5135977421875 0.6315058203125 0.5071383203125001 0.6308688421875 0.503782271875 0.6648973234375 0.5102416937500001 0.6655342984375 0.5135977421875 0.6315058203125
1 0.921593621875 0.51967695625 0.8946307484375 0.5175323953125 0.88988265 0.57722339375 0.9168455218749999 0.57936794375 0.921593621875 0.51967695625
1 0.872873234375 0.4873402640625 0.902928859375 0.49173071718749994 0.9126465734375 0.42520986250000004 0.8825912234375 0.42081942968749997 0.872873234375 0.4873402640625
1 0.8654162937500001 0.454655009375 0.854546075 0.4569115609375 0.8623797921874999 0.4946454390625 0.873250009375 0.49238889375 0.8654162937500001 0.454655009375
8 0.8104760656250001 0.711108096875 0.8310519859375001 0.7080119671875 0.814625459375 0.5988625921875 0.7940499828124999 0.6019586890624999 0.8104760656250001 0.711108096875
8 0.7971270359375 0.618921990625 0.7768726046875 0.6220446 0.7904688703125 0.7102235703125 0.81072329375 0.7071009890625 0.7971270359375 0.618921990625
5 0.47453766562500005 0.58161126875 0.5168271625 0.5829327 0.519452371875 0.498917575 0.4771634609375 0.49759615312500005 0.47453766562500005 0.58161126875
5 0.787284640625 0.555474459375 0.8382996390624999 0.552824525 0.8329326921875 0.44951923125000004 0.781918509375 0.4521691453125 0.787284640625 0.555474459375
6 0.8142255234375 0.7399091062500001 0.8280758734375 0.7128537828125 0.8063526640625 0.7017348734375 0.792502303125 0.7287901234375 0.8142255234375 0.7399091062500001
6 0.7948110015625 0.690792946875 0.7790900890625 0.69837783125 0.7952951984375 0.7319603953125 0.811016090625 0.7243755421875 0.7948110015625 0.690792946875
6 0.8655193765625 0.7835753999999999 0.9017560437500001 0.7613791062499999 0.8678503093750001 0.7060359515625 0.83161405 0.7282320828125 0.8655193765625 0.7835753999999999
6 0.9000510187499999 0.6764800265625001 0.8606818828125 0.6979411640625 0.894201071875 0.7594203546875 0.9335700921875001 0.7379593828125001 0.9000510187499999 0.6764800265625001
6 0.49626046874999996 0.8083962625 0.48718684999999995 0.784719165625 0.45886682656250005 0.7955699671875001 0.46794034218749997 0.8192469765625001 0.49626046874999996 0.8083962625
6 0.41490659843750005 0.7698905625 0.392578596875 0.770904828125 0.3937556796875 0.7968122578125 0.41608368125000006 0.7957979953125001 0.41490659843750005 0.7698905625
6 0.9425933656250001 0.6709654625 0.935214865625 0.6525651984375 0.90623780625 0.6641834265625 0.9136162359375 0.6825836328125 0.9425933656250001 0.6709654625
6 0.4573166234375 0.83150095625 0.46666277031250003 0.7946888015625 0.419646103125 0.782754253125 0.4102998140625 0.8195661875000001 0.4573166234375 0.83150095625
6 0.8679630749999999 0.33755693125 0.8764250234375 0.3504748484375 0.9034019000000001 0.332804090625 0.8949399546875 0.31988619375 0.8679630749999999 0.33755693125
6 0.34622976250000004 0.720029375 0.324596409375 0.7243533796875 0.330799925 0.7553849828125 0.3524332734375 0.75106099375 0.34622976250000004 0.720029375
1 0.376830596875 0.5561185875 0.3460499078125 0.5585308453125 0.353031325 0.6476050609375 0.3838120125 0.6451928234375 0.376830596875 0.5561185875
