1 0.39093125 0.5181984374999999 0.394646875 0.5366125 0.40331406249999996 0.5290796875 0.40248906250000005 0.5123390624999999 0.40331406249999996 0.49894531249999996 0.39547187500000003 0.4947609375 0.39093125 0.5181984374999999
1 0.37400937500000003 0.5734421875 0.36534218749999997 0.5592125 0.3562609375 0.555028125 0.3500703125 0.5793015625 0.352959375 0.6044125 0.3570875 0.6186421875 0.3711203125 0.61445625 0.3760734375 0.6002265625 0.38308906249999997 0.5793015625 0.37400937500000003 0.5734421875
1 0.4763703125 0.6722125 0.4829734375 0.68309375 0.48916562499999994 0.6864421875 0.4970078125 0.6738859374999999 0.501134375 0.66049375 0.505675 0.6303609375 0.49457968750000003 0.6140578125 0.47310468749999995 0.6138359375 0.4541734375 0.6180890625 0.45325625 0.6529609375 0.45697031250000003 0.677234375 0.468528125 0.67305 0.4763703125 0.6722125
1 0.5143421874999999 0.6454265625 0.5089765625 0.6345453125 0.5065000000000001 0.65965625 0.5085640625 0.6688640625 0.5131046875 0.6588203125 0.5143421874999999 0.6454265625
7 0.785515625 0.63873125 0.7917078125 0.6738859374999999 0.8040890624999999 0.70485625 0.7974859375000001 0.6856046874999999 0.79088125 0.6579828125 0.7884046875 0.6303609375 0.785515625 0.63873125
7 0.8193609374999999 0.7090421874999999 0.8189484374999999 0.688115625 0.8164718750000001 0.6680265624999999 0.8193609374999999 0.7090421874999999
1 0.8914484375 0.5575390625 0.8972265625 0.576790625 0.90548125 0.5784640624999999 0.9141484375 0.5667453124999999 0.9195140625 0.5458203125 0.9162125 0.52489375 0.9030046875 0.5181984374999999 0.8935124999999999 0.531590625 0.8914484375 0.5575390625
1 0.888146875 0.42528750000000004 0.8819546875000001 0.4336578125 0.8774140625 0.45625781249999997 0.877828125 0.4880640625 0.889384375 0.4889015625 0.8976390625 0.4822046875 0.9034171875 0.4729984375 0.9071328125000001 0.462953125 0.910434375 0.440353125 0.9050687500000001 0.43114687500000004 0.8959890625 0.4227765625 0.888146875 0.42528750000000004
1 0.8604921875 0.48555312500000003 0.8658578125 0.4939234375 0.8695718749999999 0.4830421875 0.8695718749999999 0.474671875 0.8654453125 0.462953125 0.8617296874999999 0.4554203125 0.857190625 0.46965 0.8604921875 0.48555312500000003
6 0.9244791671874999 0.7005208328125 0.9140625 0.6692708328125 0.8463541671874999 0.7135416671875 0.8489583328125001 0.734375 0.8776041671874999 0.7526041671875 0.8880208328125001 0.7578125 0.8984375 0.7369791671875 0.9244791671874999 0.7005208328125
6 0.8229166671874999 0.7005208328125 0.7942708328125 0.6953125 0.7942708328125 0.71875 0.8151041671874999 0.7447916671875 0.8229166671874999 0.75 0.8463541671874999 0.7265625 0.8229166671874999 0.7005208328125
0 0.6626420453125 0.5326704546875 0.7933238640625 0.507102271875 0.7997159093749999 0.479403409375 0.7336647734375 0.49005681718750005 0.6434659093749999 0.5035511374999999 0.5333806812499999 0.5099431828125 0.45454545468749996 0.5 0.38849431874999996 0.487215909375 0.38991477343750003 0.5063920453125 0.43323863593749995 0.5213068171875 0.48082386406250005 0.5284090906250001 0.5355113640625 0.5426136374999999 0.6626420453125 0.5326704546875
8 0.8117897734374999 0.6065340906250001 0.7990056812499999 0.6228693171875 0.8082386359375 0.656960228125 0.8110795453125 0.6981534093749999 0.8075284093749999 0.7144886374999999 0.8210227281250001 0.7173295453125 0.8224431828125001 0.6598011374999999 0.8224431828125001 0.6306818171875 0.8117897734374999 0.6065340906250001
8 0.7904829546875 0.6271306828125 0.7819602265625 0.6299715906250001 0.7784090906250001 0.6441761374999999 0.7848011359375 0.6775568171875 0.8018465906250001 0.7002840906250001 0.8110795453125 0.696022728125 0.8089488640625 0.6825284093749999 0.8011363640625 0.6683238625000001 0.7947443187500001 0.649147728125 0.7904829546875 0.6271306828125
5 0.7869318171875 0.5362215906250001 0.82599431875 0.522727271875 0.8245738640625 0.489346590625 0.7926136359375 0.5142045453125 0.7869318171875 0.5362215906250001
5 0.49644886406250005 0.5333806828125 0.484375 0.5390625 0.481534090625 0.5518465906250001 0.4921875 0.5731534093749999 0.5120738640625 0.5603693171875 0.5113636359375 0.546875 0.49644886406250005 0.5333806828125
