3 0.38806434218749997 0.541096609375 0.373967940625 0.5380221984375 0.366489025 0.572310403125 0.3805854234375 0.5753848046875001 0.38806434218749997 0.541096609375
3 0.3841218921875 0.5863301375 0.40657914999999994 0.5822325937499999 0.3995635171875 0.543786534375 0.37710640624999997 0.5478840640625 0.3841218921875 0.5863301375
2 0.44568699062499995 0.5401889375 0.413075746875 0.536527175 0.40576359687499997 0.60164208125 0.4383748359375 0.6053038234375 0.44568699062499995 0.5401889375
3 0.6180117359375 0.562590515625 0.593745534375 0.552952528125 0.5783204453125 0.5917854515625 0.6025866265625 0.601423403125 0.6180117359375 0.562590515625
3 0.66402580625 0.5115379171875001 0.6666503328125 0.5599714437500001 0.7029274296875 0.5580056984375 0.7003027671875001 0.509572315625 0.66402580625 0.5115379171875001
3 0.6644134734375 0.634667296875 0.6769562078125 0.6333815203125 0.672406628125 0.5890060453125 0.6598639953125 0.590291815625 0.6644134734375 0.634667296875
3 0.6014421249999999 0.65606249375 0.6171998375000001 0.6538267890625 0.6116852796875001 0.6149641875 0.5959276859375 0.6171998828125 0.6014421249999999 0.65606249375
3 0.4386167953125 0.62977443125 0.42315924687499995 0.628519925 0.41996696875 0.6678490140625 0.4354245171875 0.669103515625 0.4386167953125 0.62977443125
3 0.3886204484375 0.61873530625 0.3959183953125 0.6446558453125 0.42702522187499997 0.6358986718749999 0.4197272265625 0.6099782140625 0.3886204484375 0.61873530625
1 0.5608369609375 0.567610771875 0.5541041296875 0.5681567734375 0.556153596875 0.5934265078125 0.5628864296875 0.5928805078125 0.5608369609375 0.567610771875
1 0.5533953125 0.56540625 0.5495046875 0.56540625 0.5495046875 0.59084375 0.5533953125 0.59084375 0.5533953125 0.56540625
1 0.53854375 0.5646796875 0.5335921875 0.5646796875 0.5335921875 0.5886625000000001 0.53854375 0.5886625000000001 0.53854375 0.5646796875
1 0.5241001875 0.5930693328125 0.5322102921874999 0.59232945 0.529774278125 0.565630409375 0.5216642125 0.566370290625 0.5241001875 0.5930693328125
9 0.70514675625 0.6575360140625001 0.7781485671875 0.6413152328125 0.7545493984375 0.53512234375 0.6815490125 0.5513429578125 0.70514675625 0.6575360140625001
9 0.7153091328125 0.39360686562499997 0.6770992171875 0.4010257640625 0.7020307390625 0.5294237875000001 0.7402406359375 0.5220049578125 0.7153091328125 0.39360686562499997
1 0.4803438046875 0.5603661343749999 0.4675480765625 0.564302884375 0.47559120312500003 0.5904430609375 0.488386928125 0.5865063203124999 0.4803438046875 0.5603661343749999
1 0.5085037796874999 0.5747408468749999 0.488625509375 0.5700084140625 0.482222515625 0.5969009984375 0.50210078125 0.6016334203125 0.5085037796874999 0.5747408468749999
1 0.5090144078125001 0.60516826875 0.5198317484375 0.60516826875 0.5198317140625 0.56670673125 0.5090144484375 0.56670673125 0.5090144078125001 0.60516826875
9 0.23882146406250002 0.674937940625 0.28891338125 0.6806109859375 0.30500420156249997 0.5385444875000001 0.25491358750000004 0.532871515625 0.23882146406250002 0.674937940625
7 0.4269211734375 0.43243389375 0.42057291093750004 0.4322916671875 0.41835810625000003 0.5311420359375 0.42470636875 0.5312842625 0.4269211734375 0.43243389375
7 0.636390565625 0.495821478125 0.6419270874999999 0.49609375 0.6458333328125 0.4166666671875 0.6402968703125 0.416394396875 0.636390565625 0.495821478125
7 0.6573117015625 0.43421470624999997 0.652343746875 0.43359375 0.6442507796875 0.4983373609375 0.649218734375 0.4989583140625 0.6573117015625 0.43421470624999997
7 0.5238970593750001 0.42738970624999995 0.5165441171875 0.42738970624999995 0.5165441171875 0.5238970593750001 0.5238970593750001 0.5238970593750001 0.5238970593750001 0.42738970624999995
