0 0.3157894736842105 0.46628289523809524 0.3832236842105263 0.46792763214285715 0.4350328947368421 0.44819078928571426 0.43256578947368424 0.42105263214285715 0.38980263157894735 0.3980263154761905 0.3527960526315789 0.37993421071428574 0.3190789473684211 0.3807565785714286 0.3157894736842105 0.46628289523809524
0 0.4745065789473684 0.42434210476190476 0.4745065789473684 0.48930921071428574 0.5600328947368421 0.4942434214285714 0.5575657894736842 0.41694078928571426 0.4745065789473684 0.42269736785714285 0.4745065789473684 0.42434210476190476
0 0.6282894736842105 0.46792763214285715 0.7129934210526315 0.47203947380952377 0.709703947368421 0.41529605238095235 0.6949013157894737 0.40625 0.6866776315789473 0.38980263214285715 0.6603618421052632 0.375 0.6595394736842105 0.3495065785714286 0.6365131578947368 0.34868421071428574 0.6282894736842105 0.46792763214285715
0 0.31085526315789475 0.6027960523809524 0.3363486842105263 0.6233552630952381 0.348958333126935 0.6369791666666667 0.3782894736842105 0.6644736845238096 0.42351973684210525 0.6488486845238096 0.4309210526315789 0.6143092107142857 0.4194078947368421 0.6118421047619047 0.390625 0.6019736845238095 0.3527960526315789 0.5896381583333333 0.30838815789473684 0.5649671047619047 0.31085526315789475 0.6027960523809524
0 0.6609374996904025 0.63125 0.6848958334365325 0.6473958333333333 0.7036458334365325 0.6182291666666667 0.7286184210526315 0.5657894738095238 0.7261513157894737 0.5320723678571428 0.5921052631578947 0.6159539476190475 0.5970394736842105 0.6694078952380953 0.6291118421052632 0.6529605261904762 0.6609374996904025 0.63125
4 0.3223684210526316 0.6373355261904762 0.31743421052631576 0.6776315785714285 0.3199013157894737 0.7014802630952381 0.328125 0.6981907892857143 0.3379934210526316 0.6299342107142857 0.3248355263157895 0.6118421047619047 0.3223684210526316 0.6373355261904762
4 0.3626644736842105 0.6726973678571428 0.36101973684210525 0.7302631583333333 0.3675986842105263 0.7483552630952381 0.3840460526315789 0.6529605261904762 0.3626644736842105 0.6373355261904762 0.3626644736842105 0.6726973678571428
4 0.39226973684210525 0.7006578952380953 0.3881578947368421 0.7582236845238096 0.39473684210526316 0.7754934214285715 0.41118421052631576 0.6751644738095238 0.3972039473684211 0.6652960523809525 0.39226973684210525 0.7006578952380953
4 0.6167763157894737 0.7203947369047619 0.6200657894736842 0.7598684214285715 0.631578947368421 0.7557565785714285 0.6200657894736842 0.6603618416666667 0.6052631578947368 0.6669407892857143 0.6167763157894737 0.7203947369047619
4 0.546875 0.3264802630952381 0.5394736842105263 0.32894736785714285 0.5353618421052632 0.40542763214285715 0.5501644736842105 0.41694078928571426 0.546875 0.3264802630952381
4 0.4292763157894737 0.3667763154761905 0.42351973684210525 0.3264802630952381 0.4152960526315789 0.32565789523809524 0.4152960526315789 0.359375 0.4152960526315789 0.43256578928571426 0.4350328947368421 0.4391447369047619 0.4292763157894737 0.3667763154761905
4 0.4037828947368421 0.4144736845238095 0.3972039473684211 0.31332236785714285 0.38980263157894735 0.31332236785714285 0.3881578947368421 0.36266447380952377 0.39144736842105265 0.4161184214285714 0.4004934210526316 0.40871710476190476 0.4037828947368421 0.4144736845238095
4 0.3675986842105263 0.3536184214285714 0.35855263157894735 0.31003289523809524 0.3536184210526316 0.29934210476190476 0.3470394736842105 0.3125 0.3503289473684211 0.3610197369047619 0.3536184210526316 0.39720394761904765 0.3684210526315789 0.38980263214285715 0.3675986842105263 0.3536184214285714
4 0.3404605263157895 0.3207236845238095 0.33305921052631576 0.2935855261904762 0.32648026315789475 0.296875 0.3223684210526316 0.375 0.34457236842105265 0.37746710476190476 0.3404605263157895 0.3207236845238095
4 0.655208333126935 0.3697916666666667 0.6546874996904025 0.3375 0.6536458334365325 0.3109375 0.652083333126935 0.29635416666666664 0.640625 0.2953125 0.6380208334365325 0.3125 0.6375 0.36041666666666666 0.6380208334365325 0.39166666666666666 0.653125 0.3890625 0.655208333126935 0.3697916666666667
4 0.684375 0.40677083333333336 0.7026041665634675 0.40729166666666666 0.703125 0.3776041666666667 0.698958333126935 0.321875 0.6901041665634675 0.32135416666666666 0.686458333126935 0.3307291666666667 0.686458333126935 0.3614583333333333 0.6838541665634675 0.4015625 0.684375 0.40677083333333336
