4 0.3248354792591499 0.6118420993665772 0.3398389007102196 0.6135297615038976 0.32981900379456874 0.7025958452355148 0.31481558484324523 0.7009081982885313
4 0.36266445785986434 0.6373355262868298 0.384315815503669 0.6377186791719083 0.3823530404116582 0.7486163596546106 0.36070168285505133 0.7482332112532762
4 0.39720392863875986 0.6652960505807782 0.41226794059866734 0.6673976950557843 0.3971380048357105 0.775828412774311 0.3820739980584449 0.7737267934843094
4 0.6319030839362085 0.7584399927374518 0.6165300131605136 0.7602950886341803 0.6046930435757076 0.6622169182352426 0.6200657890625507 0.6603618421874984
4 0.5501645465781166 0.4169407864029447 0.5357994889909605 0.41746313150984765 0.5325100886241216 0.3270026049580713 0.546875 0.32648026249999923
4 0.43503297549887066 0.43914473112183294 0.4159401757311798 0.44066340730907444 0.4068456231108257 0.32633006236546025 0.4259381717454289 0.3248113961324037
4 0.38513914459895204 0.31360933996469675 0.39752897852770275 0.3128469220479084 0.4038371921063799 0.41535600736638784 0.39144735858428703 0.4161184209380521
4 0.34618159873434706 0.29984627794970203 0.3638718208086402 0.2986469837114368 0.3704761584106109 0.39606109607034234 0.3527859369947919 0.3972603841121866
4 0.32667107029988074 0.2932493207509262 0.3489431736345523 0.2944214944254515 0.3445723687500504 0.3774671046875022 0.32230026576201 0.37629493597783087
4 0.6555566391955381 0.3913838425584757 0.6380040064606192 0.3916669385697532 0.6364510867459785 0.29537981891057624 0.6540035442403678 0.29509672430448264
4 0.7026042011825666 0.407291667783877 0.6837594501512285 0.40696107315786645 0.6852628917520178 0.3212692359891954 0.7041074623856503 0.32159982902539597
