2 0.31958303906249996 0.5230060796875 0.351955628125 0.5223121671875 0.349430140625 0.404512378125 0.3170580890625 0.40520628593749997 0.31958303906249996 0.5230060796875
2 0.35063586562500004 0.532703125 0.3866532109375 0.532703125 0.3866528265625 0.39244218750000004 0.3506362234375 0.39244218750000004 0.35063586562500004 0.532703125
2 0.4115023015625 0.4170696828125 0.3830520046875 0.4174287203125 0.3847196890625 0.54956790625 0.4131699859375 0.5492088734375 0.4115023015625 0.4170696828125
2 0.40824127812500005 0.546026865625 0.43365257812499997 0.5470556140625 0.4378248453125 0.4439990625 0.41241394531250003 0.442970321875 0.40824127812500005 0.546026865625
2 0.5286359046875 0.541013459375 0.5578481078124999 0.540445734375 0.5554739671875 0.41830204374999996 0.5262622859375 0.41886976249999996 0.5286359046875 0.541013459375
2 0.603107734375 0.550871875 0.6327688328125001 0.550871875 0.6327686124999999 0.45421562499999996 0.6031079593750001 0.45421562499999996 0.603107734375 0.550871875
2 0.7193053578125 0.393932896875 0.631802921875 0.3906626203125 0.62626950625 0.538710509375 0.7137719406249999 0.5419807515625 0.7193053578125 0.393932896875
2 0.66172130625 0.5435876281249999 0.6143584671875 0.550161890625 0.6280666125 0.6489089296875 0.6754294390625 0.642334728125 0.66172130625 0.5435876281249999
2 0.6235876640625 0.6656985109375 0.62358745625 0.566860821875 0.5893359625000001 0.5668609874999999 0.5893358531249999 0.6656983609375 0.6235876640625 0.6656985109375
2 0.4352402140625 0.564351290625 0.4076093296875 0.560220690625 0.3912774859375 0.669457446875 0.41890836093750006 0.6735880046875 0.4352402140625 0.564351290625
2 0.407292675 0.5471971796874999 0.3608170328125 0.54142316875 0.34809761093749997 0.6437925984375 0.3945732421875 0.649566553125 0.407292675 0.5471971796874999
2 0.3591109375 0.5305234375000001 0.31991562500000004 0.5305234375000001 0.31991562500000004 0.6191859375 0.3591109375 0.6191859375 0.3591109375 0.5305234375000001
4 0.3398389 0.6135297609375 0.32483547968750004 0.6118420999999999 0.314815584375 0.7009081984375001 0.329819003125 0.7025958453125 0.3398389 0.6135297609375
4 0.384315815625 0.6377186796875 0.3626644578125 0.6373355265625 0.3607016828125 0.7482332109375001 0.38235304062500003 0.7486163593749999 0.384315815625 0.6377186796875
4 0.41226794062499994 0.6673976953125 0.397203928125 0.66529605 0.3820739984375 0.7737267937500001 0.3971380046875 0.7758284125 0.41226794062499994 0.6673976953125
4 0.6165300125 0.7602950890625 0.631903084375 0.7584399921875 0.6200657890625 0.6603618421874999 0.60469304375 0.66221691875 0.6165300125 0.7602950890625
4 0.5357994890625 0.41746313125 0.5501645468749999 0.4169407859375 0.546875 0.3264802625 0.5325100890625001 0.3270026046875 0.5357994890625 0.41746313125
4 0.41594017499999997 0.4406634078125 0.43503297500000004 0.43914473125000003 0.42593817187500005 0.324811396875 0.40684562343749997 0.32633006249999996 0.41594017499999997 0.4406634078125
4 0.397528978125 0.31284692187499996 0.38513914531250004 0.313609340625 0.3914473578125 0.4161184203125 0.4038371921875 0.41535600781250004 0.397528978125 0.31284692187499996
4 0.3638718203125 0.29864698437500004 0.34618159843749996 0.29984627812500003 0.3527859375 0.397260384375 0.3704761578125 0.3960610953125 0.3638718203125 0.29864698437500004
4 0.34894317343750003 0.29442149375 0.3266710703125 0.2932493203125 0.32230026562499997 0.37629493593749996 0.34457236875 0.3774671046875 0.34894317343750003 0.29442149375
4 0.63800400625 0.3916669390625 0.6555566390625 0.3913838421875 0.65400354375 0.295096725 0.6364510875 0.29537981874999997 0.63800400625 0.3916669390625
4 0.6837594499999999 0.4069610734375 0.7026042015625 0.40729166718750004 0.7041074625 0.3215998296875 0.6852628921874999 0.3212692359375 0.6837594499999999 0.4069610734375
7 0.4418760609375 0.3227010515625 0.4361979171875 0.3229166671875 0.4401041453125 0.4257812515625 0.44578228906249995 0.4255656359375 0.4418760609375 0.3227010515625
7 0.6370835375 0.6451690453125 0.6328125 0.6458333328125 0.6437684031249999 0.7162644796875 0.6480394390625001 0.715600196875 0.6370835375 0.6451690453125
7 0.6579302203124999 0.6134161703125 0.65234375 0.6145833328125 0.6705727609375 0.7018229500000001 0.6761592296875001 0.7006557984375 0.6579302203124999 0.6134161703125
7 0.6118748125 0.355378925 0.6095765390625 0.35555128593749996 0.6171874875000001 0.4570312515625 0.6194857609375 0.45685889062499996 0.6118748125 0.355378925
1 0.667492665625 0.5528312734374999 0.6573134015625001 0.5565744625 0.6773291625 0.6109999890625 0.687508415625 0.6072568203125 0.667492665625 0.5528312734374999
