2 0.40871784375000003 0.4977046109375 0.37614611875000004 0.49077181718749996 0.36195028906250004 0.5574613828125 0.39452200312499996 0.5643941375 0.40871784375000003 0.4977046109375
2 0.3964972859375 0.566991728125 0.3436031328125 0.555957703125 0.329859015625 0.6218365 0.3827531484375 0.6328704578125001 0.3964972859375 0.566991728125
2 0.602972775 0.54151685 0.639720446875 0.54407085 0.644160184375 0.480193478125 0.6074128796875 0.4776394921875 0.602972775 0.54151685
9 0.2231402546875 0.6638241265625 0.297101396875 0.65931479375 0.2897135046875 0.5381678015625 0.2157539859375 0.5426770859375 0.2231402546875 0.6638241265625
9 0.796629740625 0.5216007703125001 0.7116230156250001 0.5292645046875 0.722031153125 0.6447009328125 0.807037865625 0.637037278125 0.796629740625 0.5216007703125001
7 0.3550920109375 0.625488859375 0.34615381093750003 0.6237980703125 0.330988221875 0.7039591015625 0.33992641875 0.705649878125 0.3550920109375 0.625488859375
7 0.37277348906249996 0.6364177296875 0.3641004609375 0.634996125 0.3509615390625 0.71514423125 0.35963456250000003 0.7165658234375 0.37277348906249996 0.6364177296875
7 0.625650571875 0.4746991609375 0.6301360218750001 0.47485382343750004 0.633076571875 0.389577234375 0.6285911734375 0.3894225734375 0.625650571875 0.4746991609375
7 0.3805626390625 0.4754403328125 0.3882211921875 0.47475961250000004 0.38287403593749997 0.414604575 0.3752155453125 0.41528529374999995 0.3805626390625 0.4754403328125
3 0.311830859375 0.5387382078125 0.2991405203125 0.5545995390625 0.3273111140625 0.577136078125 0.3400014 0.5612747953125 0.311830859375 0.5387382078125
3 0.7077746953124999 0.5576878296875 0.6949476921875 0.5424356234375 0.6607932765625 0.571156496875 0.6736202171875 0.5864086453125 0.7077746953124999 0.5576878296875
3 0.5509261421875 0.5382558984375 0.5577030765625001 0.537832375 0.5558203609375 0.507709153125 0.549043459375 0.5081326749999999 0.5509261421875 0.5382558984375
