2 0.2596113453125 0.4554421921875 0.309978128125 0.46157717343750004 0.32068584843750003 0.373671809375 0.270319628125 0.3675368625 0.2596113453125 0.4554421921875
2 0.3718376375 0.38261173125000003 0.3181557625 0.374045371875 0.3029777546875 0.469154871875 0.3566596171875 0.47772117812500003 0.3718376375 0.38261173125000003
7 0.3571859859375 0.300646284375 0.3536140359375 0.300281246875 0.345157453125 0.3830275125 0.348729403125 0.3833925484375 0.3571859859375 0.300646284375
7 0.331301028125 0.38950489843749997 0.3369620796875 0.38878422968750004 0.3253078125 0.29724062500000004 0.31964681562499997 0.297961290625 0.331301028125 0.38950489843749997
2 0.35356398906250003 0.4941621984375 0.38088105625 0.4975057140625 0.3919552109375 0.407032403125 0.3646384921875 0.40368891093750003 0.35356398906250003 0.4941621984375
2 0.417701365625 0.41725101875000004 0.3893077671875 0.41328436875 0.376362534375 0.5059416437500001 0.404756128125 0.5099082671875 0.417701365625 0.41725101875000004
2 0.44571063437499997 0.4147539953125 0.41304684687500004 0.411745440625 0.40186345 0.53315535625 0.43452723437499996 0.5361638859375 0.44571063437499997 0.4147539953125
2 0.4350809046875 0.5341319765625 0.461524596875 0.535692221875 0.467616396875 0.43244958125000005 0.44117310156249995 0.4308893484375 0.4350809046875 0.5341319765625
7 0.45315062656249994 0.4325349734375 0.46051562500000004 0.43311093749999996 0.46954221562500004 0.3176906265625 0.46217731874999995 0.3171146671875 0.45315062656249994 0.4325349734375
2 0.5355966140625 0.541306603125 0.5631525015625 0.540318690625 0.5600015140625 0.45244085 0.532445996875 0.45342875625 0.5355966140625 0.541306603125
2 0.5935848218750001 0.4441679484375 0.5632850765625 0.4446223234375 0.5646289875 0.534233865625 0.5949287328125 0.5337794921875 0.5935848218750001 0.4441679484375
2 0.6197526921875001 0.43876692031250003 0.591644440625 0.43951797968750006 0.593867346875 0.5227040921875 0.6219755984375 0.5219530375 0.6197526921875001 0.43876692031250003
2 0.6247601281249999 0.5089259171875 0.6539123765625 0.504994290625 0.6431928359375 0.42551750781250003 0.6140409171875 0.42944911093749993 0.6247601281249999 0.5089259171875
2 0.6856173562500001 0.396475725 0.63793315625 0.40303967968750004 0.6499460375 0.49030287499999997 0.697630228125 0.483738959375 0.6856173562500001 0.396475725
7 0.5874208953125 0.28505769999999997 0.5827561984375 0.284764059375 0.574665625 0.41328437500000004 0.579330321875 0.41357801250000004 0.5874208953125 0.28505769999999997
7 0.5954993265625 0.39648918437499997 0.6004078515625 0.396148434375 0.5948921875 0.31669843750000004 0.58998370625 0.3170391859375 0.5954993265625 0.39648918437499997
2 0.66939681875 0.5737314437500001 0.7211240359375 0.572102459375 0.71799979375 0.47291620468750006 0.6662734 0.4745451765625 0.66939681875 0.5737314437500001
3 0.6842396453124999 0.5628533421874999 0.712687534375 0.5555809046875 0.697988240625 0.4980866671875 0.6695406125 0.5053590703124999 0.6842396453124999 0.5628533421874999
2 0.6111801328124999 0.528173359375 0.6311078234374999 0.6053263249999999 0.6832737812499999 0.5918535265625 0.6633458625 0.5147009171875 0.6111801328124999 0.528173359375
7 0.7083769625 0.54081455 0.700376209375 0.5436921828125 0.7378701859375 0.64792680625 0.7458709234375 0.6450492031249999 0.7083769625 0.54081455
7 0.70978160625 0.6653177703125001 0.7184534421875 0.6633171140624999 0.6932694390624999 0.5541703421874999 0.6845977734375001 0.556170978125 0.70978160625 0.6653177703125001
7 0.6780394671875001 0.677722475 0.6860091265625 0.6758775859374999 0.6635078125 0.5786875 0.6555383 0.5805323718750001 0.6780394671875001 0.677722475
7 0.6482773984375 0.5808747890625 0.641128125 0.5816140625 0.6525610109375 0.6921648515625 0.6597102828125 0.6914255875 0.6482773984375 0.5808747890625
2 0.6231109796875 0.5366914265625 0.589152834375 0.541271265625 0.6035519203125 0.6480252171875 0.63751005625 0.6434454234375 0.6231109796875 0.5366914265625
7 0.6177858234375 0.6400616765625 0.6126703124999999 0.6407203124999999 0.6228287531250001 0.71960836875 0.6279442625 0.7189497375 0.6177858234375 0.6400616765625
6 0.6743274390625 0.686771 0.651451440625 0.6912061125 0.6619009 0.7450953671875 0.684776890625 0.74066028125 0.6743274390625 0.686771
2 0.46369949843749997 0.5442780109375 0.43517435156250006 0.54192675625 0.42640629687500003 0.64828876875 0.4549314421875 0.65064 0.46369949843749997 0.5442780109375
2 0.4032655453125 0.633228125 0.43342048593750004 0.633228125 0.4334202359375 0.5444312499999999 0.40326577343750003 0.5444312499999999 0.4032655453125 0.633228125
7 0.441261878125 0.6418332484375 0.4367295828125 0.64101716875 0.4231234375 0.716571875 0.4276557296875 0.7173879484375 0.441261878125 0.6418332484375
2 0.41174877656250003 0.5344482953125 0.381033321875 0.5312263374999999 0.37385351718750004 0.59966608125 0.40456896875000004 0.6028880203125 0.41174877656250003 0.5344482953125
7 0.38064697187499996 0.66860396875 0.3771702671875 0.6679031156249999 0.3646816828125 0.7298459546875 0.3681583859375 0.730546803125 0.38064697187499996 0.66860396875
2 0.3930832171875 0.5213348171875001 0.3397987640625 0.5065923390625 0.32055783125000004 0.576129678125 0.3738422484375 0.5908720671875 0.3930832171875 0.5213348171875001
2 0.324740475 0.5763919171875 0.35219495312500004 0.5083500859375001 0.2841604671875 0.4809009609375 0.25670584218750003 0.5489423859375 0.324740475 0.5763919171875
2 0.493084721875 0.4480639 0.4709967 0.449967903125 0.47687968906249995 0.518210784375 0.498967709375 0.5163067906250001 0.493084721875 0.4480639
2 0.5051924875 0.5191291437500001 0.5248524609375 0.5199482484375 0.526784546875 0.47357695 0.5071247109375 0.4727578484375 0.5051924875 0.5191291437500001
7 0.299985965625 0.68590945625 0.310073165625 0.68937181875 0.3453125453125 0.5867187656249999 0.3352255375 0.5832564390625 0.299985965625 0.68590945625
7 0.4840793875 0.377132609375 0.49062500625 0.37734375 0.4922362171875 0.3273957234375 0.48569063437500004 0.3271845828125 0.4840793875 0.377132609375
7 0.5234375 0.33359375 0.51640625 0.33359375 0.51640625 0.39140625 0.5234375 0.39140625 0.5234375 0.33359375
6 0.318509859375 0.705087565625 0.3156623890625 0.6863056953125 0.28771986250000003 0.6905413484375 0.2905672703125 0.7093231624999999 0.318509859375 0.705087565625
