1 0.37013107343749996 0.6243426875 0.36202343125 0.6229265609375 0.35798955 0.646018646875 0.366097190625 0.6474347703125 0.37013107343749996 0.6243426875
2 0.3158319375 0.6643024796875 0.3574581296875 0.66858083125 0.363918 0.6057345062499999 0.3222923125 0.6014561796875 0.3158319375 0.6643024796875
2 0.32408080156249996 0.5914712953125 0.2686630296875 0.5833606390625 0.2604643796875 0.6393733828125 0.31588214375 0.6474839968749999 0.32408080156249996 0.5914712953125
6 0.2903613265625 0.747332840625 0.30163375000000003 0.734717071875 0.28463540468750004 0.71953125 0.2733630046875 0.7321469875 0.2903613265625 0.747332840625
6 0.4420301109375 0.3769019359375 0.397669390625 0.37911832031250003 0.4007971890625 0.44171781718750003 0.44515790781250003 0.4395014421875 0.4420301109375 0.3769019359375
6 0.33796415468749996 0.785839428125 0.35583945156249996 0.786779365625 0.3609290734375 0.6900005484375 0.3430541671875 0.6890606203125 0.33796415468749996 0.785839428125
5 0.6334504515625 0.6875168265625 0.6934979328125 0.657394821875 0.6577448625 0.5861318765625 0.5976981593749999 0.616253646875 0.6334504515625 0.6875168265625
6 0.246233228125 0.735291859375 0.2657613125 0.735291859375 0.265761271875 0.716015625 0.2462332703125 0.716015625 0.246233228125 0.735291859375
6 0.54101770625 0.381910203125 0.50419866875 0.37483304687499996 0.48965513437499997 0.450492321875 0.5264741609375 0.4575694453125 0.54101770625 0.381910203125
6 0.255937696875 0.3825879421875 0.270846915625 0.38933605625 0.2812104828125 0.3664398328125 0.2663013015625 0.3596917296875 0.255937696875 0.3825879421875
6 0.3313380265625 0.776327875 0.3295596453125 0.7627023421875 0.312890128125 0.764877625 0.3146684796875 0.7785031328125 0.3313380265625 0.776327875
1 0.1805409984375 0.413044571875 0.1700739265625 0.41201886718749997 0.1685870671875 0.4271910859375 0.1790541390625 0.42821679062499995 0.1805409984375 0.413044571875
