2 0.4014655078125 0.6424223515625 0.3600387734375 0.637810246875 0.3519733359375 0.710245640625 0.3934000640625 0.714857709375 0.4014655078125 0.6424223515625
1 0.41139084062500003 0.67087555 0.3974994203125 0.668402203125 0.387121090625 0.72668305625 0.40101250781250003 0.7291563875 0.41139084062500003 0.67087555
1 0.357309375 0.6427640625000001 0.3449265625 0.6427640625000001 0.3449265625 0.687659375 0.357309375 0.687659375 0.357309375 0.6427640625000001
7 0.3715722203125 0.7129827625 0.3628129015625 0.7106028265625 0.325415625 0.84821875 0.334174928125 0.8505986453125001 0.3715722203125 0.7129827625
1 0.5692297765625 0.6777968828125001 0.5583537749999999 0.6789886046875 0.563867953125 0.7293051421875 0.5747439546875001 0.7281134265625 0.5692297765625 0.6777968828125001
1 0.6258402390625 0.640461603125 0.6158539000000001 0.6421028265625 0.62296989375 0.6853957578125 0.63295623125 0.6837545421875 0.6258402390625 0.640461603125
1 0.682312559375 0.6056655453124999 0.6758734375000001 0.605478125 0.6753672609375 0.622866675 0.6818063828125001 0.6230540953125 0.682312559375 0.6056655453124999
1 0.328767021875 0.5449108203125 0.34041786093750004 0.545842125 0.3429845921875 0.51373414375 0.3313338140625 0.5128028421875 0.328767021875 0.5449108203125
6 0.6413266890625 0.7815963499999999 0.625976840625 0.78401773125 0.6324290125 0.8249120140624999 0.647778859375 0.822490646875 0.6413266890625 0.7815963499999999
6 0.34776210625 0.33400115625 0.3240962578125 0.3316656421875 0.318143959375 0.39197819375 0.3418098046875 0.3943137 0.34776210625 0.33400115625
1 0.640723496875 0.49824263125 0.627641653125 0.499085903125 0.62950366875 0.5279694296875 0.6425855125 0.5271261609375 0.640723496875 0.49824263125
1 0.677495309375 0.4850150390625 0.68758695 0.48620129062500006 0.6890542953125001 0.473719146875 0.6789626734375 0.4725328953125 0.677495309375 0.4850150390625
1 0.7234352703125 0.46362399375 0.7286233140625 0.46265202499999997 0.7246328546874999 0.4413536921875 0.7194448265625 0.4423256609375 0.7234352703125 0.46362399375
1 0.3156144328125 0.64435549375 0.3080780953125 0.6452413234375001 0.3096868421875 0.6589262140625001 0.317223178125 0.658040384375 0.3156144328125 0.64435549375
1 0.2743116796875 0.5957022000000001 0.2679687359375 0.5933035703125 0.26201717812499997 0.6090401609375 0.26836011875 0.6114387875 0.2743116796875 0.5957022000000001
6 0.7174742296875001 0.7985119734375 0.716761346875 0.78352265625 0.6952076546875 0.7845475359375 0.695920496875 0.7995368140625 0.7174742296875001 0.7985119734375
6 0.498643759375 0.46162878125000006 0.5233715515624999 0.4684468984375 0.536651378125 0.4202865046875 0.5119237437499999 0.4134684109375 0.498643759375 0.46162878125000006
