2 0.4026714703125 0.509079475 0.3557365765625 0.5034924953125001 0.3460059890625 0.5852296328125 0.3929408765625 0.5908165734375 0.4026714703125 0.509079475
9 0.769594028125 0.702847646875 0.8379413328125 0.6724743359375001 0.781921496875 0.5464328 0.7135757046875 0.5768057296875 0.769594028125 0.702847646875
9 0.326860003125 0.5559530671874999 0.27421382968749997 0.551797284375 0.2620327390625 0.7060920375 0.31467890625 0.710247759375 0.326860003125 0.5559530671874999
7 0.3665244171875 0.498076396875 0.370535725 0.49776785625000003 0.366156775 0.44084165000000003 0.3621455 0.4411501890625 0.3665244171875 0.498076396875
7 0.3772562671875 0.42083735000000005 0.3734429203125 0.4207486734375 0.37165178593750003 0.49776785781250005 0.37546513125000003 0.497856534375 0.3772562671875 0.42083735000000005
7 0.3868587921875 0.4483495140625 0.380580340625 0.447544640625 0.3738557734375 0.49999639062499995 0.380134225 0.5008012609375 0.3868587921875 0.4483495140625
6 0.38967966718749997 0.745273984375 0.3724409421875 0.737852621875 0.35843825156250003 0.7703731984375 0.375676959375 0.7777945296875 0.38967966718749997 0.745273984375
6 0.336320775 0.7948013203125 0.36613796249999997 0.7966151781249999 0.37082874375 0.719516453125 0.3410120875 0.7177026125 0.336320775 0.7948013203125
1 0.7592149625 0.603685153125 0.7421664390625 0.6044263062499999 0.7436573421875 0.6387171109375 0.7607058640625 0.6379759609375 0.7592149625 0.603685153125
1 0.729688 0.646443921875 0.7404511359375 0.646072821875 0.7388392859375 0.5993303578125 0.7280762453125 0.59970145625 0.729688 0.646443921875
2 0.44242391249999996 0.6253935937499999 0.4132745265625 0.6181071640625 0.3970586203125 0.68297075625 0.4262079890625 0.6902571375 0.44242391249999996 0.6253935937499999
