2 0.7417202921875 0.5446308515625 0.7215254234375 0.5036341796875 0.6712124078125 0.5284161546874999 0.6914070546875 0.5694126374999999 0.7417202921875 0.5446308515625
2 0.3224348453125 0.5593260671875 0.29309738125 0.5956290546874999 0.3465342734375 0.6388079375 0.3758714921875 0.6025051765625 0.3224348453125 0.5593260671875
2 0.36620429374999997 0.5946428671875 0.3430132625 0.62795226875 0.39514572812500004 0.6642439015625 0.41833653125000003 0.630934703125 0.36620429374999997 0.5946428671875
9 0.761856478125 0.7132505234375001 0.8138655109374999 0.696761846875 0.768168215625 0.552642765625 0.7161606046875 0.5691312 0.761856478125 0.7132505234375001
7 0.2943145484375 0.7077863609375 0.29799107187499996 0.7087053578125 0.3103991578125 0.6590729203125 0.306722671875 0.6581539281250001 0.2943145484375 0.7077863609375
7 0.33761175625 0.6534591515625 0.32589268437499996 0.648437425 0.2991071421875 0.7109375 0.31082619375 0.715959190625 0.33761175625 0.6534591515625
7 0.3569210265625 0.6658208328125 0.3537945671875 0.6640624578125001 0.3197858515625 0.7245225375000001 0.3229123015625 0.7262809 0.3569210265625 0.6658208328125
7 0.688684125 0.44592497499999995 0.689174109375 0.44587053593750003 0.6875 0.430803571875 0.6870100171875 0.4308580109375 0.688684125 0.44592497499999995
7 0.6896640953125 0.44581609687499996 0.6891741078125 0.44587053593750003 0.6930803484375 0.4810267875 0.6935703359375001 0.4809723484375 0.6896640953125 0.44581609687499996
6 0.45562880781250004 0.875010478125 0.49553146875 0.8594652953124999 0.47640076875000004 0.8103704140625 0.43649858906250005 0.825915490625 0.45562880781250004 0.875010478125
6 0.6699095875000001 0.7967372453125 0.657836184375 0.7878391265625 0.6416642515625 0.8097777265625 0.653737628125 0.818675815625 0.6699095875000001 0.7967372453125
