1 0.235437084375 0.5024237859375 0.26572741718750004 0.5048134453124999 0.2729080578125 0.4137981375 0.2426181109375 0.41140849375000005 0.235437084375 0.5024237859375
1 0.7677693265625 0.405651125 0.737363428125 0.414202625 0.7578451265624999 0.487023459375 0.7882510078125 0.47847200624999997 0.7677693265625 0.405651125
1 0.729644375 0.6659833749999999 0.7548069015625 0.664937953125 0.7517465421875 0.591290609375 0.7265843734375 0.5923360234375 0.729644375 0.6659833749999999
1 0.7164270578124999 0.6765780171875 0.7341331640625001 0.673220859375 0.723795603125 0.6187067484375001 0.7060896859375 0.6220638859375 0.7164270578124999 0.6765780171875
1 0.6807629625 0.698486140625 0.6959180843749999 0.696212478125 0.6904372484375 0.6596854984375 0.675282240625 0.661959153125 0.6807629625 0.698486140625
7 0.618627578125 0.767341540625 0.6240833593749999 0.7672117203125 0.62298519375 0.721069640625 0.6175294703125 0.7211994609375 0.618627578125 0.767341540625
7 0.6275608359375 0.8483595046874999 0.6316814734375 0.8478841218750001 0.62389914375 0.78044071875 0.619778575 0.780916096875 0.6275608359375 0.8483595046874999
3 0.6028919562499999 0.6776131296875 0.5773242875 0.6847708859375 0.59122253125 0.7344082656250001 0.6167901859375 0.72725055 0.6028919562499999 0.6776131296875
7 0.536573453125 0.7282953125 0.5312953 0.72840078125 0.53351404375 0.8394171874999999 0.538792196875 0.8393117203125 0.536573453125 0.7282953125
6 0.486787478125 0.9060888468750001 0.5288825265625 0.9019968046875 0.5197260578125 0.8078299578125 0.4776320390625 0.81192195 0.486787478125 0.9060888468750001
1 0.36932550000000003 0.70492776875 0.3884726515625 0.7066674421875 0.3926443890625 0.6607580296875 0.37349741875000003 0.6590183656249999 0.36932550000000003 0.70492776875
3 0.3452042 0.60273705 0.32063605625 0.6176041078125001 0.34914625625 0.66471205 0.3737143421875 0.6498450703125 0.3452042 0.60273705
6 0.762651209375 0.786467475 0.7433911625 0.7701432015624999 0.7304436140624999 0.78541641875 0.7497036265625 0.801740653125 0.762651209375 0.786467475
6 0.812797803125 0.7259288296874999 0.7936926234375 0.7122694609375 0.778827821875 0.7330573499999999 0.79793296875 0.74671668125 0.812797803125 0.7259288296874999
6 0.3814170234375 0.8655423953125 0.34522533593750004 0.8462053328125 0.32417510312500003 0.8855944546875 0.3603667109375 0.9049314031250001 0.3814170234375 0.8655423953125
6 0.28516041406250003 0.37299965625 0.3191814609375 0.366418059375 0.3105399921875 0.321751278125 0.276519103125 0.328332859375 0.28516041406250003 0.37299965625
6 0.182788978125 0.7069976609374999 0.2051880875 0.69531314375 0.18661929531250002 0.6597222609375 0.16422034218749998 0.6714067296875 0.182788978125 0.7069976609374999
5 0.35876089218749996 0.46318745781250004 0.3269230328125 0.4603365359375 0.318485959375 0.5545510078125 0.35032381562500003 0.557401909375 0.35876089218749996 0.46318745781250004
8 0.6501938984375 0.8294822249999999 0.6835867125 0.82451550625 0.6610576921875 0.6730769234375 0.6276660328125 0.6780435546875 0.6501938984375 0.8294822249999999
8 0.68875675625 0.8201253796874999 0.7118511171875 0.81491138125 0.6806121890625 0.676571196875 0.657518546875 0.6817851109374999 0.68875675625 0.8201253796874999
