3 0.3580359375 0.5392046875000001 0.349840625 0.54359375 0.352025 0.564440625 0.359128125 0.5710234375 0.3662296875 0.5688296875 0.36950781250000003 0.56334375 0.374425 0.5578578125 0.3738796875 0.5512734375 0.37169375 0.5392046875000001 0.3651375 0.532621875 0.3580359375 0.5392046875000001
3 0.3798890625 0.5227468749999999 0.374971875 0.5249406249999999 0.36950781250000003 0.53371875 0.37169375 0.542496875 0.377703125 0.5534687500000001 0.3853515625 0.542496875 0.3826203125 0.53371875 0.3798890625 0.5227468749999999
3 0.3831671875 0.5315234375 0.38425937499999996 0.5413984375 0.38862968750000004 0.5457875 0.393 0.5457875 0.3979171875 0.5457875 0.402834375 0.542496875 0.4072046875 0.5359125 0.4104828125 0.5293296875 0.41266875000000003 0.5172609375 0.4104828125 0.5095796874999999 0.4061125 0.5019 0.40338124999999997 0.50409375 0.39955625 0.5073859374999999 0.39573281250000003 0.5183578125 0.393 0.5205515625 0.38862968750000004 0.5194546875 0.38480625 0.5161625 0.3798890625 0.5183578125 0.3831671875 0.5315234375
1 0.4099375 0.5304265625 0.4175859375 0.5227468749999999 0.4197703125 0.5106765625 0.4164921875 0.5019 0.4132140625 0.49421875000000004 0.4077515625 0.49312187500000004 0.4099375 0.5304265625
1 0.602790625 0.4898296875 0.5989671875 0.4898296875 0.59131875 0.4898296875 0.5869484375 0.4975109375 0.585309375 0.515065625 0.590771875 0.532621875 0.5962359375 0.5392046875000001 0.5962359375 0.5183578125 0.5995140625000001 0.5084828124999999 0.6033375000000001 0.5008015625 0.602790625 0.4898296875
2 0.6262828125000001 0.5567593750000001 0.6317468749999999 0.542496875 0.6333859375 0.5227468749999999 0.6361171875 0.50409375 0.6339328125 0.49970468749999997 0.6257375 0.4975109375 0.619728125 0.49970468749999997 0.6142640625 0.5019 0.60606875 0.50409375 0.5989671875 0.5106765625 0.5989671875 0.5249406249999999 0.6022453125 0.5381078125000001 0.6088015625 0.5512734375 0.615903125 0.552371875 0.6262828125000001 0.5567593750000001
7 0.6307171874999999 0.45010000000000006 0.6358140624999999 0.39239999999999997 0.626778125 0.4491703125 0.6307171874999999 0.45010000000000006
3 0.672725 0.5723265625 0.6687593749999999 0.5550671875 0.6621484375 0.5471015625 0.6555375 0.533825 0.6489281250000001 0.5285140625 0.63835 0.5285140625 0.6350453125 0.51789375 0.6304171875 0.5311703125 0.6277734374999999 0.54975625 0.672725 0.5723265625
3 0.6454578125 0.649390625 0.6487421875 0.655984375 0.65325625 0.6543359375 0.6598234374999999 0.6535124999999999 0.662696875 0.641146875 0.660234375 0.6287812500000001 0.656540625 0.6213625 0.6516140625 0.6197125 0.6466890624999999 0.6205375 0.6429953125 0.6287812500000001 0.6434046875 0.6403218749999999 0.6454578125 0.649390625
7 0.62738671875 0.498436584375 0.6320734546875 0.4515342390625 0.6264322796874999 0.4506510421875 0.61645115625 0.4999999921875 0.62738671875 0.498436584375
0 0.54354705625 0.6538182765625 0.518551403125 0.6559028125 0.49668016093749995 0.6553816828125 0.47741267656249997 0.6496491625 0.461790378125 0.6496491625 0.44616807812500003 0.6501703125 0.43210802656249997 0.651733759375 0.4034671453125 0.6569451109375 0.3847203546875 0.659029628125 0.3727432828125 0.6616353140625 0.345664609375 0.6637198703125 0.32587638750000003 0.6668466859375 0.2987977140625 0.6673678546875 0.275364265625 0.6631987421875001 0.27171907812499996 0.6626776125 0.273281325 0.6788328578125 0.2915073390625 0.68560765625 0.31077482500000003 0.68717104375 0.32535565312500003 0.6944669718750001 0.348268325 0.7054108453125 0.35816245625 0.7054108453125 0.3722225484375 0.6986360859375 0.3862826015625 0.687692171875 0.4024256359375 0.6814385421875 0.42429687656250004 0.67310035625 0.44408509843750005 0.67310035625 0.4716845078125 0.6725792265625 0.5039705750000001 0.6725792265625 0.5367774187500001 0.6725792265625 0.5586486203125001 0.6720580578125 0.57427091875 0.6767483000000001 0.5909346875 0.6788328578125 0.606036290625 0.681959671875 0.62009634375 0.6850864875 0.6315526796875 0.6861287843749999 0.65811061875 0.6861287843749999 0.672691446875 0.68717104375 0.680502596875 0.6902978578125001 0.6746093625 0.666796875 0.650820165625 0.6710157984375 0.6253037765625 0.6616353140625 0.6044740453124999 0.6564239421875 0.5857272546875001 0.653297128125 0.565939034375 0.6543394453125 0.54354705625 0.6538182765625
0 0.6430090171875 0.49591369687500003 0.62009634375 0.49487143749999996 0.6044740453124999 0.492265753125 0.606036290625 0.5021673468750001 0.6211378140625 0.5021673468750001 0.6315526796875 0.504251903125 0.6404053000000001 0.509984403125 0.65394465625 0.5183226109375 0.66956695625 0.520407146875 0.683723946875 0.5248697921875001 0.6914381578125 0.5115478125 0.6872721953125 0.5110266828125 0.6778988796875 0.509463275 0.66123503125 0.5021673468750001 0.6430090171875 0.49591369687500003
0 0.40711233281250003 0.4745470796875 0.3920107703125 0.484448703125 0.3743054890625 0.4943502875 0.3576417203125 0.4974771234375 0.3409779515625 0.500082809375 0.33160455624999996 0.5011250671874999 0.3227519359375 0.500082809375 0.3289062375 0.5216145828125 0.34254015781249997 0.514674646875 0.3644114 0.510505553125 0.3805544328125 0.5068575890625 0.3951352203125 0.4964348453125 0.40659159687499996 0.4880966375 0.40711233281250003 0.4745470796875
0 0.5086572734375 0.48132185937500005 0.49772167187500005 0.477152765625 0.48886901250000003 0.4745470796875 0.476891940625 0.467772290625 0.4675185453125 0.46725116250000004 0.4565829453125 0.4599552328125 0.45189624687499996 0.457349546875 0.45293775781249995 0.478195034375 0.4675185453125 0.47663164687500004 0.47741267656249997 0.48340640625000003 0.486786071875 0.48861778749999996 0.499804653125 0.491744603125 0.507615803125 0.49487143749999996 0.5268832875 0.4933080109375 0.5352151734375 0.49278688125 0.541464115625 0.48966006562500003 0.549796 0.48861778749999996 0.5574218625 0.49036458281249995 0.5591693546875 0.4688145890625 0.549796 0.471420275 0.5362566828124999 0.477152765625 0.5232381015625001 0.48132185937500005 0.5086572734375 0.48132185937500005
5 0.36051334218750003 0.6512499078125 0.36217469375 0.6454351765624999 0.365497396875 0.6371284171875 0.36715874843749996 0.629652334375 0.3696507765625 0.62716030625 0.36217469375 0.629652334375 0.3414077953125 0.6313136859374999 0.3322703609375 0.6371284171875 0.33891576875 0.6512499078125 0.3488838796875 0.6520805828125 0.36051334218750003 0.6512499078125
3 0.2832720421875 0.6196691171875 0.286156596875 0.6567079437500001 0.303800746875 0.660386534375 0.31629865625 0.6567079437500001 0.314828334375 0.6169791546875001 0.296449021875 0.609621971875 0.2832720421875 0.6196691171875
