2 0.4213765625 0.5870765625 0.424734375 0.589878125 0.427346875 0.5950171875 0.42921250000000005 0.6006234375 0.43592812500000006 0.6024921875 0.43779531250000003 0.6024921875 0.44413749999999996 0.5978203125 0.447496875 0.5950171875 0.45384062500000005 0.5889453125 0.457571875 0.582871875 0.45719843750000005 0.5758640625 0.45607968750000005 0.5693234375 0.45234687500000004 0.564184375 0.4482421875 0.5609140625 0.4426453125 0.562315625 0.436675 0.56511875 0.431078125 0.564184375 0.425853125 0.5655859375000001 0.42212187500000004 0.5744625 0.4213765625 0.5870765625
2 0.5703437499999999 0.5108078125 0.5678609375 0.51205 0.563390625 0.5114296875 0.5599140625000001 0.513915625 0.5599140625000001 0.5188906249999999 0.5619015625 0.5269734374999999 0.56488125 0.53754375 0.569846875 0.541275 0.5758078125 0.541275 0.5817671875 0.541275 0.58723125 0.5350578125000001 0.5897140624999999 0.5282171875 0.5887203125 0.5170250000000001 0.5862375 0.5058328125 0.5822640625 0.49961406249999996 0.5768015625 0.5033453125 0.5733234375 0.5058328125 0.5703437499999999 0.5108078125
2 0.5981578125 0.5319484375 0.6041171875 0.5350578125000001 0.607096875 0.538165625 0.6120640625 0.538165625 0.6170312499999999 0.5344359375 0.6175265624999999 0.5251078125 0.6155406250000001 0.522 0.614546875 0.51329375 0.6105734375 0.5076984375 0.6061046875 0.5052109375 0.5976609374999999 0.5039671875 0.5862375 0.5039671875 0.58723125 0.513915625 0.5882234375000001 0.522621875 0.5907078125 0.5275953125 0.5981578125 0.5319484375
2 0.6339171875 0.5331921875 0.6408703124999999 0.5307046875 0.6448437499999999 0.5269734374999999 0.6428578125 0.517646875 0.6428578125 0.5101859375 0.6388843750000001 0.5045890625 0.6329234375 0.5045890625 0.6259703125 0.5033453125 0.6205078125 0.5033453125 0.61504375 0.5101859375 0.6175265624999999 0.5188906249999999 0.6200109375 0.5257296874999999 0.6234875 0.5288390625 0.629446875 0.5331921875 0.6339171875 0.5331921875
1 0.6736500000000001 0.5599296875 0.6691796875 0.5568203125 0.6721609374999999 0.56676875 0.676134375 0.568634375 0.676134375 0.5636593750000001 0.6736500000000001 0.5599296875
5 0.4108455875 0.5202205875 0.40992647031249996 0.5064338234375 0.4053308828125 0.47886029375000005 0.383272059375 0.4641544125 0.3795955875 0.48988970624999995 0.383272059375 0.5275735296875 0.3998161765625 0.544117646875 0.4108455875 0.5202205875
5 0.6636029406249999 0.6341911765625 0.67738970625 0.6323529421874999 0.68198529375 0.6204044125 0.6856617640625 0.5873161765625 0.684742646875 0.5744485296875 0.68198529375 0.5762867640625 0.6636029406249999 0.5661764703125 0.637867646875 0.5634191171875 0.6323529406249999 0.5643382359375 0.6341911765625 0.60386029375 0.637867646875 0.6240808828125 0.6636029406249999 0.6341911765625
5 0.3529411765625 0.627757353125 0.36948529375 0.6295955875 0.38694852968750004 0.6213235296875 0.393382353125 0.6056985296875 0.3970588234375 0.5919117640625 0.4016544125 0.5873161765625 0.3924632359375 0.5689338234375 0.372242646875 0.56801470625 0.36305147031249996 0.56801470625 0.35569852968750004 0.5863970578125001 0.351102940625 0.612132353125 0.3529411765625 0.627757353125
0 0.5248161765625 0.6029411765625 0.596507353125 0.5928308828125 0.6176470593750001 0.5928308828125 0.6525735296875 0.59375 0.66636029375 0.5946691171875 0.6810661765625 0.5928308828125 0.6865808828125 0.5891544125 0.7178308828125 0.5744485296875 0.721507353125 0.565257353125 0.71875 0.5579044125 0.6985294125 0.565257353125 0.684742646875 0.5744485296875 0.6801470593750001 0.5799632359375 0.6792279406249999 0.5928308828125 0.65073529375 0.5891544125 0.6102941171875 0.58823529375 0.6314338234375 0.580882353125 0.59926470625 0.580882353125 0.5873161765625 0.580882353125 0.575367646875 0.5854779421874999 0.5505514703125 0.590992646875 0.5376838234375 0.59375 0.5193014703125 0.5946691171875 0.49632352968750004 0.5946691171875 0.4797794125 0.5946691171875 0.46323529375000005 0.59375 0.4466911765625 0.590992646875 0.4200367640625 0.58823529375 0.3970588234375 0.5854779421874999 0.36948529375 0.580882353125 0.34926470625 0.578125 0.336397059375 0.5762867640625 0.330882353125 0.5735294125 0.30882352968750004 0.5661764703125 0.299632353125 0.5661764703125 0.3235294125 0.578125 0.3768382359375 0.590992646875 0.419117646875 0.5955882359375 0.440257353125 0.5974264703125 0.484375 0.6020220578125001 0.5248161765625 0.6029411765625
0 0.4172794125 0.515625 0.4420955875 0.515625 0.47610294062499997 0.5174632359375 0.5091911765625 0.515625 0.534007353125 0.5147058828125 0.55698529375 0.5091911765625 0.5799632359375 0.5073529421874999 0.6102941171875 0.502757353125 0.625 0.502757353125 0.6626838234375 0.4990808828125 0.6966911765625 0.4852941171875 0.7261029406249999 0.471507353125 0.7251838234375 0.471507353125 0.705882353125 0.47886029375000005 0.6443014703125 0.4935661765625 0.6231617640625 0.497242646875 0.5919117640625 0.4990808828125 0.5643382359375 0.502757353125 0.518382353125 0.5119485296875 0.487132353125 0.5082720578125001 0.44944852968750004 0.502757353125 0.387867646875 0.5073529421874999 0.383272059375 0.5073529421874999 0.3290441171875 0.49172794218749993 0.2858455875 0.47426470624999995 0.28492647031249996 0.487132353125 0.3106617640625 0.4908088234375 0.3501838234375 0.502757353125 0.3952205875 0.5165441171875 0.4172794125 0.515625
