2 0.3052453125 0.5100374999999999 0.296946875 0.5079578125 0.28450000000000003 0.5072656249999999 0.276203125 0.5086515625 0.27356250000000004 0.5211265625 0.270921875 0.5322171875 0.2705453125 0.5474640625 0.27356250000000004 0.5613265625 0.2837453125 0.5647921874999999 0.294684375 0.565484375 0.30562187500000004 0.5647921874999999 0.313165625 0.565484375 0.319578125 0.5606328125 0.3188234375 0.5474640625 0.3188234375 0.52320625 0.31655937500000003 0.506571875 0.3052453125 0.5100374999999999
1 0.3298140625 0.52661875 0.3298140625 0.5214546875 0.32934687500000004 0.515 0.32513125 0.5158609375000001 0.32442812499999996 0.5218859375 0.32419375 0.5248984375 0.32466249999999997 0.5279109375 0.3272390625 0.5300625 0.3298140625 0.52661875
1 0.3761158484375 0.530317634375 0.3735392859375 0.534620759375 0.36838772343750004 0.5483926343750001 0.3700267859375 0.5578598218749999 0.3768189734375 0.557430134375 0.3777549109375 0.5475316968749999 0.37915959843749997 0.537633259375 0.3784580359375 0.530317634375 0.3761158484375 0.530317634375
1 0.4163220984375 0.5649352671875 0.4193674109375 0.56106183125 0.4228799109375 0.5524540171875 0.4235830359375 0.5451383921875 0.4221767859375 0.5378227671875 0.4184299109375 0.53093683125 0.4163220984375 0.5404040171875 0.4153861609375 0.54901183125 0.41515178593749996 0.5589102671874999 0.4163220984375 0.5649352671875
2 0.6148296875 0.5743890625 0.6192796875 0.5722359375 0.6244328125 0.564490625 0.6270078125 0.555021875 0.628646875 0.5425421874999999 0.6277109375000001 0.531353125 0.6267734375 0.516290625 0.6249 0.5059625 0.621153125 0.49864687500000004 0.617875 0.49477343749999997 0.61295625 0.495203125 0.608975 0.49692499999999995 0.606165625 0.501659375 0.6038234375 0.5038109375000001 0.6003093749999999 0.50295 0.59703125 0.504240625 0.5911765625000001 0.5081140625 0.585790625 0.5141390625 0.58415 0.519303125 0.58415 0.5218859375 0.583915625 0.5274796875 0.584384375 0.5352265625 0.5862578125 0.5442640625 0.5869609375 0.5507187499999999 0.588834375 0.5636296875 0.5911765625000001 0.5649203125 0.59609375 0.5666421875000001 0.5991390625 0.5679328124999999 0.60593125 0.5718062500000001 0.6101468750000001 0.573096875 0.6148296875 0.5743890625
1 0.6599875 0.52945 0.6597046875 0.5226796874999999 0.6580046875 0.5138281250000001 0.6526203125000001 0.5117453125 0.6517703125 0.5216390625 0.6506359374999999 0.53309375 0.6517703125 0.5383015624999999 0.655453125 0.5351781250000001 0.6599875 0.52945
2 0.652053125 0.5919359375 0.64071875 0.5966234375 0.6308 0.6007890625 0.6279656250000001 0.615890625 0.629665625 0.629428125 0.6305171875 0.63671875 0.6319328125 0.64505 0.6359 0.6570265625 0.6418515625000001 0.6710875 0.6480859375 0.67941875 0.655453125 0.6841046875 0.66820625 0.6783765625 0.676140625 0.675253125 0.6809578125 0.666921875 0.684075 0.64505 0.684925 0.6257843750000001 0.6835078125 0.6122453125 0.677840625 0.6039125000000001 0.6659390625 0.6023515625 0.6574375 0.5981859375 0.652053125 0.5919359375
2 0.5979189734375 0.61536875 0.5976361609375 0.6278671874999999 0.5993361609375001 0.6346359374999999 0.6013205359375 0.650778125 0.6072705359375 0.65806875 0.6135049109375 0.6643171875 0.6203064734375 0.6705656249999999 0.6248408484375 0.6716078125 0.6288080359375 0.665359375 0.6302236609375 0.6570265625 0.6322080359375 0.642446875 0.6324908484375 0.6273453124999999 0.6310752234375 0.6122453125 0.6245564734375 0.605996875 0.6169064734374999 0.6007890625 0.6075549109375 0.6028718750000001 0.6018861609374999 0.609640625 0.5979189734375 0.61536875
6 0.5858890625 0.79185625 0.58900625 0.8022703124999999 0.591840625 0.80851875 0.601475 0.8126843750000001 0.608559375 0.8053953125 0.61139375 0.7965421874999999 0.6102593749999999 0.7824828125 0.608559375 0.7757140625 0.6062921875 0.7725890625 0.604025 0.7840453125 0.6009078125 0.7923765625 0.5915578125 0.7897734375 0.587590625 0.7804 0.5858890625 0.79185625
1 0.303483259375 0.639768303125 0.304333259375 0.6501839281249999 0.307450446875 0.6475792421875 0.310850446875 0.6418511171875 0.30801763437499996 0.634562053125 0.304333259375 0.631957365625 0.303483259375 0.639768303125
6 0.385302678125 0.8128 0.39792299062500003 0.802584375 0.396119865625 0.7905656249999999 0.385302678125 0.7845546875 0.378691740625 0.7821515625 0.369076115625 0.7893625 0.370879240625 0.8061906249999999 0.385302678125 0.8128
2 0.6032366078125 0.6623883921875 0.6010044640625 0.6506696421875 0.5987723218750001 0.6233258921875 0.5982142859375 0.6099330359375 0.5881696421875 0.6037946421875 0.57421875 0.6032366078125 0.5691964281249999 0.6177455359375 0.5680803578125 0.63671875 0.5714285718750001 0.6534598218750001 0.5775669640625 0.6674107140625 0.5876116078125 0.6791294640625 0.59375 0.6813616078125 0.6032366078125 0.6623883921875
5 0.6411830359375 0.5066964281249999 0.64453125 0.5022321421875 0.6495535718750001 0.497209821875 0.6529017859375 0.49162946406249997 0.6556919640625 0.48493303593750003 0.6473214281249999 0.48214285781250005 0.6199776781249999 0.485491071875 0.6160714281249999 0.48772321406249997 0.6233258921875 0.5033482140625 0.6300223218750001 0.5089285718750001 0.6339285718750001 0.5083705359375 0.6411830359375 0.5066964281249999
0 0.29352678593750003 0.6752232140625 0.3498883921875 0.6891741078125 0.38783482187499996 0.6908482140625 0.39118303593750003 0.6545758921875 0.30189732187499996 0.6316964281249999 0.25055803593750003 0.5998883921875 0.245157925 0.6322890578125 0.29352678593750003 0.6752232140625
0 0.23660714375 0.45368303593750003 0.2260044640625 0.484375 0.27622767812500004 0.5050223218750001 0.35546875 0.5306919640625 0.35491071406249997 0.49665178593750003 0.23660714375 0.45368303593750003
6 0.6389197546875 0.8063616078125 0.643384040625 0.8013392859374999 0.6456161828125 0.7963169640625 0.6461742187499999 0.7918526781249999 0.6428260046875 0.7896205359375 0.6400358265625 0.7885044640625 0.6333393968750001 0.7912946421875 0.6299911828125 0.7924107140625 0.6255268968750001 0.7979910718750001 0.6249688609375 0.8018973218750001 0.6272010046875 0.8046875 0.6299911828125 0.8069196421875 0.6327813609375 0.8080357140625001 0.6389197546875 0.8063616078125
6 0.6645893968750001 0.7873883921875 0.6673795765625 0.7790178578125 0.6712858265625 0.7734375 0.6673795765625 0.7622767859375 0.6612411828125 0.7533482140625 0.6389197546875 0.7628348218750001 0.6428260046875 0.7779017859375 0.6461742187499999 0.7829241078125 0.6484063609375 0.7873883921875 0.6517545765625 0.7918526781249999 0.6567768968750001 0.7924107140625 0.6645893968750001 0.7873883921875
6 0.6963974328125 0.78125 0.7003036828125 0.7795758921875 0.7030938609375 0.7745535718750001 0.7042099328125 0.7684151781249999 0.701977790625 0.7639508921875 0.7003036828125 0.7628348218750001 0.6852367187499999 0.7633928578125 0.6818885046875 0.7645089281249999 0.6813304687499999 0.765625 0.6802143968750001 0.76953125 0.6818885046875 0.7767857140625 0.6835626125 0.7801339281249999 0.6852367187499999 0.7806919640625 0.6919331468750001 0.78125 0.6963974328125 0.78125
