2 0.2705453125 0.5474640625 0.27356250000000004 0.5613265625 0.2837453125 0.5647921874999999 0.294684375 0.565484375 0.30562187500000004 0.5647921874999999 0.313165625 0.565484375 0.319578125 0.5606328125 0.3188234375 0.5474640625 0.3188234375 0.52320625 0.31655937500000003 0.506571875 0.3052453125 0.5100374999999999 0.296946875 0.5079578125 0.28450000000000003 0.5072656249999999 0.276203125 0.5086515625 0.27356250000000004 0.5211265625 0.270921875 0.5322171875 0.2705453125 0.5474640625
1 0.32466249999999997 0.5279109375 0.3272390625 0.5300625 0.3298140625 0.52661875 0.3298140625 0.5214546875 0.32934687500000004 0.515 0.32513125 0.5158609375000001 0.32442812499999996 0.5218859375 0.32419375 0.5248984375 0.32466249999999997 0.5279109375
1 0.3801671875 0.5563140625 0.381103125 0.5464156250000001 0.3825078125 0.5365171875 0.38180625 0.5292015625000001 0.3794640625 0.5292015625000001 0.3768875 0.5335046875 0.3743125 0.5412515625000001 0.3717359375 0.5472765625 0.373375 0.55674375 0.3801671875 0.5563140625
1 0.4157640625 0.545984375 0.414828125 0.5545921875000001 0.41459375 0.564490625 0.4157640625 0.570515625 0.41880937500000004 0.5666421875000001 0.422321875 0.558034375 0.423025 0.5507187499999999 0.42161875000000004 0.543403125 0.417871875 0.5365171875 0.4157640625 0.545984375
1 0.44012031250000005 0.5679328124999999 0.44129218750000004 0.5718062500000001 0.441759375 0.5636296875 0.441759375 0.552440625 0.44012031250000005 0.542971875 0.43754375 0.5507187499999999 0.4361390625 0.558034375 0.43731093750000005 0.5636296875 0.44012031250000005 0.5679328124999999
1 0.44527343750000004 0.5507187499999999 0.44457031249999995 0.5545921875000001 0.4438671875 0.5597562500000001 0.44410156250000005 0.570084375 0.4448046875 0.5718062500000001 0.4478484375 0.5662109375 0.44995624999999995 0.5623390625 0.45089375 0.55373125 0.44714687499999994 0.545125 0.44527343750000004 0.5507187499999999
2 0.6267734375 0.516290625 0.6249 0.5059625 0.621153125 0.49864687500000004 0.617875 0.49477343749999997 0.61295625 0.495203125 0.608975 0.49692499999999995 0.606165625 0.501659375 0.6038234375 0.5038109375000001 0.6003093749999999 0.50295 0.59703125 0.504240625 0.5911765625000001 0.5081140625 0.585790625 0.5141390625 0.58415 0.519303125 0.58415 0.5218859375 0.583915625 0.5274796875 0.584384375 0.5352265625 0.5862578125 0.5442640625 0.5869609375 0.5507187499999999 0.588834375 0.5636296875 0.5911765625000001 0.5649203125 0.59609375 0.5666421875000001 0.5991390625 0.5679328124999999 0.60593125 0.5718062500000001 0.6101468750000001 0.573096875 0.6148296875 0.5743890625 0.6192796875 0.5722359375 0.6244328125 0.564490625 0.6270078125 0.555021875 0.628646875 0.5425421874999999 0.6277109375000001 0.531353125 0.6267734375 0.516290625
1 0.6517703125 0.5383015624999999 0.655453125 0.5351781250000001 0.6599875 0.52945 0.6597046875 0.5226796874999999 0.6580046875 0.5138281250000001 0.6526203125000001 0.5117453125 0.6517703125 0.5216390625 0.6506359374999999 0.53309375 0.6517703125 0.5383015624999999
2 0.6319328125 0.64505 0.6359 0.6570265625 0.6418515625000001 0.6710875 0.6480859375 0.67941875 0.655453125 0.6841046875 0.66820625 0.6783765625 0.676140625 0.675253125 0.6809578125 0.666921875 0.684075 0.64505 0.684925 0.6257843750000001 0.6835078125 0.6122453125 0.677840625 0.6039125000000001 0.6659390625 0.6023515625 0.6574375 0.5981859375 0.652053125 0.5919359375 0.64071875 0.5966234375 0.6308 0.6007890625 0.6279656250000001 0.615890625 0.629665625 0.629428125 0.6305171875 0.63671875 0.6319328125 0.64505
2 0.6197484375 0.6705656249999999 0.6242828125 0.6716078125 0.62825 0.665359375 0.629665625 0.6570265625 0.6316499999999999 0.642446875 0.6319328125 0.6273453124999999 0.6305171875 0.6122453125 0.6239984375 0.605996875 0.6163484375 0.6007890625 0.606996875 0.6028718750000001 0.601328125 0.609640625 0.5973609375 0.61536875 0.597078125 0.6278671874999999 0.598778125 0.6346359374999999 0.6007625 0.650778125 0.6067125 0.65806875 0.612946875 0.6643171875 0.6197484375 0.6705656249999999
1 0.30236718749999997 0.640884375 0.3032171875 0.6513 0.306334375 0.6486953125 0.309734375 0.6429671875 0.3069015625 0.635678125 0.3032171875 0.6330734375 0.30236718749999997 0.640884375
2 0.56882025 0.631102015625 0.5629002109375 0.6462424171875 0.5786869640625001 0.671257021875 0.58921145 0.6824477359375 0.593092090625 0.6819078953125 0.59842034375 0.669940459375 0.601051528125 0.6449258796875 0.5951314390625 0.6146450531250001 0.5865803171875 0.6027960421875 0.5760558312499999 0.607403996875 0.56882025 0.631102015625
0 0.6517006453125 0.47903967031250005 0.6326250359375 0.47574827812500003 0.61091824375 0.484964175 0.5832914125 0.49286352187500004 0.5642157531249999 0.5007628703125 0.540535646875 0.505370825 0.5208022171875 0.513270171875 0.494490978125 0.52116949375 0.47870422343749996 0.5277522796875 0.45502411875000004 0.5185363953125 0.4352906890625 0.515903271875 0.417530621875 0.5165615640625 0.380037075 0.513270171875 0.35438360625 0.5020794328125 0.3260990546875 0.49286352187500004 0.30307671875 0.48693903125000004 0.2813699265625 0.47903967031250005 0.27479211718749996 0.477723121875 0.2728188046875 0.49944630781250005 0.29057887031249996 0.5020794328125 0.303734490625 0.5060290921874999 0.32281015 0.513270171875 0.33596576875 0.5165615640625 0.35175252343749996 0.5224860578125 0.364250321875 0.52314435 0.38793047812500003 0.5218277875 0.41818839375000005 0.5277522796875 0.4273973375 0.5290688421875 0.443184040625 0.5349933578125 0.459628565625 0.5297271359375 0.4826509 0.5422344125 0.494490978125 0.5409178515625 0.5161977703125 0.5270940125 0.52672225625 0.5270940125 0.5398778765625 0.5244608875 0.5556646296875 0.5172198328125 0.5668468859375 0.511953609375 0.5865803171875 0.5060290921874999 0.59644708125 0.50339599375 0.6188115953125 0.4987880390625 0.635913940625 0.49812974531250004 0.652358465625 0.49812974531250004 0.6734074375 0.49812974531250004 0.6885364203125001 0.49812974531250004 0.7090460375000001 0.5001644734374999 0.710900934375 0.484964175 0.7069542078125 0.47903967031250005 0.6924830453124999 0.48035625781249996 0.6701185328125 0.4810145140625 0.6517006453125 0.47903967031250005
0 0.573424696875 0.65874976875 0.5563224015625 0.6561165953125 0.5451400937499999 0.6567748875 0.52277558125 0.6561165953125 0.49975324531250004 0.6567748875 0.4826509 0.6567748875 0.472784184375 0.6567748875 0.45305075468749995 0.6561165953125 0.44515740312499996 0.6561165953125 0.4313440125 0.6574331578125 0.41489948749999994 0.6626993796875 0.404375003125 0.6626993796875 0.38990379062499997 0.65874976875 0.371485953125 0.6607245500000001 0.34977915937500004 0.6548000578125001 0.31820565312500004 0.651508665625 0.3050500328125 0.6469007109375 0.29715668125 0.64229280625 0.270845440625 0.633076846875 0.25900536406249997 0.627152353125 0.2491386484375 0.619911275 0.24584974375000002 0.632418578125 0.2603209546875 0.6455841984374999 0.2820276984375 0.6574331578125 0.2918944125 0.669940459375 0.301761128125 0.6758649515624999 0.3260990546875 0.67915634375 0.34451689218750003 0.6837642984375 0.366223684375 0.6837642984375 0.382668209375 0.67652324375 0.40042827656249996 0.6752067328125 0.4208195265625 0.6752067328125 0.44844630781249994 0.6752067328125 0.4602863859375 0.6679656281249999 0.47607309062500003 0.6653325546875 0.49646434062499994 0.6646742359375 0.52474889375 0.6646742359375 0.5438245515625 0.6646742359375 0.5642157531249999 0.669282165625 0.5931582265625 0.668623946875 0.6043404328124999 0.6732318515625 0.622758321875 0.6732318515625 0.635913940625 0.6824477359375 0.64972728125 0.6798146375 0.6701185328125 0.6771815125 0.6878786 0.6732318515625 0.6860197218749999 0.6580592109375 0.6720918953125 0.6613828421875 0.6470961984375 0.6620411625 0.633940578125 0.6620411625 0.612233784375 0.6613828421875 0.59842034375 0.6607245500000001 0.573424696875 0.65874976875
1 0.39582382968749996 0.6745484140625 0.39582382968749996 0.665990771875 0.3940789328125 0.6580592109375 0.38727265625 0.6541417640625 0.3859571140625 0.6613828421875 0.38727265625 0.670598728125 0.38924601875 0.6771815125 0.39582382968749996 0.6745484140625
6 0.605655975 0.8023590468749999 0.60894488125 0.7977511421875 0.61091824375 0.7878769625 0.607072353125 0.7830592109375 0.6043404328124999 0.79116835625 0.5997359859375 0.7924848671875 0.5918425843749999 0.7859020828125 0.5938158984374999 0.7957762609375 0.5997359859375 0.8030173140624999 0.605655975 0.8023590468749999
6 0.6352561203125 0.8010425078125 0.6276315640625 0.79457236875 0.62933613125 0.8049921703124999 0.63130939375 0.8069669749999999 0.638545025 0.8056504375 0.641176109375 0.797092821875 0.6405183875 0.7957762609375 0.6352561203125 0.8010425078125
6 0.6602518171875 0.7516716437500001 0.659593996875 0.7641788953125 0.659593996875 0.776686171875 0.6589362750000001 0.783927253125 0.6517006453125 0.7826106890625 0.6432565640625 0.7756578953125 0.6510428234375001 0.78853518125 0.661567359375 0.79116835625 0.6655140859374999 0.7832689578124999 0.6655140859374999 0.7654954328125 0.6602518171875 0.7516716437500001
6 0.6977453140625001 0.7687868250000001 0.6924830453124999 0.7753696109375 0.689194140625 0.7753696109375 0.6819078796875 0.7699013171875 0.685247515625 0.781294178125 0.6937985875 0.7819523968750001 0.699718678125 0.7733947796875 0.69906085625 0.7674702875 0.6977453140625001 0.7687868250000001
6 0.3964816 0.818816009375 0.39516605781249997 0.8049921703124999 0.38924601875 0.8063087078125 0.38398375156250003 0.8076252937499999 0.380037075 0.8076252937499999 0.378721534375 0.8056504375 0.378721534375 0.8036755828125 0.37806376249999996 0.7951179671874999 0.37806376249999996 0.7905100375 0.3784539328125 0.7838815796875 0.3695125890625 0.7924848671875 0.36885481875 0.8023590468749999 0.3701703609375 0.8128914921874999 0.380037075 0.8214491328125 0.38727265625 0.8234239390625 0.3964816 0.818816009375
