5 0.627126325 0.8083303078125 0.642363503125 0.8083303078125 0.6423634515625001 0.77676675625 0.6271263890625 0.77676675625 0.627126325 0.8083303078125
5 0.6188474421875 0.7890585140625 0.6052166921875 0.774159240625 0.585223253125 0.7924469984375 0.598853953125 0.8073462234375001 0.6188474421875 0.7890585140625
5 0.6579529640625 0.74807911875 0.6335556671875 0.7621589640625 0.652269040625 0.7945792468749999 0.6766662921875 0.7804994640625 0.6579529640625 0.74807911875
5 0.688388703125 0.75366363125 0.676893528125 0.7736940453125001 0.694144065625 0.7835920546875 0.7056391859375 0.7635616890625 0.688388703125 0.75366363125
5 0.365024396875 0.8193554328125 0.39414285625 0.8231788046874999 0.3990576171875 0.7857548015625 0.369939421875 0.781931446875 0.365024396875 0.8193554328125
5 0.3585116796875 0.777836753125 0.33787110781249996 0.775122590625 0.3327301796875 0.8142107078124999 0.3533707484375 0.8169248578125 0.3585116796875 0.777836753125
5 0.325669709375 0.768204996875 0.307192740625 0.7650213015625 0.30084005468749997 0.8018830593749999 0.31931702031250003 0.8050667406249999 0.325669709375 0.768204996875
5 0.2961680921875 0.7399821890625 0.2752237359375 0.7399821890625 0.2752237359375 0.7745681015625 0.2961680921875 0.7745681015625 0.2961680921875 0.7399821890625
5 0.275916478125 0.7738789203125 0.2657956125 0.7515926984375 0.233137303125 0.766421171875 0.243258059375 0.7887073015625 0.275916478125 0.7738789203125
5 0.2730000890625 0.34977125937500003 0.2513490390625 0.34782601875 0.24822081406250002 0.3826426234375 0.2698718640625 0.384587859375 0.2730000890625 0.34977125937500003
