2 0.3567941015625 0.5334314265625 0.3096517953125 0.530603165625 0.3047857953125 0.6117033484375 0.35192809999999997 0.6145315874999999 0.3567941015625 0.5334314265625
2 0.404365996875 0.5732213125000001 0.4329663109375 0.5740156921875 0.4347632375 0.50932115625 0.40616322968749996 0.5085267796874999 0.404365996875 0.5732213125000001
2 0.558812646875 0.509526025 0.4910276890625 0.509894384375 0.49164373437500003 0.6232475828124999 0.559428690625 0.622879228125 0.558812646875 0.509526025
2 0.571130334375 0.707226540625 0.597781209375 0.701813796875 0.582957478125 0.6288368578125 0.55630699375 0.6342495609375 0.571130334375 0.707226540625
2 0.669442646875 0.5827018578125001 0.62875150625 0.585753346875 0.635125925 0.670745415625 0.6758170609375 0.6676939515625 0.669442646875 0.5827018578125001
4 0.5326571421875 0.504289203125 0.5511577265625001 0.5039299859375 0.5482906359374999 0.35628595937499996 0.529790409375 0.356645171875 0.5326571421875 0.504289203125
4 0.49197524843749996 0.49952316718749995 0.511303040625 0.49698017187500004 0.494052278125 0.36587688281249997 0.4747248203125 0.36841985625 0.49197524843749996 0.49952316718749995
4 0.5917599906250001 0.8049148203125001 0.6068331328125 0.80265423125 0.5918086375 0.7024932328125 0.5767358437500001 0.7047537953125 0.5917599906250001 0.8049148203125001
4 0.679947265625 0.6559624296875 0.65702885625 0.657691853125 0.6640883359374999 0.7512306953125 0.68700674375 0.7495012875 0.679947265625 0.6559624296875
7 0.32388154375 0.6024107390625 0.31534078593750003 0.599431775 0.29403409062499997 0.6605113640625 0.3025748390625 0.663490309375 0.32388154375 0.6024107390625
6 0.301185365625 0.6709628046875 0.284201446875 0.6650846031250001 0.272476471875 0.698956859375 0.2894603796875 0.7048350390625 0.301185365625 0.6709628046875
3 0.6032820328125 0.6351942562499999 0.61385638125 0.6292664343750001 0.6055371953125 0.6144280453125 0.5949628734375 0.6203558578124999 0.6032820328125 0.6351942562499999
