2 0.418 0.5736 0.42519999999999997 0.5688 0.43079999999999996 0.5624 0.43360000000000004 0.5511999999999999 0.43360000000000004 0.5432 0.434 0.5368 0.4324 0.5248 0.42919999999999997 0.5176000000000001 0.4248 0.5112 0.41600000000000004 0.5088 0.40800000000000003 0.5176000000000001 0.40679999999999994 0.5312 0.40519999999999995 0.5432 0.40519999999999995 0.5584 0.40800000000000003 0.5648 0.4128 0.5704 0.418 0.5736
2 0.5544 0.512 0.5452 0.5096 0.5396 0.5112 0.536 0.5136000000000001 0.5328 0.52 0.5316 0.5256000000000001 0.5304 0.5224 0.5264 0.516 0.5244 0.516 0.5208 0.5168 0.5184 0.52 0.516 0.5216000000000001 0.5144 0.524 0.5132 0.5272 0.5104 0.5192 0.5092 0.5176000000000001 0.5035999999999999 0.5176000000000001 0.496 0.5216000000000001 0.492 0.5312 0.49119999999999997 0.5416000000000001 0.49160000000000004 0.6152 0.4944 0.6216 0.5004 0.6232 0.51 0.6224000000000001 0.5136000000000001 0.6192 0.5164 0.6128 0.5208 0.6176 0.528 0.616 0.5328 0.6128 0.5352 0.608 0.5376000000000001 0.6112 0.5404 0.6152 0.5496000000000001 0.6112 0.5544 0.604 0.5576 0.5936 0.5591999999999999 0.5808 0.5584 0.5648 0.5584 0.5504 0.558 0.532 0.5551999999999999 0.5184 0.5544 0.512
2 0.5912 0.6832 0.5900000000000001 0.6712 0.5888 0.6576 0.5856 0.6448 0.5836 0.632 0.5791999999999999 0.6296 0.5736 0.6344000000000001 0.5671999999999999 0.6344000000000001 0.5616 0.6424000000000001 0.5604 0.6544 0.564 0.6679999999999999 0.5676 0.6816 0.5708 0.6968 0.5751999999999999 0.7064 0.5808 0.7032 0.5871999999999999 0.7 0.5916 0.6928 0.5912 0.6832
2 0.6712 0.648 0.6732 0.6408 0.6724 0.6232 0.6708000000000001 0.612 0.6708000000000001 0.6008 0.6692 0.5912 0.6644 0.584 0.6628000000000001 0.5831999999999999 0.6524 0.5856 0.6488 0.5912 0.6464000000000001 0.5944 0.64 0.5928 0.6336 0.592 0.63 0.6024 0.6312 0.6184000000000001 0.634 0.636 0.6432 0.6559999999999999 0.6504 0.6696 0.662 0.6616 0.6712 0.648
4 0.5482954546875 0.35653409062499997 0.5355113640625 0.35653409062499997 0.53125 0.43181818281249995 0.5340909093749999 0.5042613625000001 0.5511363640625 0.5028409093749999 0.5482954546875 0.48011363749999997 0.5482954546875 0.440340909375 0.5482954546875 0.39346590937500003 0.5482954546875 0.35653409062499997
4 0.49431818281249995 0.367897728125 0.47869318281249995 0.367897728125 0.477272728125 0.38778409062499997 0.48579545468749996 0.446022728125 0.49431818281249995 0.497159090625 0.5099431828125 0.497159090625 0.508522728125 0.475852271875 0.5014204546875 0.44744318281249995 0.497159090625 0.413352271875 0.49431818281249995 0.367897728125
4 0.5923295453125 0.7059659093749999 0.578125 0.7045454546875 0.585227271875 0.7613636374999999 0.59375 0.7940340906250001 0.5980113640625 0.8039772718749999 0.602272728125 0.8011363625 0.600852271875 0.7627840906250001 0.5923295453125 0.7059659093749999
4 0.6761363640625 0.65625 0.6576704546875 0.6661931828125 0.663352271875 0.741477271875 0.680397728125 0.75 0.6860795453125 0.7372159093749999 0.680397728125 0.710227271875 0.6761363640625 0.65625
0 0.671875 0.663352271875 0.6917613640625 0.6590909093749999 0.696022728125 0.6392045453125 0.649147728125 0.6377840906250001 0.6363636359375 0.6519886374999999 0.6079545453125 0.6704545453125 0.5880681828125 0.6818181828125 0.5667613640625 0.6903409093749999 0.5426136359375 0.7002840906250001 0.484375 0.6931818171875 0.45170454531250004 0.6860795453125 0.40482954531250004 0.6690340906250001 0.36221590937500003 0.633522728125 0.319602271875 0.5994318171875 0.3011363640625 0.585227271875 0.3068181828125 0.6051136374999999 0.3068181828125 0.605587121875 0.3380681828125 0.6420454546875 0.38778409062499997 0.6732954546875 0.42755681718750005 0.6974431828125 0.47301136406250005 0.7159090906250001 0.515625 0.7159090906250001 0.5681818171875 0.7173295453125 0.6122159093749999 0.703125 0.671875 0.663352271875
0 0.47017045468749996 0.5482954546875 0.49431818281249995 0.5269886374999999 0.5340909093749999 0.5198863625000001 0.5681818171875 0.5042613625000001 0.6036931828125 0.5042613625000001 0.671875 0.477272728125 0.6590909093749999 0.461647728125 0.6193181828125 0.47869318281249995 0.5596590906250001 0.477272728125 0.49857954531250004 0.48011363749999997 0.48011363593749995 0.507102271875 0.4375 0.492897728125 0.3963068171875 0.475852271875 0.3167613640625 0.42329545468749996 0.3181818171875 0.45880681718750005 0.34375 0.47443181718750005 0.37642045468749996 0.49005681718750005 0.42613636406250005 0.522727271875 0.47017045468749996 0.5482954546875
