2 0.3320298109375 0.6052995640625001 0.3294293421875 0.677267665625 0.3819825953125 0.6791660203125 0.38458268125 0.6071982874999999 0.3320298109375 0.6052995640625001
2 0.363154640625 0.5581390625 0.39427191875 0.5581390625 0.39427176875000003 0.49345937500000003 0.36315481250000003 0.49345937500000003 0.363154640625 0.5581390625
2 0.4101833375 0.6205996671875 0.3791473328125 0.619012425 0.3753352375 0.6935423578125001 0.40637124062499996 0.6951295890625 0.4101833375 0.6205996671875
2 0.42375945000000004 0.49174105937499996 0.3923059765625 0.4910133140625 0.3905909171875 0.5651329140625 0.422044390625 0.5658606546875 0.42375945000000004 0.49174105937499996
2 0.600425 0.5174421875 0.56435625 0.5174421875 0.56435625 0.59084375 0.600425 0.59084375 0.600425 0.5174421875
2 0.6292701109375 0.5152367734375 0.5985036453125 0.5130980875 0.593699834375 0.5821980859375 0.6244662984375 0.5843367578125 0.6292701109375 0.5152367734375
2 0.58769375 0.6402609375 0.5615281249999999 0.6402609375 0.5615281249999999 0.7143890625 0.58769375 0.7143890625 0.58769375 0.6402609375
2 0.588699634375 0.718704834375 0.619372690625 0.716407346875 0.6136228265625 0.6396561859375 0.58295025625 0.6419536531250001 0.588699634375 0.718704834375
3 0.650513128125 0.585186415625 0.6681483765625 0.5535182046875 0.6218766453125 0.5277530265625 0.6042413890625 0.5594210953125 0.650513128125 0.585186415625
3 0.601927934375 0.64062293125 0.616394575 0.679537321875 0.6712956015625 0.6591299203125 0.6568288625 0.6202157546875 0.601927934375 0.64062293125
3 0.4455623953125 0.5258786046874999 0.43882210156249996 0.5241586546875 0.43315163593749995 0.5463786625 0.43989192812500005 0.548098609375 0.4455623953125 0.5258786046874999
3 0.465809021875 0.5713902875 0.473717459375 0.572309090625 0.47721505156250005 0.54220695 0.46930665468750005 0.5412881484375001 0.465809021875 0.5713902875
3 0.432036575 0.534087228125 0.44653209531250004 0.552281371875 0.4667492953125 0.536175421875 0.4522537953125 0.5179813156249999 0.432036575 0.534087228125
3 0.546669628125 0.57780424375 0.557400646875 0.5773753765625 0.5564872921874999 0.5545244078125 0.545756315625 0.554953275 0.546669628125 0.57780424375
3 0.535402871875 0.560569359375 0.5267650796875001 0.5594905765625 0.5235876109375 0.584929984375 0.532225403125 0.586008765625 0.535402871875 0.560569359375
9 0.7266926 0.7196671718750001 0.78226651875 0.6723679765624999 0.7251473015625 0.6052655640625 0.66957398125 0.6525643390625 0.7266926 0.7196671718750001
3 0.402414975 0.630610428125 0.40715451406250003 0.667108940625 0.437568678125 0.6631599031250001 0.4328290453125 0.6266615 0.402414975 0.630610428125
7 0.4062525984375 0.423960478125 0.4013705359375 0.4239763734375 0.40159434687499995 0.49271730781249995 0.406476409375 0.4927014140625 0.4062525984375 0.423960478125
7 0.60967144375 0.716072234375 0.6055005765625 0.7165944328125 0.6130517906249999 0.7768968968750001 0.6172226578125 0.7763747015625 0.60967144375 0.716072234375
6 0.6039882375000001 0.797956771875 0.6246164640625 0.797956771875 0.6246163546875 0.7531805874999999 0.6039883484375 0.7531805874999999 0.6039882375000001 0.797956771875
6 0.6082124546875 0.4055103546875 0.58320599375 0.4039234171875 0.5802720265625 0.45015346562499997 0.6052784859375 0.4517403984375 0.6082124546875 0.4055103546875
6 0.6914551437500001 0.7586846921875 0.700310296875 0.7589830015625 0.7008909921875001 0.7417478953125001 0.6920358734375001 0.7414495859375 0.6914551437500001 0.7586846921875
6 0.712179503125 0.7367274109374999 0.701620475 0.7367274109374999 0.701620475 0.7506001296875 0.712179503125 0.7506001296875 0.712179503125 0.7367274109374999
6 0.63358754375 0.7931188687499999 0.6504253390625 0.7931188687499999 0.6504253015625 0.7611628078125 0.633587634375 0.7611628078125 0.63358754375 0.7931188687499999
6 0.660325209375 0.78203065 0.6734713546875 0.7746572171875 0.65792949375 0.746952575 0.6447834265625 0.7543259812499999 0.660325209375 0.78203065
6 0.3714030875 0.795135140625 0.38650216249999997 0.7900046046875 0.3729807734375 0.75021889375 0.357881834375 0.75534940625 0.3714030875 0.795135140625
6 0.666533640625 0.4241214703125 0.6877625078125 0.4241214703125 0.68776246875 0.39408470156250003 0.66653368125 0.39408470156250003 0.666533640625 0.4241214703125
