2 0.61005461875 0.5379796875 0.6593080078125 0.5379796875 0.6593077 0.46341406249999995 0.6100548828125001 0.46341406249999995 0.61005461875 0.5379796875
2 0.7119022109375 0.5100785671875 0.693184396875 0.45705384374999997 0.6455860515625 0.473854978125 0.664303628125 0.5268794984375 0.7119022109375 0.5100785671875
2 0.652452309375 0.6277103453125 0.70406523125 0.6083597000000001 0.681206921875 0.5473981625000001 0.6295945328125 0.5667487 0.652452309375 0.6277103453125
2 0.5882018828125 0.5689696796875 0.59719093125 0.6409464984375 0.650043109375 0.63434625625 0.6410537625 0.562369778125 0.5882018828125 0.5689696796875
2 0.4996608453125 0.5637624999999999 0.5271735359374999 0.5637624999999999 0.527173340625 0.47386718749999995 0.4996610546875 0.47386718749999995 0.4996608453125 0.5637624999999999
2 0.293196990625 0.5213036921875001 0.3350294203125 0.5261583125 0.3438737859375 0.449950003125 0.3020418359375 0.4450954109375 0.293196990625 0.5213036921875001
2 0.3850372203125 0.470539259375 0.33992035 0.4667478328125 0.3337742875 0.5398787046875 0.3788911546875 0.543670109375 0.3850372203125 0.470539259375
2 0.4090105765625 0.4607611359375 0.3769036375 0.46025493125 0.3756259 0.54129185625 0.40773283749999994 0.5417980578125 0.4090105765625 0.4607611359375
2 0.3556390625 0.5470390625 0.313859375 0.5470390625 0.313859375 0.622996875 0.3556390625 0.622996875 0.3556390625 0.5470390625
2 0.3964718875 0.571395925 0.3533353171875 0.567189103125 0.3458873328125 0.6435521625 0.3890239 0.6477589546875 0.3964718875 0.571395925
2 0.4280593125 0.562651553125 0.3936622046875 0.5620317734375 0.3925911640625 0.62146718125 0.426988271875 0.6220869578125 0.4280593125 0.562651553125
9 0.3031532015625 0.498769046875 0.22556418125 0.508783190625 0.239113246875 0.6137510015625 0.3167022515625 0.603736946875 0.3031532015625 0.498769046875
7 0.3959210828125 0.3686936640625 0.3875448453125 0.3686936640625 0.3875448453125 0.46474966406249996 0.3959210828125 0.46474966406249996 0.3959210828125 0.3686936640625
7 0.3279626578125 0.3648150484375 0.3206231953125 0.36453290312500003 0.317822209375 0.4373919046875 0.3251616734375 0.4376740484375 0.3279626578125 0.3648150484375
7 0.5131045640624999 0.377514075 0.5064459125 0.37744707499999997 0.505477965625 0.47363924218750003 0.5121366171874999 0.47370624218749996 0.5131045640624999 0.377514075
7 0.649890334375 0.7049606171875 0.6554875531250001 0.7034619046875 0.6382296375000001 0.639018178125 0.632632490625 0.6405168796875 0.649890334375 0.7049606171875
7 0.6179788140625 0.7186826890625 0.62484298125 0.718203209375 0.6192379765625 0.6379750234375 0.6123739234375 0.6384544984375 0.6179788140625 0.7186826890625
7 0.3179720328125 0.66207000625 0.32495134999999997 0.6640665968749999 0.3393372578125 0.6137852390625 0.3323580078125 0.6117886578125 0.3179720328125 0.66207000625
7 0.6576900234374999 0.4142427609375 0.651861625 0.41263412343750006 0.6417179640625 0.44938446875000004 0.6475463609375 0.45099310312499996 0.6576900234374999 0.4142427609375
7 0.6457206828125 0.36207289375 0.632943684375 0.36191124218750004 0.6316260406249999 0.46605282031249995 0.6444030390625 0.466214471875 0.6457206828125 0.36207289375
6 0.71600244375 0.6813796984375 0.6817218859375 0.6937416484375001 0.69774381875 0.738164790625 0.73202434375 0.7258029031250001 0.71600244375 0.6813796984375
