2 0.61005461875 0.5379796875 0.6593080078125 0.5379796875 0.6593077 0.46341406249999995 0.6100548828125001 0.46341406249999995 0.61005461875 0.5379796875
2 0.7119022109375 0.5100785671875 0.693184396875 0.45705384374999997 0.6455860515625 0.473854978125 0.664303628125 0.5268794984375 0.7119022109375 0.5100785671875
2 0.652452309375 0.6277103453125 0.70406523125 0.6083597000000001 0.681206921875 0.5473981625000001 0.6295945328125 0.5667487 0.652452309375 0.6277103453125
2 0.5882018828125 0.5689696796875 0.59719093125 0.6409464984375 0.650043109375 0.63434625625 0.6410537625 0.562369778125 0.5882018828125 0.5689696796875
2 0.4996608453125 0.5637624999999999 0.5271735359374999 0.5637624999999999 0.527173340625 0.47386718749999995 0.4996610546875 0.47386718749999995 0.4996608453125 0.5637624999999999
2 0.293196990625 0.5213036921875001 0.3350294203125 0.5261583125 0.3438737859375 0.449950003125 0.3020418359375 0.4450954109375 0.293196990625 0.5213036921875001
2 0.3850372203125 0.470539259375 0.33992035 0.4667478328125 0.3337742875 0.5398787046875 0.3788911546875 0.543670109375 0.3850372203125 0.470539259375
2 0.4090105765625 0.4607611359375 0.3769036375 0.46025493125 0.3756259 0.54129185625 0.40773283749999994 0.5417980578125 0.4090105765625 0.4607611359375
2 0.3556390625 0.5470390625 0.313859375 0.5470390625 0.313859375 0.622996875 0.3556390625 0.622996875 0.3556390625 0.5470390625
2 0.3964718875 0.571395925 0.3533353171875 0.567189103125 0.3458873328125 0.6435521625 0.3890239 0.6477589546875 0.3964718875 0.571395925
2 0.4280593125 0.562651553125 0.3936622046875 0.5620317734375 0.3925911640625 0.62146718125 0.426988271875 0.6220869578125 0.4280593125 0.562651553125
6 0.71600244375 0.6813796984375 0.6817218859375 0.6937416484375001 0.69774381875 0.738164790625 0.73202434375 0.7258029031250001 0.71600244375 0.6813796984375
