4 0.33056578909906875 0.41317474356581246 0.3015668891481482 0.4156321762831118 0.2928893061380222 0.31323495008875535 0.3218878764027977 0.3107775314646291
4 0.6183035718750001 0.2734375 0.6417410718750001 0.2734375 0.6417410718750001 0.3984375 0.6183035718750001 0.3984375
4 0.5871412887587439 0.4295850462509064 0.5728877311306633 0.4297470120497564 0.5716573139326329 0.3214640192288823 0.5859106949108082 0.3213020544341768
4 0.6062393620140938 0.42231395243069947 0.5850077680504455 0.42306327393055415 0.5802475628024695 0.2881866327018462 0.6014788453028359 0.28743731672275574
4 0.36718761248357623 0.4408482124084056 0.34580616267737696 0.44116263120397614 0.3441619733475818 0.32934989891410105 0.36554314459510806 0.32903548215784256
6 0.36228230744222856 0.6858590590367368 0.3750220481415454 0.6873179761007314 0.37213457163647945 0.7125286396191352 0.359394831615532 0.7110697264974665
6 0.31795045391129406 0.686627832390543 0.30298562779239546 0.6806217762620402 0.3137045920017272 0.6539179616107449 0.32866933989703284 0.6599240000809979
4 0.5861056917348151 0.7778477425532998 0.5673468836281472 0.779410060063786 0.5582371237098869 0.6700445069822422 0.5769954762736234 0.6684822086481405
4 0.6549498748130418 0.7585924996807198 0.6334702573252571 0.7615932793961263 0.6182956010436556 0.6529885065050917 0.6397747031249992 0.6499877640625048
4 0.6907253663611073 0.7260256048532652 0.6696430170104577 0.7281006027059496 0.6593138313222653 0.6231672745537271 0.6803957171874799 0.6210923000000049
