4 0.560416666873065 0.6802083333333333 0.5625 0.73125 0.567708333126935 0.7677083333333333 0.572916666873065 0.7770833333333333 0.584375 0.7666666666666667 0.577083333126935 0.6302083333333334 0.553125 0.6416666666666667 0.560416666873065 0.6802083333333333
4 0.628125 0.6958333333333333 0.634375 0.7447916666666666 0.640625 0.75625 0.653125 0.7489583333333333 0.634375 0.6229166666666667 0.614583333126935 0.6270833333333333 0.628125 0.6958333333333333
4 0.670833333126935 0.7104166666666667 0.677083333126935 0.7260416666666667 0.688541666873065 0.7197916666666667 0.677083333126935 0.5947916666666667 0.65625 0.6083333333333333 0.670833333126935 0.7104166666666667
4 0.367708333126935 0.3385416666666667 0.360416666873065 0.328125 0.35 0.33541666666666664 0.345833333126935 0.446875 0.363541666873065 0.45729166666666665 0.367708333126935 0.3385416666666667
4 0.321875 0.34375 0.317708333126935 0.31145833333333334 0.30833333312693495 0.3125 0.30729166687306503 0.41770833333333335 0.322916666873065 0.42083333333333334 0.321875 0.34375
4 0.588541666873065 0.37083333333333335 0.588541666873065 0.32708333333333334 0.575 0.32083333333333336 0.575 0.4322916666666667 0.590625 0.428125 0.588541666873065 0.37083333333333335
4 0.6 0.33541666666666664 0.601041666873065 0.28958333333333336 0.588541666873065 0.28854166666666664 0.590625 0.36354166666666665 0.594791666873065 0.425 0.59375 0.42604166666666665 0.608333333126935 0.41354166666666664 0.6 0.33541666666666664
4 0.639583333126935 0.4083333333333333 0.640625 0.27395833333333336 0.621875 0.2760416666666667 0.619791666873065 0.30833333333333335 0.621875 0.35 0.619791666873065 0.41041666666666665 0.630208333126935 0.409375 0.639583333126935 0.4083333333333333
0 0.375 0.6541666666666667 0.391666666873065 0.6479166666666667 0.425 0.63125 0.475 0.6333333333333333 0.485416666873065 0.6291666666666667 0.479166666873065 0.5947916666666667 0.384375 0.6010416666666667 0.33125 0.5708333333333333 0.309375 0.5375 0.296875 0.565625 0.340625 0.6677083333333333 0.375 0.6541666666666667
0 0.28125 0.4322916666666667 0.329166666873065 0.43854166666666666 0.367708333126935 0.459375 0.3875 0.47604166666666664 0.420833333126935 0.490625 0.5 0.4864583333333333 0.502083333126935 0.45 0.491666666873065 0.4427083333333333 0.469791666873065 0.44895833333333335 0.425 0.4625 0.391666666873065 0.45208333333333334 0.378125 0.4354166666666667 0.347916666873065 0.42083333333333334 0.348958333126935 0.403125 0.27708333312693495 0.40208333333333335 0.28125 0.4322916666666667
0 0.60625 0.42604166666666665 0.64375 0.4270833333333333 0.65 0.35625 0.601041666873065 0.3572916666666667 0.60625 0.42604166666666665
0 0.6 0.640625 0.685416666873065 0.6125 0.684375 0.5645833333333333 0.59375 0.5979166666666667 0.6 0.640625
6 0.465625 0.7041666666666667 0.464583333126935 0.7104166666666667 0.464583333126935 0.7166666666666667 0.4625 0.725 0.4625 0.7322916666666667 0.4625 0.740625 0.464583333126935 0.7458333333333333 0.475 0.740625 0.478125 0.73125 0.478125 0.725 0.479166666873065 0.7145833333333333 0.48125 0.7083333333333334 0.483333333126935 0.6958333333333333 0.484375 0.6916666666666667 0.485416666873065 0.684375 0.479166666873065 0.68125 0.475 0.68125 0.467708333126935 0.6802083333333333 0.465625 0.69375 0.465625 0.7041666666666667
