4 0.584375 0.7666666671875 0.5770833328125 0.6302083328125 0.553125 0.6416666671875 0.5604166671875 0.6802083328124999 0.5625 0.73125 0.5677083328125 0.7677083328125 0.5729166671875 0.7770833328125 0.584375 0.7666666671875
4 0.634375 0.6229166671875 0.6145833328125 0.6270833328125 0.628125 0.6958333328124999 0.634375 0.7447916671875 0.640625 0.75625 0.653125 0.7489583328125 0.634375 0.6229166671875
4 0.65625 0.6083333328125 0.6708333328125 0.7104166671875001 0.6770833328125 0.7260416671875001 0.6885416671875 0.7197916671875 0.6770833328125 0.5947916671875 0.65625 0.6083333328125
4 0.3635416671875 0.45729166718750003 0.36770833281250004 0.3385416671875 0.3604166671875 0.328125 0.35 0.33541666718749996 0.3458333328125 0.446875 0.3635416671875 0.45729166718750003
4 0.3229166671875 0.42083333281249996 0.321875 0.34375 0.3177083328125 0.3114583328125 0.3083333328125 0.3125 0.3072916671875 0.41770833281249997 0.3229166671875 0.42083333281249996
4 0.590625 0.428125 0.5885416671875 0.3708333328125 0.5885416671875 0.3270833328125 0.575 0.32083333281250004 0.575 0.4322916671875 0.590625 0.428125
4 0.5947916671875 0.425 0.59375 0.42604166718750003 0.6083333328125 0.4135416671875 0.6 0.33541666718749996 0.6010416671875001 0.28958333281250004 0.5885416671875 0.28854166718749996 0.590625 0.3635416671875 0.5947916671875 0.425
4 0.621875 0.35 0.6197916671875 0.41041666718750003 0.6302083328125 0.409375 0.6395833328125 0.40833333281249995 0.640625 0.27395833281250004 0.621875 0.2760416671875 0.6197916671875 0.3083333328125 0.621875 0.35
0 0.48541666718750004 0.6291666671875 0.4791666671875 0.5947916671875 0.384375 0.6010416671875001 0.33125 0.5708333328124999 0.309375 0.5375 0.296875 0.565625 0.340625 0.6677083328125 0.375 0.6541666671875 0.3916666671875 0.6479166671875001 0.425 0.63125 0.475 0.6333333328124999 0.48541666718750004 0.6291666671875
0 0.42083333281249996 0.490625 0.5 0.48645833281249995 0.5020833328125 0.45 0.4916666671875 0.4427083328125 0.46979166718750004 0.44895833281249997 0.425 0.4625 0.3916666671875 0.45208333281249996 0.378125 0.43541666718750005 0.3479166671875 0.42083333281249996 0.3489583328125 0.403125 0.2770833328125 0.40208333281249997 0.28125 0.4322916671875 0.3291666671875 0.43854166718750004 0.36770833281250004 0.459375 0.3875 0.4760416671875 0.42083333281249996 0.490625
0 0.60625 0.42604166718750003 0.64375 0.4270833328125 0.65 0.35625 0.6010416671875001 0.3572916671875 0.60625 0.42604166718750003
0 0.6 0.640625 0.6854166671875 0.6125 0.684375 0.5645833328125 0.59375 0.5979166671875 0.6 0.640625
5 0.4625 0.7322916671875 0.4625 0.740625 0.46458333281249997 0.7458333328125 0.475 0.740625 0.478125 0.73125 0.478125 0.725 0.4791666671875 0.7145833328125 0.48125 0.7083333328125 0.48333333281249996 0.6958333328124999 0.484375 0.6916666671875 0.48541666718750004 0.684375 0.4791666671875 0.68125 0.475 0.68125 0.46770833281249996 0.6802083328124999 0.465625 0.69375 0.465625 0.7041666671875 0.46458333281249997 0.7104166671875001 0.46458333281249997 0.7166666671875 0.4625 0.725 0.4625 0.7322916671875
