4 0.3015668890625 0.4156321765625 0.3305657890625 0.41317474374999996 0.3218878765625 0.31077753124999996 0.29288930625 0.31323495 0.3015668890625 0.4156321765625
4 0.6417410718750001 0.2734375 0.6183035718750001 0.2734375 0.6183035718750001 0.3984375 0.6417410718750001 0.3984375 0.6417410718750001 0.2734375
4 0.57288773125 0.4297470125 0.5871412890625 0.42958504687500004 0.5859106953125 0.3213020546875 0.5716573140625 0.32146401875 0.57288773125 0.4297470125
4 0.5850077687499999 0.4230632734375 0.6062393625 0.42231395312500003 0.6014788453125 0.2874373171875 0.5802475625 0.2881866328125 0.5850077687499999 0.4230632734375
4 0.3458061625 0.44116263125 0.3671876125 0.4408482125 0.3655431453125 0.3290354828125 0.3441619734375 0.3293498984375 0.3458061625 0.44116263125
5 0.37502204843750003 0.6873179765625 0.36228230781250004 0.685859059375 0.35939483125 0.7110697265625 0.372134571875 0.7125286390625 0.37502204843750003 0.6873179765625
5 0.30298562812499996 0.6806217765625 0.3179504546875 0.6866278328125001 0.328669340625 0.659924 0.3137045921875 0.6539179609375 0.30298562812499996 0.6806217765625
4 0.567346884375 0.779410059375 0.5861056921875 0.7778477421875001 0.5769954765625 0.668482209375 0.5582371234375 0.67004450625 0.567346884375 0.779410059375
4 0.6334702578125 0.7615932796875 0.654949875 0.7585925 0.639774703125 0.6499877640625 0.6182956015625 0.65298850625 0.6334702578125 0.7615932796875
4 0.6696430171875 0.7281006031249999 0.690725365625 0.7260256046875 0.6803957171875 0.6210923 0.65931383125 0.623167275 0.6696430171875 0.7281006031249999
