4 0.3015668890625 0.4156321765625 0.3305657890625 0.41317474374999996 0.3218878765625 0.31077753124999996 0.29288930625 0.31323495 0.3015668890625 0.4156321765625
2 0.3111434328125 0.49678882187499995 0.3483448765625 0.48632656562500004 0.33147321406249997 0.42633928593750003 0.2942720796875 0.436801496875 0.3111434328125 0.49678882187499995
9 0.23513605312500002 0.56962944375 0.19034556875 0.5954374312499999 0.2511158421875 0.700892990625 0.2959061046875 0.6750853046875 0.23513605312500002 0.56962944375
4 0.6417410718750001 0.2734375 0.6183035718750001 0.2734375 0.6183035718750001 0.3984375 0.6417410718750001 0.3984375 0.6417410718750001 0.2734375
4 0.57288773125 0.4297470125 0.5871412890625 0.42958504687500004 0.5859106953125 0.3213020546875 0.5716573140625 0.32146401875 0.57288773125 0.4297470125
4 0.5850077687499999 0.4230632734375 0.6062393625 0.42231395312500003 0.6014788453125 0.2874373171875 0.5802475625 0.2881866328125 0.5850077687499999 0.4230632734375
4 0.3458061625 0.44116263125 0.3671876125 0.4408482125 0.3655431453125 0.3290354828125 0.3441619734375 0.3293498984375 0.3458061625 0.44116263125
2 0.6058035015625001 0.631026521875 0.644447265625 0.622746571875 0.6271831031249999 0.5421820859375 0.5885398921875 0.5504619765625 0.6058035015625001 0.631026521875
2 0.6362582765625 0.603818059375 0.679151453125 0.600141853125 0.6727992765625 0.5260369140625001 0.629906640625 0.529713096875 0.6362582765625 0.603818059375
2 0.3727678578125 0.453125 0.33928571406249997 0.453125 0.33928571406249997 0.5133928578125 0.3727678578125 0.5133928578125 0.3727678578125 0.453125
2 0.36495528125 0.5401785718750001 0.396205434375 0.5401785718750001 0.396205290625 0.477678571875 0.364955440625 0.477678571875 0.36495528125 0.5401785718750001
7 0.4280161015625 0.46598933750000004 0.4343679171875 0.46555316874999997 0.4262356609375 0.347131840625 0.419883940625 0.3475680046875 0.4280161015625 0.46598933750000004
7 0.4757243578125 0.4400023375 0.480266903125 0.4395472921875 0.47304320468750005 0.367439759375 0.4685007 0.367894803125 0.4757243578125 0.4400023375
6 0.37502204843750003 0.6873179765625 0.36228230781250004 0.685859059375 0.35939483125 0.7110697265625 0.372134571875 0.7125286390625 0.37502204843750003 0.6873179765625
6 0.30298562812499996 0.6806217765625 0.3179504546875 0.6866278328125001 0.328669340625 0.659924 0.3137045921875 0.6539179609375 0.30298562812499996 0.6806217765625
4 0.567346884375 0.779410059375 0.5861056921875 0.7778477421875001 0.5769954765625 0.668482209375 0.5582371234375 0.67004450625 0.567346884375 0.779410059375
4 0.6334702578125 0.7615932796875 0.654949875 0.7585925 0.639774703125 0.6499877640625 0.6182956015625 0.65298850625 0.6334702578125 0.7615932796875
4 0.6696430171875 0.7281006031249999 0.690725365625 0.7260256046875 0.6803957171875 0.6210923 0.65931383125 0.623167275 0.6696430171875 0.7281006031249999
