2 0.6441543421875 0.6403522328125 0.6259949406249999 0.5785112406249999 0.5728072140625 0.5941278828125001 0.5909662421874999 0.6559685578125001 0.6441543421875 0.6403522328125
2 0.6704775578125 0.566577815625 0.62284459375 0.573017696875 0.630025065625 0.6261228515624999 0.6776580234375 0.619683 0.6704775578125 0.566577815625
2 0.38498713906250004 0.5467670546875001 0.38221345625 0.476660971875 0.3372611203125 0.4784393890625 0.3400345484375 0.5485452234375 0.38498713906250004 0.5467670546875001
2 0.394625 0.6453484375 0.417163625 0.5996660968749999 0.3681866671875 0.5755046609375001 0.345648 0.6211867734375 0.394625 0.6453484375
2 0.35398701093749996 0.6228310296874999 0.3729505140625 0.5767005234375 0.323903634375 0.5565402374999999 0.3049400515625 0.6026705265625 0.35398701093749996 0.6228310296874999
2 0.306783434375 0.4999295984375 0.29962428281250003 0.530960871875 0.3358184234375 0.5393103296875 0.34297747031250003 0.508279146875 0.306783434375 0.4999295984375
7 0.36176064218750004 0.373449565625 0.35722329375 0.3735348609375 0.35885809062499996 0.46049454218749997 0.3633954390625 0.46040924843750003 0.36176064218750004 0.373449565625
7 0.3701712359375 0.40873597031250003 0.3654999953125 0.40862499999999996 0.3642129828125 0.4627979171875 0.3688842234375 0.4629088875 0.3701712359375 0.40873597031250003
7 0.351255325 0.421978115625 0.347839571875 0.422439475 0.35313492968750004 0.46164232812500006 0.3565506828125 0.461180971875 0.351255325 0.421978115625
7 0.620669815625 0.6437148640625 0.61521178125 0.645605603125 0.6365213328125 0.7071118750000001 0.641979359375 0.7052211484375001 0.620669815625 0.6437148640625
7 0.608523671875 0.7115834953125 0.613893303125 0.7109923640625 0.6075172859375 0.653083609375 0.6021477187500001 0.6536747375 0.608523671875 0.7115834953125
7 0.6551059484375 0.7022304218750001 0.6634277234375 0.7010275453125 0.65461033125 0.640035834375 0.646288659375 0.641238703125 0.6551059484375 0.7022304218750001
7 0.673166275 0.707962615625 0.6786129078124999 0.7067752703125 0.664146084375 0.64042213125 0.6586995250000001 0.64160946875 0.673166275 0.707962615625
7 0.3425979828125 0.63422460625 0.3351045625 0.6326726796875 0.32422465312500004 0.6851990906250001 0.3317180703125 0.686751009375 0.3425979828125 0.63422460625
6 0.3122808734375 0.7117354875 0.3244516328125 0.711545428125 0.3239551359375 0.6797591515625 0.311784459375 0.6799492109374999 0.3122808734375 0.7117354875
6 0.312013134375 0.6962139578125 0.318523528125 0.6813617828125 0.3024567265625 0.6743199703125 0.295946325 0.6891721203125 0.312013134375 0.6962139578125
6 0.7085907609375 0.3764378578125 0.667350425 0.3626977359375 0.6499575453124999 0.4148992953125 0.691197859375 0.42863937031250005 0.7085907609375 0.3764378578125
7 0.3891119890625 0.64813333125 0.3805146625 0.6470588171875 0.3731617640625 0.705882353125 0.3817590890625 0.706956859375 0.3891119890625 0.64813333125
7 0.3753803015625 0.6361852890625 0.3685661359375 0.6341911640625 0.35221845625000003 0.6900458546875 0.3590326171875 0.6920399671874999 0.3753803015625 0.6361852890625
2 0.41984900156249993 0.49911630156250003 0.3888003640625 0.4922714359375 0.37680075 0.5466978515625 0.407849378125 0.5535426875 0.41984900156249993 0.49911630156250003
2 0.5798379 0.5039282140625 0.583460346875 0.556663415625 0.6931982859375 0.549125409375 0.689575409375 0.49639068125 0.5798379 0.5039282140625
