2 0.5987628453125 0.500741640625 0.635121640625 0.500086490625 0.6338620328125 0.43019677031250003 0.597503596875 0.4308519171875 0.5987628453125 0.500741640625
9 0.27712836875 0.5806710500000001 0.314832321875 0.5012284234375 0.22875394531249998 0.46037849062499997 0.191049853125 0.5398205218750001 0.27712836875 0.5806710500000001
3 0.37985033281249997 0.43768259218749994 0.3728587734375 0.47380235937500004 0.4228248484375 0.4834733 0.42981626093749997 0.44735366093750006 0.37985033281249997 0.43768259218749994
2 0.479064259375 0.5160333984375 0.506113046875 0.513164784375 0.49869833437500005 0.443256228125 0.471649821875 0.44612482656249997 0.479064259375 0.5160333984375
3 0.640943090625 0.4802387875 0.6724760921875 0.47235604374999995 0.6647695390624999 0.44153013124999996 0.633236671875 0.44941285625000005 0.640943090625 0.4802387875
7 0.4896503140625 0.37487771875 0.48430061249999995 0.3749230171875 0.4847521046875 0.42824084687499997 0.49010180625000005 0.42819554843749996 0.4896503140625 0.37487771875
7 0.6128273765625 0.4362619953125 0.622743271875 0.43547435781250005 0.615143378125 0.3398011125 0.6052275953125 0.3405887453125 0.6128273765625 0.4362619953125
6 0.3757201515625 0.7257213984375 0.3757200609375 0.767900203125 0.4002644359375 0.7679001515625 0.40026440937499996 0.7257214640625 0.3757201515625 0.7257213984375
6 0.6550193875 0.7130881671875 0.6666461406249999 0.7130881671875 0.6666461234375001 0.6967036171875 0.6550194109375 0.6967036171875 0.6550193875 0.7130881671875
6 0.6902516296875 0.707690175 0.702827459375 0.6884675578125 0.66803536875 0.6657091484375 0.655459553125 0.6849316828124999 0.6902516296875 0.707690175
6 0.30698722031250003 0.6734128453125 0.3036505015625 0.6489359593749999 0.2826466703125 0.6517988578125 0.2859833296875 0.676275690625 0.30698722031250003 0.6734128453125
6 0.7190342109375 0.6841318453125 0.719034175 0.6671268218749999 0.7022602671875 0.66712685625 0.7022602734375 0.6841318515625 0.7190342109375 0.6841318453125
