2 0.3246675046875 0.544164653125 0.288270309375 0.534615396875 0.2728604640625 0.5933447421875 0.309257640625 0.6028939484375 0.3246675046875 0.544164653125
2 0.3500870296875 0.5599941609375 0.3174658375 0.554077015625 0.30776526406250004 0.6075508359375 0.340386446875 0.6134679515625 0.3500870296875 0.5599941609375
2 0.3479432484375 0.6131419874999999 0.37437985 0.6107445265625 0.3680979484375 0.5414836796875 0.34166166875 0.5438811265625 0.3479432484375 0.6131419874999999
2 0.68193549375 0.5381446765625 0.6267543609375 0.5430479140625 0.6330157843750001 0.6135071234375 0.6881969125 0.6086039140625 0.68193549375 0.5381446765625
2 0.3370091375 0.6102670390625 0.2823080671875 0.6171345828125 0.289702903125 0.6760283125 0.34440396562500003 0.6691608078125 0.3370091375 0.6102670390625
1 0.5895103078124999 0.6715897843749999 0.5792410718750001 0.671875 0.5802237640625 0.7072519359375 0.590493 0.706966721875 0.5895103078124999 0.6715897843749999
6 0.321024678125 0.7495068171875 0.2967023625 0.7515903734375 0.29943128125 0.7834406421875 0.32375359531250003 0.7813570921874999 0.321024678125 0.7495068171875
6 0.2919751453125 0.7773222 0.2968846390625 0.7448946546874999 0.271692096875 0.7410811984375 0.2667825234375 0.7735086484375 0.2919751453125 0.7773222
6 0.6250663640624999 0.80402036875 0.62437606875 0.7852804046874999 0.59825885 0.7862422515625 0.5989490843749999 0.8049821546875 0.6250663640624999 0.80402036875
6 0.2638484171875 0.42665664843749995 0.27806684375 0.46405655 0.31905630625 0.4484742828125 0.3048378328125 0.411074490625 0.2638484171875 0.42665664843749995
1 0.620727628125 0.64998555 0.61102113125 0.65038703125 0.6134877171875 0.710012846875 0.6231942140625 0.70961136875 0.620727628125 0.64998555
