2 0.3246675046875 0.544164653125 0.288270309375 0.534615396875 0.2728604640625 0.5933447421875 0.309257640625 0.6028939484375 0.3246675046875 0.544164653125
2 0.3500870296875 0.5599941609375 0.3174658375 0.554077015625 0.30776526406250004 0.6075508359375 0.340386446875 0.6134679515625 0.3500870296875 0.5599941609375
2 0.3479432484375 0.6131419874999999 0.37437985 0.6107445265625 0.3680979484375 0.5414836796875 0.34166166875 0.5438811265625 0.3479432484375 0.6131419874999999
7 0.2897705546875 0.5375219515625 0.2937484203125 0.5376932546875001 0.2969390625 0.4636078125 0.29296124218749997 0.46343651093749993 0.2897705546875 0.5375219515625
7 0.3339668375 0.45776481875 0.33075318125000003 0.457733034375 0.329792071875 0.554900503125 0.33300572812499996 0.5549322875 0.3339668375 0.45776481875
7 0.5837827265625 0.476329546875 0.5814062359375 0.47618281093750003 0.5780000000000001 0.5313453124999999 0.580376490625 0.531492046875 0.5837827265625 0.476329546875
7 0.58945696875 0.4914149734375 0.5860890515625 0.4910484359375 0.58204375 0.528215625 0.5854116687500001 0.5285821609375 0.58945696875 0.4914149734375
2 0.68193549375 0.5381446765625 0.6267543609375 0.5430479140625 0.6330157843750001 0.6135071234375 0.6881969125 0.6086039140625 0.68193549375 0.5381446765625
7 0.6634600078124999 0.5442846609374999 0.6684578125 0.5455921874999999 0.6831010140625 0.4896256359375 0.678103253125 0.488318115625 0.6634600078124999 0.5442846609374999
7 0.64670199375 0.5398823203124999 0.6499086968750001 0.5398427421875 0.6491890625 0.48154375 0.6459823874999999 0.48158332968749995 0.64670199375 0.5398823203124999
7 0.6255817359375 0.46385089218750003 0.622267175 0.4633187484375 0.6171671875 0.4950828125 0.620481746875 0.49561495468750005 0.6255817359375 0.46385089218750003
3 0.6542890625 0.62005625 0.6222671875 0.62005625 0.6222671875 0.6559875 0.6542890625 0.6559875 0.6542890625 0.62005625
2 0.3370091375 0.6102670390625 0.2823080671875 0.6171345828125 0.289702903125 0.6760283125 0.34440396562500003 0.6691608078125 0.3370091375 0.6102670390625
7 0.32116449375 0.7128829734375 0.31347025 0.711678115625 0.3041015625 0.771496875 0.3117958046875 0.772701725 0.32116449375 0.7128829734375
7 0.2893541671875 0.72331618125 0.2855999640625 0.7224374921875001 0.2769359375 0.7594484375 0.2806901390625 0.7603271234375 0.2893541671875 0.72331618125
3 0.2813114109375 0.7203447187500001 0.2907366078125 0.72265625 0.3125708015625 0.6336404234375 0.3031457734375 0.6313289140625 0.2813114109375 0.7203447187500001
3 0.32164838125 0.6338739375 0.31361607187499996 0.6339285718750001 0.31419339375 0.718795415625 0.322225703125 0.7187407828125 0.32164838125 0.6338739375
1 0.5895103078124999 0.6715897843749999 0.5792410718750001 0.671875 0.5802237640625 0.7072519359375 0.590493 0.706966721875 0.5895103078124999 0.6715897843749999
7 0.3695562921875 0.43663466250000005 0.366329946875 0.43658148125 0.36460832656250003 0.541019871875 0.36783467187499996 0.541073053125 0.3695562921875 0.43663466250000005
6 0.321024678125 0.7495068171875 0.2967023625 0.7515903734375 0.29943128125 0.7834406421875 0.32375359531250003 0.7813570921874999 0.321024678125 0.7495068171875
6 0.2919751453125 0.7773222 0.2968846390625 0.7448946546874999 0.271692096875 0.7410811984375 0.2667825234375 0.7735086484375 0.2919751453125 0.7773222
6 0.6250663640624999 0.80402036875 0.62437606875 0.7852804046874999 0.59825885 0.7862422515625 0.5989490843749999 0.8049821546875 0.6250663640624999 0.80402036875
6 0.2638484171875 0.42665664843749995 0.27806684375 0.46405655 0.31905630625 0.4484742828125 0.3048378328125 0.411074490625 0.2638484171875 0.42665664843749995
7 0.3294124953125 0.4583300046875 0.3243927421875 0.4584053609375 0.3258930078125 0.5583357578125 0.330912759375 0.5582604015625 0.3294124953125 0.4583300046875
1 0.620727628125 0.64998555 0.61102113125 0.65038703125 0.6134877171875 0.710012846875 0.6231942140625 0.70961136875 0.620727628125 0.64998555
