3 0.298111378125 0.5073087140625 0.2652095359375 0.5275895187499999 0.2993887515625 0.5830338484375 0.3322905109375 0.5627531515624999 0.298111378125 0.5073087140625
8 0.6982562859375 0.6988764265625 0.678405796875 0.7018423984375 0.6850999812499999 0.74663780625 0.7049504671875 0.7436718484375 0.6982562859375 0.6988764265625
3 0.6399385984375 0.6109142828125 0.6130827640625001 0.6124716140625 0.6157315859375 0.658144446875 0.6425874203124999 0.656587121875 0.6399385984375 0.6109142828125
2 0.4466018421875 0.622745884375 0.4145119828125 0.6200522921875 0.4089559625 0.686235 0.44104582031249995 0.688928575 0.4466018421875 0.622745884375
2 0.3641723390625 0.62465888125 0.36710515312499997 0.6911770859375 0.42291620781250006 0.6887163562499999 0.419983040625 0.6221985250000001 0.3641723390625 0.62465888125
7 0.4185584890625 0.8048331453124999 0.42920641249999997 0.8051111984375 0.4328046875 0.6673359375000001 0.4221570859375 0.6670578890625001 0.4185584890625 0.8048331453124999
7 0.3984611375 0.6973582890625 0.3945578125 0.6973828125 0.394968746875 0.762778125 0.39887207343750003 0.7627536015625 0.3984611375 0.6973582890625
8 0.30670205 0.8143558609375001 0.346284696875 0.8198664625 0.365384615625 0.6826923078125 0.3258032125 0.67718179375 0.30670205 0.8143558609375001
6 0.6239091078125 0.86819503125 0.6542840421875 0.8572670390624999 0.637739509375 0.8112910281250001 0.60736491875 0.822218953125 0.6239091078125 0.86819503125
6 0.31680048437499997 0.8208427281249999 0.33390559375 0.82646885 0.34138175937500004 0.8037435484375001 0.32427674375 0.7981174421875 0.31680048437499997 0.8208427281249999
6 0.287424575 0.79503315 0.28742451562500004 0.7627096812499999 0.2518068234375 0.7627097593750001 0.251806746875 0.7950330906249999 0.287424575 0.79503315
6 0.3258115390625 0.7787301328125 0.333723275 0.75038309375 0.2916893390625 0.7386533515625 0.28377751562500003 0.767000246875 0.3258115390625 0.7787301328125
7 0.3695102078125 0.78726344375 0.373932584375 0.787934965625 0.3826391859375 0.73060676875 0.37821686875 0.7299352515625 0.3695102078125 0.78726344375
5 0.7044270828125 0.7109375 0.77236968125 0.6810464109375001 0.7356770828125 0.59765625 0.6677355656249999 0.627547065625 0.7044270828125 0.7109375
