2 0.37320000000000003 0.544 0.3744 0.5384 0.3744 0.5328 0.37360000000000004 0.524 0.37320000000000003 0.5176000000000001 0.37160000000000004 0.5112 0.36960000000000004 0.5056 0.3296 0.5 0.32839999999999997 0.5056 0.32799999999999996 0.5128 0.3276 0.5184 0.3268 0.5256000000000001 0.32599999999999996 0.5328 0.32639999999999997 0.5408000000000001 0.32799999999999996 0.5464 0.32999999999999996 0.5504 0.3336 0.5511999999999999 0.3388 0.5511999999999999 0.3416 0.5504 0.344 0.5504 0.346 0.5504 0.3484 0.5528 0.3504 0.5544 0.3532 0.5551999999999999 0.358 0.5559999999999999 0.3612 0.5551999999999999 0.366 0.5551999999999999 0.36920000000000003 0.5519999999999999 0.37120000000000003 0.5488000000000001 0.37320000000000003 0.544
2 0.3644 0.5848 0.36160000000000003 0.5888 0.3584 0.5944 0.3568 0.6032 0.3548 0.6152 0.3544 0.6208 0.3548 0.6288 0.3548 0.636 0.3552 0.6456000000000001 0.394 0.6712 0.3972 0.6656 0.398 0.6616 0.4016 0.6504 0.4024 0.6424000000000001 0.40359999999999996 0.6344000000000001 0.4032 0.6264000000000001 0.40279999999999994 0.6192 0.40119999999999995 0.6152 0.3992 0.6088 0.3964 0.6048 0.3944 0.6016 0.392 0.5992 0.3892 0.596 0.38639999999999997 0.592 0.3828 0.588 0.3796 0.5848 0.3756 0.5808 0.3724 0.5808 0.36920000000000003 0.5816 0.3644 0.5848
2 0.5472454734375 0.5367593328125 0.5448000000000001 0.5424 0.5448000000000001 0.5511999999999999 0.5448000000000001 0.5591999999999999 0.5468 0.568 0.5484 0.5751999999999999 0.55 0.5824 0.5536 0.5896 0.5572 0.5888 0.5596 0.5888 0.5631999999999999 0.5904 0.5684 0.5928 0.5740000000000001 0.588 0.5756 0.5864 0.5780000000000001 0.5808 0.58 0.5751999999999999 0.5812 0.5656 0.5808 0.5568 0.5804 0.5488000000000001 0.5788 0.5408000000000001 0.5778915171875 0.534137796875 0.576082359375 0.534137796875 0.5557654624999999 0.5426577859374999 0.5472454734375 0.5367593328125
2 0.5751999999999999 0.6104 0.5724 0.6128 0.5700000000000001 0.6152 0.5668 0.6184000000000001 0.5652 0.6216 0.5631999999999999 0.6256 0.5616 0.632 0.5612 0.6352 0.5604 0.6408 0.5604 0.6448 0.5608 0.6536 0.5612 0.6584 0.5628 0.6648 0.5648 0.6696 0.5664 0.6719999999999999 0.5688 0.6752 0.5711999999999999 0.6792 0.5736 0.688 0.6112 0.6552 0.6108 0.6488 0.6104 0.6424000000000001 0.61 0.6344000000000001 0.6096 0.6288 0.6088 0.6232 0.608 0.6176 0.6068 0.612 0.6048 0.6072 0.604 0.6048 0.602 0.6032 0.5996 0.6016 0.5968 0.6016 0.5948 0.6016 0.5916 0.6024 0.5871999999999999 0.6032 0.5844 0.6056 0.5820000000000001 0.6072 0.58 0.6088 0.5776 0.6088 0.5751999999999999 0.6104
1 0.6950833453125 0.53812581875 0.6956041203125001 0.5292664828125 0.6908854046874999 0.5216145828125 0.6888344421875 0.5297876125000001 0.6857100296875001 0.5344778546875 0.6857100296875001 0.5412526343749999 0.6909174625000001 0.5412526343749999 0.6950833453125 0.53812581875
7 0.3168055171875 0.408572996875 0.3153351765625 0.392019228125 0.313497259375 0.41593022812499997 0.30799631562499996 0.487224265625 0.3149675984375 0.4920775609375 0.3153351765625 0.4861917828125 0.3153351765625 0.4611772015625 0.3168055171875 0.4324840109375 0.3168055171875 0.408572996875
7 0.3348171140625 0.44940562812499996 0.3384929484375 0.471845178125 0.34108455000000004 0.5037683828125 0.3458446171875 0.5038491328125 0.33959568125 0.4552914140625 0.33555226875 0.436530475 0.3304060953125 0.4354268859375 0.3348171140625 0.44940562812499996
7 0.3484176921875 0.4251267796875 0.34915287500000003 0.43873764531250004 0.3506231875 0.46595939687500004 0.3521139625 0.48860294218749994 0.35503420625 0.48288102187500004 0.354666628125 0.4670629796875 0.3531962875 0.448669903125 0.3517259484375 0.431012553125 0.3484176921875 0.4251267796875
7 0.3322440125 0.39349067187500003 0.33371435156249996 0.4037908 0.33665503124999996 0.4210802875 0.3392281046875 0.43763405781250003 0.3399632875 0.44830204062499995 0.3421687828125 0.4633843640625 0.3443014625 0.4725183828125 0.3458446171875 0.46595939687500004 0.3425363609375 0.4354268859375 0.341066021875 0.41997670625000005 0.33665503124999996 0.4012157671875 0.3340819296875 0.392019228125 0.3322440125 0.39349067187500003
7 0.5678650265625 0.47442021093750003 0.5674974765624999 0.44977349218749996 0.566394715625 0.4273339375 0.5623512749999999 0.472580903125 0.56014580625 0.5104706375 0.5593749906250001 0.540992646875 0.5689677875 0.5413710125 0.5686002390625 0.5340137828125 0.5671298703125001 0.5119420890625 0.5678650265625 0.49538832031249996 0.5678650265625 0.47442021093750003
7 0.6362355796875 0.4773631 0.64174933125 0.458970021875 0.6410141765625 0.44793418437500004 0.63366250625 0.4689022875 0.628516303125 0.49391686874999996 0.6241053125 0.49833121093750005 0.6215322390625 0.47515593593750005 0.6218998453125 0.45345210781249995 0.619326715625 0.4251267796875 0.6174887984375 0.43616262656250004 0.61528333125 0.471109465625 0.6154411671875 0.50238970625 0.6141805687499999 0.506792021875 0.618959165625 0.508263475 0.629251515625 0.508263475 0.63255974375 0.4957561765625 0.6362355796875 0.4773631
1 0.35393144374999996 0.63413058125 0.3554017828125 0.624934028125 0.35650454531250003 0.6142660531249999 0.35687212343749997 0.607644546875 0.35533087343749997 0.6025735296875 0.349520453125 0.6050695140625 0.3476825359375 0.61095529375 0.3473149578125 0.6164732171875 0.3476825359375 0.622359009375 0.3509907921875 0.629716240625 0.35393144374999996 0.63413058125
1 0.28482575 0.4813511265625 0.28813400625 0.483926159375 0.291074671875 0.4809832703125 0.2932801671875 0.476568928125 0.2943829140625 0.47105100625 0.2958532546875 0.4659009390625 0.29512866875 0.461488971875 0.2918098421875 0.457807996875 0.2888691625 0.459647303125 0.2829878328125 0.46406163125 0.2811499140625 0.46847597187499995 0.2815174921875 0.475833203125 0.28482575 0.4813511265625
1 0.31717309375 0.59225280625 0.317908278125 0.5874706078124999 0.317908278125 0.5852634453125 0.31718749218750003 0.580974265625 0.313497259375 0.5852634453125 0.31312968125 0.5900456421875 0.3138648515625 0.596299290625 0.316070375 0.59997790625 0.31717309375 0.596299290625 0.31717309375 0.59225280625
6 0.7035033703125 0.720694946875 0.7053412875 0.7181199125 0.7104874328124999 0.7166484609375 0.7108550390625 0.7126019890624999 0.709017121875 0.7096591 0.7053412875 0.7085555046875001 0.7038709187500001 0.7081876484375 0.7016654515625 0.707451921875 0.699459928125 0.71002695625 0.6987247734375 0.714441296875 0.6943137828125 0.7140734281250001 0.6912683734375 0.7114889718749999 0.691740709375 0.7151770234375 0.6935786265624999 0.7203270765625 0.6939461765625 0.7251092734375 0.7016654515625 0.7295236140625 0.7035033703125 0.720694946875
9 0.275268584375 0.6805395734374999 0.2932801671875 0.669503728125 0.30283734687499997 0.6386033671875 0.313497259375 0.6077029921875 0.3197461953125 0.5896777859375 0.31827585625 0.5698132578124999 0.31129176406250003 0.5613524375 0.3054104203125 0.5514201812499999 0.300264259375 0.5492130234375 0.28823528593750003 0.5547794125000001 0.2815174921875 0.5657667921875 0.279311996875 0.5812169593750001 0.2804147453125 0.6058636859375001 0.2785768265625 0.6338211703125001 0.2741658234375 0.6617786703124999 0.275268584375 0.6805395734374999
6 0.65093891875 0.7641026046875 0.6483658453125 0.759688278125 0.64174933125 0.7585846828125 0.6416360203125 0.76020220625 0.6355004234375 0.7629990078125 0.6347652671875 0.7718276921875 0.636603184375 0.7813920859375 0.6450575609375 0.7828635375 0.65093891875 0.7751384515625 0.65093891875 0.7641026046875
1 0.3378830734375 0.5040699125 0.3350426546875 0.4921311421875 0.3287937015625 0.4904256078125 0.3270894765625 0.5035014078125 0.32992989375000004 0.5148716734375001 0.3378830734375 0.5040699125
