2 0.6788329328125 0.457656003125 0.6628741140625001 0.384115775 0.609449521875 0.39570879375 0.6254080390625 0.46924875781250003 0.6788329328125 0.457656003125
2 0.586474478125 0.5053174640625 0.612432828125 0.554703153125 0.6706119671875 0.5241249671875 0.644653590625 0.474739534375 0.586474478125 0.5053174640625
2 0.324410615625 0.4637737046875 0.37216386562500003 0.4693161109375 0.3799219140625 0.4024752796875 0.3321690890625 0.3969328984375 0.324410615625 0.4637737046875
2 0.28746534218750003 0.5202232703125 0.34069228749999997 0.5393734734375 0.3641045578125 0.47430454375000003 0.31087810625 0.45515443749999995 0.28746534218750003 0.5202232703125
2 0.3317555359375 0.5469888578125001 0.386348690625 0.5686960187500001 0.4112070046875 0.506182434375 0.3566143625 0.4844753875 0.3317555359375 0.5469888578125001
7 0.6379882484375 0.3956066140625 0.650608665625 0.39434550625 0.6401326078125 0.289511996875 0.627512334375 0.2907730984375 0.6379882484375 0.3956066140625
7 0.3478157921875 0.4007457078125 0.35651890937499997 0.40059914531249996 0.3549778296875 0.309093184375 0.3462748 0.309239746875 0.3478157921875 0.4007457078125
7 0.6637298703125001 0.6314872874999999 0.66647850625 0.6307230875000001 0.6418269234375 0.5420673078125 0.63907833125 0.5428314999999999 0.6637298703125001 0.6314872874999999
7 0.63801898125 0.647111971875 0.6462553140625 0.6454326406249999 0.62582236875 0.5452302625 0.617586184375 0.546909578125 0.63801898125 0.647111971875
7 0.2848205046875 0.6030515375000001 0.2927631578125 0.6060855265625 0.320982646875 0.5322172671875001 0.313040090625 0.5291832999999999 0.2848205046875 0.6030515375000001
6 0.3027732328125 0.5839385671875 0.31425822187499997 0.5885320984375 0.3242968390625 0.563435503125 0.3128119 0.5588419828125 0.3027732328125 0.5839385671875
