2 0.394021875 0.6459937499999999 0.3600546875 0.6459937499999999 0.3600546875 0.7080140625 0.394021875 0.7080140625 0.394021875 0.6459937499999999
2 0.3308911125 0.520588734375 0.2864969046875 0.515392828125 0.2767991421875 0.598243659375 0.32119334374999997 0.6034395265625 0.3308911125 0.520588734375
9 0.2947506359375 0.6566721796875 0.209998790625 0.6146596125 0.1675447890625 0.700290634375 0.252296365625 0.7423027859375 0.2947506359375 0.6566721796875
9 0.714129946875 0.7239959765624999 0.766294084375 0.7351610984375 0.795040865625 0.6008711140624999 0.74287811875 0.589706146875 0.714129946875 0.7239959765624999
1 0.351740003125 0.5671787546875 0.32865204375 0.5646136937499999 0.324416825 0.602730728125 0.3475047828125 0.6052957812499999 0.351740003125 0.5671787546875
3 0.4628390140625 0.6347452796875 0.4750234171875 0.6351803859375 0.47649941093750003 0.593851334375 0.46431510156250005 0.5934162296875 0.4628390140625 0.6347452796875
3 0.679305053125 0.5771366437500001 0.6821861828125 0.59486511875 0.7071837249999999 0.590803034375 0.7043025640625 0.5730745984375 0.679305053125 0.5771366437500001
3 0.2728512359375 0.606360084375 0.2614258359375 0.6367518249999999 0.3066205890625 0.6537399984375 0.318045821875 0.6233483984375 0.2728512359375 0.606360084375
7 0.363126703125 0.761378975 0.367940125 0.7620471296875 0.3755799203125 0.7070186265625 0.37076655625 0.7063504765624999 0.363126703125 0.761378975
6 0.3775489296875 0.754026396875 0.35576161093750003 0.7523252484375 0.35317723125 0.785418565625 0.37496455 0.7871197078125001 0.3775489296875 0.754026396875
6 0.278335490625 0.7614189875 0.30491622500000004 0.7648248125 0.30984873125 0.7263347234374999 0.28326822812499997 0.7229289125 0.278335490625 0.7614189875
7 0.3114450828125 0.46223919062499996 0.30688195625 0.4619511328125 0.3029324640625 0.52451043125 0.307495590625 0.5247984890625 0.3114450828125 0.46223919062499996
7 0.2976942265625 0.524984753125 0.3018307453125 0.524677028125 0.2962936515625 0.45025188125 0.2921571796875 0.45055960468749995 0.2976942265625 0.524984753125
7 0.3186015484375 0.46853723281250004 0.3143809328125 0.46805984062499995 0.3078898296875 0.5254433515625 0.31211044375 0.5259207421875 0.3186015484375 0.46853723281250004
6 0.26017531875 0.4880640546875 0.2880366453125 0.49953802812500003 0.311803090625 0.44183146406249996 0.2839419796875 0.43035754062500003 0.26017531875 0.4880640546875
6 0.332244378125 0.46997763593749997 0.33128716874999997 0.4498858265625 0.3098987109375 0.45090473906249995 0.3108558875 0.47099651875 0.332244378125 0.46997763593749997
