2 0.40558750000000005 0.47674374999999997 0.399575 0.4781984375 0.394271875 0.47965156249999996 0.390028125 0.49127968749999995 0.38861406249999997 0.501453125 0.387553125 0.5072671875 0.3882609375 0.5152609375 0.39038125 0.524709375 0.3932109375 0.5356109375 0.3971 0.5406984375 0.40240468749999997 0.54433125 0.4066484375 0.5450578125 0.4112453125 0.542878125 0.41407343750000003 0.5363374999999999 0.41654843750000003 0.5319765624999999 0.419378125 0.5268890625 0.42468125 0.5225296875 0.426096875 0.5152609375 0.4250359375 0.506540625 0.42326718750000003 0.49709375 0.4215 0.49127968749999995 0.41867031250000003 0.4847390625 0.41654843750000003 0.478925 0.41301249999999995 0.47674374999999997 0.40558750000000005 0.47674374999999997
2 0.40806250000000005 0.5843015625 0.4048796875 0.5843015625 0.4006359375 0.5843015625 0.3978078125 0.5850296875 0.39568593750000003 0.5864828125 0.3935640625 0.5930234375000001 0.3914421875 0.605378125 0.3914421875 0.62209375 0.394625 0.63808125 0.40099062500000004 0.6438953125 0.41089062500000006 0.6489828125 0.41513437499999994 0.6475296875 0.41867031250000003 0.6424421875 0.42114531250000004 0.63808125 0.424328125 0.63299375 0.42715625 0.62790625 0.42998593749999997 0.6206390625 0.43210781249999997 0.6140984375 0.4324609375 0.6097390625 0.43210781249999997 0.60174375 0.431753125 0.5959296875 0.4303390625 0.59084375 0.42715625 0.5886625000000001 0.4250359375 0.5864828125 0.421853125 0.5864828125 0.41973125 0.587209375 0.41725625 0.5879359375 0.41478125 0.587209375 0.4112453125 0.58575625 0.40806250000000005 0.5843015625
2 0.458275 0.5625 0.46393281249999996 0.5632265624999999 0.46640781249999996 0.55959375 0.46746875 0.5530515625 0.467821875 0.547965625 0.468175 0.5356109375 0.468175 0.524709375 0.466053125 0.5152609375 0.46393281249999996 0.50290625 0.4618109375 0.49491250000000003 0.456153125 0.49345937500000003 0.4501421875 0.501453125 0.4487265625 0.5188953125 0.44943437499999994 0.5319765624999999 0.44908125 0.5436046875 0.45155625 0.5581390625 0.45332343750000004 0.5617734375000001 0.458275 0.5625
2 0.5265203125 0.5625 0.5307640625000001 0.5668609375 0.533946875 0.5668609375 0.538896875 0.5668609375 0.54349375 0.5588656249999999 0.5442015625 0.5530515625 0.5445546875 0.5421515625 0.5449078125 0.532703125 0.5449078125 0.51816875 0.5449078125 0.5036343750000001 0.5442015625 0.4905515625 0.5406640625 0.48183125000000004 0.537128125 0.47747031250000005 0.5311171875 0.47965156249999996 0.5286421875 0.4840109375 0.5268734375 0.4956390625 0.5258140625000001 0.51308125 0.525459375 0.5399703125 0.5261671875 0.5501453125 0.5265203125 0.5625
2 0.5463218750000001 0.5058140625 0.5463218750000001 0.5261625000000001 0.54844375 0.54433125 0.55091875 0.552325 0.5548093749999999 0.5581390625 0.55940625 0.5617734375000001 0.564709375 0.563953125 0.56683125 0.563953125 0.571075 0.555959375 0.5742578125 0.54941875 0.575671875 0.537790625 0.575671875 0.521075 0.57531875 0.506540625 0.5746109374999999 0.49782031250000003 0.57355 0.48546562499999996 0.5721359374999999 0.4745640625 0.570721875 0.4731109375 0.5671859375 0.46875 0.5586984375 0.470203125 0.5537484375 0.4745640625 0.5498578125 0.48764531250000004 0.5463218750000001 0.5058140625
2 0.5809765625 0.600290625 0.5788546875 0.605378125 0.57779375 0.6155515625 0.5795609374999999 0.63299375 0.5841578125 0.6475296875 0.58769375 0.6555234375000001 0.5926453125 0.6649703125 0.5997171875 0.667878125 0.60360625 0.6635171875 0.6089109374999999 0.6613374999999999 0.6117390625 0.6540703125 0.6128 0.6468015625 0.614215625 0.6388078125 0.6149218750000001 0.6293609375 0.614215625 0.6177328125 0.6138609374999999 0.6090109375 0.6128 0.60174375 0.610325 0.5944765624999999 0.6071421875 0.592296875 0.605021875 0.5930234375000001 0.6025453125 0.5930234375000001 0.5997171875 0.59375 0.5954734375 0.59375 0.5919375 0.595203125 0.5894625 0.5973843750000001 0.5884015625 0.5973843750000001 0.5845125 0.5973843750000001 0.5809765625 0.600290625
4 0.609375 0.7604166671875 0.6263020828125 0.7526041671875 0.6080729171875 0.66015625 0.5963541671875 0.6692708328125 0.609375 0.7604166671875
4 0.4010416671875 0.7395833328125 0.4205729171875 0.6497395828125 0.3984375 0.6432291671875 0.3815104171875 0.7369791671875 0.4010416671875 0.7395833328125
4 0.39453125 0.47265625 0.41015625 0.46875 0.40625 0.4401041671875 0.40234375 0.3658854171875 0.390625 0.3776041671875 0.39453125 0.47265625
4 0.5638020828125 0.4622395828125 0.5703125 0.37109375 0.5546875 0.36328125 0.5494791671875 0.4739583328125 0.5638020828125 0.4622395828125
0 0.6354166671875 0.6640625 0.6796875 0.6080729171875 0.7018229171875 0.58984375 0.7096354171875 0.5703125 0.6875 0.578125 0.6627604171875 0.6080729171875 0.6171875 0.6510416671875 0.57421875 0.6640625 0.5104166671875 0.6575520828125 0.4778645828125 0.6536458328125 0.4296875 0.6354166671875 0.38671875 0.625 0.3567708328125 0.609375 0.3229166671875 0.5989583328125 0.2877604171875 0.5911458328125 0.3059895828125 0.6002604171875 0.3958333328125 0.64453125 0.41015625 0.65625 0.4947916671875 0.6640625 0.5403645828125 0.6705729171875 0.5989583328125 0.671875 0.6354166671875 0.6640625
0 0.4583333328125 0.4934895828125 0.5013020828125 0.4986979171875 0.54296875 0.4986979171875 0.6080729171875 0.4765625 0.6419270828125 0.46875 0.6940104171875 0.4322916671875 0.6549479171875 0.4231770828125 0.6380208328125 0.4309895828125 0.5963541671875 0.4596354171875 0.5260416671875 0.4830729171875 0.4635416671875 0.4895833328125 0.4440104171875 0.4752604171875 0.3984375 0.453125 0.31640625 0.4401041671875 0.3033854171875 0.453125 0.3385416671875 0.4635416671875 0.3802083328125 0.4713541671875 0.42578125 0.4830729171875 0.4583333328125 0.4934895828125
