2 0.35423127499999996 0.637406953125 0.38265476718749997 0.651413071875 0.40994968125 0.5960279046875 0.3815264640625 0.5820218640625 0.35423127499999996 0.637406953125
2 0.52471711875 0.5436046875 0.5512001171875001 0.5436046875 0.55119995 0.45203437500000004 0.5247173203125 0.45203437500000004 0.52471711875 0.5436046875
9 0.20923963437499998 0.69680609375 0.274265296875 0.6774376390625 0.2411925546875 0.56641885 0.1761682421875 0.585787090625 0.20923963437499998 0.69680609375
3 0.6295524234375 0.63488416875 0.6645936984375 0.636013346875 0.66653336875 0.57582166875 0.6314924859375 0.574692496875 0.6295524234375 0.63488416875
2 0.3122719203125 0.6549777390625 0.36937898593749996 0.66033090625 0.3760286671875 0.5893974 0.3189223609375 0.58404426875 0.3122719203125 0.6549777390625
2 0.25503465 0.6260164671874999 0.31480690624999996 0.63929764375 0.328734103125 0.5766236515625 0.2689625296875 0.5633425546875 0.25503465 0.6260164671874999
7 0.5370728328125 0.45097026875 0.543193925 0.45122889375 0.5475852265625 0.3473011359375 0.5414642109375001 0.3470425109375 0.5370728328125 0.45097026875
7 0.25771344687500003 0.7267372484375 0.26349431874999996 0.7279829546875 0.2812501078125 0.6455966140625 0.275469334375 0.6443509187500001 0.25771344687500003 0.7267372484375
7 0.2996845875 0.6458114234375001 0.29035201875 0.6444541593750001 0.27840909062499997 0.7265625 0.2877416578125 0.727919753125 0.2996845875 0.6458114234375001
3 0.3067052359375 0.50734539375 0.29177001874999997 0.5065994015624999 0.2906151421875 0.52971885 0.305550359375 0.5304648421875 0.3067052359375 0.50734539375
3 0.7130046984375 0.49880055937499995 0.6875679531250001 0.4985729671875 0.6874110265625 0.516110428125 0.7128477703125 0.5163380203125 0.7130046984375 0.49880055937499995
3 0.6651833625 0.5741162015625 0.6756722749999999 0.6030556046875 0.723972290625 0.585551184375 0.7134833171875 0.5566119125 0.6651833625 0.5741162015625
