3 0.3915953125 0.5268890625 0.3919484375 0.521075 0.3919484375 0.5138078125 0.3919484375 0.50799375 0.3915953125 0.5007265624999999 0.39018437499999997 0.4927328125 0.38841875 0.48619218750000004 0.388715625 0.4840933328125 0.38562785625 0.489582696875 0.38356934531250003 0.49507206249999997 0.3791092359375 0.509824728125 0.374649128125 0.49644440312500004 0.37087519062499996 0.490611953125 0.36572891093750004 0.4854656734375 0.3622875 0.48110468749999996 0.36158125 0.48764531250000004 0.36016875000000004 0.5007265624999999 0.3594625 0.5087203125 0.3594625 0.516715625 0.3594625 0.52325625 0.35981562500000003 0.529796875 0.3622875 0.53924375 0.36440625 0.542878125 0.36723125 0.5465109375 0.368996875 0.5465109375 0.3707625 0.5472390625 0.372528125 0.5472390625 0.3735875 0.5472390625 0.3764125 0.547965625 0.378884375 0.54433125 0.381709375 0.5421515625 0.384534375 0.5399703125 0.387359375 0.5370640625 0.389478125 0.5348843750000001 0.3905375 0.5305234375000001 0.3915953125 0.5268890625
3 0.37570625 0.5944765624999999 0.37288125 0.5995640625 0.3707625 0.60683125 0.368996875 0.6155515625 0.368996875 0.62790625 0.369703125 0.636628125 0.371821875 0.646075 0.374649128125 0.643284903125 0.3777368953125 0.6381386250000001 0.3815108328125 0.6340216015625 0.383226259375 0.6309338328125 0.3839124296875 0.6261306390625 0.384255515625 0.6237290421874999 0.385284771875 0.61961201875 0.3883725390625 0.6165242515625 0.3955773296875 0.6185827625 0.39866509843750003 0.6189258484375 0.4003805234375 0.611377971875 0.4034682921875 0.6058886078125 0.4071328125 0.60174375 0.4011296875 0.5959296875 0.3990109375 0.59084375 0.39795156249999997 0.5901156249999999 0.39317573281249996 0.58873434375 0.3907741359375 0.58873434375 0.38700625 0.5864828125 0.383121875 0.5886625000000001 0.378178125 0.59084375 0.37570625 0.5944765624999999
2 0.5282484375000001 0.4781984375 0.5268359375 0.48619218750000004 0.5250703125 0.49709375 0.5247171875000001 0.5123546875 0.5261296875 0.5268890625 0.5275421875 0.5334296875 0.5289546875 0.5363374999999999 0.5328390625 0.5385171875 0.5391953125 0.542878125 0.5444921875000001 0.5436046875 0.548375 0.5406984375 0.5501406249999999 0.532703125 0.550846875 0.5225296875 0.5511999999999999 0.514534375 0.550846875 0.5036343750000001 0.5511999999999999 0.49127968749999995 0.5511999999999999 0.47965156249999996 0.5501406249999999 0.46802343750000003 0.54908125 0.46002968749999995 0.5476687499999999 0.45494218750000004 0.5413140624999999 0.45203437500000004 0.5377828124999999 0.45421562499999996 0.5324859375 0.46220937500000003 0.5296609375 0.46947656249999997 0.5282484375000001 0.4781984375
7 0.5430796875 0.345203125 0.5399015625 0.3524703125 0.5374296875 0.363371875 0.5360171874999999 0.3706390625 0.5342515624999999 0.3909890625 0.5328390625 0.40552343750000003 0.5317796875 0.42659843750000004 0.5307203125 0.44549374999999997 0.5293078125 0.46657031250000003 0.5338984375 0.4593015625 0.5377828124999999 0.4527609375 0.5416671875 0.45058125000000004 0.5462578125 0.4534890625 0.5497875 0.4629359375 0.5494343749999999 0.4534890625 0.5494343749999999 0.44840156249999996 0.55049375 0.43677343750000003 0.550846875 0.42659843750000004 0.5511999999999999 0.416425 0.5511999999999999 0.40552343750000003 0.55190625 0.39316874999999996 0.55190625 0.3822671875 0.55190625 0.3706390625 0.552259375 0.36119218750000004 0.552259375 0.3531984375 0.55049375 0.34665625 0.548728125 0.3415703125 0.5466109375 0.3386625 0.5448453125 0.34084375 0.5430796875 0.345203125
9 0.1907890625 0.63486875 0.2064140625 0.67763125 0.229440625 0.6907890625 0.2524671875 0.6743421875 0.25986875 0.6291125 0.2483546875 0.5904609375 0.2360203125 0.5707234375 0.22121718750000002 0.57236875 0.21217031249999999 0.5962171875 0.192434375 0.6134875 0.1907890625 0.63486875
9 0.7327296875 0.5912828125 0.7269734375 0.624178125 0.74013125 0.6595390625 0.75575625 0.676809375 0.7853625 0.657071875 0.796875 0.60361875 0.7738484375 0.5805921875 0.7524671875 0.5509875 0.7425984375 0.5649671875 0.7327296875 0.5912828125
3 0.3323487734375 0.541707771875 0.34271308125 0.5430896796875 0.3579140640625 0.5451625421874999 0.3613688328125 0.53756205 0.3668964625 0.4967957765625 0.362750740625 0.4878133765625 0.35749486406250003 0.49129812343749996 0.35646560781250003 0.4991890859375 0.353377840625 0.506050790625 0.35097624375 0.513941753125 0.33896825937499997 0.5149710078124999 0.3255879328125 0.5149710078124999 0.32682114375000004 0.5002505453125 0.3212935125 0.47952193125000003 0.3157658828125 0.487122421875 0.31438397500000004 0.5092329437500001 0.31438397500000004 0.532725371875 0.31991160625 0.541707771875 0.3323487734375 0.541707771875
3 0.63775035 0.6301498578125 0.648805609375 0.6349865343750001 0.660551825 0.632913671875 0.6681523171875 0.6211674578124999 0.6681523171875 0.6094212437500001 0.6681523171875 0.5962931218749999 0.6674613625 0.5900745374999999 0.661242778125 0.580401184375 0.6522603796875 0.57971023125 0.6501875171875 0.587310721875 0.63222271875 0.587310721875 0.6308408125 0.5949112140625 0.6329136734375 0.6045845671875 0.6336046265624999 0.6170217359375 0.63775035 0.6301498578125
3 0.7137552656249999 0.51130580625 0.712373359375 0.49886863750000005 0.7103004984375 0.49817768281249997 0.7040819140625 0.49610482187500005 0.6888809296875 0.49817768281249997 0.6833533 0.509923896875 0.6888809296875 0.524433928125 0.6950995140625 0.5258158359375 0.70270000625 0.5209791578125 0.7137552656249999 0.51130580625
2 0.375187909375 0.5983659828125 0.36620550937499996 0.5900745374999999 0.353768340625 0.587310721875 0.339949265625 0.587310721875 0.333039728125 0.587310721875 0.3226754203125 0.5886926296875 0.31783874375 0.5956021671875 0.317147790625 0.6045845671875 0.3192206515625 0.6142579203125 0.3185296984375 0.6239312734375 0.317147790625 0.6308408125 0.337876403125 0.654333240625 0.34962261875 0.6584789625 0.3613688328125 0.65709705625 0.3675874171875 0.6460417953125 0.373115046875 0.6204765046875 0.375187909375 0.5983659828125
2 0.2611805328125 0.6128712296875001 0.27223579375 0.6190898140625001 0.2832910546875 0.6301450749999999 0.292273453125 0.634290796875 0.3088563453125 0.6377455671875001 0.315074928125 0.6377455671875001 0.317147790625 0.6287631671875 0.31991160625 0.6163259984375 0.3212935125 0.601125015625 0.3192206515625 0.5962883390625 0.3157658828125 0.5879968921875001 0.31092920625 0.5803964015624999 0.2991829921875 0.579705446875 0.294346315625 0.576250678125 0.28812773125 0.572795909375 0.2832910546875 0.5686501875000001 0.275154396875 0.5647183734375 0.26966503125 0.56746305625 0.2679496046875 0.5746678468749999 0.26532625625 0.579705446875 0.259107671875 0.6094164609375 0.2611805328125 0.6128712296875001
7 0.263489496875 0.6707317265625 0.258686303125 0.6920030140625 0.25800013125 0.7115588749999999 0.25628470625 0.725625371875 0.26211715468749996 0.7369471859375001 0.2689788609375 0.741064209375 0.27789907812500003 0.7424365500000001 0.286133125 0.742093465625 0.2916224890625 0.7311147359375 0.2998565359375 0.7084711078125 0.303630475 0.6796519437499999 0.3101490953125 0.645343415625 0.310835265625 0.6398540515625 0.3067182421875 0.6388247953125 0.29951345156250003 0.6367662828125 0.291965575 0.6343646875 0.28716238125000004 0.632306175 0.28270227187499997 0.6285322375 0.2737820546875 0.6209843609375 0.26108790000000004 0.6110348875 0.262460240625 0.6189258484375 0.263489496875 0.6302476625 0.2648618375 0.6412263921875 0.26623417968749996 0.6552928875 0.263489496875 0.6707317265625
7 0.30877675312499997 0.7324870781249999 0.3170108 0.7537583640625 0.3341650640625 0.761306240625 0.34068368437499996 0.756503046875 0.3472023046875 0.748269 0.3496039015625 0.7386626125 0.35029007343749996 0.7314578218750001 0.3516624140625 0.7115588749999999 0.36298422812500003 0.6587237421875 0.36126880156249996 0.658037571875 0.34891773125 0.659752996875 0.3410267703125 0.655979059375 0.331077296875 0.6487742671875 0.32181399375 0.636423196875 0.32284324999999997 0.6401971359374999 0.31906931250000004 0.6600960828125 0.3170108 0.682053540625 0.31117835 0.7108727046875 0.30877675312499997 0.7324870781249999
6 0.37005581875 0.7327941499999999 0.361692975 0.7343621828125 0.3611702984375 0.7380209265625 0.3601249421875 0.7427250265625001 0.3601249421875 0.7495198359375 0.35803423125 0.756314646875 0.35803423125 0.7584053578125001 0.358556909375 0.7646774890625 0.3590795875 0.7735630109375 0.35803423125 0.7819258546875 0.3596022640625 0.7923794078124999 0.362215653125 0.799696896875 0.3643063640625 0.8049236734375 0.3684877859375 0.8117184828124999 0.37580527343750003 0.8132865171875 0.3841681171875 0.8148545500000001 0.3961897046875 0.8091050953125001 0.3967123828125 0.8002195734375 0.3998484484375 0.7861072765625 0.4024618359375 0.779312465625 0.4066432578125 0.759973390625 0.4066432578125 0.747951803125 0.40612058125 0.7390662828125001 0.405597903125 0.7296580828125 0.40612058125 0.722863271875 0.4024618359375 0.7233859515625001 0.397235059375 0.7312261171875 0.3925309609375 0.7401116375 0.38834953906249997 0.7416796703124999 0.37528259531249997 0.7453384140625 0.3721465296875 0.7390662828125001 0.37005581875 0.7327941499999999
6 0.60160204375 0.7652001671875001 0.6010793671875 0.7740856875000001 0.6005566890625 0.7824485328125 0.6010793671875 0.7923794078124999 0.6047381109375001 0.8002195734375 0.6120555984375 0.805969028125 0.6204184421875001 0.8044009953125 0.6272132515625 0.794992796875 0.6319173515625 0.7887206640625 0.6402801953124999 0.7824485328125 0.6517791046875 0.77513104375 0.6543924921875 0.7714723 0.653869815625 0.7631094578125001 0.6512564265624999 0.7495198359375 0.64132555 0.7416796703124999 0.6402801953124999 0.7411569921875001 0.64237090625 0.7516105468750001 0.637144128125 0.762586778125 0.6308719968750001 0.7646774890625 0.6245998640625 0.755269290625 0.622509153125 0.744293059375 0.622509153125 0.7390662828125001 0.6198957640625 0.7322714718750001 0.61832773125 0.7327941499999999 0.602124721875 0.727567371875 0.6010793671875 0.7327941499999999 0.60160204375 0.739588959375 0.602124721875 0.747429125 0.60160204375 0.7547466125 0.60160204375 0.7652001671875001
