1 0.18483125 0.5714484375 0.1943734375 0.5668734375 0.200596875 0.5562 0.20142656250000002 0.5462890625 0.203915625 0.5318031249999999 0.20764999999999997 0.5211296875 0.20640624999999999 0.51198125 0.1968625 0.4982578125 0.1873203125 0.48605937499999996 0.1773640625 0.48682187499999996 0.170725 0.4990203125 0.169065625 0.51350625 0.1732140625 0.5401906249999999 0.1786078125 0.5584875 0.18483125 0.5714484375
1 0.21096875 0.51808125 0.2072359375 0.5264671875 0.2035015625 0.5386656249999999 0.2105546875 0.5363781249999999 0.220096875 0.5356156249999999 0.2296390625 0.5340906249999999 0.23171406249999998 0.5257046875 0.225490625 0.51731875 0.21594843749999998 0.51579375 0.21096875 0.51808125
1 0.31314375 0.5557953125 0.3111609375 0.5505875 0.30605937499999997 0.5474625 0.303509375 0.557878125 0.303509375 0.56725 0.30662656250000003 0.5636046875 0.31172656249999997 0.55891875 0.31314375 0.5557953125
1 0.302659375 0.5516281249999999 0.301525 0.5453796875 0.2992578125 0.5505875 0.29812500000000003 0.557878125 0.3003921875 0.564646875 0.3037921875 0.56725 0.30322499999999997 0.5583984375 0.302659375 0.5516281249999999
1 0.7654124999999999 0.506846875 0.760878125 0.512575 0.7543609375 0.510490625 0.7492593750000001 0.5156984375 0.7469921875 0.5255921875 0.7489765625 0.5370484375 0.75464375 0.5469421875 0.762578125 0.557878125 0.7693796875000001 0.5511078125 0.777596875 0.53913125 0.7821312500000001 0.5339234375 0.7875156249999999 0.5198640625000001 0.78383125 0.506846875 0.7815640625 0.496953125 0.777596875 0.48757968749999997 0.770796875 0.483934375 0.7676796875 0.4917453125 0.7654124999999999 0.506846875
1 0.72630625 0.5078875 0.7325406250000001 0.515178125 0.7384906250000001 0.5115328124999999 0.7376406249999999 0.50268125 0.7339578125 0.4917453125 0.7294234375 0.493828125 0.72630625 0.5078875
1 0.7407578125 0.6203640625 0.7382078125 0.6234890625 0.7379249999999999 0.6328625 0.7424578125 0.63963125 0.7424578125 0.6276546875 0.7407578125 0.6203640625
1 0.6948515625 0.6458796875 0.68975 0.6417140625 0.6857828125000001 0.64119375 0.68635 0.648484375 0.6872 0.655253125 0.6906 0.6630640624999999 0.6948515625 0.6562953125 0.6948515625 0.6458796875
1 0.675015625 0.658378125 0.6769984375 0.6661890625 0.6829500000000001 0.6682718750000001 0.6849328125 0.6557734375 0.680965625 0.64119375 0.67643125 0.6464015625 0.675015625 0.658378125
1 0.64214375 0.665146875 0.6415765625 0.6547328125 0.6356265624999999 0.6531703125 0.632225 0.6521281250000001 0.6316578125000001 0.65785625 0.634775 0.6713953125 0.6387421875 0.6719171875 0.64214375 0.665146875
1 0.6316578125000001 0.6526500000000001 0.627975 0.6526500000000001 0.6248578124999999 0.656815625 0.623440625 0.6661890625 0.6257078125 0.6755609375 0.6302421875 0.6745203125 0.633075 0.6630640624999999 0.6316578125000001 0.6526500000000001
1 0.5977453125000001 0.6589937499999999 0.5947125 0.6631171874999999 0.5973703125000001 0.676603125 0.6007703125 0.67920625 0.6030375 0.6703546874999999 0.6019046875 0.6620234375 0.5977453125000001 0.6589937499999999
1 0.2663875 0.6536906250000001 0.26752031249999997 0.6672296875 0.2726203125 0.666709375 0.276871875 0.658378125 0.276871875 0.6479625 0.268653125 0.6432765625 0.2663875 0.6536906250000001
9 0.8153409093749999 0.6889204546875 0.8082386359375 0.625 0.7784090906250001 0.5909090906250001 0.7457386359375 0.6150568171875 0.7443181828125 0.663352271875 0.7613636359375 0.7215909093749999 0.7997159093749999 0.741477271875 0.8153409093749999 0.6889204546875
5 0.2443181828125 0.694602271875 0.2386363640625 0.7230113625000001 0.2613636359375 0.725852271875 0.2755681828125 0.6775568171875 0.2457386359375 0.649147728125 0.2443181828125 0.694602271875
0 0.3494318171875 0.5610795453125 0.42613636406250005 0.555397728125 0.471590909375 0.555397728125 0.5284090906250001 0.5426136374999999 0.5951704546875 0.5369318171875 0.633522728125 0.522727271875 0.664772728125 0.5099431828125 0.7698863640625 0.481534090625 0.7627840906250001 0.471590909375 0.71875 0.48579545468749996 0.649147728125 0.5127840906250001 0.555397728125 0.5340909093749999 0.460227271875 0.53125 0.3380681828125 0.5284090906250001 0.29829545468749996 0.5198863625000001 0.1875 0.477272728125 0.1619318171875 0.5 0.1761363640625 0.5127840906250001 0.237215909375 0.5184659093749999 0.319602271875 0.5411931828125 0.3494318171875 0.5610795453125
0 0.7514204546875 0.6690340906250001 0.78125 0.6590909093749999 0.7329545453125 0.6519886374999999 0.6860795453125 0.6605113625000001 0.6534090906250001 0.6761363625000001 0.6207386359375 0.6860795453125 0.569602271875 0.6889204546875 0.5497159093749999 0.6889204546875 0.460227271875 0.6889204546875 0.37784090937500003 0.6860795453125 0.336647728125 0.6761363625000001 0.3068181828125 0.6676136374999999 0.2855113640625 0.664772728125 0.225852271875 0.6420454546875 0.1976682046875 0.637348109375 0.2329545453125 0.6889204546875 0.32670454531250004 0.694602271875 0.403409090625 0.7144886374999999 0.47017045468749996 0.7159090906250001 0.5894886359375 0.710227271875 0.6534090906250001 0.703125 0.703125 0.6846590906250001 0.7514204546875 0.6690340906250001
1 0.6171875 0.578125 0.6484375 0.5716145828125 0.6458333328125 0.5234375 0.6145833328125 0.5403645828125 0.6171875 0.578125
