2 0.38366406249999996 0.595203125 0.3811875 0.5981109375 0.3776515625 0.6024703125 0.3762375 0.6097390625 0.376590625 0.61700625 0.376590625 0.6286343750000001 0.376590625 0.6373546875 0.376590625 0.6518890625 0.383309375 0.65915625 0.38613906249999996 0.6613374999999999 0.392503125 0.6613374999999999 0.3999296875 0.6613374999999999 0.4027578125 0.6613374999999999 0.4052328125 0.65915625 0.4073546875 0.6511625000000001 0.4094765625 0.6438953125 0.4119515625 0.6337203125 0.41407343750000003 0.6191859375 0.41478125 0.6111921875 0.41407343750000003 0.6031984375 0.41301249999999995 0.5988374999999999 0.4091234375 0.595203125 0.4048796875 0.59375 0.401696875 0.59375 0.399221875 0.5930234375000001 0.3935640625 0.5901156249999999 0.392503125 0.5901156249999999 0.3868453125 0.59084375 0.38366406249999996 0.595203125
3 0.3166722265625 0.583272859375 0.3197966859375 0.58452359375 0.323546028125 0.583272859375 0.3241709109375 0.578269946875 0.3241709109375 0.5732670125 0.32104645 0.5707655671875 0.3166722265625 0.5695148328124999 0.311673071875 0.568889478125 0.31042330625000003 0.56763874375 0.30917354218750004 0.5651372765625 0.30604908124999997 0.562010453125 0.30354950468749997 0.5601343640625001 0.297300584375 0.5595090093749999 0.2954687359375 0.5595312515625 0.2960507734375 0.571390921875 0.301049928125 0.5770192125 0.3041743875 0.5813967703125 0.3085486125 0.5820221265625001 0.31042330625000003 0.5813967703125 0.3166722265625 0.583272859375
3 0.34416748125 0.6214200921875 0.35041639999999996 0.6276737375 0.3541657421875 0.6308005609375 0.3585399671875 0.6226708249999999 0.36166442656250003 0.6151664453125 0.36666358125 0.6070367109375 0.369788040625 0.60140841875 0.3722876171875 0.597656240625 0.375412078125 0.592653328125 0.3729125 0.585774303125 0.3722876171875 0.585774303125 0.3691631578125 0.5807713921875 0.369788040625 0.5801460374999999 0.36353912187500004 0.5795206578125 0.359164896875 0.5801460374999999 0.3585399671875 0.5801460374999999 0.35291597812500003 0.578269946875 0.347291940625 0.5751431250000001 0.33921873593749996 0.5743750015625 0.3391683265625 0.5838982140625 0.3391683265625 0.593278684375 0.3391683265625 0.602033796875 0.339793209375 0.6114142671875 0.341667903125 0.617042534375 0.34416748125 0.6214200921875
3 0.45993302500000005 0.5397321421875 0.45653645468750004 0.545545346875 0.4569828 0.5553725093749999 0.459660934375 0.5643062890625 0.4623390359375 0.5553725093749999 0.46144631406250003 0.5442052828125 0.45993302500000005 0.5397321421875
3 0.488227396875 0.548225475 0.48688836249999995 0.5593927 0.49090553124999997 0.5723466875 0.49224456562499996 0.5562658734375 0.49229909687499995 0.5419642859375 0.488227396875 0.548225475
3 0.5007252484375 0.544651965625 0.4956473109375 0.544196428125 0.49402997812500005 0.5629662078125001 0.49492266718750005 0.576813578125 0.497600803125 0.5741334328125001 0.49938618124999995 0.5643062890625 0.5002789046875 0.554479128125 0.5007252484375 0.544651965625
3 0.52929174375 0.5468854109375 0.5310771562500001 0.5629662078125001 0.532862534375 0.5526923640625 0.532862534375 0.5388450125 0.5296874890625001 0.534709821875 0.52929174375 0.5468854109375
3 0.6627507828125 0.5276777874999999 0.66632160625 0.5370582500000001 0.6739095671875 0.532591359375 0.6725705671875 0.520530753125 0.6685533640625 0.5138304171875 0.6605190249999999 0.5160638625 0.6506993078125001 0.5160638625 0.6466821734375 0.5075767828125 0.64185266875 0.5006696421875 0.6386478343750001 0.5218708328125 0.6462357937500001 0.5406317578125 0.6560555109374999 0.5500122375000001 0.6578409578125 0.5410784578125 0.6573945796875 0.5303579140625 0.6627507828125 0.5276777874999999
7 0.3996258453125 0.598120828125 0.38087900625 0.5991619218750001 0.3683810328125 0.7584456671875001 0.37217603593750004 0.796726528125 0.3735151046875 0.797173209375 0.3892109078125 0.7657331265625 0.4131652953125 0.61686011875 0.3996258453125 0.598120828125
3 0.68149759375 0.5854426390625 0.68640741875 0.5841025578125 0.6877464859375 0.576508859375 0.6931026890624999 0.57204196875 0.6997979609375 0.568915125 0.70292240625 0.559087971875 0.7024760953125 0.555961146875 0.6944417578125 0.555067771875 0.6908709328125 0.559087971875 0.689531865625 0.562214790625 0.68640741875 0.5648949265625001 0.6850683515625 0.5644482359375 0.68149759375 0.5648949265625001 0.67837308125 0.56668168125 0.6753348109374999 0.571540178125 0.6654289171875 0.5747220875 0.6654289171875 0.5805290421875 0.668107053125 0.5872293765625 0.673016878125 0.587676084375 0.6779267703125 0.5827624874999999 0.68149759375 0.5854426390625
0 0.5743732625 0.6599687125 0.55964361875 0.6608620937499999 0.54937755625 0.6613088109375 0.5337552578125 0.6599687125 0.5261672640625 0.6523750296874999 0.5248282296875 0.673816065625 0.5453603874999999 0.6796230359375001 0.5672316125 0.6760495093750001 0.579729465625 0.674262746875 0.6011543453125 0.6626488390625 0.6265963609375 0.6510349328125 0.6542701328125 0.642547834375 0.6654289171875 0.63852764375 0.6694460531249999 0.6358474984375 0.6624999890625001 0.61953125 0.6489139296875 0.6309339281249999 0.61677664375 0.6403143890624999 0.6096349937500001 0.6416544531249999 0.5993688984375 0.653268378125 0.5868710453125 0.659075365625 0.5743732625 0.6599687125
