3 0.5956640625 0.5062984375 0.5897328125 0.5172984375 0.590103125 0.5259406249999999 0.5967765625 0.52436875 0.604190625 0.5235828125 0.6119765625 0.5157265625 0.6142015625 0.5039421875000001 0.61271875 0.49215625 0.6078984375 0.5023703125 0.6015953125 0.5055125 0.5956640625 0.5062984375
3 0.6468265625 0.5078703124999999 0.6531296875 0.49765625 0.6535 0.480371875 0.6446031249999999 0.480371875 0.6397828125 0.4929421875 0.6375578125 0.4929421875 0.6316265624999999 0.49215625 0.62791875 0.4874421875 0.6231 0.49451406249999996 0.6171671875 0.48508593749999995 0.6190218749999999 0.5039421875000001 0.6234703125000001 0.512584375 0.6286609375000001 0.5172984375 0.6357046875 0.51886875 0.6468265625 0.5078703124999999
1 0.6390109374999999 0.5868875 0.6439734374999999 0.5901234375 0.6581 0.5893140625 0.663828125 0.587696875 0.6668828125 0.5804140624999999 0.6718453125 0.572325 0.664359375 0.563275 0.65883125 0.5644109375 0.6557515625 0.580275 0.6489375 0.5828421875 0.6413015625 0.5779875 0.6348109375 0.577178125 0.6390109374999999 0.5868875
3 0.6714465374999999 0.5574878375 0.66839185 0.5356440874999999 0.6649559125 0.5364534625 0.657319975 0.540498775 0.648919975 0.5421159624999999 0.640519975 0.5429253375 0.6332668499999999 0.54697065 0.6332668499999999 0.5631519 0.6370840375 0.57043315 0.6454840374999999 0.5769050250000001 0.653119975 0.5785222125 0.6580840375 0.5712409625 0.661901225 0.560723775 0.6714465374999999 0.5574878375
1 0.316384375 0.599021875 0.3175296875 0.5868875 0.3129484375 0.5658515625 0.30989374999999997 0.5747515625 0.3083671875 0.5820328124999999 0.3083671875 0.593359375 0.311421875 0.6046859375 0.316384375 0.599021875
1 0.2999671875 0.5739421874999999 0.299203125 0.58526875 0.3022578125 0.5982140625000001 0.30645781250000004 0.5974046875 0.30798437500000003 0.587696875 0.30989374999999997 0.5755609374999999 0.30760312500000003 0.5690890625 0.2999671875 0.5739421874999999
3 0.2793632359375 0.5391773515625 0.2673815171875 0.5372855015625 0.2604447328125 0.5379161171875 0.2604447328125 0.542961053125 0.2604447328125 0.5543121531249999 0.2667509 0.5631407890625 0.279993853125 0.568816340625 0.297651121875 0.5700775734375 0.310894075 0.56377140625 0.309002225 0.560618321875 0.305849140625 0.5543121531249999 0.29638988906249997 0.5498978375 0.283777553125 0.5461141359374999 0.2793632359375 0.5391773515625
6 0.6724248296875001 0.7614098874999999 0.6760625828125 0.7619695421875 0.68361791875 0.7628090234375 0.690333771875 0.763368678125 0.6992882421875 0.7583317875 0.706843578125 0.756652825 0.7116006406250001 0.753574725 0.717756840625 0.746858871875 0.7227937296875 0.7398631906250001 0.72447269375 0.7337069921875 0.7250323484375001 0.7250323468750001 0.7247525203125 0.721674421875 0.7239130390625 0.7141190859375001 0.7239130390625 0.7057242687499999 0.7219542484375 0.6987285875 0.71887615 0.6914530812499999 0.715518221875 0.6861363625 0.7102015046875 0.681659128125 0.702086515625 0.6797003375 0.6914530812499999 0.6791406828125 0.6953706625 0.702086515625 0.6978891078125 0.7149585671875001 0.697049625 0.7275507921875 0.6917329078125001 0.7317482015625 0.687255671875 0.726431484375 0.6774617187499999 0.718596321875 0.6732643109375 0.7121602953124999 0.670745865625 0.70712340625 0.668787075 0.7023663421874999 0.6671081109375 0.696769796875 0.6640300125 0.690333771875 0.659832603125 0.6897741171875 0.6690669015624999 0.7138392578125 0.6735441375 0.7247525203125 0.6743836203125 0.730349065625 0.670745865625 0.7362254375 0.66179139375 0.7309087203125 0.6578738125 0.7241928671875 0.650318478125 0.7132796046875 0.656474678125 0.735106128125 0.6609519125000001 0.747698353125 0.6623510484375 0.75273524375 0.665149321875 0.7563729968749999 0.6685072484375 0.760290578125 0.6724248296875001 0.7614098874999999
9 0.752455415625 0.580921325 0.7616897140625001 0.5940732046874999 0.772882803125 0.6075049124999999 0.78883295625 0.6158997281249999 0.7969479453125 0.6058259484375 0.7972277734375 0.5974311328125 0.7994663906249999 0.5786827078125001 0.794709328125 0.5610535921875 0.786874165625 0.553778084375 0.7787591765624999 0.545942921875 0.778199521875 0.537268278125 0.7787591765624999 0.527194496875 0.776800384375 0.5084460734375 0.7731626312500001 0.5017302203125 0.762529196875 0.48661955 0.7588914421874999 0.49249592187499996 0.75441420625 0.499211775 0.7474185265625 0.50312935625 0.7415421546875 0.5067671093749999 0.7359456093750001 0.515441753125 0.734266646875 0.5311120781249999 0.7356657828125 0.543424478125 0.738184228125 0.55181929375 0.7451799078125 0.565530828125 0.7482580078125001 0.5744852984375 0.752455415625 0.580921325
9 0.7398631906250001 0.388959846875 0.7493773171875 0.383363303125 0.755533515625 0.3786062390625 0.7602905796874999 0.36993159531250003 0.7675660859375 0.35566040781249997 0.76924505 0.3453068 0.76057040625 0.329636475 0.754694034375 0.3125670140625 0.7493773171875 0.2977361703125 0.7485378359375 0.27814826406250004 0.7493773171875 0.264156903125 0.7572124796875 0.257161221875 0.754694034375 0.248486578125 0.743780771875 0.2459681328125 0.7325876828125 0.24736726875 0.7269911390625 0.257161221875 0.7247525203125 0.273391203125 0.7236332125 0.282905328125 0.723353384375 0.301933578125 0.7225139031250001 0.301653753125 0.724192865625 0.33579267343749997 0.7297894109375 0.3662938421875 0.727270965625 0.3816843390625 0.7398631906250001 0.388959846875
6 0.31226974375 0.7776019375 0.32400080781249996 0.7708984734375 0.3321965921875 0.7652244687499999 0.31953183125 0.759167409375 0.3145042328125 0.7513467015625 0.3133869875 0.7390570140625 0.31729734375 0.7284431953125 0.3111525 0.724532840625 0.3072421453125 0.73347079375 0.30277316875000004 0.7446432359374999 0.29383521562500003 0.741850125 0.29327659375000004 0.73123630625 0.29215935000000004 0.7211811078125 0.2899248609375 0.7133603984375 0.2826627734375 0.7111259109375 0.27149033125 0.727884571875 0.267579978125 0.7357052828125 0.26199375625 0.7340294171874999 0.26199375625 0.7167121328125 0.2636696234375 0.7083328 0.2575247796875 0.7144776421875 0.24746958281250003 0.7195052421875 0.2418833609375 0.7133603984375 0.23909025156250002 0.6938086265625001 0.234621275 0.684870671875 0.2234488328125 0.698277603125 0.229593675 0.7284431953125 0.24300060625 0.749670834375 0.24579371718749998 0.7720157171875 0.2608765125 0.7787191828125 0.285455884375 0.7831881593750001 0.302214546875 0.7809536718750001 0.31226974375 0.7776019375
