3 0.2448298921875 0.48115781249999995 0.2489080171875 0.49215625 0.25446895468749997 0.5007984375000001 0.2622548921875 0.5055125 0.27152364218749997 0.507084375 0.27745645625000004 0.5086546875 0.2815345796875 0.5055125 0.27893926874999997 0.5000125 0.2733767671875 0.48508593749999995 0.2663330171875 0.480371875 0.25928926875 0.47408593750000005 0.25298614375 0.46937187500000005 0.24705489218749999 0.47251562500000005 0.2448298921875 0.48115781249999995
3 0.2972125 0.5039421875000001 0.293875 0.49844218749999997 0.292021875 0.5039421875000001 0.2931328125 0.5165124999999999 0.2972125 0.528296875 0.30314375 0.5345828125 0.318715625 0.52986875 0.33206250000000004 0.5306546875 0.3276125 0.5172984375 0.3213109375 0.5110125 0.31797343749999996 0.496084375 0.314265625 0.5007984375000001 0.3109296875 0.5102265625 0.3101875 0.49844218749999997 0.3024015625 0.5023703125 0.2972125 0.5039421875000001
3 0.3417015625 0.528296875 0.3480046875 0.5314390625 0.35541875 0.5330109375000001 0.36431718750000003 0.52986875 0.368765625 0.5227968749999999 0.3702484375 0.5117984375 0.3717328125 0.49137031249999996 0.3691375 0.496084375 0.3624640625 0.5078703124999999 0.3583859375 0.5133687499999999 0.3539359375 0.5157265625 0.3494875 0.5141546875 0.3450390625 0.5157265625 0.3417015625 0.528296875
3 0.37867051875 0.543225 0.38497208125000004 0.5463671875 0.39683614375 0.539296875 0.4001736421875 0.5330109375000001 0.39757833124999997 0.5212265625 0.38905020625 0.520440625 0.38200645624999996 0.5172984375 0.37792833125 0.5086546875 0.37385020625 0.5133687499999999 0.37236739375 0.5330109375000001 0.37570333125 0.5385109375 0.37867051875 0.543225
3 0.6710828125 0.46876875 0.6695546875 0.4703875 0.664209375 0.4720046875 0.655809375 0.47524062499999997 0.6561921875000001 0.48414062500000005 0.6581 0.4930390625 0.66191875 0.5011296875 0.6672640624999999 0.505175 0.6741359375 0.50679375 0.68368125 0.5027484375 0.6959 0.4930390625 0.6970453125 0.48252187500000004 0.6928453125 0.46715 0.689409375 0.46553281249999995 0.6806265625 0.4590609375 0.6756640625 0.46715 0.6710828125 0.46876875
1 0.6633023031249999 0.56116085625 0.657774178125 0.5622967937500001 0.6546944906250001 0.57816085625 0.647880428125 0.58072804375 0.640244490625 0.57587335625 0.6337538656249999 0.57506398125 0.637953865625 0.58477335625 0.642916365625 0.58800929375 0.657042928125 0.58719991875 0.662771053125 0.5855827312499999 0.665825740625 0.57829991875 0.6707882406250001 0.57021085625 0.6633023031249999 0.56116085625
6 0.6959 0.6710265625 0.6913171874999999 0.6694078125 0.690171875 0.679925 0.693990625 0.7074328125 0.6928453125 0.7228046875 0.6863546875 0.724421875 0.681771875 0.71795 0.6775734375 0.7001515625 0.6748999999999999 0.6839703125 0.663928125 0.6984796875 0.6756609375 0.7207328125 0.675715625 0.7427406249999999 0.6720312500000001 0.74975625 0.661884375 0.7448421875 0.6485562500000001 0.7066234375 0.651228125 0.726040625 0.6546640625 0.7422203125 0.6626828125 0.7543562500000001 0.6695546875 0.7567828125 0.6741359375 0.7575921875 0.6806265625 0.7486937499999999 0.6917 0.755165625 0.702771875 0.7495015625 0.711553125 0.7486937499999999 0.7168984375 0.731703125 0.7184265625 0.7155234375 0.7168984375 0.7001515625 0.7084984375000001 0.682353125 0.6959 0.6710265625
1 0.3175296875 0.5868875 0.3129484375 0.5658515625 0.30989374999999997 0.5747515625 0.3083671875 0.5820328124999999 0.3083671875 0.593359375 0.311421875 0.6046859375 0.316384375 0.599021875 0.3175296875 0.5868875
1 0.299203125 0.58526875 0.3022578125 0.5982140625000001 0.30645781250000004 0.5974046875 0.30798437500000003 0.587696875 0.30989374999999997 0.5755609374999999 0.30760312500000003 0.5690890625 0.2999671875 0.5739421874999999 0.299203125 0.58526875
3 0.26763104531250004 0.5396666531250001 0.26724979375 0.553419778125 0.27144979375 0.5590838390624999 0.27832166875 0.5736463390625001 0.28443104531249996 0.5728369640625 0.29092166875 0.567982278125 0.29817635781249996 0.5712182140625 0.30504823281250004 0.5712182140625 0.30542948124999997 0.559891653125 0.30275760625000003 0.554229153125 0.2958841703125 0.5501838390625 0.2878669828125 0.5501838390625 0.28366698281249997 0.548566653125 0.27564979375 0.5372400890625 0.26763104531250004 0.5396666531250001
9 0.2235707078125 0.394023553125 0.23123447812500003 0.404594271875 0.2489404328125 0.41305084687500004 0.25316872031250004 0.4080297546875 0.2587183484375 0.3993089125 0.2600396875 0.387416853125 0.2624181 0.37711040156250003 0.2624181 0.364954075 0.2629466359375 0.3464553171875 0.2653250484375 0.334827525 0.2632109046875 0.3192357140625 0.25766127656250004 0.308136459375 0.24814762968749998 0.2994156171875 0.240748125 0.2980942765625 0.240748125 0.3076079234375 0.23731264218749998 0.325313878125 0.2341414265625 0.33694166875 0.23017740625 0.3438126375 0.22489204843750002 0.359404446875 0.2193424203125 0.372089309375 0.21987095625 0.389266728125 0.2235707078125 0.394023553125
9 0.21326425625 0.6268436390625001 0.22092802812499998 0.6173299921875001 0.23493422968750002 0.6051736640625001 0.24339080625 0.5969813578125 0.25184738125 0.5874677109374999 0.256868471875 0.5758399187500001 0.25845408124999997 0.5644763968750001 0.2542257921875 0.5562840890625 0.2521116484375 0.5517915328125 0.2489404328125 0.5446562968750001 0.244447878125 0.5359354546875 0.24154092968750002 0.52695034375 0.24021959062499998 0.5190223046875 0.2359913015625 0.51188706875 0.2299131390625 0.515058284375 0.225156315625 0.5200793765625 0.2180210796875 0.530121559375 0.2161712046875 0.53540691875 0.214321328125 0.5412208140625 0.212471453125 0.5465061734375001 0.21141438125 0.5507344625 0.2077146296875 0.556019821875 0.2008436625 0.5626265203124999 0.1926513546875 0.5679118796875 0.18789453125 0.573725775 0.18393051093749999 0.5824466187499999 0.18366624375 0.592488803125 0.186573190625 0.6057022015625 0.18393051093749999 0.6136302406249999 0.18525185 0.6202369390625 0.19502976562500002 0.62922205 0.20401487812500002 0.6321289984375 0.21326425625 0.6268436390625001
