1 0.36646875 0.548078125 0.3652375 0.53854375 0.36236406250000003 0.5226531249999999 0.36154375 0.5131187500000001 0.357028125 0.5226531249999999 0.353334375 0.5361609374999999 0.35046093749999996 0.5488734375 0.35661875 0.5623812499999999 0.3644171875 0.5599968750000001 0.36646875 0.548078125
7 0.4067640625 0.4085515625 0.408165625 0.43134531249999997 0.408725 0.449796875 0.4115296875 0.47204687500000003 0.41265 0.495925 0.411809375 0.5035234375 0.41853749999999995 0.5002671875 0.41629531249999996 0.4758453125 0.4134921875 0.455765625 0.4115296875 0.4329734375 0.41012812500000007 0.41723437499999994 0.40900625 0.39986875 0.4073234375 0.3835875 0.4067640625 0.4085515625
7 0.4205 0.5013515625 0.4263875 0.500809375 0.424425 0.47367499999999996 0.42190312499999993 0.44816874999999995 0.417978125 0.42157656250000003 0.41293125 0.40366718749999997 0.4095671875 0.38413125 0.41489374999999995 0.41723437499999994 0.4174171875 0.44762500000000005 0.41909843750000003 0.4829 0.4205 0.5013515625
1 0.6701875 0.5461796875 0.670734375 0.5313749999999999 0.67128125 0.514453125 0.6696421875 0.5049359375 0.6630859375 0.514453125 0.6592609375 0.529259375 0.6592609375 0.545121875 0.664725 0.5567562500000001 0.670734375 0.5620437500000001 0.6701875 0.5461796875
1 0.6866140625 0.540759375 0.6879703125 0.549953125 0.6893281250000001 0.5584890625 0.6971296875 0.5630859375 0.7045921875000001 0.5643984375 0.70221875 0.5558625 0.7001828125 0.5460125 0.7018796875 0.5328796875 0.7032359375 0.5223734375 0.7035750000000001 0.5085828125 0.7039140625 0.49676406249999994 0.6978078125 0.501359375 0.6940765625 0.5026734375 0.6893281250000001 0.5164625 0.6879703125 0.5282828125 0.6866140625 0.540759375
1 0.6411578125 0.630721875 0.6425140625 0.6431984374999999 0.6438703125 0.6543609375 0.645228125 0.65633125 0.6486203125000001 0.651078125 0.6499765625 0.641884375 0.6503171875 0.6346609375 0.6482812499999999 0.6300656250000001 0.6438703125 0.622184375 0.6411578125 0.630721875
1 0.6364078125 0.651734375 0.6411578125 0.6583015624999999 0.6418359375 0.645825 0.6418359375 0.63663125 0.6401390625000001 0.621528125 0.6367468749999999 0.6248125 0.6336937500000001 0.6326921875 0.6333546875 0.6451687500000001 0.6364078125 0.651734375
1 0.43728125 0.6287515625 0.43490624999999994 0.635975 0.43049687499999995 0.641228125 0.43151406249999996 0.6523921875 0.434228125 0.6596140625 0.436603125 0.651078125 0.4386375 0.6386015625 0.43728125 0.6287515625
1 0.385976940625 0.692833121875 0.390790371875 0.6991507484375 0.3953029625 0.6997524281249999 0.3959717578125 0.700185978125 0.4010608203125 0.687051603125 0.402417071875 0.6758891031250001 0.402417071875 0.6607859781250001 0.402756134375 0.652906290625 0.399703009375 0.648309415625 0.39359675781250003 0.651592228125 0.38884832187499996 0.656189103125 0.385795196875 0.669321915625 0.386473321875 0.677859415625 0.3856761015625 0.6826045828125 0.385976940625 0.692833121875
9 0.8100968749999999 0.642428125 0.7914656250000001 0.658053125 0.7866593749999999 0.701321875 0.796875 0.7271640625 0.8203125 0.7313703125 0.86358125 0.6923078125 0.8677890625 0.6141828125 0.8413468749999999 0.640625 0.8100968749999999 0.642428125
