1 0.22032968749999998 0.542615625 0.21783125 0.5304625 0.21233906249999998 0.5122312499999999 0.20584531250000002 0.5051421875 0.20085156249999997 0.51121875 0.1953578125 0.5335015624999999 0.19685625 0.5638859375 0.20135156250000003 0.580090625 0.21084062499999998 0.5760390625 0.21233906249999998 0.5648984375 0.21833125 0.5567953125 0.22032968749999998 0.542615625
1 0.19835468750000002 0.63073125 0.1928609375 0.63376875 0.1933609375 0.649975 0.193417559375 0.6624859375 0.20327323125 0.6692617125 0.21559282031250002 0.6760374875 0.2343125 0.6570640625 0.2408046875 0.6428843750000001 0.243303125 0.6195906250000001 0.237309375 0.621615625 0.2333140625 0.6266796875 0.22432500000000002 0.6378203124999999 0.2198296875 0.6378203124999999 0.2083421875 0.6347828125 0.19835468750000002 0.63073125
3 0.3386921875 0.6965640625 0.345184375 0.6773203125 0.34168906250000003 0.6590890625 0.3356953125 0.6550390625 0.3272046875 0.6590890625 0.3212125 0.683396875 0.32570625 0.6996015625 0.3326984375 0.7016281249999999 0.3386921875 0.6965640625
1 0.371262321875 0.664488496875 0.3692888859375 0.654769746875 0.365059196875 0.656485371875 0.36364982343749996 0.657057246875 0.36139513437500004 0.664488496875 0.361676384375 0.6730650609375 0.3633685734375 0.6804963109375 0.36590607343750003 0.678782246875 0.369851384375 0.6736369359375 0.3718248234375 0.6707775609375 0.371262321875 0.664488496875
1 0.66983125 0.6144437500000001 0.667575 0.6012953125 0.668421875 0.583571875 0.666165625 0.5721375 0.66475625 0.5635625 0.652915625 0.56470625 0.649815625 0.574996875 0.6484062500000001 0.5870031250000001 0.6478421875 0.5932906250000001 0.6543249999999999 0.6007234375 0.658271875 0.6110140625 0.663346875 0.6167312500000001 0.66983125 0.6144437500000001
3 0.6852921875 0.5422296875 0.6829609375000001 0.552625 0.678534375 0.5587671875 0.6757390625 0.5564046874999999 0.6715453124999999 0.562075 0.669215625 0.5757765625 0.6668859375 0.5923140625000001 0.6668859375 0.6112124999999999 0.6706140625 0.6149921875000001 0.6757390625 0.6173546875 0.680165625 0.6197171875 0.6862234375 0.6206625 0.6932125 0.6173546875 0.6971734374999999 0.618771875 0.7004359375 0.614046875 0.7009015625 0.608378125 0.699503125 0.5932578125 0.6992703125 0.5786109374999999 0.7013671875 0.5634921875 0.7025328125 0.5521515625 0.6976390625 0.5393953125000001 0.6913484375000001 0.538921875 0.6852921875 0.5422296875
7 0.700203125 0.5398671875 0.7071921875 0.5181328125 0.710453125 0.4954546875 0.7109203125 0.477971875 0.7102203125 0.458128125 0.70835625 0.49025625 0.7062593749999999 0.5058484375 0.702765625 0.52096875 0.69810625 0.5346703125000001 0.696009375 0.542703125 0.700203125 0.5398671875
7 0.699503125 0.530890625 0.7009015625 0.516715625 0.7013671875 0.4963984375 0.701134375 0.4784453125 0.7009015625 0.462853125 0.700203125 0.4448984375 0.6983390625 0.47608281249999995 0.6962421875 0.5020687500000001 0.6955421875 0.5219125 0.6932125 0.5313625 0.699503125 0.530890625
7 0.68901875 0.533253125 0.6871546875 0.516715625 0.6862234375 0.5020687500000001 0.6873890625 0.47750000000000004 0.68901875 0.444425 0.6850578125 0.47608281249999995 0.6841265625 0.49781718750000004 0.6845921875000001 0.5157703125 0.6855249999999999 0.533725 0.68901875 0.533253125
3 0.735615625 0.652790625 0.7433046875 0.64995625 0.7495953125 0.6433421874999999 0.7519250000000001 0.6362546874999999 0.7493624999999999 0.6225515625 0.74516875 0.618771875 0.7377125 0.621134375 0.7316546875000001 0.6206625 0.7283937500000001 0.6239703125 0.723734375 0.6253875 0.7186078124999999 0.628221875 0.71418125 0.63814375 0.7155796875 0.6461765625 0.71674375 0.6579890625 0.7218703125 0.6560984375000001 0.735615625 0.652790625
6 0.7674624999999999 0.7849265625 0.7454046875 0.81341875 0.7536765625 0.8373156249999999 0.7794125000000001 0.8299625 0.78125 0.7987124999999999 0.7674624999999999 0.7849265625
3 0.29597814375 0.658482071875 0.302445928125 0.6526302671875001 0.30213793906249997 0.641234646875 0.28920236875 0.6279910875 0.2728789125 0.6252191796875 0.26117530312500004 0.621523303125 0.26117530312500004 0.622447271875 0.269491025 0.644930521875 0.271030975 0.652322278125 0.275034840625 0.6590980515625 0.282734584375 0.6624859375 0.2888943796875 0.6618699593749999 0.29597814375 0.658482071875
6 0.1579987390625 0.7367114671875 0.1601546671875 0.7450271890625 0.160770646875 0.7548828624999999 0.16446652343749998 0.7616586359374999 0.1697023484375 0.765662503125 0.1764781234375 0.7693583796875 0.1761701328125 0.7795220421875 0.1786340515625 0.787529775 0.1804819890625 0.790609671875 0.1903376609375 0.7976934359375 0.1983453953125 0.7986174046875 0.207277096875 0.8007733328125 0.21590081093750002 0.8001573531249999 0.2266804515625 0.798309415625 0.22945235937500003 0.7869137953124999 0.22914436875000002 0.7801380203125 0.2288363796875 0.7758261640625 0.22914436875000002 0.76966636875 0.2285283890625 0.762274615625 0.2257564828125 0.7561148203125 0.2223685953125 0.7539588921875 0.22052065625 0.7539588921875 0.2165167890625 0.7545748718749999 0.21405287187500002 0.7573467796875 0.21128096406250002 0.76443054375 0.20388921093749998 0.7672024515625 0.198961375 0.7675104421875 0.1971134359375 0.7591947171875 0.2005013234375 0.7514949750000001 0.20388921093749998 0.7447192 0.2069691078125 0.7379434265625 0.2069691078125 0.730551671875 0.2005013234375 0.7302436828125 0.1924935890625 0.7385594046875 0.1887977125 0.7434872421875001 0.1835618875 0.747799096875 0.1807899796875 0.741639303125 0.18232992812499998 0.7302436828125 0.1835618875 0.7225439375 0.185409825 0.7157681640625 0.1872577640625 0.7120722875000001 0.18848972343749998 0.704988521875 0.18848972343749998 0.7019086265625 0.1829459078125 0.698828728125 0.174938175 0.698828728125 0.162618584375 0.700368678125 0.159230696875 0.7089923890625001 0.159230696875 0.71977203125 0.1589227078125 0.7287037328125 0.1579987390625 0.7367114671875
3 0.797385446875 0.6587900624999999 0.8053931796875 0.6452385125 0.8087810671875 0.637846759375 0.8097050359375 0.6307629953125 0.8075491078124999 0.622447271875 0.8078570984375 0.6150555171875001 0.8087810671875 0.607355775 0.8084730765625 0.6002720109374999 0.8041612203125 0.5947281953125 0.80046534375 0.5947281953125 0.7955375078125 0.5971921124999999 0.787529775 0.5999640203125 0.7816779687500001 0.601811959375 0.7773661125 0.6024279375 0.7739782265625 0.6033519078125 0.762274615625 0.61690345625 0.763506575 0.6304550046874999 0.7659704921875 0.640310678125 0.773362246875 0.6480104203125 0.7847578671875 0.65632614375 0.797385446875 0.6587900624999999
