2 0.6660803468750001 0.6200781656250001 0.7005333171875 0.6210776171875 0.7029068671875 0.539257178125 0.6684544 0.538257734375 0.6660803468750001 0.6200781656250001
7 0.717080871875 0.4592807953125 0.7102202234375 0.45812810937500004 0.696009375 0.542703125 0.702870021875 0.543855803125 0.717080871875 0.4592807953125
7 0.706665703125 0.44542089687499997 0.70020308125 0.44489843437500004 0.6932125 0.5313625 0.699675121875 0.531884959375 0.706665703125 0.44542089687499997
7 0.6841265515625 0.533725 0.6890187875 0.533725 0.68901875 0.444425 0.6841265796875 0.444425 0.6841265515625 0.533725
3 0.708237659375 0.627112884375 0.71674375 0.6579890625 0.756135946875 0.6471381015625 0.7476297796875 0.6162620453125001 0.708237659375 0.627112884375
6 0.737174346875 0.846673946875 0.7756065515625 0.854039778125 0.7880969875 0.7888813515625 0.749665396875 0.78151558125 0.737174346875 0.846673946875
3 0.763979859375 0.6601085453125 0.8107906765624999 0.6582609703125 0.808270403125 0.5944201359375 0.76146015625 0.5962676984375 0.763979859375 0.6601085453125
6 0.2245436984375 0.75140645625 0.2043403671875 0.7441374515625 0.194537925 0.7713774250000001 0.21474124374999998 0.7786464046875 0.2245436984375 0.75140645625
6 0.1825206109375 0.76540555625 0.1934367125 0.7464318375000001 0.17832837031249998 0.737741096875 0.16741226874999998 0.756714778125 0.1825206109375 0.76540555625
6 0.24584661093750002 0.7858118515625 0.22349196249999997 0.787826221875 0.22603832031249999 0.8160791671875 0.24839296718749998 0.8140648031250001 0.24584661093750002 0.7858118515625
1 0.2576372859375 0.6466480328124999 0.24502831406249997 0.60937471875 0.1907721515625 0.627726415625 0.2033808796875 0.664999525 0.2576372859375 0.6466480328124999
1 0.223406134375 0.5072130421875001 0.20551137812500003 0.5062601171875001 0.202006934375 0.5720636078125 0.2199016890625 0.5730165265625 0.223406134375 0.5072130421875001
