7 0.335715625 0.46139062500000005 0.3316015625 0.4532 0.335715625 0.48785468749999994 0.3336578125 0.5180984375000001 0.3391453125 0.52376875 0.3391453125 0.48722343749999997 0.335715625 0.46139062500000005
7 0.3274859375 0.48029374999999996 0.323371875 0.44311875 0.3254296875 0.493525 0.3240578125 0.5105375000000001 0.31685625 0.49541562499999997 0.30931406250000004 0.4796625 0.3014265625 0.46013125 0.3216578125 0.5199874999999999 0.32508593750000003 0.5275484374999999 0.330915625 0.5243984375 0.33434375 0.5231390625000001 0.3292015625 0.5010859375 0.3274859375 0.48029374999999996
3 0.3634890625 0.5464515624999999 0.35903125 0.5508625 0.3576609375 0.5552718750000001 0.35903125 0.5729140625 0.3638328125 0.5779546875 0.3672609375 0.5798453125 0.3696609375 0.585515625 0.3737765625 0.5911875 0.3857765625 0.5861468750000001 0.3888625 0.5729140625 0.3888625 0.5571625 0.387490625 0.54015 0.38680625 0.528809375 0.3785765625 0.5243984375 0.37034687499999996 0.5281796875 0.366575 0.535109375 0.3634890625 0.5464515624999999
3 0.3878989203125 0.53872173125 0.3883807828125 0.5526957296874999 0.38886264531250003 0.5823302421875 0.3919484375 0.58740625 0.40257812499999995 0.59055625 0.41183593749999997 0.5842562499999999 0.41560781249999995 0.5804750000000001 0.4241796875 0.575434375 0.42555156250000004 0.565353125 0.420065625 0.5596828125 0.414921875 0.552121875 0.41183593749999997 0.528809375 0.4046359375 0.5199874999999999 0.39915 0.5275484374999999 0.39126249999999996 0.528809375 0.3878989203125 0.53872173125
7 0.37034687499999996 0.4790328125 0.365546875 0.4418578125 0.362803125 0.47147187500000004 0.37034687499999996 0.4790328125
7 0.40497812499999997 0.45635000000000003 0.4018921875 0.4298875 0.40257812499999995 0.48344375 0.402921875 0.521878125 0.4108078125 0.518728125 0.409778125 0.46958124999999995 0.40497812499999997 0.45635000000000003
7 0.3923984375 0.45819687499999995 0.39497499999999997 0.46103750000000004 0.389821875 0.42932031249999997 0.3923984375 0.45819687499999995
1 0.47148593749999995 0.5505078125 0.47328906249999997 0.5438796875 0.471228125 0.5348859375 0.4655609375 0.5377265625 0.4609234375 0.54340625 0.45705937499999993 0.5547671875 0.4562859375 0.5727562500000001 0.45654374999999997 0.5831703125 0.45808906250000003 0.5926390625 0.4586046875 0.5964265625 0.4619546875 0.5978453125 0.4647875 0.59831875 0.46684843750000005 0.592165625 0.46839375 0.5770171875 0.467621875 0.5651828125 0.46890937499999996 0.5561875 0.47148593749999995 0.5505078125
1 0.478440625 0.5708624999999999 0.47148593749999995 0.5751234375000001 0.4707125 0.5808046874999999 0.4696828125 0.5888515625 0.4696828125 0.5978453125 0.4720015625 0.603053125 0.473546875 0.60589375 0.47586562499999996 0.6063671875 0.4810171875 0.6063671875 0.48694218749999996 0.6035265625 0.4879734375 0.5992656249999999 0.4879734375 0.5954796875 0.4861703125 0.5850640625 0.48204843750000004 0.575596875 0.478440625 0.5708624999999999
3 0.5052328125 0.5732296875 0.504203125 0.5623421875 0.495959375 0.559028125 0.494671875 0.5661296874999999 0.490034375 0.56896875 0.48848906249999996 0.57465 0.48719999999999997 0.5817515625 0.4879734375 0.5907453125 0.491321875 0.59831875 0.49389843750000006 0.6044734375 0.49518593749999995 0.6092078125 0.5031718749999999 0.6092078125 0.506521875 0.6082609375 0.5075515625 0.5973734375 0.50600625 0.590271875 0.5052328125 0.5732296875
1 0.5137343750000001 0.6016328125 0.517340625 0.5959531250000001 0.5175984375 0.5874312500000001 0.5150234375 0.5779640625 0.5127046875 0.5703890625 0.508840625 0.5642359375 0.5075515625 0.582225 0.5080671875 0.5973734375 0.5096125 0.6035265625 0.5137343750000001 0.6016328125
3 0.53795 0.568021875 0.537434375 0.5524015624999999 0.5353749999999999 0.544353125 0.5333140625 0.5495609375 0.532540625 0.5604484375000001 0.531509375 0.5670765624999999 0.5353749999999999 0.575596875 0.53795 0.5817515625 0.53795 0.568021875
7 0.604671875 0.44636250000000005 0.6054453125 0.48802031250000005 0.6049296875 0.538671875 0.609309375 0.5410390625 0.61471875 0.5405656249999999 0.6154921875 0.5358328125 0.6172953125 0.49038750000000003 0.621159375 0.43216093750000006 0.6178109375 0.43736718750000003 0.6149765625 0.47949843750000004 0.61214375 0.522578125 0.609309375 0.5230515625 0.6085375 0.5202109375 0.608021875 0.49748749999999997 0.6059609375 0.4283734375 0.604671875 0.44636250000000005
1 0.7553765625 0.5751234375000001 0.7512546875 0.5703890625 0.745071875 0.5604484375000001 0.7396625 0.557134375 0.7360562500000001 0.5576078125 0.7334796875 0.559028125 0.7324499999999999 0.560921875 0.7311609375 0.5632890625 0.7321921875 0.56896875 0.7345109375 0.5760703125 0.7337374999999999 0.5831703125 0.7321921875 0.589325 0.73141875 0.5931124999999999 0.7337374999999999 0.6016328125 0.740178125 0.604946875 0.74661875 0.6025796875 0.750996875 0.6021062500000001 0.7546046875 0.5987921875 0.7618171874999999 0.594059375 0.76310625 0.5926390625 0.7628484375 0.582696875 0.7613015625 0.577490625 0.7553765625 0.5751234375000001
6 0.6411671875 0.81376875 0.6444796875 0.795503125 0.6466890624999999 0.7691203125 0.636196875 0.7467953125 0.62625625 0.7336031249999999 0.626809375 0.7569421875 0.630675 0.778253125 0.6334359375 0.7965187499999999 0.62901875 0.7975328125 0.620734375 0.789415625 0.6152124999999999 0.778253125 0.608034375 0.7538984375 0.6058250000000001 0.7538984375 0.6058250000000001 0.778253125 0.6091375 0.8046359375 0.6157640625 0.8229015625 0.62625625 0.8269609375 0.6411671875 0.81376875
3 0.263578521875 0.56931996875 0.263819453125 0.5748613828125 0.2647831765625 0.5801618640624999 0.268879003125 0.5890763125 0.2708064515625 0.5924493453124999 0.275866003125 0.5972679656250001 0.27972089843750003 0.5987135515625 0.2830939328125 0.5989544828125 0.2958632765625 0.59437679375 0.30309120625 0.584498621875 0.29803165468750004 0.5741385890624999 0.2891172078125 0.567392521875 0.28743069062500004 0.566187865625 0.28453951875 0.5628148328125 0.2768297265625 0.560164590625 0.270083659375 0.560164590625 0.26598783125000003 0.560646453125 0.26454224531250004 0.5628148328125 0.2640603828125 0.5649832109374999 0.263578521875 0.56931996875
1 0.605909059375 0.59151691875 0.619581590625 0.5871992781250001 0.619581590625 0.5677698906249999 0.619581590625 0.5605738203125 0.6267776609375 0.54618168125 0.6181423765625 0.5382660046875001 0.6087874859375 0.5418640390625 0.6023110234375 0.5512189296875001 0.597273775 0.55913460625 0.5987129890625 0.5778443875 0.6023110234375 0.5871992781250001 0.605909059375 0.59151691875
1 0.6151603828125001 0.6625518921875 0.6194968609375 0.652020446875 0.6213553515625 0.6427279921875 0.6207358546874999 0.6356037796875 0.6194968609375 0.6269308234375 0.6170188734375001 0.6201163578125 0.6145408859375 0.6191871124999999 0.612372646875 0.6365330250000001 0.6108239046875 0.64520598125 0.608655665625 0.6526399421875 0.6083459171875 0.6582154140625 0.609894659375 0.6650298796875 0.6151603828125001 0.6625518921875
5 0.6263113265625 0.627240571875 0.6225943453125 0.632196546875 0.62290409375 0.6362232765625 0.627240571875 0.6411792515625 0.6374622703124999 0.646444975 0.6479937171875 0.6461352265625 0.657905665625 0.6448962328125 0.66472013125 0.6424182453125 0.666578621875 0.6294088109375 0.664100634375 0.6275503203125 0.657905665625 0.6256918296875 0.6566666718749999 0.6256918296875 0.652020446875 0.623523590625 0.6405597546874999 0.62290409375 0.6374622703124999 0.6225943453125 0.6343647859375 0.62290409375 0.630957553125 0.6244528359375 0.6287893140625 0.6250723328125 0.6263113265625 0.627240571875
5 0.28746741249999996 0.6553864578125 0.2972785875 0.663235396875 0.30708976250000003 0.6671598671875001 0.3218065234375 0.6710843375 0.3247498765625 0.6671598671875001 0.3316176984375 0.6671598671875001 0.344372225 0.6691221015625 0.35418340000000004 0.663235396875 0.3620323390625 0.6514619875000001 0.3335799328125 0.630858521875 0.2982597046875 0.6259529328125 0.28844853125 0.6239906984375 0.2825618265625 0.6318396374999999 0.280599590625 0.639688578125 0.28746741249999996 0.6553864578125
5 0.6357641078125 0.539614596875 0.639688578125 0.5376523625 0.6416508125 0.5356901281249999 0.6465563999999999 0.5337278921874999 0.6514619875000001 0.5327467765625 0.6524431046875 0.52882230625 0.6524431046875 0.5268600718750001 0.6494997515625001 0.517048896875 0.62791516875 0.51901113125 0.625952934375 0.5268600718750001 0.625952934375 0.5347090109375 0.6288962859375 0.5405957156250001 0.63282075625 0.5405957156250001 0.6357641078125 0.539614596875
