7 0.335715625 0.46139062500000005 0.3316015625 0.4532 0.335715625 0.48785468749999994 0.3336578125 0.5180984375000001 0.3391453125 0.52376875 0.3391453125 0.48722343749999997 0.335715625 0.46139062500000005
7 0.3014265625 0.46013125 0.3216578125 0.5199874999999999 0.32508593750000003 0.5275484374999999 0.330915625 0.5243984375 0.33434375 0.5231390625000001 0.3292015625 0.5010859375 0.3274859375 0.48029374999999996 0.323371875 0.44311875 0.3254296875 0.493525 0.3240578125 0.5105375000000001 0.31685625 0.49541562499999997 0.30931406250000004 0.4796625 0.3014265625 0.46013125
7 0.37034687499999996 0.4790328125 0.365546875 0.4418578125 0.362803125 0.47147187500000004 0.37034687499999996 0.4790328125
7 0.40497812499999997 0.45635000000000003 0.4018921875 0.4298875 0.40257812499999995 0.48344375 0.402921875 0.521878125 0.4108078125 0.518728125 0.409778125 0.46958124999999995 0.40497812499999997 0.45635000000000003
7 0.3923984375 0.45819687499999995 0.39497499999999997 0.46103750000000004 0.389821875 0.42932031249999997 0.3923984375 0.45819687499999995
1 0.4562859375 0.5727562500000001 0.45654374999999997 0.5831703125 0.45808906250000003 0.5926390625 0.4586046875 0.5964265625 0.4619546875 0.5978453125 0.4647875 0.59831875 0.46684843750000005 0.592165625 0.46839375 0.5770171875 0.467621875 0.5651828125 0.46890937499999996 0.5561875 0.47148593749999995 0.5505078125 0.47328906249999997 0.5438796875 0.471228125 0.5348859375 0.4655609375 0.5377265625 0.4609234375 0.54340625 0.45705937499999993 0.5547671875 0.4562859375 0.5727562500000001
1 0.473546875 0.60589375 0.47586562499999996 0.6063671875 0.4810171875 0.6063671875 0.48694218749999996 0.6035265625 0.4879734375 0.5992656249999999 0.4879734375 0.5954796875 0.4861703125 0.5850640625 0.48204843750000004 0.575596875 0.478440625 0.5708624999999999 0.47148593749999995 0.5751234375000001 0.4707125 0.5808046874999999 0.4696828125 0.5888515625 0.4696828125 0.5978453125 0.4720015625 0.603053125 0.473546875 0.60589375
1 0.5075515625 0.582225 0.5080671875 0.5973734375 0.5096125 0.6035265625 0.5137343750000001 0.6016328125 0.517340625 0.5959531250000001 0.5175984375 0.5874312500000001 0.5150234375 0.5779640625 0.5127046875 0.5703890625 0.508840625 0.5642359375 0.5075515625 0.582225
1 0.6075062499999999 0.5959531250000001 0.6136890625 0.5978453125 0.6178109375 0.5916921875 0.6229625000000001 0.5789109375 0.6229625000000001 0.5637624999999999 0.6242515625 0.5524015624999999 0.6245093749999999 0.5391453125 0.618840625 0.530625 0.61471875 0.5310984375000001 0.6090515625 0.5391453125 0.606990625 0.54719375 0.60621875 0.5557140625 0.6026109374999999 0.56755 0.597459375 0.5808046874999999 0.6013234375 0.5831703125 0.6041578125 0.5888515625 0.6075062499999999 0.5959531250000001
7 0.6172953125 0.49038750000000003 0.621159375 0.43216093750000006 0.6178109375 0.43736718750000003 0.6149765625 0.47949843750000004 0.61214375 0.522578125 0.609309375 0.5230515625 0.6085375 0.5202109375 0.608021875 0.49748749999999997 0.6059609375 0.4283734375 0.604671875 0.44636250000000005 0.6054453125 0.48802031250000005 0.6049296875 0.538671875 0.609309375 0.5410390625 0.61471875 0.5405656249999999 0.6154921875 0.5358328125 0.6172953125 0.49038750000000003
1 0.7324499999999999 0.560921875 0.7311609375 0.5632890625 0.7321921875 0.56896875 0.7345109375 0.5760703125 0.7337374999999999 0.5831703125 0.7321921875 0.589325 0.73141875 0.5931124999999999 0.7337374999999999 0.6016328125 0.740178125 0.604946875 0.74661875 0.6025796875 0.750996875 0.6021062500000001 0.7546046875 0.5987921875 0.7618171874999999 0.594059375 0.76310625 0.5926390625 0.7628484375 0.582696875 0.7613015625 0.577490625 0.7553765625 0.5751234375000001 0.7512546875 0.5703890625 0.745071875 0.5604484375000001 0.7396625 0.557134375 0.7360562500000001 0.5576078125 0.7334796875 0.559028125 0.7324499999999999 0.560921875
1 0.6118859375000001 0.6219890625 0.6118859375000001 0.62766875 0.6118859375000001 0.63524375 0.610340625 0.643290625 0.6075062499999999 0.64991875 0.60621875 0.652759375 0.6059609375 0.66080625 0.6067328125 0.6641203124999999 0.610340625 0.6669609375000001 0.61575 0.66080625 0.6178109375 0.6603328125 0.6190984375 0.6603328125 0.6206453125 0.6532328125 0.6209015625000001 0.6456578125 0.621675 0.6357171875 0.621159375 0.6295625 0.6196140625 0.6229359375 0.6167796875 0.618675 0.61343125 0.617728125 0.6118859375000001 0.6219890625
6 0.60504850625 0.7847152828125 0.604851934375 0.7890398656250001 0.6052450781250001 0.7929713046875 0.6060313671875 0.7970993156249999 0.6064245109375 0.7996547515625 0.6079970859375 0.80338961875 0.610159378125 0.8069279140625 0.6113388093750001 0.8086970625 0.612911384375 0.81144906875 0.616646253125 0.8143976484375001 0.6211674078125 0.817346228125 0.6278508546875 0.817346228125 0.6353205890625 0.8118422125 0.6394485999999999 0.8045690515624999 0.6423971796875 0.7994581796875 0.6453457593749999 0.7933644484375 0.646525190625 0.7894330093749999 0.6479011953125 0.781766703125 0.6479011953125 0.7764592593749999 0.64750805 0.7727243921875 0.645935475 0.76859638125 0.6439697546875001 0.7644683703124999 0.6427903234375 0.7613232171875 0.6416108921875 0.7579814953125 0.639645171875 0.754246628125 0.6370897375 0.7511014765625 0.6341411578125 0.748939184375 0.6321754375 0.7483494687500001 0.6278508546875 0.746187178125 0.6256885624999999 0.747366609375 0.6278508546875 0.7534603390625 0.6282439984375 0.7573917781249999 0.6290302859375 0.7632889375 0.6298165734375 0.768792953125 0.632372009375 0.775672971875 0.6341411578125 0.782552990625 0.6347308734375 0.7856981421875 0.632961725 0.7921850171875 0.6266714234374999 0.7912021578124999 0.617039396875 0.781766703125 0.6156633921875 0.7725278203125 0.6140908171875 0.7654512296875 0.6127148124999999 0.7599472140625 0.612125096875 0.7538534828125 0.6089964890624999 0.7538446125 0.60347593125 0.76250265 0.604065646875 0.768792953125 0.604065646875 0.7731175359375 0.60426221875 0.77744211875 0.604851934375 0.78157013125 0.60504850625 0.7847152828125
5 0.626771003125 0.6474966125 0.631059059375 0.6489259640625 0.6374911453125 0.6503553171875 0.6396351734375 0.6503553171875 0.6510699921875001 0.6489259640625 0.6532140203125001 0.6474966125 0.6675075453125 0.6432085546875 0.661790134375 0.631059059375 0.641779203125 0.6282003546875 0.63677646875 0.627485678125 0.62891503125 0.631059059375 0.6274856796875 0.638920496875 0.626771003125 0.6446379078125 0.626771003125 0.6474966125
5 0.2772943546875 0.6582167546875 0.2808677359375 0.668936896875 0.29516125937500004 0.6810863921875 0.32374830625 0.686089125 0.3344684484375 0.68251574375 0.35233535312500003 0.6760836578125 0.360196790625 0.6725102781250001 0.3673435515625 0.653214021875 0.350906 0.642493878125 0.3323244203125 0.638205821875 0.31660154375 0.6353471171875 0.29444658281249997 0.6360617921875 0.2815824125 0.6396351734375 0.2772943546875 0.6582167546875
5 0.642493878125 0.5531593578125 0.65178466875 0.5410098624999999 0.6324884125 0.5410098624999999 0.626771003125 0.546727271875 0.626771003125 0.5588767671875 0.6324884125 0.5638795 0.6396351734375 0.5588767671875 0.642493878125 0.5531593578125
