2 0.3543539609375 0.522407053125 0.3179997078125 0.5254511640625 0.32374675 0.5940787656250001 0.360101 0.5910346734374999 0.3543539609375 0.522407053125
7 0.3380608328125 0.452995359375 0.3316015625 0.4532 0.333842784375 0.5239367421875001 0.34030205625 0.523732103125 0.3380608328125 0.452995359375
2 0.3603362421875 0.5921621406249999 0.39123843125 0.5899212328125001 0.38644496250000004 0.5238278484375 0.3555431203125 0.52606874375 0.3603362421875 0.5921621406249999
2 0.389457365625 0.595480284375 0.43100684375 0.579887340625 0.408044728125 0.5187082203125 0.36649566718750004 0.534301078125 0.389457365625 0.595480284375
7 0.363887075 0.4798668421875 0.3703468984375 0.47903280937500003 0.365546875 0.4418578125 0.359087084375 0.44269184375000004 0.363887075 0.4798668421875
7 0.40981239843750006 0.429798853125 0.4018921875 0.4298875 0.40292186875 0.521878125 0.41084207968750003 0.521789478125 0.40981239843750006 0.429798853125
7 0.39291434999999997 0.4613722765625 0.3949750140625 0.4610374984375 0.389821875 0.42932031249999997 0.38776121875 0.429655090625 0.39291434999999997 0.4613722765625
1 0.45148677499999995 0.596544803125 0.4660060546875 0.598481271875 0.4744316921875 0.53531320625 0.4599125703125 0.5333767484374999 0.45148677499999995 0.596544803125
1 0.4696827859375 0.6063671875 0.48797345625000005 0.6063671875 0.48797339375000004 0.5708624999999999 0.469682840625 0.5708624999999999 0.4696827859375 0.6063671875
1 0.51679969375 0.563965053125 0.50694145 0.5643005750000001 0.5082781734374999 0.603571975 0.5181364171875 0.6032364546875 0.51679969375 0.563965053125
3 0.5644843749999999 0.5400921875 0.5418140625000001 0.5400921875 0.5418140625000001 0.6035265625 0.5644843749999999 0.6035265625 0.5644843749999999 0.5400921875
1 0.63513686875 0.53515916875 0.6119554296875 0.5287093031250001 0.59422459375 0.5924296609375 0.61740601875 0.598879490625 0.63513686875 0.53515916875
6 0.6462819984375 0.7452316640625 0.602697565625 0.74749118125 0.6063773953125 0.8184594515624999 0.6499618265625 0.8161999546875001 0.6462819984375 0.7452316640625
5 0.365680321875 0.711847184375 0.377574984375 0.6464328546875 0.27926284375 0.6285584656250001 0.26736766875 0.6939721265625 0.365680321875 0.711847184375
7 0.3252649125 0.5176727390625 0.3308013296875 0.5173575265625 0.3268992546875 0.44882677031249996 0.32136289218749997 0.44914198125000004 0.3252649125 0.5176727390625
6 0.7249027 0.725054009375 0.712257746875 0.7383938046875 0.730311853125 0.7555046078125 0.742956765625 0.7421648515625 0.7249027 0.725054009375
6 0.7431684765625 0.6999845984374999 0.7717333015625 0.7187907578125 0.7905500203125 0.6902140015625 0.7619853484375 0.6714079109375 0.7431684765625 0.6999845984374999
7 0.6093624171875 0.42606782499999996 0.6039427203125001 0.42606782499999996 0.6039427203125001 0.5429997656250001 0.6093624171875 0.5429997656250001 0.6093624171875 0.42606782499999996
7 0.626988859375 0.425210078125 0.619174 0.42447328124999995 0.6085035421875 0.5376421734375 0.6163184 0.538378965625 0.626988859375 0.425210078125
7 0.32404299375 0.5281045265625 0.32945839062500004 0.525941684375 0.3037521453125 0.46158252343750006 0.29833679687500003 0.4637453546875 0.32404299375 0.5281045265625
5 0.6614583328125 0.5138888890625 0.619536284375 0.5144963953125 0.6206597171875 0.5920138890625 0.6625817656249999 0.5914063859375001 0.6614583328125 0.5138888890625
5 0.6858791937500001 0.6235202734375 0.6207046015625 0.6223967218750001 0.6197212390625 0.6794320109374999 0.6848958328125 0.6805555562500001 0.6858791937500001 0.6235202734375
1 0.7340299765625 0.5594015640625 0.7239262984375 0.5766417703125 0.75471389375 0.5946830296875001 0.764817509375 0.5774428781250001 0.7340299765625 0.5594015640625
3 0.2977941109375 0.5370662671875001 0.26005614375 0.5635914671875 0.2851997796875 0.5993602625000001 0.3229376625 0.5728351625 0.2977941109375 0.5370662671875001
