2 0.30508381562500003 0.4923696875 0.260085065625 0.493736103125 0.26234140156249997 0.56803553125 0.307340153125 0.5666691234375001 0.30508381562500003 0.4923696875
2 0.410960934375 0.5362828687500001 0.37763915 0.537362284375 0.3795531046875 0.596440846875 0.41287488906250003 0.5953614375 0.410960934375 0.5362828687500001
2 0.5670520828125001 0.59519351875 0.6048820375 0.5989823609375 0.610723325 0.5406636546875 0.5728937515625 0.53687483125 0.5670520828125001 0.59519351875
2 0.6523316359375 0.597896778125 0.6787526734375 0.6332519890625 0.7314216984375 0.5938963453125 0.70500074375 0.55854134375 0.6523316359375 0.597896778125
9 0.7967858953125 0.5683989953124999 0.723436846875 0.5583599890625 0.7083022999999999 0.6689269125 0.7816513281249999 0.6789658140625 0.7967858953125 0.5683989953124999
9 0.2795487234375 0.5665638796875 0.228792821875 0.5659479859375 0.2271636375 0.70019406875 0.2779195390625 0.7008099546875 0.2795487234375 0.5665638796875
7 0.3912324578125 0.5409285015624999 0.39526777343749997 0.5408435546875 0.39344563125 0.45429284843750006 0.3894103703125 0.4543777953125 0.3912324578125 0.5409285015624999
7 0.509240859375 0.560123225 0.5179132453124999 0.5594963515625 0.509615384375 0.4447115390625 0.5009431515625 0.44533840781249995 0.509240859375 0.560123225
7 0.5863689484375 0.52086885 0.5930398265625 0.5205965890625001 0.5901988640625 0.45099431875 0.58352805625 0.4512665796875 0.5863689484375 0.52086885
7 0.59348215 0.5264632609375 0.598011378125 0.5262784093749999 0.5951379625000001 0.455880275 0.59060878125 0.45606512656250003 0.59348215 0.5264632609375
7 0.40056818125 0.450284090625 0.39559659062499997 0.450284090625 0.39559659062499997 0.5390625 0.40056818125 0.5390625 0.40056818125 0.450284090625
