1 0.3472671875 0.565271875 0.34795 0.5832578125000001 0.34146875 0.586025 0.3407859375 0.59294375 0.3503375 0.5943265625 0.35750000000000004 0.59294375 0.36295781250000003 0.5887921875 0.36705156250000004 0.574265625 0.3673921875 0.559046875 0.3673921875 0.5472859375 0.36295781250000003 0.5320671875 0.35852343750000004 0.5196156249999999 0.349996875 0.5196156249999999 0.3452203125 0.528609375 0.34146875 0.5369109375 0.344196875 0.547978125 0.3472671875 0.565271875
7 0.324071875 0.40201562500000004 0.3250953125 0.44905625000000005 0.3230484375 0.46911718750000003 0.3196375 0.4898703125 0.324071875 0.498171875 0.3278234375 0.462890625 0.3274828125 0.441446875 0.32611875 0.41654375000000005 0.324071875 0.40201562500000004
7 0.322365625 0.382646875 0.3192953125 0.4345296875 0.3165671875 0.4898703125 0.3189546875 0.4926375 0.324071875 0.48502812500000003 0.3233890625 0.44006249999999997 0.3244125 0.4027078125 0.3244125 0.378496875 0.322365625 0.382646875
7 0.300534375 0.4504390625 0.3056515625 0.47603437499999995 0.308721875 0.4940203125 0.311109375 0.502321875 0.3138390625 0.49125312499999996 0.3059921875 0.46565781250000005 0.302240625 0.43176249999999994 0.298146875 0.4068578125 0.300534375 0.4504390625
1 0.38171875 0.578415625 0.38410781250000003 0.56873125 0.3824015625 0.5604296875 0.3800140625 0.5507453124999999 0.37557968750000004 0.5514375 0.37148593750000003 0.5514375 0.36909843750000004 0.5597390625 0.3687578125 0.5735734375 0.368415625 0.589484375 0.37216875 0.59501875 0.3759203125 0.5922515625 0.378990625 0.5846421875 0.38171875 0.578415625
3 0.48951093749999997 0.5535125 0.48712343750000003 0.547978125 0.48337031250000007 0.547978125 0.47961875000000004 0.5548953125 0.47552500000000003 0.5749578125 0.4745015625 0.5964015625 0.47757187500000003 0.6067781250000001 0.48371250000000005 0.6081624999999999 0.48917031250000004 0.6074703125 0.48951093749999997 0.5798 0.48951093749999997 0.5535125
3 0.5379484375 0.5964015625 0.5427234375000001 0.589484375 0.5440890625 0.585334375 0.5355609375 0.5791078125 0.5331734375 0.5694234375 0.5294203125 0.563196875 0.527715625 0.5798 0.53044375 0.5984765624999999 0.5379484375 0.5964015625
3 0.5471578125 0.5901765625000001 0.5529578125 0.59294375 0.5529578125 0.5770328124999999 0.5529578125 0.56458125 0.5509109375000001 0.556971875 0.5461359375 0.5604296875 0.543746875 0.5680390625 0.543065625 0.5818749999999999 0.5471578125 0.5901765625000001
3 0.5550046875 0.59709375 0.5601203124999999 0.59709375 0.5638734375000001 0.591559375 0.5631906250000001 0.576340625 0.559096875 0.565271875 0.5556859375000001 0.5528203125 0.5532984375 0.5666562500000001 0.5529578125 0.586025 0.5550046875 0.59709375
7 0.5133890625 0.4462890625 0.5113421875 0.49125312499999996 0.5103187499999999 0.53621875 0.5161171875 0.5472859375 0.5161171875 0.5396765625 0.5164578125 0.4933296875 0.517140625 0.4573578125 0.5181640625 0.4027078125 0.5133890625 0.4462890625
3 0.6863328125 0.572190625 0.6945187500000001 0.572190625 0.694859375 0.565271875 0.6887203125 0.5507453124999999 0.6815562500000001 0.5493625 0.6733703125 0.5528203125 0.66859375 0.543828125 0.6624546875 0.5472859375 0.655290625 0.5576625 0.6587015625 0.57080625 0.6648421875 0.5798 0.672346875 0.578415625 0.67916875 0.5791078125 0.6822390625 0.576340625 0.6863328125 0.572190625
3 0.648128125 0.6344484375 0.65495 0.636525 0.65904375 0.640675 0.6655249999999999 0.644825 0.6716640625 0.6386000000000001 0.67439375 0.635140625 0.674734375 0.6261484375 0.6795093750000001 0.619921875 0.6849671875000001 0.6102375 0.6822390625 0.6060859375 0.6760984375 0.60124375 0.6689359375 0.6033203125 0.661771875 0.6081624999999999 0.6539265624999999 0.6136953125 0.6464218749999999 0.6185390625 0.6419875 0.6226890625 0.6443749999999999 0.63168125 0.648128125 0.6344484375
1 0.6338015625 0.6413671875 0.6341421875 0.6323734375 0.6317546875 0.6282234375 0.628684375 0.633065625 0.62834375 0.6455171875 0.6338015625 0.6496671875 0.6338015625 0.6413671875
1 0.59423125 0.6496671875 0.5966203125 0.665578125 0.602759375 0.6724953124999999 0.605146875 0.663503125 0.6054890625 0.6531265625 0.6034421875 0.636525 0.598325 0.6323734375 0.59423125 0.6496671875
1 0.635846875 0.6413671875 0.6382359375 0.6545109375 0.6447171875000001 0.652434375 0.64608125 0.646209375 0.6447171875000001 0.6379078125000001 0.641646875 0.6337578125000001 0.635846875 0.6413671875
1 0.583315625 0.6731874999999999 0.5853625 0.6711125 0.587409375 0.663503125 0.5867281249999999 0.6552015625000001 0.5836578125 0.6469 0.5771765624999999 0.6503593750000001 0.5775171875 0.663503125 0.5799046875 0.6697296875000001 0.583315625 0.6731874999999999
1 0.398775 0.6662703125 0.398434375 0.6558937499999999 0.3950234375 0.6489765625 0.390246875 0.6531265625 0.3892234375 0.6683453125 0.39229375 0.674571875 0.3963875 0.6718046875 0.398775 0.6662703125
1 0.2510734375 0.608853125 0.25039218750000003 0.6206140625 0.2551671875 0.617846875 0.25891875 0.6143875000000001 0.2575546875 0.6053953125 0.2555078125 0.59709375 0.2510734375 0.608853125
1 0.298146875 0.63168125 0.29780625 0.6455171875 0.3032640625 0.6441343749999999 0.306334375 0.637215625 0.3073578125 0.62753125 0.30496875 0.62338125 0.3015578125 0.6247640624999999 0.298146875 0.63168125
1 0.7084795015625 0.5113559296875 0.7097292656249999 0.50385155 0.7091043359375 0.49759790312499996 0.7017187359375 0.49625000156250004 0.7003558875 0.5044769046875001 0.699106121875 0.516984196875 0.7041052765625 0.5194856640625 0.7059798765624999 0.516984196875 0.7084795015625 0.5113559296875
1 0.7384374859375 0.6345312515625 0.7347249437500001 0.64205711875 0.7334751796875 0.648310765625 0.7328502484375 0.6608180578125 0.742223628125 0.6533137015625 0.74347339375 0.6489361437500001 0.7384374859375 0.6345312515625
0 0.5791268406250001 0.68458193125 0.562254778125 0.6864580203124999 0.5497569390625 0.68770873125 0.5341346406249999 0.685832665625 0.52413633125 0.685207334375 0.5085140328125 0.685207334375 0.49101708593750004 0.685832665625 0.4741449765625 0.6864580203124999 0.458522678125 0.6864580203124999 0.44040084999999995 0.68958484375 0.42290385625000004 0.68958484375 0.4122807125 0.68958484375 0.397908178125 0.68958484375 0.3766618421875 0.6864580203124999 0.35291597812500003 0.6795789953125 0.3266704875 0.66957321875 0.301049928125 0.6620687921874999 0.28480274687499996 0.6589419671875001 0.25105857187499997 0.6376795859375 0.2479341125 0.6551897906249999 0.27605425 0.66957321875 0.3041743875 0.6789536875 0.3447923640625 0.690835553125 0.37103780625 0.700216021875 0.3954086 0.70646966875 0.41415535937500003 0.7058443140625 0.4341519296875 0.703342846875 0.46352183281250003 0.6989653125 0.49226685156250005 0.6989653125 0.5178874125 0.6983399578125 0.5353844046875 0.6983399578125 0.5591303187500001 0.6995906671875 0.5860006421875 0.700216021875 0.6178701703125 0.6958384890625 0.6509894625 0.68958484375 0.6916074390625 0.6752014625 0.7228520359374999 0.664570259375 0.7428485578124999 0.6514375875 0.7415987937499999 0.635803471875 0.6954687359375 0.6556250015625 0.67848466875 0.6626941703125 0.655988521875 0.67332535 0.6359919984375 0.675826865625 0.6216194640625 0.6820805109375 0.5991234125 0.685832665625 0.5791268406250001 0.68458193125
0 0.34291766875 0.5268906640625 0.346042128125 0.5150087515624999 0.335418984375 0.51063119375 0.31792199062500004 0.51063119375 0.2979254671875 0.504377546875 0.2873023234375 0.504377546875 0.2710550953125 0.4993746359375 0.25293326718750003 0.491244878125 0.25406248593749997 0.5048437515625 0.262931528125 0.507504371875 0.2773040140625 0.5125072828125 0.29292631406249997 0.5200116625 0.30604908124999997 0.5181355734374999 0.3260456046875 0.519386284375 0.34291766875 0.5268906640625
0 0.46102225468749997 0.5425247796875 0.458522678125 0.5250145749999999 0.44040084999999995 0.5231384875 0.42415362031250003 0.5250145749999999 0.403532215625 0.5231384875 0.3929090234375 0.521887753125 0.39859373593749997 0.5360937515625 0.409781134375 0.537521915625 0.4210291609375 0.537521915625 0.430402540625 0.5406487375 0.43915103593750004 0.5406487375 0.4535235703125 0.5406487375 0.46102225468749997 0.5425247796875
0 0.6953567328125 0.501250725 0.6866082828125 0.502501459375 0.6954687359375 0.5157812515625 0.7122287968750001 0.51063119375 0.728476025 0.5093804609375 0.7403489328124999 0.507504371875 0.7390991687499999 0.48686734375 0.7203524109375 0.4931209890625 0.6953567328125 0.501250725
