1 0.36787130156250003 0.5197295265624999 0.3416820046875 0.519410415625 0.34077050781249996 0.5942099921875 0.3669598046875 0.5945291 0.36787130156250003 0.5197295265624999
7 0.3308786765625 0.40235916875 0.32407185 0.4020156234375 0.31923081875000003 0.4979275453125 0.32603764687500003 0.49827108906250006 0.3308786765625 0.40235916875
7 0.329311596875 0.3787383703125 0.322063228125 0.3783810703125 0.3164368921875 0.49251338906250003 0.3236852609375 0.49287068593749994 0.329311596875 0.3787383703125
7 0.31021238281249996 0.5024886484375 0.315737325 0.501461421875 0.298146875 0.4068578125 0.29262200625 0.4078850328125 0.31021238281249996 0.5024886484375
1 0.38454790625 0.5508569328124999 0.36932635625 0.5504821890625 0.3682321796875 0.594921834375 0.38345372968749997 0.5952965765625 0.38454790625 0.5508569328124999
3 0.47435818437500005 0.608047359375 0.4891609984375 0.6082295640625001 0.489902209375 0.548012328125 0.475099553125 0.5478301234375 0.47435818437500005 0.608047359375
3 0.502405065625 0.559394275 0.49214646875 0.5589893109374999 0.4903986359375 0.6032611078125 0.5006572328125001 0.6036660703125001 0.502405065625 0.559394275
3 0.5232139890624999 0.5394123328125 0.5014420109375 0.5409459171875 0.5062480796875 0.609170009375 0.52802005625 0.607636434375 0.5232139890624999 0.5394123328125
3 0.543065615625 0.59294375 0.5529578359375 0.59294375 0.55295780625 0.556971875 0.5430656468749999 0.556971875 0.543065615625 0.59294375
7 0.5101632515625 0.54720165 0.51611723125 0.5472859375 0.5181640625 0.4027078125 0.512210209375 0.402623525 0.5101632515625 0.54720165
3 0.664565728125 0.647602615625 0.6915297546875 0.6134119984375 0.6654944640625 0.5928820515625 0.638530490625 0.6270725625 0.664565728125 0.647602615625
1 0.643888809375 0.6333503609375 0.6346934656250001 0.6350215312499999 0.638235934375 0.6545109375 0.6474312765625 0.6528397703125 0.643888809375 0.6333503609375
1 0.399915853125 0.6493055265625001 0.3905461984375 0.648675515625 0.388820415625 0.6743383296875 0.3981900703125 0.6749683390625 0.399915853125 0.6493055265625001
3 0.2943366 0.6426726890625 0.3314317875 0.6627327281250001 0.353971215625 0.621057571875 0.3168763015625 0.600997625 0.2943366 0.6426726890625
