3 0.3620921875 0.4752609375 0.3298234375 0.4752609375 0.3298234375 0.5170734375 0.3620921875 0.5170734375 0.3620921875 0.4752609375
3 0.7283765296875 0.442853678125 0.7181782765625 0.4305459921875 0.687928940625 0.4556093296875 0.6981271578125 0.46791698281249994 0.7283765296875 0.442853678125
2 0.6904031578125001 0.4975805828125 0.6830774203125001 0.439859125 0.631500578125 0.4464045828125 0.6388260781249999 0.5041258265625 0.6904031578125001 0.4975805828125
3 0.675212415625 0.5358032734375 0.7003899390625 0.543473046875 0.7153584234375 0.49433989375 0.690181090625 0.48667015156250004 0.675212415625 0.5358032734375
3 0.3692082046875 0.6043648484374999 0.382610665625 0.5684385625 0.3492444859375 0.5559924203125 0.3358419765625 0.5919185953125 0.3692082046875 0.6043648484374999
9 0.22230902187499998 0.6165953156249999 0.2880807515625 0.6181599546875 0.29063179375 0.5109122515625 0.22486125625 0.5093476265625 0.22230902187499998 0.6165953156249999
9 0.7275635687500001 0.5807554453125 0.7793459765625 0.5848401265625001 0.791784109375 0.4271648828125 0.7400029499999999 0.42308025000000005 0.7275635687500001 0.5807554453125
6 0.721805696875 0.6748302828125 0.737499496875 0.66817588125 0.7261899140625 0.6415069234375 0.71049619375 0.6481613046875 0.721805696875 0.6748302828125
6 0.2996872546875 0.7535772640625 0.3336375203125 0.7350692859375 0.315615871875 0.7020168124999999 0.281665834375 0.7205247124999999 0.2996872546875 0.7535772640625
7 0.660032615625 0.4247939578125 0.665039628125 0.4248835265625 0.6662637671875 0.3564552296875 0.6612567953124999 0.3563656609375 0.660032615625 0.4247939578125
7 0.647458365625 0.3323399625 0.638069915625 0.3338560734375 0.6528688578125 0.42549406406249995 0.66225730625 0.42397796093749995 0.647458365625 0.3323399625
6 0.5298519265625 0.7114775843750001 0.5102389125 0.7148283296875 0.5178486578125 0.75936340625 0.5374616671875 0.7560126781250001 0.5298519265625 0.7114775843750001
