2 0.30510468749999997 0.46293281249999996 0.3115203125 0.4659546875 0.3179375 0.46444375000000004 0.322571875 0.470484375 0.32613593750000003 0.4719953125 0.333265625 0.4719953125 0.342890625 0.4636890625 0.34609843749999997 0.457646875 0.34645625 0.4266875 0.3439609375 0.41611562500000004 0.3211453125 0.41460468749999996 0.3104515625 0.41007499999999997 0.30403437499999997 0.40101250000000005 0.3001140625 0.411584375 0.2969046875 0.4251765625 0.2994 0.4508515625 0.30510468749999997 0.46293281249999996
7 0.3405671875 0.3218640625 0.3405671875 0.3417203125 0.3394953125 0.3570390625 0.335746875 0.37065468749999997 0.3325328125 0.384271875 0.331996875 0.3933484375 0.3376203125 0.394484375 0.339228125 0.3797328125 0.342709375 0.36498125 0.3440484375 0.349096875 0.344584375 0.3292390625 0.34190624999999997 0.30824843749999997 0.3397640625 0.302575 0.3405671875 0.3218640625
7 0.3325625 0.3422125 0.33590624999999996 0.298309375 0.33624062499999996 0.274234375 0.3292203125 0.3330078125 0.3325625 0.3422125
1 0.42984687499999996 0.476753125 0.43185312500000006 0.49162343750000004 0.43686718750000003 0.481709375 0.4408796875 0.46967187499999996 0.4412140625 0.4583421875 0.43519687500000004 0.4448875 0.43285625000000005 0.45267656250000005 0.43185312500000006 0.46400625 0.42984687499999996 0.476753125
1 0.45692656249999997 0.47746093749999996 0.4549203125 0.4732125 0.4535828125 0.4732125 0.450575 0.47816875000000003 0.44990625 0.4894984375 0.4535828125 0.49799531249999995 0.45692656249999997 0.47746093749999996
1 0.45726093749999996 0.4760453125 0.45759531249999996 0.4930390625 0.45859843749999996 0.510034375 0.46160625 0.514990625 0.46428125 0.510034375 0.46729062499999996 0.49799531249999995 0.4682921875 0.48525 0.46561874999999997 0.4760453125 0.4609375 0.46613125 0.45726093749999996 0.4760453125
3 0.4880171875 0.4824171875 0.48300312500000003 0.48454218750000005 0.48200000000000004 0.49516406249999995 0.47932499999999995 0.50649375 0.48032812500000005 0.5234875 0.4840046875 0.5256125 0.4880171875 0.5206546875 0.4893546875 0.5156984375 0.4913609375 0.5001203125 0.4910265625 0.48454218750000005 0.4880171875 0.4824171875
3 0.5295228109375001 0.5194834390625 0.5331993734375 0.5074459390625 0.5345368734375 0.5039053140624999 0.5342024984375 0.49965687656249996 0.5335337484375 0.49186625156249997 0.5298571859375001 0.4847865640625 0.5295228109375001 0.5194834390625
7 0.47614375000000003 0.39705625 0.470759375 0.43956249999999997 0.470759375 0.4758484375 0.4736953125 0.4903625 0.481528125 0.47688593749999997 0.480059375 0.4260859375 0.481528125 0.38046875 0.4766328125 0.325521875 0.47614375000000003 0.39705625
3 0.5716953124999999 0.528665625 0.5755640625 0.5269109375000001 0.5805359375 0.52164375 0.5833 0.514621875 0.5830234375 0.5052578125 0.5805359375 0.4900421875 0.578878125 0.4724859375 0.5730765625 0.4543453125 0.570590625 0.471315625 0.5689328125 0.48126406250000003 0.5645125 0.49413906250000006 0.5636828125 0.5035015625 0.56616875 0.5163765625 0.5716953124999999 0.528665625
2 0.5922615437500001 0.4946621734375 0.5989268671875 0.503231875 0.605592190625 0.505612346875 0.6089248515625 0.4998992125 0.610353134375 0.49037732343749996 0.6118109375 0.47739374999999995 0.6077656250000001 0.462828125 0.6013073390625 0.43229379687499997 0.5895625 0.43798125 0.5855171875 0.43798125 0.5826859375 0.43626718750000004 0.5790453125 0.44055156249999994 0.5774265625 0.45426093749999996 0.57783125 0.47054062500000005 0.577021875 0.48339218749999996 0.5922615437500001 0.4946621734375
2 0.6401265625 0.4499765625 0.6401265625 0.461115625 0.644171875 0.47568124999999994 0.6478125 0.4876765625 0.653071875 0.49453125 0.6631843749999999 0.49281718750000003 0.673296875 0.480821875 0.6809828125 0.47653749999999995 0.685028125 0.46796875 0.685028125 0.44740624999999995 0.6817921874999999 0.432840625 0.677746875 0.4251296875 0.6672296875 0.42255937499999996 0.657925 0.42341562499999996 0.6478125 0.42684218749999997 0.641340625 0.432840625 0.6401265625 0.44140781249999994 0.6401265625 0.4499765625
3 0.6170687499999999 0.4696828125 0.6146421875 0.4885328125 0.6231375 0.4971015625 0.62596875 0.491103125 0.6401265625 0.4893890625 0.64215 0.4782515625 0.6393171875 0.45683125 0.6336546875 0.4448359375 0.6316312500000001 0.46625625 0.6255640625 0.461971875 0.6170687499999999 0.4696828125
7 0.60695625 0.37029375 0.6053390624999999 0.348015625 0.5992703125000001 0.3308796875 0.603315625 0.3591546875 0.6008890625000001 0.3822890625 0.5984609375 0.4071359375 0.596034375 0.42941250000000003 0.6037203124999999 0.42255937499999996 0.604125 0.4011390625 0.60695625 0.37029375
7 0.585921875 0.4388375 0.5915843749999999 0.43455468750000004 0.58794375 0.3822890625 0.5822812500000001 0.348015625 0.5806625000000001 0.32316875 0.583090625 0.3780046875 0.5863265625 0.41827500000000006 0.585921875 0.4388375
7 0.6599484375 0.3454453125 0.657115625 0.3154578125 0.653475 0.2871828125 0.6526671875 0.3223125 0.655903125 0.3531578125 0.6599484375 0.3454453125
3 0.7070003171875 0.559411025 0.7070003171875 0.54369990625 0.7017632765624999 0.5351302062500001 0.70461984375 0.5298931671875 0.6965262375 0.5084689140624999 0.676128125 0.5116671875 0.6680390625 0.5142375 0.658734375 0.5382281250000001 0.6700609375 0.5605046875 0.68081511875 0.5622675921875 0.7070003171875 0.559411025
1 0.6364859375 0.5690734375 0.6401265625 0.5699296875 0.6482171875 0.5647890624999999 0.6502390625000001 0.577640625 0.653071875 0.5707859375 0.6526671875 0.55279375 0.647003125 0.5416546875 0.6429578125 0.5373703125 0.632440625 0.5322296875 0.6283953125 0.5365140625 0.6271828125 0.5459390625 0.6308234374999999 0.5545078125 0.6364859375 0.5690734375
8 0.5911515625 0.7208249999999999 0.5950671875 0.7322296875000001 0.6019187500000001 0.7311921875 0.60485625 0.7197890625000001 0.6068140625 0.6980171875 0.604365625 0.665878125 0.6038765625 0.6378859375 0.6068140625 0.6119671875 0.5940875 0.6150781249999999 0.5808718749999999 0.6161140625 0.58331875 0.6254453125 0.5857671875 0.6524 0.5906609375 0.68765 0.5911515625 0.7208249999999999
1 0.387534375 0.5746453125000001 0.3909609375 0.5829390625 0.3943859375 0.5829390625 0.40026093749999997 0.5777546874999999 0.40221875 0.5632406249999999 0.3973234375 0.5456171875 0.39144999999999996 0.5518375 0.3909609375 0.5632406249999999 0.387534375 0.5746453125000001
3 0.36355 0.5393953125000001 0.3571875 0.52591875 0.34641875 0.5311015625 0.33907656249999996 0.5238453125 0.319009375 0.521771875 0.31509375 0.5756812499999999 0.323903125 0.5694609374999999 0.3248828125 0.5622046875 0.32879843750000004 0.5570203125 0.34837656250000004 0.554946875 0.35425 0.568425 0.35865625 0.5715343749999999 0.36355 0.5393953125000001
2 0.3777453125 0.54146875 0.367465625 0.538359375 0.36110312499999997 0.5435421875 0.36110312499999997 0.5819015624999999 0.366069428125 0.599080028125 0.3736367546875 0.60633205 0.378234375 0.5777546874999999 0.38361875 0.5767187500000001 0.389003125 0.5663515625 0.3904703125 0.547690625 0.3870453125 0.5393953125000001 0.3777453125 0.54146875
7 0.3669765625 0.6295921875 0.35914531250000004 0.7104578125 0.3694234375 0.6389234375 0.3669765625 0.6295921875
8 0.2685953125 0.59330625 0.2656578125 0.6026374999999999 0.25684687500000003 0.6109312499999999 0.250484375 0.62648125 0.25293125 0.6389234375 0.2607625 0.64410625 0.27153125 0.632703125 0.28425781250000004 0.6202609375 0.29453593749999996 0.605746875 0.300409375 0.590196875 0.3062828125 0.5663515625 0.31411406249999996 0.554946875 0.31509375 0.538359375 0.3116671875 0.5228078125 0.30922031250000004 0.5269546875 0.300409375 0.5352484375000001 0.29062031250000003 0.5238453125 0.28425781250000004 0.5062203125 0.2759359375 0.5062203125 0.270553125 0.520734375 0.26418906249999996 0.5362859375 0.2553796875 0.5456171875 0.23139531249999998 0.5673874999999999 0.22747968749999997 0.580865625 0.232375 0.597453125 0.23824843750000002 0.59434375 0.250484375 0.5850125 0.2632109375 0.5850125 0.27202031249999997 0.5798281249999999 0.2685953125 0.59330625
6 0.43196823125000006 0.3168818046875 0.43196823125000006 0.3203501625 0.43196823125000006 0.3225573 0.43196823125000006 0.3238185203125 0.43196823125000006 0.329809321875 0.43196823125000006 0.3307552375 0.43259884218750005 0.3345389 0.43322945312499994 0.3380072578125 0.4338600625 0.34084500625 0.435121284375 0.345889890625 0.4398508625 0.34746641718750004 0.4480488 0.3512500796875 0.463498759375 0.3525113015625 0.463498759375 0.34494397499999996 0.4628681484375 0.339899090625 0.4628681484375 0.3345389 0.46223753749999996 0.3301246265625 0.46255284375 0.3260256578125 0.463183453125 0.32003485781249996 0.4619222328125 0.31593588906250003 0.45971509531250004 0.31246753125 0.457192653125 0.30584612031249997 0.4600304015625 0.30426959375 0.45813856875000003 0.301116540625 0.45813856875000003 0.2982787921875 0.45435490625 0.2907114671875 0.445211053125 0.2881890234375 0.43795903125 0.297017571875 0.4363825046875 0.2985940984375 0.4348059796875 0.30458489843750003 0.43322945312499994 0.3105756984375 0.4322835359375 0.313413446875 0.43196823125000006 0.3168818046875
7 0.4496253265625 0.35534904843750004 0.45214776875 0.35314191250000004 0.452463075 0.33264706875 0.452463075 0.3156205828125 0.4515171578125 0.30080123593749997 0.449310021875 0.299224709375 0.449310021875 0.315305278125 0.449310021875 0.327286878125 0.4502559375 0.3380072578125 0.4496253265625 0.3499888578125 0.4496253265625 0.35534904843750004
