8 0.5807162591022461 0.6145288948159742 0.6068140625000069 0.6119671874999963 0.618395564295156 0.7299398490316985 0.5922977655995965 0.7325015249742699
6 0.30974861361676176 0.6913123149355181 0.2879322377734752 0.6996267814203567 0.27496790064913057 0.6656142081901913 0.2967841283748385 0.6572997731439726
6 0.49565394529474815 0.37016351146654464 0.48240393610035426 0.31939533472648285 0.524527910274287 0.30840177263030394 0.5377779927592883 0.35916983494971716
6 0.34918809197824885 0.31231679514660926 0.33433133888024713 0.3113886957967599 0.33576153770343353 0.2884953746089709 0.35061825995569507 0.2894234729976369
8 0.2766960007279522 0.49104362070961644 0.3135840460753343 0.5117308532192344 0.24840767561079247 0.6279378551885832 0.21151980057447872 0.6072508587172629
8 0.3051590970334246 0.5055152518631472 0.33182427938459114 0.5163872767699647 0.2785816248375568 0.6469596205851137 0.25191651743750754 0.6360877302978715
6 0.6992744113528033 0.6743430612717443 0.7263861173286159 0.6544528229449753 0.7512584139354885 0.6883507426927303 0.7241467828109762 0.708240893982312
6 0.6767906711224896 0.6739066735500812 0.6972905996781265 0.6683187714409544 0.7096795546126486 0.713762718848633 0.6891796370197198 0.7193505931944895
6 0.6828533340360536 0.7234250343221874 0.6623919940577707 0.7275150003384505 0.6554054573342682 0.6925676682223373 0.6758666448544091 0.6884777178900859
6 0.4440153192214211 0.28601318188870567 0.45568024253623207 0.2829038724178319 0.47005443143848424 0.3368287215448407 0.4583895112891696 0.33993802274824975
