2 0.338851090625 0.476805059375 0.3595750484375 0.4220216546875 0.30403437499999997 0.40101250000000005 0.28331032500000003 0.45579568593750003 0.338851090625 0.476805059375
7 0.3481672890625 0.3033187671875 0.3397640328125 0.302574996875 0.33167544375 0.3939581984375 0.34007869999999996 0.39470196562500004 0.3481672890625 0.3033187671875
7 0.3183446265625 0.3836114984375 0.3252937984375 0.383249996875 0.32107968750000004 0.30224531250000003 0.31413057499999997 0.3026068109375 0.3183446265625 0.3836114984375
7 0.328542578125 0.34190634375 0.3325625 0.3422125 0.33773120156249997 0.274347896875 0.3337113046875 0.2740417421875 0.328542578125 0.34190634375
1 0.44384246406249994 0.44596805625 0.4338508375 0.44471926718750004 0.428047653125 0.4911478171875 0.4380392796875 0.492396603125 0.44384246406249994 0.44596805625
1 0.447507571875 0.4970061109375 0.453582815625 0.49799531249999995 0.45754867343749994 0.47364046406250004 0.4514734515625 0.47265126406249997 0.447507571875 0.4970061109375
1 0.46791330000000003 0.4659940015625 0.45706736406250004 0.4662073953125 0.458028625 0.5150610140625 0.4688745609375 0.514847621875 0.46791330000000003 0.4659940015625
3 0.5043299421875 0.481537340625 0.4943913734375 0.48091987031250005 0.4919937359375 0.5195084796875 0.501932303125 0.5201259484375 0.5043299421875 0.481537340625
3 0.53472066875 0.4848334296875 0.529857184375 0.4847865640625 0.5295228109375001 0.5194834390625 0.5343862953125 0.5195303046874999 0.53472066875 0.4848334296875
7 0.470759340625 0.4903625 0.48152820781249994 0.4903625 0.481528084375 0.325521875 0.4707594515625 0.325521875 0.470759340625 0.4903625
3 0.5669418421875 0.5292668468749999 0.5857593875 0.5268867937499999 0.5765282734375 0.45390873593750003 0.5577109375 0.456288775 0.5669418421875 0.5292668468749999
2 0.6124353109375 0.4324483734375 0.5777362734375 0.4319663703125 0.5767187671875 0.5052112703125 0.6114178031249999 0.5056932703125 0.6124353109375 0.4324483734375
2 0.6479226203125 0.49620756562499996 0.69361511875 0.4860570328125 0.6786742125 0.41880619062499996 0.632982134375 0.42895667499999995 0.6479226203125 0.49620756562499996
3 0.6462429890625 0.44645632031250004 0.6204854890625 0.44314078125 0.6136955859375 0.4958861921875 0.639453084375 0.4992017171875 0.6462429890625 0.44645632031250004
7 0.6082409703125 0.33117428125 0.5992702953125 0.3308796875 0.596034375 0.42941250000000003 0.60500505 0.42970709218750003 0.6082409703125 0.33117428125
7 0.5863879421875 0.3229022921875 0.5805387734375 0.3231745078125 0.5859218640625 0.4388375 0.591771034375 0.4385652859375 0.5863879421875 0.3229022921875
7 0.6832167953125 0.3223288953125 0.6758695625 0.321306009375 0.6635145312499999 0.4100468390625 0.6708617625 0.41106972031250005 0.6832167953125 0.3223288953125
7 0.65558388125 0.35318796875 0.6606348015625 0.3527108421875 0.6544360078125 0.2870920328125 0.6493851203125 0.28756915781250003 0.65558388125 0.35318796875
1 0.642733415625 0.52809099375 0.6231690109375 0.5359577671875 0.641365846875 0.5812084984375 0.6609302328125 0.5733417578125 0.642733415625 0.52809099375
8 0.6068140625 0.6119671875 0.580716259375 0.6145288953125 0.5922977656249999 0.732501525 0.6183955640625001 0.7299398484374999 0.6068140625 0.6119671875
1 0.38649683281249997 0.58233695625 0.39940794999999996 0.5840783734375 0.404466015625 0.5465805625 0.39155498125 0.5448391499999999 0.38649683281249997 0.58233695625
2 0.3873292109375 0.6070565218749999 0.390898440625 0.5395990828125 0.36139435937500003 0.5380381765625 0.357824965625 0.60549544375 0.3873292109375 0.6070565218749999
7 0.3702959609375 0.6299136015625 0.3669764984375 0.6295921812499999 0.35914531250000004 0.7104578125 0.36246477499999996 0.71077923125 0.3702959609375 0.6299136015625
7 0.452463075 0.299224709375 0.449310021875 0.299224709375 0.449310021875 0.35534904843750004 0.452463075 0.35534904843750004 0.452463075 0.299224709375
6 0.2879322375 0.69962678125 0.3097486140625 0.6913123156250001 0.296784128125 0.6572997734375 0.2749679 0.6656142078125 0.2879322375 0.69962678125
6 0.4824039359375 0.319395334375 0.4956539453125 0.3701635109375 0.5377779921875 0.359169834375 0.5245279109375 0.308401771875 0.4824039359375 0.319395334375
6 0.3343313390625 0.3113886953125 0.3491880921875 0.3123167953125 0.350618259375 0.28942347343749997 0.3357615375 0.288495375 0.3343313390625 0.3113886953125
8 0.3135840453125 0.511730853125 0.276696 0.49104362031250004 0.21151979999999998 0.607250859375 0.248407675 0.6279378546875 0.3135840453125 0.511730853125
8 0.3318242796875 0.5163872765625 0.305159096875 0.5055152515625 0.2519165171875 0.6360877296874999 0.278581625 0.6469596203125 0.3318242796875 0.5163872765625
6 0.7263861171875 0.6544528234375 0.6992744109375 0.6743430609375001 0.7241467828125 0.70824089375 0.7512584140625 0.6883507421874999 0.7263861171875 0.6544528234375
6 0.6972906 0.668318771875 0.676790671875 0.6739066734375 0.6891796375 0.71935059375 0.7096795546875 0.71376271875 0.6972906 0.668318771875
6 0.66239199375 0.727515 0.6828533343750001 0.723425034375 0.6758666453125 0.6884777171875001 0.6554054578125 0.69256766875 0.66239199375 0.727515
6 0.45568024218750003 0.282903871875 0.44401531875 0.28601318125 0.45838951093749997 0.3399380234375 0.47005443125 0.336828721875 0.45568024218750003 0.282903871875
3 0.6094843921875001 0.6003165078125 0.6388358125 0.5929863046875 0.6263502875 0.542997746875 0.59699911875 0.55032791875 0.6094843921875001 0.6003165078125
3 0.6854448609375 0.564905853125 0.7008872 0.521430990625 0.668702003125 0.5099997734375 0.6532596078124999 0.5534745140624999 0.6854448609375 0.564905853125
3 0.31459601875 0.5230057125 0.3145958765625 0.5764015062500001 0.3641035390625 0.5764014015625001 0.3641034609375 0.5230058265624999 0.31459601875 0.5230057125
