8 0.3903203125 0.389459375 0.38699531249999997 0.39485156250000003 0.38699531249999997 0.4299015625 0.38699531249999997 0.46764687499999996 0.390984375 0.47977968750000005 0.39630156250000004 0.47843125000000003 0.40228437499999997 0.4730390625 0.40228437499999997 0.46090625 0.40162031249999997 0.4447296875 0.3956375 0.4218125 0.3943078125 0.39485156250000003 0.3903203125 0.389459375
8 0.4202328125 0.428553125 0.42355625 0.45147031249999997 0.43751562499999996 0.44338125 0.44216875 0.428553125 0.42887343749999995 0.413725 0.4202328125 0.428553125
8 0.41757343750000003 0.44068593749999996 0.411590625 0.4164203125 0.4062734375 0.40024375 0.40295 0.40833281250000003 0.40162031249999997 0.428553125 0.4042796875 0.463603125 0.41425 0.46090625 0.41757343750000003 0.454165625 0.41757343750000003 0.44068593749999996
1 0.5638140625 0.51348125 0.564478125 0.5269609375 0.5711265625 0.5256125 0.5764437499999999 0.514828125 0.57445 0.49460781249999997 0.5658078125 0.47977968750000005 0.5638140625 0.51348125
8 0.6774828125 0.34767031249999997 0.6708359374999999 0.3624984375 0.666846875 0.389459375 0.6635234375 0.446078125 0.66950625 0.45821093749999997 0.67349375 0.45821093749999997 0.683465625 0.4474265625 0.6901125 0.43798906249999997 0.6847953125 0.42316093749999995 0.6808062500000001 0.3962 0.681471875 0.36789062499999997 0.6774828125 0.34767031249999997
8 0.724678125 0.446078125 0.7193609375000001 0.413725 0.7147078125 0.3584546875 0.7107187500000001 0.3058796875 0.7034078125 0.27083124999999997 0.696759375 0.29644375 0.7007484374999999 0.33149375000000003 0.7007484374999999 0.39485156250000003 0.7007484374999999 0.4447296875 0.724678125 0.446078125
8 0.7532625000000001 0.442034375 0.7525968749999999 0.41776875 0.739303125 0.3840671875 0.7373078125 0.3530625 0.72933125 0.32070937499999996 0.7193609375000001 0.32205625000000004 0.7226843749999999 0.3449734375 0.7280015625 0.381371875 0.7313265624999999 0.43529375000000003 0.7532625000000001 0.442034375
1 0.529371875 0.6442421875 0.52471875 0.62536875 0.5154124999999999 0.6294125 0.5167421875 0.6644625 0.5180703125 0.6995125 0.520065625 0.68603125 0.5267125 0.66850625 0.529371875 0.6442421875
1 0.501453125 0.68603125 0.5134171875 0.688728125 0.5147468749999999 0.66041875 0.5147468749999999 0.6348046875 0.510759375 0.6159328125 0.5081 0.6199765625 0.5034468750000001 0.6415453125 0.496134375 0.6550265625 0.4934765625 0.6631140624999999 0.494140625 0.690075 0.501453125 0.68603125
8 0.5125136968749999 0.396745896875 0.5040722953125 0.3979518125 0.5034693375 0.41724644531250005 0.5028663796874999 0.45221796718749996 0.51432256875 0.45040909687499997 0.5179403125 0.43352629218749994 0.5155284828125 0.425084890625 0.5167343984375 0.4057902578125 0.5125136968749999 0.396745896875
5 0.40880504375 0.642752471875 0.40579025625 0.65903231875 0.41121687187499995 0.6704885078125 0.4226730609375 0.6759151218749999 0.43714403593749995 0.6819446953125 0.447394309375 0.686768353125 0.46488007187499997 0.6885772265625001 0.4793510453125 0.6747092078125 0.48296879062500003 0.6602382328124999 0.48417470468749996 0.6560175328125 0.49201315 0.642752471875 0.48658653437500005 0.638531771875 0.47332147343750003 0.6276785390625 0.46789485781250006 0.6252667109375001 0.4461883953125 0.632502196875 0.4317174203125 0.6318992406249999 0.4154375734375 0.63009036875 0.40880504375 0.642752471875
5 0.7989184093749999 0.6548116171875 0.8182130437499999 0.6505909171875001 0.83268401875 0.642752471875 0.830875146875 0.6318992406249999 0.8230367015625 0.6306933265625 0.812786428125 0.6306933265625 0.8061538984375 0.6276785390625 0.772991246875 0.624663753125 0.7573143578125 0.6337081125 0.7536966140625 0.6439583875 0.7615350578125 0.653605703125 0.7796237765625 0.6560175328125 0.7989184093749999 0.6548116171875
0 0.6958127140625 0.6831506109375 0.7235487484375 0.6747092078125 0.7518877421875 0.67350329375 0.751284784375 0.6349140281250001 0.7175191765625 0.6367228984375 0.595721803125 0.642752471875 0.5372349468750001 0.6487820453124999 0.48960132031250003 0.657223446875 0.4950279359375 0.6982245421875 0.5348231171875 0.707871859375 0.5583384515625001 0.7060629875 0.5969277171875 0.697018628125 0.6331051546875 0.6915920125 0.6626500625 0.68797426875 0.6958127140625 0.6831506109375
0 0.6391347281249999 0.46427711406250005 0.5902951875 0.4630711984375 0.5312053734375 0.45643866875 0.5046752531250001 0.4630711984375 0.5076900390625 0.4847776625 0.5239698859375 0.49020427812499995 0.6656648484375001 0.5076900390625 0.6716944218750001 0.45945345625 0.6391347281249999 0.46427711406250005
6 0.54200669375 0.345851890625 0.54200669375 0.3556022765625 0.542580246875 0.368793971875 0.549462871875 0.38485343125 0.5580661515625 0.384279878125 0.5678165374999999 0.375676596875 0.568963640625 0.3664997640625 0.5666694328124999 0.359617140625 0.5638016718750001 0.352734515625 0.5597868078125 0.3395428171875 0.5563454953125 0.3309395375 0.550609975 0.31315942343750003 0.54888931875 0.30226193437500004 0.5465951109375 0.295379309375 0.5431537984375 0.28046695625 0.540859590625 0.268995915625 0.5397124859375 0.26326039375 0.5345505171875 0.253510009375 0.5259472359374999 0.2575248734375 0.5190646125 0.2758785390625 0.5190646125 0.29480575781249996 0.5087406750000001 0.328645328125 0.5093142265624999 0.3533080671875 0.5144761953125 0.35847003593750004 0.5230794765625 0.356175828125 0.5230794765625 0.352734515625 0.5248001328125 0.34298413125 0.525373684375 0.2833347171875 0.5316827578125001 0.2712901234375 0.539138934375 0.29423220625 0.54200669375 0.3447047875 0.54200669375 0.345851890625
6 0.723822696875 0.303982590625 0.725543353125 0.2902173421875 0.7215284890625 0.27415788281250003 0.7157929671875001 0.265554603125 0.7129252078125 0.2667017078125 0.7094838953125 0.277599196875 0.7129252078125 0.2902173421875 0.7146458640625 0.3045561421875 0.7157929671875001 0.30685035156249996 0.7209549359375 0.31201231875 0.723822696875 0.303982590625
