1 0.33492830625000003 0.55453385625 0.3591665703125 0.5551962125000001 0.3606542953125 0.500755765625 0.3364162421875 0.5000934140625 0.33492830625000003 0.55453385625
1 0.5989007609375 0.7168626671875 0.6122480734375 0.71576651875 0.6091390624999999 0.677915625 0.59579185625 0.6790117671875 0.5989007609375 0.7168626671875
2 0.397824934375 0.717884515625 0.4196421328125 0.720491790625 0.42676929062499996 0.6608607015625 0.4049523640625 0.65825344375 0.397824934375 0.717884515625
2 0.4018460046875 0.7082858125 0.40701291250000005 0.6560639765625 0.37359891093750003 0.6527584546874999 0.36843184375 0.7049801078125 0.4018460046875 0.7082858125
7 0.399729465625 0.8481897375 0.40753803125 0.8488449671874999 0.4183583765625 0.719919596875 0.4105500484375 0.7192643750000001 0.399729465625 0.8481897375
1 0.3572000453125 0.6900329859375 0.36771007187500004 0.691760921875 0.3735141859375 0.6564626140625001 0.363004234375 0.6547346859375 0.3572000453125 0.6900329859375
1 0.3136330984375 0.66960608125 0.32129485 0.6709659640625001 0.327150178125 0.6379805562499999 0.3194884765625 0.6366206765625 0.3136330984375 0.66960608125
2 0.32679813125 0.6022145 0.275294434375 0.5945963296875 0.26199219218750003 0.6845170890625 0.3134958734375 0.6921351921875 0.32679813125 0.6022145
7 0.30128504375 0.6891174906249999 0.29003860000000004 0.685098271875 0.25141718750000003 0.79315 0.26266360624999996 0.7971691671875 0.30128504375 0.6891174906249999
7 0.23714468593750002 0.7653109140625001 0.2482765625 0.76969375 0.290911309375 0.661423475 0.27977968125 0.65704069375 0.23714468593750002 0.7653109140625001
1 0.24543070312499998 0.65443038125 0.264881421875 0.6574716984375 0.27450127812499997 0.5959549140625 0.2550507859375 0.592913615625 0.24543070312499998 0.65443038125
9 0.23617728750000003 0.44076926250000004 0.282951646875 0.44581664375 0.3042630140625 0.24832801718750003 0.25748959843749997 0.2432806859375 0.23617728750000003 0.44076926250000004
