8 0.2846800203125 0.49087137500000005 0.3082186203125 0.49743584375000005 0.32966390625 0.420542884375 0.3061255515625 0.4139784515625 0.2846800203125 0.49087137500000005
8 0.35101855312499997 0.43689478125000003 0.36890516406249996 0.43366156718750004 0.35823421875 0.374631784375 0.3403477390625 0.3778649875 0.35101855312499997 0.43689478125000003
8 0.44363622031250005 0.4546657609375 0.470507996875 0.457841028125 0.48699190937500003 0.3183454140625 0.46012058749999996 0.315170175 0.44363622031250005 0.4546657609375
8 0.642997846875 0.5008450046874999 0.6670451078124999 0.5046175109375 0.6804431875 0.419218403125 0.656396215625 0.41544592031249994 0.642997846875 0.5008450046874999
8 0.67997461875 0.5154101 0.6983138906249999 0.5128527015625 0.687593596875 0.435983046875 0.6692545265625001 0.43854043281250005 0.67997461875 0.5154101
8 0.6892252156249999 0.52794695 0.726457665625 0.533675475 0.743175728125 0.4250228375 0.70594385625 0.4192943578125 0.6892252156249999 0.52794695
8 0.73884574375 0.7118901140625 0.7596873921875 0.707406784375 0.7410356484375 0.6207133125000001 0.720194359375 0.625196603125 0.73884574375 0.7118901140625
8 0.7198586203125 0.6238206328125 0.6811818281249999 0.635471796875 0.7138153234375 0.743785759375 0.75249205625 0.7321347328125001 0.7198586203125 0.6238206328125
8 0.61459600625 0.658667221875 0.5972534296875 0.6557655328124999 0.5851848640624999 0.7278857109375 0.602527434375 0.7307873765624999 0.61459600625 0.658667221875
8 0.3917446375 0.7730835640625 0.41648796718750003 0.7727071125 0.414372371875 0.6337004359375 0.389629790625 0.6340768812500001 0.3917446375 0.7730835640625
8 0.35023514843750003 0.6176909859374999 0.326453875 0.6143828359375 0.307411528125 0.751253596875 0.33119279218750003 0.754561696875 0.35023514843750003 0.6176909859374999
8 0.254331396875 0.700312759375 0.2806726859375 0.7119337828125001 0.3354227421875 0.5878479734375001 0.309082078125 0.5762271125 0.254331396875 0.700312759375
8 0.23903344999999998 0.55588729375 0.216755046875 0.55131258125 0.20225305312500003 0.6219286687500001 0.224531446875 0.62650335 0.23903344999999998 0.55588729375
8 0.26029851718749997 0.57946938125 0.23434757031250003 0.5736798640624999 0.22196552343749998 0.6291751671875 0.247916459375 0.6349646546875001 0.26029851718749997 0.57946938125
5 0.329941421875 0.735044890625 0.3081271546875 0.7320129171875001 0.3035596375 0.764869475 0.3253739015625 0.7679014375000001 0.329941421875 0.735044890625
5 0.3634002984375 0.8113565656249999 0.3645145140625 0.8002207578125 0.3504403671875 0.798812809375 0.349326134375 0.8099485984375001 0.3634002984375 0.8113565656249999
5 0.29452899375 0.725967471875 0.29906589375000003 0.685157 0.258326396875 0.680628675 0.25378934062499997 0.7214389671875 0.29452899375 0.725967471875
5 0.7581122171875 0.729621925 0.74315414375 0.7112753281249999 0.718418096875 0.7314395296875 0.7333760984375 0.7497860609375 0.7581122171875 0.729621925
5 0.6262459703125 0.8380124328124999 0.6444707765625 0.8379150265625 0.644197303125 0.7867750250000001 0.625972728125 0.7868724312500001 0.6262459703125 0.8380124328124999
