2 0.3656125 0.48395625000000003 0.372659375 0.4768140625 0.3797078125 0.4631796875 0.383384375 0.4313625 0.382771875 0.41383125 0.3751109375 0.4060390625 0.3683703125 0.4014953125 0.36224218750000003 0.399546875 0.358871875 0.40279375 0.35274375 0.4157796875 0.3478421875 0.4398046875 0.34845468749999997 0.46382812500000004 0.35580781250000004 0.4826578125 0.3656125 0.48395625000000003
2 0.4175375 0.5036984375 0.428265625 0.49500625 0.43079062500000004 0.4856453125 0.43236718749999997 0.45756406250000003 0.43205312500000004 0.4288125 0.42794999999999994 0.4241328125 0.4216390625 0.418115625 0.4137515625 0.416109375 0.408071875 0.42145781250000003 0.40554687500000003 0.43282499999999996 0.4017609375 0.45555781250000005 0.4004984375 0.476953125 0.408071875 0.4970125 0.4175375 0.5036984375
2 0.40144531250000004 0.48297187499999994 0.40933281250000003 0.46826249999999997 0.4124890625 0.44485937499999995 0.4099640625 0.40073125000000004 0.40554687500000003 0.3886953125 0.393871875 0.385353125 0.3878765625 0.3913703125 0.38188125 0.4054109375 0.3780953125 0.43416249999999995 0.3758859375 0.45756406250000003 0.3780953125 0.477621875 0.37998750000000003 0.48364062499999994 0.384090625 0.48965781249999996 0.39229375 0.49233281250000005 0.40144531250000004 0.48297187499999994
4 0.407440625 0.3893640625 0.40554687500000003 0.3779984375 0.40901718750000005 0.3713125 0.4137515625 0.26968125 0.406178125 0.257646875 0.39923593749999997 0.2629953125 0.39166249999999997 0.3659625 0.39260937500000004 0.37599218749999996 0.3907171875 0.384684375 0.407440625 0.3893640625
2 0.5576375 0.48832031249999996 0.5671046875 0.48965781249999996 0.5781484375 0.47962812499999996 0.5809875 0.46759375 0.58161875 0.44084843749999997 0.5746765625 0.386021875 0.569628125 0.384684375 0.5658421875 0.3886953125 0.5598468750000001 0.386021875 0.5532203124999999 0.38334687500000003 0.54911875 0.3893640625 0.5459625 0.4080859375 0.5443859375 0.452215625 0.548171875 0.48029687499999996 0.5576375 0.48832031249999996
2 0.600571875 0.3429328125 0.5925546875000001 0.3429328125 0.583390625 0.3550671875 0.5757546875 0.3801484375 0.5769 0.4141265625 0.5803359375 0.44972500000000004 0.5837734375 0.46347812499999996 0.5952265625 0.47237656250000004 0.6028625 0.47156875 0.6154625 0.45781406249999995 0.6162265625 0.4359703125 0.608971875 0.36882187499999997 0.600571875 0.3429328125
4 0.5841546875 0.3299875 0.58568125 0.352640625 0.5944640625 0.3413140625 0.600190625 0.3388875 0.5994265624999999 0.32837031250000004 0.5994265624999999 0.31623437499999996 0.5990453125 0.30814375 0.5814812500000001 0.22238750000000002 0.574228125 0.2256234375 0.5830093749999999 0.32675156250000004 0.5841546875 0.3299875
2 0.6066812500000001 0.5824046875 0.61088125 0.566225 0.6112625 0.5516625000000001 0.6116453125 0.5136375 0.605153125 0.4974578125 0.595990625 0.485321875 0.58988125 0.4942203125 0.5776640625 0.485321875 0.5688828125 0.5087828125 0.5727 0.541953125 0.5753734374999999 0.5540890625 0.5830093749999999 0.566225 0.5902640625 0.574315625 0.59828125 0.5840234375 0.6066812500000001 0.5824046875
2 0.5738453125 0.5921140625 0.5799546875 0.5832140625 0.5822453125 0.54438125 0.5784281250000001 0.5160640625 0.5734640625 0.5031203125 0.5646828125 0.4901765625 0.5559015625 0.4901765625 0.5467375 0.4974578125 0.5433015625000001 0.5225375 0.544065625 0.5459984375 0.5467375 0.5557078125 0.55551875 0.572696875 0.5631546875 0.5913046875 0.5673546875000001 0.5969671875 0.5738453125 0.5921140625
0 0.5142045453125 0.5454545453125 0.46306818281249995 0.5482954546875 0.40056818281249995 0.5525568171875 0.3707386359375 0.5497159093749999 0.3693181828125 0.5738636374999999 0.43323863593749995 0.586647728125 0.5340909093749999 0.5767045453125 0.5894886359375 0.5795454546875 0.6136363640625 0.5752840906250001 0.6107954546875 0.5511363625000001 0.5142045453125 0.5454545453125
0 0.546875 0.42045454531250004 0.578125 0.383522728125 0.647727271875 0.3536931828125 0.7130681828125 0.3806818171875 0.7144886359375 0.3536931828125 0.65625 0.34375 0.6349431828125 0.328125 0.5838068171875 0.3323863625 0.5582386359375 0.3849431828125 0.5340909093749999 0.40198863749999997 0.471590909375 0.40767045468749996 0.3636363640625 0.37642045468749996 0.258522728125 0.36221590937500003 0.26420454531250004 0.383522728125 0.2855113640625 0.3849431828125 0.40625 0.40767045468749996 0.47301136406250005 0.428977271875 0.546875 0.42045454531250004
5 0.6235795453125 0.5255681828125 0.6150568171875 0.571022728125 0.640625 0.6150568171875 0.6860795453125 0.5951704546875 0.6903409093749999 0.5795454546875 0.6747159093749999 0.522727271875 0.6235795453125 0.5255681828125
5 0.7670454546875 0.5610795453125 0.7642045453125 0.5440340906250001 0.7329545453125 0.49573863749999997 0.696022728125 0.515625 0.6832386359375 0.555397728125 0.696022728125 0.5994318171875 0.71875 0.6292613625000001 0.7386363640625 0.6278409093749999 0.7755681828125 0.609375 0.7670454546875 0.5610795453125
5 0.35795454531250004 0.633522728125 0.367897728125 0.5724431828125 0.375 0.5369318171875 0.336647728125 0.5426136374999999 0.328125 0.5809659093749999 0.321022728125 0.6363636374999999 0.3224431828125 0.6818181828125 0.3394886359375 0.6846590906250001 0.35795454531250004 0.633522728125
5 0.3167613640625 0.6463068171875 0.32954545468749996 0.5426136374999999 0.27982954531250004 0.5454545453125 0.26704545468749996 0.6363636374999999 0.2556818171875 0.694602271875 0.272727271875 0.711647728125 0.31392045468749996 0.6860795453125 0.3167613640625 0.6463068171875
5 0.6434659093749999 0.3025568171875 0.6363636359375 0.2769886375 0.625 0.26846590937500003 0.6136363640625 0.296875 0.609375 0.32528409062499997 0.6051136359375 0.33096590937500003 0.6150568171875 0.409090909375 0.633522728125 0.3963068171875 0.6434659093749999 0.366477271875 0.6434659093749999 0.34517045468749996 0.6434659093749999 0.3380681828125 0.6434659093749999 0.3025568171875
5 0.36221590937500003 0.383522728125 0.36221590937500003 0.3806818171875 0.3636363640625 0.32954545468749996 0.32954545468749996 0.32954545468749996 0.3323863640625 0.390625 0.34090909062499997 0.43323863749999997 0.36221590937500003 0.40625 0.36221590937500003 0.383522728125
