7 0.28365770625 0.2805317546875 0.2759515625 0.280840625 0.27983684062499997 0.37777293125 0.28754298437500003 0.3774640609375 0.28365770625 0.2805317546875
7 0.2727964078125 0.28330297031249996 0.2677016640625 0.2836111671875 0.271873434375 0.352571875 0.276968178125 0.3522636796875 0.2727964078125 0.28330297031249996
2 0.343041596875 0.48134827812500003 0.37715303906250003 0.48528970937500004 0.38673368125 0.402376778125 0.3526226140625 0.39843536875 0.343041596875 0.48134827812500003
2 0.39905506874999996 0.50266085 0.42973870312500007 0.5043834031250001 0.4346286828125 0.41728140625 0.40394541874999995 0.4155588625 0.39905506874999996 0.50266085
2 0.417893003125 0.3876208625 0.38280210625 0.3843080734375 0.3727773125 0.49049035781250006 0.40786820468749996 0.4938031234375 0.417893003125 0.3876208625
4 0.41473458281250003 0.2580788953125 0.397154578125 0.2571912703125 0.390524025 0.38850993906250003 0.4081040296875 0.3893975578125 0.41473458281250003 0.2580788953125
7 0.3724793609375 0.34394438125 0.37588594375 0.3438984375 0.3752546875 0.2970953125 0.37184812031250003 0.29714125625 0.3724793609375 0.34394438125
7 0.418136971875 0.34469983125 0.42132345468750004 0.3445671875 0.41848437499999996 0.2763671875 0.4152979140625 0.27649983125 0.418136971875 0.34469983125
2 0.543515265625 0.48910108281250003 0.5804594203125 0.4899729953125 0.5829592015625 0.384048740625 0.54601556875 0.38317683593749996 0.543515265625 0.48910108281250003
2 0.607111115625 0.341527909375 0.570236390625 0.345086846875 0.5826395015625 0.47359138281249996 0.619514221875 0.470032475 0.607111115625 0.341527909375
4 0.591523171875 0.22151555312500001 0.574003521875 0.2230367953125 0.5852605390625001 0.3526771546875 0.6027801875 0.351155921875 0.591523171875 0.22151555312500001
2 0.607985309375 0.48183284843749996 0.5663330265625001 0.48662572187500003 0.5778124390625 0.5863787375 0.6194647140625 0.5815859031249999 0.607985309375 0.48183284843749996
2 0.5512291578124999 0.59914073125 0.588942028125 0.5940574515625 0.574598659375 0.48765637812499996 0.536886446875 0.4927396125 0.5512291578124999 0.59914073125
5 0.5907636015625 0.5571720640625 0.6790461765625 0.6075057984375001 0.7525990078125 0.4785080578125 0.6643181421875 0.42817494843750004 0.5907636015625 0.5571720640625
5 0.3610834125 0.6418113671875 0.377871278125 0.511455234375 0.24925069687499998 0.49489254843749997 0.2324615890625 0.6252472 0.3610834125 0.6418113671875
5 0.64893090625 0.3150612953125 0.6006944437499999 0.32118055624999997 0.6162665796875 0.44392636406249997 0.6645030328125 0.437807146875 0.64893090625 0.3150612953125
7 0.40021477968749997 0.592050740625 0.3941991359375 0.5911914703125001 0.3813281140625 0.6812891078125001 0.38734375625 0.6821483703125 0.40021477968749997 0.592050740625
7 0.575150146875 0.6633686187500001 0.5768229265625 0.6627604140625001 0.5678128828125 0.6379828203125 0.5661401109375 0.6385910234375001 0.575150146875 0.6633686187500001
7 0.6098850640625 0.6609615703125 0.61197918125 0.6601562453125001 0.60546875 0.6432291671875 0.603374640625 0.6440344921875 0.6098850640625 0.6609615703125
