1 0.23768429375000003 0.53789918125 0.2490082890625 0.538308134375 0.25096182499999997 0.48421749375 0.2396379265625 0.4838085421875 0.23768429375000003 0.53789918125
1 0.2649421421875 0.490522309375 0.25841249374999997 0.48837566718750003 0.250313646875 0.5130088390624999 0.25684329375 0.5151554765624999 0.2649421421875 0.490522309375
8 0.30319290312499997 0.4981089953125 0.3206087140625 0.49732886406250004 0.316396228125 0.4032974546875 0.2989806453125 0.40407758125 0.30319290312499997 0.4981089953125
8 0.3393155296875 0.41221480625 0.31724988125000003 0.4138011828125 0.3238766703125 0.505970696875 0.34594231875000003 0.50438433125 0.3393155296875 0.41221480625
1 0.44985061562500006 0.56630669375 0.442332546875 0.5666032921874999 0.4436193484375 0.5992174109375 0.45113741718749995 0.5989208140625 0.44985061562500006 0.56630669375
2 0.5540016375000001 0.5211998265625 0.5540014359375001 0.6174188453125 0.5918344765625 0.617418709375 0.5918343625 0.5212000078125001 0.5540016375000001 0.5211998265625
2 0.5908609671875 0.5921201843749999 0.6226477765625 0.5912003968749999 0.6200085375 0.50000846875 0.5882222140625 0.5009282484375001 0.5908609671875 0.5921201843749999
2 0.6179062921875 0.5828353500000001 0.6513490281250001 0.581567809375 0.6479461953125 0.4918023296875 0.6145039515625 0.4930698609375 0.6179062921875 0.5828353500000001
2 0.6860115921875 0.474618209375 0.63995655625 0.4788562578125 0.6488514921874999 0.5755100453125 0.6949065234375 0.5712720296875 0.6860115921875 0.474618209375
2 0.69377766875 0.566263075 0.7543847640625 0.546652009375 0.732207596875 0.47812142812499997 0.6716011421875 0.49773238124999997 0.69377766875 0.566263075
8 0.7386754859375 0.37729259531250003 0.7224162359374999 0.386227446875 0.744404671875 0.42623907031249997 0.76066390625 0.41730424218750006 0.7386754859375 0.37729259531250003
2 0.35751299375 0.6985688359375 0.39378404375 0.7011220484375 0.3991555703125 0.6248203296875 0.36288508125 0.6222671375 0.35751299375 0.6985688359375
2 0.367385953125 0.6113199640625 0.312034225 0.6083976843750001 0.3073073796875 0.6979189703124999 0.36265910468749996 0.700841225 0.367385953125 0.6113199640625
2 0.31775878125 0.60098825625 0.2579286453125 0.5950857843749999 0.2497327453125 0.67815325 0.3095628734375 0.684055671875 0.31775878125 0.60098825625
5 0.349139559375 0.60001594375 0.41579907968749996 0.5954860796875 0.4081938 0.48358829062500003 0.3415354765625 0.488118115625 0.349139559375 0.60001594375
5 0.5824009671875 0.659090078125 0.6095126765625001 0.7482510437500001 0.75211645625 0.704893421875 0.725003978125 0.6157338578125 0.5824009671875 0.659090078125
7 0.5952393703125 0.8137552156250001 0.600455234375 0.8132130734375 0.5881898875 0.6952318515625 0.5829741625 0.6957739859375 0.5952393703125 0.8137552156250001
6 0.2129711375 0.737873828125 0.210935353125 0.784669784375 0.2387715296875 0.7858804359375 0.24080715625 0.7390846328125 0.2129711375 0.737873828125
6 0.421418325 0.8091930328125001 0.40536759062499994 0.7954999890625001 0.37762456875 0.8280132968749999 0.39367523437499996 0.84170626875 0.421418325 0.8091930328125001
6 0.2774114125 0.4034644125 0.300396825 0.4023251890625 0.29771595624999997 0.3482388453125 0.2747306859375 0.34937806562499996 0.2774114125 0.4034644125
6 0.2625889546875 0.8016210562499999 0.2698803078125 0.7874355109375 0.2484905890625 0.7764433046875 0.2411992296875 0.790628809375 0.2625889546875 0.8016210562499999
7 0.269201015625 0.478900790625 0.27620442968750003 0.4779742921875 0.266135896875 0.401871040625 0.25913255625 0.40279753281249997 0.269201015625 0.478900790625
7 0.2843076953125 0.4178477625 0.27941365 0.4174741671875 0.274757778125 0.4784617390625 0.2796518234375 0.4788353328125 0.2843076953125 0.4178477625
7 0.29404359375 0.4166008609375 0.2893987140625 0.41575799843750005 0.27753065625 0.48115713125 0.282175534375 0.48199998906249997 0.29404359375 0.4166008609375
