1 0.23831875 0.5230859375 0.2408 0.53440625 0.2454515625 0.5381796875 0.249171875 0.533778125 0.2494828125 0.5199421875 0.250103125 0.50799375 0.249171875 0.4916421875 0.24762187500000002 0.484096875 0.2439 0.490384375 0.24048906250000002 0.4985609375 0.23862812500000002 0.5117671875 0.23831875 0.5230859375
1 0.260025 0.505478125 0.260025 0.49793125 0.2587859375 0.4884984375 0.25444374999999997 0.500446875 0.2519625 0.50799375 0.25227343750000003 0.513653125 0.255684375 0.5123953125 0.260025 0.505478125
8 0.31584375 0.44070312500000003 0.31553437500000003 0.41869375 0.3096421875 0.40359999999999996 0.30499062499999996 0.41554843750000003 0.30250937499999997 0.4300125 0.30157968749999997 0.4495078125 0.3018890625 0.46900312499999997 0.30375 0.4960453125 0.3071609375 0.49793125 0.3124328125 0.4966734375 0.31739375000000003 0.490384375 0.319875 0.48095156250000004 0.3189453125 0.4601984375 0.31584375 0.44070312500000003
8 0.3394109375 0.44070312500000003 0.3335203125 0.42372343749999997 0.3279375 0.4130328125 0.322665625 0.41492031249999994 0.318325 0.4287546875 0.325146875 0.4520234375 0.32886875 0.4702609375 0.322665625 0.4891265625 0.3257671875 0.49793125 0.330728125 0.505478125 0.33507031249999997 0.5010765625 0.3428234375 0.4878703125 0.34344375 0.4696328125 0.3394109375 0.44070312500000003
1 0.4445359375 0.59918125 0.44949843749999996 0.59729375 0.45073749999999996 0.589746875 0.450428125 0.58094375 0.44794687499999997 0.5715109375 0.44546562500000003 0.5664796875 0.44267500000000004 0.5752828125 0.4432953125 0.5910046875 0.4445359375 0.59918125
2 0.5620640625 0.5287468750000001 0.5558625 0.533778125 0.5543125 0.545096875 0.5540015625 0.558303125 0.554621875 0.574025 0.557103125 0.5878609375 0.55989375 0.601696875 0.567646875 0.6111296875 0.5753984375 0.61741875 0.5806703125 0.61741875 0.587803125 0.6042125 0.5915234375 0.5910046875 0.591834375 0.5784281250000001 0.5912140625 0.5539015625 0.591834375 0.5331484375 0.590284375 0.5212 0.58408125 0.5218296875 0.57695 0.5287468750000001 0.5722984375 0.5287468750000001 0.56795625 0.5287468750000001 0.5620640625 0.5287468750000001
2 0.6154015625 0.58911875 0.6222234375 0.576540625 0.6216046875 0.555159375 0.6172625 0.5274890625 0.6150921874999999 0.5155406250000001 0.609509375 0.5035921875 0.6048578124999999 0.500446875 0.60020625 0.50485 0.594625 0.520571875 0.5915234375 0.538809375 0.5899734375000001 0.5614484375 0.5924546875 0.5796859375000001 0.596175 0.585975 0.5995874999999999 0.591634375 0.60765 0.591634375 0.6154015625 0.58911875
2 0.650753125 0.56585 0.6498234375 0.5413234375 0.64548125 0.5199421875 0.641140625 0.4991890625 0.6355578125 0.49227187499999997 0.62780625 0.4929 0.6216046875 0.5017046875 0.616021875 0.5199421875 0.6172625 0.54446875 0.6172625 0.56585 0.6206734375 0.57088125 0.6262546875 0.5771703125000001 0.634628125 0.5822015625 0.643621875 0.5784281250000001 0.650753125 0.56585
2 0.6699796874999999 0.5677375 0.67618125 0.5696234375 0.6854843749999999 0.5721390625 0.693546875 0.5576749999999999 0.6916875 0.53629375 0.686415625 0.5130250000000001 0.6808328125 0.4966734375 0.67463125 0.48095156250000004 0.66501875 0.47655000000000003 0.6538546875 0.48346718749999995 0.6479625 0.497303125 0.643621875 0.5186843750000001 0.646721875 0.5463546874999999 0.6479625 0.56585 0.6541640625 0.5689953125 0.6606765625000001 0.5715109375 0.6699796874999999 0.5677375
2 0.686725 0.54446875 0.6929265625000001 0.55264375 0.7006796875 0.5614484375 0.710603125 0.5608187499999999 0.7186656250000001 0.5545312499999999 0.7236265625 0.552015625 0.730759375 0.5463546874999999 0.7378921875 0.5406953125 0.7422328125 0.5281171875 0.7422328125 0.513653125 0.738821875 0.4985609375 0.732309375 0.4784359375 0.7273484375 0.47969375000000003 0.7152546875 0.484096875 0.7022296875 0.4878703125 0.691996875 0.4935296875 0.6876562500000001 0.5035921875 0.685175 0.5161687500000001 0.685175 0.529375 0.686725 0.54446875
2 0.3623875 0.6932734375 0.3642625 0.6963171874999999 0.368765625 0.6993609375000001 0.3758953125 0.6963171874999999 0.383025 0.694034375 0.38940312499999996 0.6925125000000001 0.39465625000000004 0.6856640625 0.3961578125 0.6674015625 0.39728281249999997 0.6460953125 0.3984078125 0.6354421875 0.39465625000000004 0.6293546875 0.3879015625 0.6240281249999999 0.3807734375 0.6240281249999999 0.3713921875 0.6232671875 0.3635125 0.6316375 0.3623875 0.6438125 0.35976093750000004 0.666640625 0.36088593750000003 0.6833812499999999 0.3623875 0.6932734375
2 0.31060625000000003 0.6354421875 0.30948125000000004 0.6567484375 0.31135625 0.672728125 0.315484375 0.6871859375 0.3237390625 0.697078125 0.3346203125 0.6993609375000001 0.3458765625 0.694034375 0.357134375 0.6841421875 0.3635125 0.6681625 0.3653890625 0.6491390625 0.3657640625 0.6293546875 0.36388750000000003 0.62250625 0.357509375 0.613375 0.3511296875 0.614896875 0.3451265625 0.617940625 0.33949843749999997 0.614896875 0.3342453125 0.6095703125 0.3278671875 0.61033125 0.3218625 0.613375 0.314359375 0.6202234375 0.31060625000000003 0.6354421875
2 0.26820625 0.6004390625 0.2607015625 0.5989171875 0.25695 0.6050046874999999 0.2554484375 0.6202234375 0.2546984375 0.6346812500000001 0.25844999999999996 0.642290625 0.2655796875 0.65294375 0.28021406249999997 0.6674015625 0.29034375 0.67425 0.2978484375 0.6826203125 0.3027265625 0.6833812499999999 0.3079796875 0.67425 0.31098125 0.663596875 0.31210781249999997 0.6476171875000001 0.314359375 0.6354421875 0.31210781249999997 0.617940625 0.30872968749999996 0.608809375 0.303853125 0.6019609375 0.2970984375 0.6004390625 0.29222031249999997 0.6019609375 0.28884375 0.6019609375 0.28133906249999996 0.5973953125 0.2760859375 0.6027218750000001 0.26820625 0.6004390625
0 0.6764608796875 0.4688221171875 0.66850774375 0.46939061249999997 0.6548736859375001 0.4767812796875 0.643512015625 0.4881515453125 0.6344227296875 0.49099411249999997 0.6213567890625 0.49099411249999997 0.60829085 0.4955422140625 0.5963610593750001 0.5046384390624999 0.5821589703125001 0.5120291078125 0.558299478125 0.523967878125 0.5298952984375 0.5222623421875 0.534439984375 0.5376122062500001 0.54693780625 0.536475175 0.5617079703125001 0.539317740625 0.5730696421875 0.5336326078125 0.5889760421875 0.52908450625 0.600905746875 0.527947475 0.614539803125 0.5211253124999999 0.6264695078125 0.5143031687499999 0.6457844015624999 0.5080495109375 0.6650992078125 0.501227346875 0.6895268203125 0.4921311421875 0.6991842234375001 0.4881515453125 0.7156586125 0.48360344375000003 0.7316761234375 0.4795454546875 0.7315649703125 0.45460928593750005 0.7281565203125 0.456883315625 0.7054331765625 0.4648424984375 0.69293526875 0.46825358125000005 0.6764608796875 0.4688221171875
0 0.41571050625000006 0.5177142406249999 0.40946159531250004 0.5125976125 0.40775732812500004 0.510892078125 0.39980414999999997 0.49895330781249997 0.385033984375 0.49156263750000007 0.3713999703125 0.49099411249999997 0.35549365625 0.49099411249999997 0.34413198437500003 0.48985708125 0.3248171328125 0.48985708125 0.31175119375000004 0.48985708125 0.298117221875 0.4858775171875 0.29186826875 0.4824664125 0.278802371875 0.480760878125 0.26687262500000003 0.47507574375 0.2611917890625 0.47791831093750003 0.2503981921875 0.47962384687500004 0.2231301640625 0.47791831093750003 0.217449328125 0.49667924531249996 0.22483443125 0.501227346875 0.2350599109375 0.501795871875 0.24585350625000002 0.5029329031249999 0.257783253125 0.5029329031249999 0.2657364328125 0.5046384390624999 0.27709810468749996 0.506343975 0.28561935781250003 0.50748100625 0.29186826875 0.5086180375 0.30550228281249997 0.5120291078125 0.3185682234375 0.5120291078125 0.3253852078125 0.5125976125 0.3464043265625 0.5205568078125 0.364014909375 0.5256734359374999 0.37480850625 0.527947475 0.387874403125 0.533064103125 0.39639565625 0.5381807109375 0.4117339390625 0.5410232765625 0.417414775 0.5410232765625 0.427072178125 0.5410232765625 0.4344572828125 0.541591803125 0.44403407812499995 0.5505681828125 0.44581895468750005 0.531927071875 0.44070619375 0.5262419406250001 0.4327530140625 0.523967878125 0.4219594171875 0.519988303125 0.41571050625000006 0.5177142406249999
0 0.447523178125 0.7138513453125 0.4321849390625 0.7121457875 0.41911899999999996 0.704755096875 0.406621178125 0.70191253125 0.3941233140625 0.6973644515624999 0.3787850734375 0.69565889375 0.36231064218750003 0.6945218843750001 0.3509489703125 0.6916793171875 0.3367468796875 0.6916793171875 0.323112865625 0.688268246875 0.3049342078125 0.6763294328125 0.2964129546875 0.6734868671875 0.2776661796875 0.6655277374999999 0.258919446875 0.64278720625 0.24812585 0.661548096875 0.255510953125 0.6638221578125 0.269144925 0.6751924234375 0.279370446875 0.6808775578125 0.2941406109375 0.6945218843750001 0.30322994062499997 0.704755096875 0.3162958796875 0.7127142921875 0.3282256265625 0.7144198484375 0.345836209375 0.7093032218750001 0.3543574625 0.7041865921875 0.3662872515625 0.6962273984375 0.3782169984375 0.6990699640625 0.3901467453125 0.70589215 0.40264456718749997 0.7155568578125 0.4253679109375 0.728064178125 0.4361615078125 0.7343178140625 0.46399761093749997 0.736023328125 0.492969865625 0.7343178140625 0.5083081484374999 0.733749309375 0.5298952984375 0.7286326812499999 0.5435293125 0.725790115625 0.556595253125 0.7229475484375001 0.574773909375 0.7144198484375 0.58783980625 0.7144198484375 0.6048823140625 0.725790115625 0.629309925 0.74113995625 0.6452162828125 0.7417084609375 0.6713481625 0.733749309375 0.6912310875000001 0.7229475484375001 0.7122501625 0.7093032218750001 0.725884134375 0.6973644515624999 0.7230437171874999 0.6899737609375001 0.7150905812499999 0.6933848328125001 0.6952076546875 0.700775521875 0.6781651484375 0.7053236453125 0.6503289999999999 0.707029159375 0.6344227296875 0.704755096875 0.61056315 0.7002070171875 0.596929178125 0.69565889375 0.5815909390625 0.70191253125 0.5679569250000001 0.7030495828125 0.54750588125 0.7053236453125 0.5298952984375 0.7093032218750001 0.513420865625 0.7166939109375 0.4944602140625 0.7146306828125 0.48899329687500004 0.717262415625 0.4787677765625 0.7155568578125 0.4628614609375 0.7144198484375 0.457180625 0.7138513453125 0.447523178125 0.7138513453125
7 0.276487890625 0.5582255609375 0.29434206875 0.5591178921875 0.3005910046875 0.5216393640625 0.29969830937499997 0.47612974531249996 0.291663915625 0.3913569 0.288093065625 0.36190949687499996 0.2827368265625 0.356555403125 0.2827368265625 0.3752946828125 0.2827368265625 0.397603328125 0.276487890625 0.420804303125 0.2693461921875 0.3663712265625 0.2639899515625 0.36190949687499996 0.2639899515625 0.3904645671875 0.2639899515625 0.42883542812500003 0.2613839078125 0.474553571875 0.2550628625 0.5029001171874999 0.252384709375 0.52253173125 0.256848253125 0.5484097375 0.2639899515625 0.5546561640625 0.276487890625 0.5582255609375
7 0.5978631015625 0.6724458421875 0.5951849484375 0.638536678125 0.563047440625 0.6456754703125 0.572867225 0.684046296875 0.5749999796874999 0.6754464296875 0.5853651640625 0.7893431203125 0.5978631015625 0.837529803125 0.609468278125 0.8393144671874999 0.61214643125 0.8116517640625001 0.6014339515625 0.7411564375 0.5978631015625 0.6724458421875
5 0.4121796203125 0.52253173125 0.411286925 0.473452715625 0.34397319375 0.476785715625 0.3461191453125 0.5216393640625 0.4121796203125 0.52253173125
5 0.29895830156250003 0.7104166671875001 0.27789273593749997 0.7837393390625 0.30012093125 0.8171020875 0.3445771109375 0.8240526562499999 0.35291263125 0.760107396875 0.3473555828125 0.7114534203125 0.29895830156250003 0.7104166671875001
5 0.6079860796875 0.7381944453125 0.6182606828125 0.8101515203125 0.68633429375 0.80181080625 0.7391261 0.75037664375 0.712730196875 0.7058929968750001 0.6113143984375 0.7434260765625 0.6079860796875 0.7381944453125
