2 0.385410425 0.5790665171875 0.41126007031249995 0.5780428609375 0.40812933281249997 0.4989963125 0.382280021875 0.5000199609375 0.385410425 0.5790665171875
3 0.6195506828124999 0.5698774359375001 0.6329962984375 0.5684272484374999 0.6289757812500001 0.5311543078125001 0.6155302500000001 0.532604490625 0.6195506828124999 0.5698774359375001
2 0.6253854750000001 0.5806294249999999 0.662033809375 0.581759321875 0.6641680390625 0.5125355953125 0.6275201265625 0.5114057046875 0.6253854750000001 0.5806294249999999
2 0.6620370109375 0.5730309453125 0.71068871875 0.57410011875 0.71233301875 0.49927149374999996 0.6636819078125 0.4982023265625 0.6620370109375 0.5730309453125
7 0.7120810984375 0.40785427656250006 0.700200203125 0.40559951562499996 0.680371875 0.5100734375 0.6922527656249999 0.51232818125 0.7120810984375 0.40785427656250006
7 0.6993321171875 0.4043364546875 0.690915596875 0.4037937484375 0.6848668203125 0.497595025 0.6932833406250001 0.498137728125 0.6993321171875 0.4043364546875
7 0.6778343203125 0.4989106875 0.6853557328125001 0.49844366406249996 0.6797515625 0.4081953125 0.67223024375 0.40866233281250003 0.6778343203125 0.4989106875
3 0.664621109375 0.6423038109375 0.652495053125 0.6439052296875001 0.658848575 0.692008153125 0.6709746296875 0.69040674375 0.664621109375 0.6423038109375
3 0.620113896875 0.6418743874999999 0.6019243875 0.6485325765625001 0.6203114609375 0.6987574296875 0.63850095 0.6920992765625 0.620113896875 0.6418743874999999
2 0.29511453125 0.4689130515625 0.245167 0.47715115625 0.259291709375 0.5627823578125 0.309239228125 0.554544309375 0.29511453125 0.4689130515625
9 0.232059828125 0.4354230015625 0.2785545203125 0.44274674531249997 0.30852242812499997 0.252500509375 0.262028690625 0.24517684375 0.232059828125 0.4354230015625
7 0.396414290625 0.40377255468750006 0.39002716875 0.40403282812499997 0.3939852640625 0.5011590328125 0.40037238437499995 0.5008987609375 0.396414290625 0.40377255468750006
9 0.7562307109375 0.7149640671874999 0.8475597625000001 0.750838265625 0.8885359921875 0.6465330203125 0.7972088453125 0.6106592421875 0.7562307109375 0.7149640671874999
6 0.5143339359375 0.7862095906250001 0.5217973328125 0.7488986703125 0.4991699203125 0.7443732859375001 0.49170645 0.7816841046875 0.5143339359375 0.7862095906250001
7 0.293201809375 0.3519431859375 0.28796420624999997 0.351506921875 0.27759135156250003 0.47603262968750004 0.28282895468749997 0.4764688921875 0.293201809375 0.3519431859375
7 0.2808697140625 0.472478028125 0.2872971625 0.4736189875 0.3064399921875 0.3657862609375 0.3000126328125 0.364645309375 0.2808697140625 0.472478028125
7 0.3102976671875 0.3592097984375 0.300476321875 0.3580269640625 0.28633175781250003 0.47546666093749995 0.29615310156249997 0.4766494859375 0.3102976671875 0.3592097984375
7 0.64199281875 0.521059696875 0.6449610328125 0.5210993828125 0.646723028125 0.3893238375 0.6437548671875 0.38928415156249996 0.64199281875 0.521059696875
7 0.6444120828125001 0.5164464234375 0.647303975 0.5165008531249999 0.6497286984375 0.38768030468750003 0.64683685625 0.387625875 0.6444120828125001 0.5164464234375
6 0.2988149859375 0.793894684375 0.2830110375 0.7855959046875001 0.265184725 0.8195371687499999 0.28098864687499997 0.827835909375 0.2988149859375 0.793894684375
3 0.35076364843749996 0.56564476875 0.3842348453125 0.56564476875 0.384234703125 0.511837465625 0.3507638015625 0.511837465625 0.35076364843749996 0.56564476875
