7 0.2905625 0.45869218749999996 0.286434375 0.4708671875 0.2905625 0.4815203125 0.29844218749999996 0.4465171875 0.30369531250000004 0.42064375 0.3044453125 0.403903125 0.3044453125 0.3803140625 0.30106875 0.3559640625 0.30069375 0.3848796875 0.29994375 0.4092296875 0.29619062500000004 0.4290140625 0.2905625 0.45869218749999996
7 0.29994375 0.3803140625 0.29619062500000004 0.3955328125 0.29093749999999996 0.42368750000000005 0.284934375 0.45184375 0.28530937500000003 0.42977499999999996 0.2868109375 0.40009843749999996 0.2898125 0.37650937500000003 0.2898125 0.3529203125 0.28343281249999996 0.3970546875 0.28118125 0.4290140625 0.2785546875 0.459453125 0.27930625 0.47619375 0.286059375 0.47999843750000004 0.2898125 0.45412656250000005 0.295065625 0.425209375 0.29994375 0.3993375 0.29994375 0.3803140625
7 0.40240937499999996 0.4961234375 0.39874375 0.5001249999999999 0.4057921875 0.504128125 0.408046875 0.48125937499999993 0.40720156249999995 0.4549609375 0.40635625 0.428090625 0.40297343750000003 0.388071875 0.40269062499999997 0.428090625 0.40099999999999997 0.4635359375 0.4004359375 0.4806875 0.40240937499999996 0.4852609375 0.40240937499999996 0.4961234375
7 0.6490515625 0.4214015625 0.6502921875000001 0.3842984375 0.6459515625 0.4320921875 0.6447109375 0.39184375 0.6434703125000001 0.4446703125 0.6413 0.48177343749999996 0.6428499999999999 0.514475 0.6471921875 0.511959375 0.6475015625 0.46416562499999997 0.6490515625 0.4214015625
3 0.6757203125 0.571703125 0.6875046874999999 0.573590625 0.6943265625 0.5698171875 0.7061100609375 0.56843884375 0.711093634375 0.5556684375 0.7117165812499999 0.5273243625 0.7082903734375 0.5154883765625 0.7023723796875 0.5048982828125 0.6887453125 0.498753125 0.6849298734375 0.507078596875 0.6757203125 0.50944375 0.67106875 0.511959375 0.66796875 0.5207640625 0.66300625 0.5289390625 0.66300625 0.5446609375 0.666728125 0.5622703125 0.6757203125 0.571703125
7 0.6927765625 0.4735984375 0.6862640625 0.4924640625 0.6819234375 0.5018984375 0.680371875 0.5100734375 0.69215625 0.5075578125 0.693396875 0.5063 0.693396875 0.5000109375 0.6968078125 0.48177343749999996 0.6977375 0.4710828125 0.7020796875 0.45158750000000003 0.70425 0.427690625 0.703940625 0.40630937500000003 0.6995984375 0.449071875 0.6927765625 0.4735984375
7 0.6909156249999999 0.40379375 0.688125 0.45221718749999995 0.68564375 0.485546875 0.68564375 0.49686718750000003 0.6930859375 0.49812500000000004 0.6949468750000001 0.472340625 0.6949468750000001 0.4452984375 0.69370625 0.42014375 0.6909156249999999 0.40379375
7 0.6791328125 0.45158750000000003 0.6778921875 0.430834375 0.6797515625 0.4081953125 0.6760312500000001 0.4232890625 0.6754109374999999 0.44655625 0.676340625 0.47485625000000004 0.680371875 0.498753125 0.6850234375 0.49309375 0.6809921875 0.48051562499999995 0.6791328125 0.45158750000000003
3 0.6239378062500001 0.697430028125 0.62765811875 0.693658153125 0.62951905625 0.678564403125 0.62734874375 0.662842528125 0.62548780625 0.6565534656249999 0.6195956171875 0.649636278125 0.61401436875 0.646490965625 0.60750186875 0.646490965625 0.60440030625 0.655295653125 0.60967218125 0.661584715625 0.61432374375 0.668501903125 0.6183549937499999 0.676678465625 0.61866593125 0.6861112781250001 0.6195956171875 0.696801903125 0.6239378062500001 0.697430028125
3 0.364112334375 0.572799471875 0.378128634375 0.5718650515625 0.3821777875 0.5612749578125 0.3849810484375 0.543520978125 0.387472834375 0.5214063703125 0.387472834375 0.5161113234375 0.381554840625 0.5089474375 0.3743909546875 0.5058327031250001 0.369718853125 0.507078596875 0.3672270671875 0.5108162765625 0.35944023281250004 0.5192260578125001 0.35632549999999996 0.5214063703125 0.3566369734375 0.52047195 0.3497845609375 0.530439096875 0.35383371406249997 0.546947184375 0.35539108124999996 0.558783171875 0.364112334375 0.572799471875
7 0.3900271671875 0.40403282812499997 0.3912450515625 0.4174295453125 0.3930718765625 0.4390469765625 0.393376346875 0.46310017343750004 0.3939852890625 0.50115903125 0.3979434109375 0.49933220624999997 0.3985523515625 0.4865444296875 0.3988568234375 0.46370911562500006 0.397029996875 0.44209168437499996 0.3948987015625 0.41925637031249996 0.3900271671875 0.40403282812499997
3 0.72360243125 0.652044134375 0.7205180203125 0.6384727328124999 0.7161998484375001 0.6279857421874999 0.7124985578125 0.6224338046875 0.7100310296875 0.6224338046875 0.702628446875 0.6292195046875 0.6970765109375 0.633537678125 0.69337521875 0.63600520625 0.6847388734375001 0.6409402609375 0.698310275 0.6501934875 0.7069466203125 0.6551285421874999 0.7081803843750001 0.652661015625 0.7174336125 0.6631480078124999 0.7174336125 0.6637648890625 0.72360243125 0.652044134375
6 0.4976866578125 0.771564528125 0.498938384375 0.777322471875 0.499689421875 0.7798259265625 0.4999397671875 0.781077653125 0.504946675 0.7843321421875 0.509202546875 0.783831453125 0.51070461875 0.7830804171875 0.51345841875 0.781077653125 0.5144598 0.77882454375 0.5162122171875 0.7748190171875 0.5172136 0.7713141828125 0.5177142906250001 0.7690610734375001 0.518715671875 0.7643045109375 0.5192163625 0.7600486390625 0.5192163625 0.755542421875 0.519717053125 0.7520375875 0.5174639453125 0.7480320593750001 0.5061984015625 0.7457789515625 0.50319425625 0.746029296875 0.49818735 0.7520375875 0.49643493125000004 0.7580458765625 0.495934240625 0.7638038203125 0.4976866578125 0.771564528125
