1 0.2832703125 0.48369375000000003 0.2912171875 0.4946578125 0.3001578125 0.4873484375 0.302640625 0.4681609375 0.29817031250000003 0.438921875 0.2932046875 0.4398359375 0.28823750000000004 0.44623125 0.2852578125 0.46267812499999994 0.2832703125 0.48369375000000003
1 0.31456093749999997 0.44988593750000005 0.3066140625 0.44257656250000005 0.303634375 0.45354218749999997 0.302640625 0.469075 0.3001578125 0.48186718749999996 0.303634375 0.500140625 0.30810468750000003 0.5037953125 0.317540625 0.49374531250000003 0.32101718749999997 0.48186718749999996 0.31704374999999996 0.46450625 0.31456093749999997 0.44988593750000005
3 0.6106640624999999 0.4981578125 0.6050671875 0.505709375 0.6050671875 0.518753125 0.6039484374999999 0.5359140625000001 0.606559375 0.5400343750000001 0.6106640624999999 0.5379734375 0.6143953125 0.53316875 0.6158890625 0.5297359375 0.6166343750000001 0.5194390624999999 0.6177546875 0.5070828125 0.6158890625 0.497471875 0.6106640624999999 0.4981578125
3 0.61365 0.548271875 0.6158890625 0.55856875 0.621859375 0.5613140624999999 0.62745625 0.5578828125 0.6326796875 0.5530765625 0.6371578125 0.55445 0.63753125 0.539346875 0.639396875 0.522871875 0.6408890625 0.5084546875 0.6371578125 0.4981578125 0.6334265625 0.49541250000000003 0.6278296875 0.4960984375 0.6222328125 0.492665625 0.6188734375 0.4967859375 0.6177546875 0.505709375 0.6151421874999999 0.514634375 0.61365 0.520125 0.6125296875 0.5297359375 0.6125296875 0.5400343750000001 0.61365 0.548271875
7 0.6408875 0.4869296875 0.6457296875 0.4738015625 0.6508265625 0.45692187500000003 0.653375 0.4461375 0.65566875 0.4058140625 0.6526109375 0.433009375 0.6498078125 0.44988906249999994 0.6442 0.46770625 0.639103125 0.48130468750000005 0.6403765625 0.47286406249999996 0.63859375 0.45364062499999996 0.6370640625 0.388934375 0.6347703124999999 0.454578125 0.632221875 0.49490156250000006 0.637828125 0.499121875 0.6416515625 0.500059375 0.6408875 0.4869296875
1 0.6717265625 0.5281921875 0.6727453125 0.5183453124999999 0.6645890624999999 0.5066234374999999 0.6594921874999999 0.510375 0.6592374999999999 0.5211578125 0.66153125 0.5319421875 0.66739375 0.53475625 0.6717265625 0.5281921875
1 0.700271875 0.503809375 0.698996875 0.4963078125 0.6954281250000001 0.4934953125 0.690840625 0.501465625 0.69135 0.51271875 0.6918609375 0.5197515625 0.6954281250000001 0.524440625 0.6974671875 0.526784375 0.700271875 0.5258468749999999 0.7038390625 0.5211578125 0.702309375 0.51225 0.700271875 0.503809375
3 0.385 0.571796875 0.3847453125 0.5774234375 0.385 0.5943031249999999 0.38449062500000003 0.617746875 0.3824515625 0.62571875 0.38398125 0.6365031250000001 0.388059375 0.6430671875 0.392646875 0.6449421875 0.3969796875 0.6435359375 0.4002921875 0.636971875 0.401821875 0.6252500000000001 0.40309531249999997 0.6107140625 0.40309531249999997 0.5975859375 0.40462499999999996 0.5853953125 0.40819375 0.58070625 0.40691875 0.5750796874999999 0.4020765625 0.5680468750000001 0.395959375 0.5671078125 0.3908625 0.569453125 0.385 0.571796875
2 0.38194218750000003 0.58305 0.3824515625 0.572265625 0.37811875 0.5633578124999999 0.36919843750000003 0.55866875 0.35900468750000003 0.5525734375 0.3480453125 0.5511671875 0.3393796875 0.548353125 0.333771875 0.5549171875 0.3302046875 0.5732046875 0.328675 0.591959375 0.3324984375 0.6111828125 0.340653125 0.6191546875 0.34931875 0.6210296875 0.35976875 0.6275937500000001 0.37327656249999996 0.6196234375 0.38015781249999997 0.6083703125000001 0.38194218750000003 0.5975859375 0.38194218750000003 0.58305
1 0.36665000000000003 0.6229046874999999 0.367925 0.62946875 0.37174687500000003 0.6308765625 0.37506093749999997 0.62853125 0.37760937499999997 0.6224359374999999 0.378628125 0.6121203125 0.376334375 0.614465625 0.3722578125 0.6196234375 0.36665000000000003 0.6229046874999999
7 0.3449859375 0.6449421875 0.3528875 0.6238421875 0.3472796875 0.6210296875 0.34345781249999996 0.6355640625000001 0.3398890625 0.6533828125000001 0.3347921875 0.6693234375 0.3261265625 0.7129296875 0.3335171875 0.6918296875000001 0.337340625 0.6763578125 0.340653125 0.6636968750000001 0.3449859375 0.6449421875
7 0.36894375 0.6918296875000001 0.3704734375 0.6787015625 0.3704734375 0.662759375 0.369453125 0.6529125 0.368434375 0.6346265625 0.367159375 0.6233734375 0.3635921875 0.6224359374999999 0.36410156250000003 0.6304078125 0.3663953125 0.641190625 0.3663953125 0.664634375 0.36665000000000003 0.6815140625 0.3658859375 0.7049593749999999 0.36894375 0.6918296875000001
1 0.3065015625 0.594771875 0.3105796875 0.6093078125 0.3156765625 0.6158718750000001 0.3202640625 0.62665625 0.32383281249999996 0.6304078125 0.3266359375 0.6196234375 0.32892968749999996 0.602275 0.3279109375 0.5868015625 0.3284203125 0.5647640625 0.3307140625 0.5535109375 0.329184375 0.547884375 0.32051875 0.5549171875 0.3128734375 0.560075 0.3082859375 0.5642953125 0.304971875 0.5802375 0.3065015625 0.594771875
1 0.551890625 0.6438171875 0.550796875 0.6568828124999999 0.5529828125 0.6669328125 0.5584453125 0.6749734375 0.5628171875 0.6679390625 0.566640625 0.6578875 0.567734375 0.6387906250000001 0.5628171875 0.6247203125 0.554621875 0.6327609375 0.551890625 0.6438171875
5 0.7457386359375 0.6349431828125 0.7443181828125 0.625 0.7173295453125 0.5980113625000001 0.6818181828125 0.6207386374999999 0.7045454546875 0.6860795453125 0.7329545453125 0.6903409093749999 0.7599431828125 0.680397728125 0.7457386359375 0.6349431828125
5 0.7144886359375 0.703125 0.6988636359375 0.671875 0.6931818171875 0.6534090906250001 0.6931818171875 0.6363636374999999 0.6832386359375 0.6150568171875 0.6605113640625 0.6079545453125 0.6377840906250001 0.6278409093749999 0.6363636359375 0.6264204546875 0.6278409093749999 0.680397728125 0.6349431828125 0.7357954546875 0.664772728125 0.7556818171875 0.6988636359375 0.742897728125 0.710227271875 0.734375 0.7144886359375 0.703125
5 0.3536931828125 0.5099431828125 0.37784090937500003 0.5 0.3863636359375 0.45880681718750005 0.39346590937500003 0.453125 0.3963068171875 0.409090909375 0.366477271875 0.39346590937500003 0.34517045468749996 0.40056818281249995 0.336647728125 0.44318181718750005 0.34517045468749996 0.481534090625 0.3536931828125 0.5099431828125
5 0.59375 0.41619318281249995 0.571022728125 0.444602271875 0.571022728125 0.47443181718750005 0.5809659093749999 0.522727271875 0.586647728125 0.507102271875 0.6051136359375 0.46306818281249995 0.59375 0.41619318281249995
0 0.5923295453125 0.663352271875 0.6306818171875 0.664772728125 0.6534090906250001 0.6860795453125 0.680397728125 0.6903409093749999 0.696022728125 0.6903409093749999 0.703125 0.680397728125 0.7443181828125 0.6420454546875 0.7556818171875 0.6306818171875 0.774147728125 0.5653409093749999 0.758522728125 0.5809659093749999 0.734375 0.6235795453125 0.7088068171875 0.647727271875 0.6747159093749999 0.647727271875 0.6193181828125 0.649147728125 0.5653409093749999 0.6363636374999999 0.5411931828125 0.6363636374999999 0.49431818281249995 0.6306818171875 0.455965909375 0.6306818171875 0.42329545468749996 0.6306818171875 0.38778409062499997 0.625 0.335227271875 0.6065340906250001 0.2869318171875 0.586647728125 0.25 0.5596590906250001 0.2244318171875 0.5411931828125 0.225852271875 0.555397728125 0.2755681828125 0.602272728125 0.350852271875 0.6392045453125 0.399147728125 0.647727271875 0.461647728125 0.6534090906250001 0.5454545453125 0.663352271875 0.5923295453125 0.663352271875
0 0.3806818171875 0.45880681718750005 0.40198863593749995 0.46306818281249995 0.434659090625 0.46875 0.47869318281249995 0.46875 0.49857954531250004 0.471590909375 0.5298295453125 0.47869318281249995 0.5568181828125 0.47869318281249995 0.5923295453125 0.477272728125 0.6122159093749999 0.481534090625 0.649147728125 0.48579545468749996 0.6846590906250001 0.48579545468749996 0.7173295453125 0.484375 0.7286931828125 0.48295454531250004 0.7443181828125 0.465909090625 0.734375 0.45738636250000003 0.7301136359375 0.45738636250000003 0.6761363640625 0.465909090625 0.65625 0.46875 0.632102271875 0.46306818281249995 0.6036931828125 0.46306818281249995 0.5639204546875 0.46448863749999997 0.5411931828125 0.46448863749999997 0.5127840906250001 0.45170454531250004 0.48295454531250004 0.46306818281249995 0.475852271875 0.46306818281249995 0.4375 0.45170454531250004 0.39346590937500003 0.440340909375 0.3693181828125 0.430397728125 0.350852271875 0.446022728125 0.2599431828125 0.42329545468749996 0.2542613640625 0.444602271875 0.29829545468749996 0.45454545468749996 0.3167613640625 0.45454545468749996 0.34375 0.45170454531250004 0.3806818171875 0.45880681718750005
