1 0.3053416890625 0.43960004531249997 0.287599028125 0.43792218906249997 0.2823130453125 0.493815784375 0.3000557046875 0.495493634375 0.3053416890625 0.43960004531249997
1 0.3133001109375 0.441304615625 0.2931693296875 0.4451342734375 0.304461540625 0.504488378125 0.3245923171875 0.5006587375 0.3133001109375 0.441304615625
7 0.4206472921875 0.46585701874999996 0.42531725 0.46542030624999997 0.4173703125 0.3804453125 0.4127004078125 0.38088202187500003 0.4206472921875 0.46585701874999996
7 0.6563996890625 0.3898178625 0.6370640296875 0.38893437343750004 0.6320063265625 0.499618665625 0.6513419859375 0.5005021484375 0.6563996890625 0.3898178625
7 0.38852680156249997 0.7379306375 0.39290156249999997 0.7382484375 0.39978283281250004 0.6435359390625 0.3954081578125 0.6432181421875 0.38852680156249997 0.7379306375
2 0.3222327734375 0.6213837578125 0.37651875625 0.6303648859375001 0.38873687968750004 0.5565188812499999 0.33445160937499996 0.5475378125 0.3222327734375 0.6213837578125
1 0.3851919828125 0.6194098671875 0.3786281109375 0.6121202968749999 0.3640899046875 0.6252096453125 0.3706537609375 0.6324992015625 0.3851919828125 0.6194098671875
7 0.3532166015625 0.6225906296875 0.3472796828125 0.6210296859375 0.3233088484375 0.71218885625 0.3292457609375 0.713749784375 0.3532166015625 0.6225906296875
7 0.369348209375 0.6222759703125 0.3635921875 0.6224359374999999 0.36588591875 0.7049593749999999 0.371641940625 0.704799409375 0.369348209375 0.6222759703125
1 0.3031635765625 0.6296515609375 0.3278949453125 0.6305564390625 0.33091761875 0.5479477921875 0.306186615625 0.5470429218749999 0.3031635765625 0.6296515609375
1 0.549789115625 0.6744777281250001 0.565638509375 0.675385365625 0.5685215015625 0.6250469796875 0.5526722671875001 0.6241393468750001 0.549789115625 0.6744777281250001
5 0.7451757390625 0.6926257734375 0.746096315625 0.598290871875 0.6238839281249999 0.5970982140625 0.6229622296875 0.6914319843750001 0.7451757390625 0.6926257734375
5 0.38950892812500004 0.42806412343750005 0.34517045468749996 0.42806412343750005 0.34517045468749996 0.5345982140625 0.38950892812500004 0.5345982140625 0.38950892812500004 0.42806412343750005
5 0.561933234375 0.5406071890625 0.5924461812499999 0.5423506578125 0.5976470265625 0.451332925 0.5671345046875 0.44958947031249996 0.561933234375 0.5406071890625
