2 0.6649643140625 0.6736772359375001 0.7160483703125 0.6709202296875 0.7120397265625 0.5966622140625 0.6609564 0.5994192 0.6649643140625 0.6736772359375001
9 0.24787677968750002 0.5339805359375001 0.289115546875 0.5367296015624999 0.2989758921875 0.388819825 0.2577379890625 0.38607078906250003 0.24787677968750002 0.5339805359375001
2 0.38259673906249997 0.6457243765625 0.3326390703125 0.6422555625 0.32968616875 0.6847774890625 0.37964383437500004 0.6882462874999999 0.38259673906249997 0.6457243765625
9 0.725894140625 0.7193144734375 0.7748926140625 0.7094627640625 0.7499799281249999 0.5855767281250001 0.70098265625 0.5954283125 0.725894140625 0.7193144734375
7 0.36035138437500003 0.704040990625 0.3544214546875 0.7035685859374999 0.3489205046875 0.7726088437499999 0.35485043437499997 0.7730812453125 0.36035138437500003 0.704040990625
7 0.3648939484375 0.705619425 0.3591260671875 0.7050373875 0.352546159375 0.77023245625 0.35831403906250003 0.7708144890625 0.3648939484375 0.705619425
7 0.7147545765625 0.7400636078125 0.7232014 0.7381072828125 0.7092592125 0.6779186875 0.700812496875 0.679875 0.7147545765625 0.7400636078125
7 0.6839943374999999 0.7187452624999999 0.68994533125 0.7183457859375 0.6865696671875 0.6680664765625 0.6806187359375 0.6684659500000001 0.6839943374999999 0.7187452624999999
6 0.7187000890624999 0.7507453515625 0.729626303125 0.7483344437499999 0.72096525 0.709089275 0.7100391312500001 0.711500171875 0.7187000890624999 0.7507453515625
7 0.342006584375 0.7046380390625 0.33717095 0.7039473546874999 0.3256578953125 0.7845394734375 0.330493528125 0.785230153125 0.342006584375 0.7046380390625
3 0.31978920781250003 0.6625291515625 0.332581953125 0.649750059375 0.3065938078125 0.623737475 0.29380110937500004 0.6365165203125 0.31978920781250003 0.6625291515625
