2 0.3960791390625 0.52049291875 0.356063771875 0.5174562765624999 0.3507430296875 0.58756404375 0.3907583953125 0.5906006671874999 0.3960791390625 0.52049291875
1 0.3675394578125 0.649418321875 0.351598984375 0.6481179625 0.3489390625 0.6807203125 0.3648795359375 0.68202066875 0.3675394578125 0.649418321875
2 0.34703610937499996 0.6646432796874999 0.37426167499999996 0.620202271875 0.31527708906249996 0.58407129375 0.2880515453125 0.6285120109375 0.34703610937499996 0.6646432796874999
1 0.3328926234375 0.6834189265624999 0.344056040625 0.6859745171875 0.34913125 0.6638078125 0.3379678828125 0.6612522265624999 0.3328926234375 0.6834189265624999
6 0.1601836296875 0.671092996875 0.176724284375 0.6929479484375001 0.21750811718750002 0.662085253125 0.200967509375 0.6402304140624999 0.1601836296875 0.671092996875
6 0.78325298125 0.6736873625 0.7842974218750001 0.699784575 0.8032307921875 0.699026915625 0.8021863031249999 0.6729297546875 0.78325298125 0.6736873625
8 0.6206892671875 0.5091105578125 0.640399653125 0.508790084375 0.6387807390625 0.40923561875000003 0.6190706328125 0.40955609062500004 0.6206892671875 0.5091105578125
8 0.6136498875 0.5209468375 0.630697490625 0.519967153125 0.624170453125 0.40639946718750003 0.6071231234375001 0.40737914374999995 0.6136498875 0.5209468375
1 0.22685603125 0.52866765625 0.20261487968749997 0.52368160625 0.1900181 0.5849189531250001 0.21425924375 0.589904978125 0.22685603125 0.52866765625
5 0.6731069375 0.6166295765625 0.6316964281249999 0.6205357140625 0.6382769953125 0.6902900375 0.6796875 0.6863839281249999 0.6731069375 0.6166295765625
