2 0.369392228125 0.5698158703125 0.3851071078125 0.49339646875 0.3311586171875 0.48230347656249994 0.3154434890625 0.558722540625 0.369392228125 0.5698158703125
2 0.666522253125 0.6010864265625 0.619737421875 0.6173439171874999 0.64180601875 0.6808437203125 0.688590796875 0.6645863359375 0.666522253125 0.6010864265625
9 0.2666988453125 0.4185052609375 0.3192958390625 0.4272710578125 0.3417252953125 0.2926922984375 0.2891290515625 0.2839265640625 0.2666988453125 0.4185052609375
1 0.2983459765625 0.5944250234374999 0.2906491890625 0.5915265640625 0.2785194515625 0.6237332062500001 0.286216234375 0.6266316562500001 0.2983459765625 0.5944250234374999
9 0.6962030968749999 0.3088497125 0.6512487421875 0.32401433281249997 0.693324490625 0.448739390625 0.738278790625 0.43357488593750004 0.6962030968749999 0.3088497125
7 0.4890872578125 0.5695844671875 0.49458055781250004 0.5698637640625 0.49983523906249994 0.46652110625 0.494342028125 0.4662418125 0.4890872578125 0.5695844671875
7 0.6550481046875001 0.685096146875 0.6469581859375 0.68671388125 0.65657354375 0.734790803125 0.6646634609375 0.7331730765625 0.6550481046875001 0.685096146875
7 0.6653847109375 0.674519325 0.6615384375 0.6764421765625 0.676682684375 0.706730771875 0.6805289546875 0.7048079265625 0.6653847109375 0.674519325
3 0.3045817921875 0.53504434375 0.322458378125 0.5276909437499999 0.30551245 0.4864977453125 0.287635971875 0.49385112031249995 0.3045817921875 0.53504434375
3 0.58646906875 0.574850034375 0.5999953062500001 0.5744277656250001 0.599474946875 0.5577616890625 0.585948746875 0.55818395625 0.58646906875 0.574850034375
3 0.6717906250000001 0.598667965625 0.686249115625 0.60974118125 0.7075032953125 0.581992121875 0.693044865625 0.5709189421875001 0.6717906250000001 0.598667965625
3 0.3684356234375 0.6515373953125 0.3868145203125 0.6231998375 0.3455946265625 0.5964690328125 0.32721575 0.624806459375 0.3684356234375 0.6515373953125
3 0.31585930156250003 0.616052928125 0.33553970781250003 0.6044884234375 0.311745596875 0.5640002546875 0.2920653234375 0.5755647109375001 0.31585930156250003 0.616052928125
