2 0.6775931265625 0.6027074109375 0.6199251046875001 0.6167390593750001 0.6388884328125 0.6946657828125 0.6965564125 0.680634246875 0.6775931265625 0.6027074109375
9 0.8249849203125 0.6375825765625 0.7877601015625 0.579426590625 0.6972690484374999 0.637341746875 0.734493175 0.6954971249999999 0.8249849203125 0.6375825765625
9 0.26447565625 0.686618165625 0.3221516765625 0.68149200625 0.3125 0.5729166671875 0.254825196875 0.5780427718750001 0.26447565625 0.686618165625
7 0.6783988359374999 0.677992025 0.671875 0.6808035718750001 0.69977659375 0.7455357968749999 0.7063004187499999 0.742724271875 0.6783988359374999 0.677992025
7 0.664748428125 0.7581458296875 0.66852681875 0.757812496875 0.6637760562499999 0.7039709578125 0.6599977109374999 0.7043042890625 0.664748428125 0.7581458296875
3 0.348571371875 0.5502972875000001 0.36377601249999997 0.53890546875 0.3374293046875 0.50374365 0.3222247359375 0.5151354296874999 0.348571371875 0.5502972875000001
3 0.3672311234375 0.5372984796875 0.367231059375 0.5790499484375 0.396074575 0.5790499109375 0.396074534375 0.53729854375 0.3672311234375 0.5372984796875
3 0.5856828296875001 0.591243371875 0.6040889171875 0.5897917968749999 0.6019229296875 0.562330228125 0.5835169296875 0.5637818 0.5856828296875001 0.591243371875
3 0.67283621875 0.529563471875 0.6332306625 0.5315924140625 0.6358523359375 0.5827635875 0.6754578921875 0.5807346546875001 0.67283621875 0.529563471875
3 0.72691780625 0.525661175 0.7108835015625 0.5140927843750001 0.6815446921875 0.5547541484375 0.69757895625 0.566322490625 0.72691780625 0.525661175
3 0.7239135578125 0.6141796328125 0.721961928125 0.582988059375 0.6812348187499999 0.585536021875 0.683186325 0.6167274796875 0.7239135578125 0.6141796328125
3 0.4039171421875 0.593865084375 0.36545528125 0.6149693734375 0.40131545625 0.6803151359374999 0.43977720937500003 0.659211 0.4039171421875 0.593865084375
