9 0.2915207796875 0.49650811250000004 0.23389684375000003 0.4739616375 0.18800160625 0.5912501953125 0.24562541875 0.6137964375 0.2915207796875 0.49650811250000004
6 0.26177910781249997 0.71015975625 0.2979955609375 0.7146862046875 0.308546828125 0.6302743703125 0.272331 0.6257479625 0.26177910781249997 0.71015975625
3 0.300048971875 0.4571059375 0.29702001718750004 0.435765128125 0.278770640625 0.4383551546875 0.28179956562499997 0.4596959359375 0.300048971875 0.4571059375
3 0.332011815625 0.5082644953125001 0.3577131484375 0.49647908437500005 0.340015959375 0.45788842812499997 0.31431476406250003 0.4696738015625 0.332011815625 0.5082644953125001
3 0.41270855468749995 0.586752978125 0.41934354999999995 0.5865636125 0.4187823375 0.5669022499999999 0.412147365625 0.567091615625 0.41270855468749995 0.586752978125
3 0.6240881890625001 0.52548123125 0.6186429421875 0.5083852390625 0.596978959375 0.5152848718749999 0.60242416875 0.5323808328124999 0.6240881890625001 0.52548123125
3 0.6494211640625001 0.49082601875 0.6344966234375 0.49157145625 0.6354876468749999 0.511411396875 0.6504121875 0.5106659578125 0.6494211640625001 0.49082601875
3 0.6135283484375 0.570038471875 0.6211477859375 0.570038471875 0.6211477750000001 0.55305190625 0.6135283593749999 0.55305190625 0.6135283484375 0.570038471875
3 0.622559425 0.5554562 0.63188425625 0.559291865625 0.6368699984374999 0.54717220625 0.627545184375 0.54333654375 0.622559425 0.5554562
3 0.6440252515625 0.534530275 0.6640904390625 0.55239605625 0.6948224578125 0.5178835453125 0.67475735625 0.50001783125 0.6440252515625 0.534530275
3 0.6903558140625 0.49989507343749995 0.7160342 0.5162594671875 0.7432191015625 0.473604909375 0.717540859375 0.45724057812499996 0.6903558140625 0.49989507343749995
