2 0.3087315515625 0.6182543125 0.3658969640625 0.6394928484375 0.3921627328125 0.56880300625 0.3349980140625 0.5475646109375 0.3087315515625 0.6182543125
9 0.2078307984375 0.6737209703125 0.2889988953125 0.668945253125 0.2818627125 0.5476862671875 0.2006964109375 0.5524619328125 0.2078307984375 0.6737209703125
9 0.7187559796875 0.2923014515625 0.6759832046875001 0.29730069531250003 0.6930798890625 0.44357172968749997 0.73585265625 0.4385725265625 0.7187559796875 0.2923014515625
7 0.34233884375 0.629712090625 0.335937334375 0.627929640625 0.314453125 0.705078125 0.320854628125 0.706860559375 0.34233884375 0.629712090625
7 0.359238628125 0.640881171875 0.35330934531249997 0.6400451125 0.341796875 0.7216796875 0.34772615625 0.7225157390625 0.359238628125 0.640881171875
3 0.32705455625 0.540317253125 0.34422463125 0.518263859375 0.3050648828125 0.4877778265625 0.2878948484375 0.5098311343749999 0.32705455625 0.540317253125
3 0.71169173125 0.484505621875 0.6937386453125 0.47948386718749997 0.6854329875 0.509174928125 0.70338606875 0.514196671875 0.71169173125 0.484505621875
3 0.58030805 0.6120822109375 0.5871561390625 0.6123355859374999 0.587770190625 0.5957408078124999 0.5809221234375 0.5954874343750001 0.58030805 0.6120822109375
3 0.6816076125 0.591203165625 0.6644744578124999 0.5581953890625 0.6222679624999999 0.58010101875 0.6394009546875 0.61310865625 0.6816076125 0.591203165625
3 0.6721314281249999 0.5730529484375 0.700745853125 0.5850401015625 0.7166685453125 0.5470346703125 0.6880542953125001 0.5350475609374999 0.6721314281249999 0.5730529484375
3 0.327312525 0.5483106265625 0.294307475 0.5483106265625 0.294307475 0.5794261265625 0.327312525 0.5794261265625 0.327312525 0.5483106265625
