3 0.324687878125 0.5133858859375 0.3484464671875 0.514320315625 0.34989375 0.47752343750000004 0.3261352921875 0.47658901093750006 0.324687878125 0.5133858859375
2 0.37789226875000004 0.4652211171875 0.348811746875 0.464413790625 0.34690496406250004 0.533092553125 0.3759854859375 0.533899875 0.37789226875000004 0.4652211171875
7 0.3603210578125 0.3219872734375 0.3559328125 0.3221921875 0.3598156078125 0.40533906406250003 0.364203853125 0.40513415 0.3603210578125 0.3219872734375
3 0.3944311671875 0.4833832125 0.3755410953125 0.48415841562499995 0.3774590203125 0.5308905796875 0.39634909218750003 0.530115378125 0.3944311671875 0.4833832125
3 0.6339641171875 0.457678496875 0.6131591937499999 0.45886861406249996 0.6170780031249999 0.5273700078125 0.6378829265625 0.526179896875 0.6339641171875 0.457678496875
2 0.7447256546875 0.4514992875 0.7123869796875 0.4175753140625 0.6612036531250001 0.466363815625 0.69354215625 0.5002876203125 0.7447256546875 0.4514992875
3 0.7091927515625 0.4205263203125 0.685367596875 0.41620149531250006 0.677478609375 0.459658871875 0.7013037625 0.46398368593750006 0.7091927515625 0.4205263203125
7 0.6920411718749999 0.312236065625 0.6835696578125 0.31272588125 0.6893359109375 0.4124515640625 0.6978074249999999 0.41196175312500005 0.6920411718749999 0.312236065625
3 0.582450025 0.5887448562500001 0.6039016109374999 0.5896390640625 0.605441171875 0.55270804375 0.5839897234375 0.5518138390625 0.582450025 0.5887448562500001
3 0.3670404390625 0.5426166359375 0.33265832031250003 0.5367151828125001 0.3208632296875 0.605427253125 0.355245340625 0.6113286703125 0.3670404390625 0.5426166359375
7 0.343078975 0.6093871109375 0.337734840625 0.6087999203125001 0.3285847421875 0.692066334375 0.333928875 0.6926535203124999 0.343078975 0.6093871109375
7 0.356234521875 0.6068668046875 0.343758103125 0.6039617500000001 0.31484375 0.728125 0.32732015625 0.7310300171875 0.356234521875 0.6068668046875
