2 0.32778933125 0.5161845140625 0.3675514109375 0.5170626140625 0.36978330625 0.41599320000000006 0.33002180000000003 0.41511510781250005 0.32778933125 0.5161845140625
1 0.6789454140625 0.45522744218750005 0.6900352562500001 0.4557411734375 0.692085334375 0.4114884609375 0.68099555625 0.41097473124999995 0.6789454140625 0.45522744218750005
4 0.36220871718750003 0.3140816125 0.344446190625 0.31315920468749997 0.340711759375 0.3850694296875 0.35847428593749997 0.385991834375 0.36220871718750003 0.3140816125
9 0.316032209375 0.49419415625 0.269090928125 0.486123571875 0.243601365625 0.6343661625 0.2905426203125 0.6424366421875 0.316032209375 0.49419415625
6 0.7438347249999999 0.605248846875 0.736281246875 0.60659375 0.741836090625 0.637788184375 0.7493895671875 0.6364432843750001 0.7438347249999999 0.605248846875
6 0.7542262515625 0.617782309375 0.7676217046875 0.6117805421875 0.7563422937500001 0.5866086828125 0.7429468984375001 0.5926104359375 0.7542262515625 0.617782309375
6 0.30118036406250004 0.7111452234375 0.319495965625 0.7134334109375 0.3236973796875 0.6798080468750001 0.3053819078125 0.6775198671875 0.30118036406250004 0.7111452234375
7 0.5743150296875 0.49007741562499996 0.5800768093750001 0.48974625312500003 0.574093746875 0.38565625 0.56833205 0.385987409375 0.5743150296875 0.49007741562499996
7 0.5878756 0.39404182187500003 0.5815057046875001 0.3939541234375 0.5802185875 0.48743708906250005 0.5865884828125 0.48752478750000006 0.5878756 0.39404182187500003
7 0.6041670296875 0.48788075781250007 0.6092084953125 0.48773254843749997 0.6059336390625 0.37634450468749997 0.6008922484375 0.37649271406249996 0.6041670296875 0.48788075781250007
7 0.637623503125 0.3770651234375 0.6317785390624999 0.3773221828125 0.63608330625 0.475198353125 0.6419282703125 0.474941296875 0.637623503125 0.3770651234375
7 0.6403092078125 0.461297040625 0.6459946328124999 0.4618920984375 0.650692025 0.41701384218750004 0.6450066328124999 0.4164187859375 0.6403092078125 0.461297040625
