2 0.44722185156250005 0.5030396515625 0.5233097390625 0.5079194015625 0.5288677359375 0.42125523593749997 0.45278077968749997 0.4163755171875 0.44722185156250005 0.5030396515625
2 0.522265671875 0.51507744375 0.5477634640625 0.5168536640625 0.552743809375 0.445363784375 0.527246284375 0.44358757187500003 0.522265671875 0.51507744375
1 0.7190890624999999 0.5477359374999999 0.7027859375000001 0.5477359374999999 0.7027859375000001 0.58745625 0.7190890624999999 0.58745625 0.7190890624999999 0.5477359374999999
3 0.289664784375 0.45075291249999994 0.28834145625 0.4765357296875 0.3226781171875 0.478297903125 0.324001378125 0.45251514843749996 0.289664784375 0.45075291249999994
3 0.6704216703125 0.472423028125 0.643588603125 0.46507168437499996 0.6346306984375001 0.49776654843749996 0.6614637578125 0.5051178734375 0.6704216703125 0.472423028125
3 0.6753888781249999 0.4773996921875 0.690256703125 0.49522640625000003 0.7156697203125 0.4740328921875 0.700801921875 0.45620622187500004 0.6753888781249999 0.4773996921875
3 0.6718573859375 0.5414196828125 0.6920794625 0.5557315609375 0.7152102359375 0.5230515390625 0.694988253125 0.5087397078125 0.6718573859375 0.5414196828125
3 0.383207403125 0.5353115749999999 0.3505114484375 0.53697268125 0.35270310625 0.5801075921875001 0.38539905937499996 0.5784464921875 0.383207403125 0.5353115749999999
9 0.7937714203125 0.5058303390625001 0.7233875734375 0.5022888609375 0.71811520625 0.60706324375 0.7884990515625 0.610604690625 0.7937714203125 0.5058303390625001
7 0.5357433515625 0.4477343421875 0.54426170625 0.447889096875 0.5460470953125001 0.3496175078125 0.5375288453125 0.34946275312499997 0.5357433515625 0.4477343421875
4 0.5392338078125001 0.28946634375 0.5232113984375 0.2876653234375 0.5071561390625 0.430492390625 0.5231785453125 0.432293396875 0.5392338078125001 0.28946634375
4 0.45853536406249995 0.27542975 0.44303621406250004 0.276811284375 0.456026765625 0.42254464531249997 0.471525915625 0.421163121875 0.45853536406249995 0.27542975
3 0.3910217109375 0.566501903125 0.3996438296875 0.5687822953125 0.4036609953125 0.5535948953125 0.3950388984375 0.55131450625 0.3910217109375 0.566501903125
3 0.4010699640625 0.5704837796875 0.40723182031249994 0.5736959015624999 0.41308147812499996 0.5624755125 0.4069196328125 0.55926339375 0.4010699640625 0.5704837796875
3 0.43804388124999993 0.5664510125 0.43429754374999996 0.553115390625 0.42112377968750003 0.55681590625 0.42487009843749995 0.5701515125000001 0.43804388124999993 0.5664510125
3 0.5727293984374999 0.493399271875 0.5862187249999999 0.5057991390625001 0.6014124453125 0.48927167968749996 0.58792314375 0.47687183437499997 0.5727293984374999 0.493399271875
9 0.2995959265625 0.49360294375 0.238203228125 0.49152361874999995 0.23260102656249998 0.656914946875 0.29399372343749997 0.6589942421874999 0.2995959265625 0.49360294375
