2 0.3897216265625 0.6529024203125 0.39631726093749997 0.5935461421875 0.3413074640625 0.5874341859375 0.33471155937499997 0.6467901546875 0.3897216265625 0.6529024203125
2 0.68255775625 0.6052263296875 0.6625870218750001 0.5652895671875 0.6045563546875 0.5943052093750001 0.6245268125 0.6342417359375 0.68255775625 0.6052263296875
7 0.357131509375 0.6573263703125 0.34905388125000003 0.6552474421875 0.32793916093750003 0.7372763734375 0.33601678125 0.7393552828125001 0.357131509375 0.6573263703125
7 0.373874853125 0.6630840828125 0.3643665625 0.6619319046875 0.3541666671875 0.74609375 0.3636749578125 0.7472459171875 0.373874853125 0.6630840828125
7 0.6467760640625 0.7314300593749999 0.65665074375 0.730379378125 0.6473596921875 0.6430726734375 0.63748519375 0.6441233453125 0.6467760640625 0.7314300593749999
7 0.6792455859375 0.7131015171875 0.687765590625 0.7100172015624999 0.6621123703125 0.639163871875 0.6535924843750001 0.6422481640625 0.6792455859375 0.7131015171875
7 0.328599371875 0.637431315625 0.3186743140625 0.636569859375 0.3106648828125 0.7288358640625 0.320589940625 0.7296973125 0.328599371875 0.637431315625
7 0.312732646875 0.6324034453125 0.3075707703125 0.6323198484375 0.30622780625 0.7152331843749999 0.3113896828125 0.7153167796875 0.312732646875 0.6324034453125
7 0.7191248406249999 0.6855856890625 0.73095999375 0.68238968125 0.7123462578125 0.6134703953125 0.700511265625 0.6166663796875 0.7191248406249999 0.6855856890625
7 0.7120883234375001 0.6880181484375 0.719623665625 0.685747675 0.703869846875 0.6334704671875 0.69633458125 0.6357409281249999 0.7120883234375001 0.6880181484375
6 0.7305919734375 0.7350346437499999 0.7432519640625 0.6920136390625 0.6947937359374999 0.6777557515625 0.682133609375 0.720776521875 0.7305919734375 0.7350346437499999
6 0.755846128125 0.6633431125 0.7299339359375 0.659471865625 0.723879915625 0.699988821875 0.749792103125 0.703860053125 0.755846128125 0.6633431125
6 0.6492321140625 0.75298876875 0.6649316 0.75298876875 0.6649315625 0.725363553125 0.6492321750000001 0.725363553125 0.6492321140625 0.75298876875
