2 0.321559375 0.496284375 0.3297796875 0.5070421875 0.33682500000000004 0.504559375 0.3403484375 0.49876718750000004 0.34504531250000003 0.4888375 0.3454359375 0.4516 0.339565625 0.448290625 0.3286046875 0.43753281250000003 0.311775 0.42925781250000006 0.30551093749999997 0.42843125000000004 0.3019890625 0.4416703125 0.3008140625 0.46649531250000004 0.305903125 0.48552656250000004 0.310209375 0.492146875 0.3176453125 0.4863546875 0.321559375 0.496284375
3 0.3243 0.41767343749999997 0.31803750000000003 0.42098281249999997 0.3129484375 0.42346562499999996 0.309425 0.427603125 0.30903437500000003 0.44663593749999997 0.31490625 0.4474625 0.321559375 0.4540828125 0.3250828125 0.45822031250000006 0.3313453125 0.4507734375 0.3313453125 0.43753281250000003 0.332128125 0.4226375 0.3243 0.41767343749999997
7 0.333303125 0.32168437499999997 0.3344765625 0.36057656250000003 0.333303125 0.387884375 0.3293875 0.4127078125 0.332128125 0.42594843750000005 0.336434375 0.39946875 0.3391734375 0.3688515625 0.3376078125 0.3407171875 0.333303125 0.32168437499999997
7 0.33077968750000003 0.3460171875 0.33418281250000004 0.3213546875 0.333209375 0.3177578125 0.32737656249999997 0.3496125 0.33077968750000003 0.3460171875
2 0.42745468750000004 0.5449953125 0.43372343750000003 0.5492343749999999 0.4472609375 0.5561234374999999 0.45127187500000004 0.5471140625 0.4515234375 0.5253875 0.4537796875 0.50525 0.4527765625 0.492003125 0.4515234375 0.4861734375 0.4482640625 0.48193437499999997 0.4440015625 0.4776953125 0.43999062499999997 0.47557499999999997 0.4349765625 0.4798140625 0.42996249999999997 0.48882343749999996 0.42670312499999996 0.499421875 0.4259515625 0.509490625 0.4239453125 0.529096875 0.424446875 0.534396875 0.42745468750000004 0.5449953125
2 0.47809843750000003 0.47239531250000005 0.46756875000000003 0.47292500000000004 0.4585421875 0.48935312499999994 0.45553437499999994 0.5084296875 0.45227500000000004 0.5333359375 0.45428125 0.5550640625 0.45754062500000003 0.5587734375 0.4653125 0.5619531249999999 0.48637031249999996 0.5587734375 0.48536875 0.545525 0.4858703125 0.50578125 0.48185781250000004 0.4877625 0.47809843750000003 0.47239531250000005
2 0.5204671875 0.5471140625 0.5187125 0.5121390625 0.515453125 0.48935312499999994 0.510940625 0.47928437500000004 0.500159375 0.47186562500000007 0.4923875 0.47928437500000004 0.4881265625 0.49094218749999996 0.48637031249999996 0.5073703125 0.4848671875 0.5301578124999999 0.48612031250000004 0.556653125 0.48937968749999994 0.5619531249999999 0.49665 0.5656625 0.505675 0.5608921875 0.5182109374999999 0.5561234374999999 0.5204671875 0.5471140625
2 0.559828125 0.44642968749999995 0.560078125 0.45649843749999997 0.560078125 0.466565625 0.56108125 0.47875468750000005 0.566346875 0.4914734375 0.5716109375 0.4935921875 0.5801359374999999 0.49677187500000003 0.5823921875 0.5010109375 0.5906640624999999 0.514259375 0.6004421875 0.5200890625000001 0.604203125 0.5121390625 0.6109718749999999 0.49518281249999996 0.6104703125000001 0.486703125 0.608465625 0.47292500000000004 0.60295 0.45384843750000003 0.593171875 0.44854843750000006 0.5816390625000001 0.4411296875 0.5693546875 0.4374203125 0.566346875 0.44165937499999997 0.559828125 0.44642968749999995
2 0.6094671875000001 0.4898828125 0.612225 0.49677187500000003 0.6187437499999999 0.50313125 0.6267671874999999 0.5068406249999999 0.63203125 0.504190625 0.6370453125 0.49571249999999994 0.64105625 0.48882343749999996 0.6385500000000001 0.4814046875 0.633284375 0.46603593749999994 0.62751875 0.45331875000000005 0.6232562500000001 0.4437796875 0.6174906250000001 0.4326515625 0.606709375 0.4310609375 0.60119375 0.4390109375 0.5989375 0.45384843750000003 0.60295 0.47292500000000004 0.6069609375 0.48193437499999997 0.6094671875000001 0.4898828125
2 0.6350390625 0.4776953125 0.6380484375 0.4851140625 0.641809375 0.49094218749999996 0.648578125 0.4946515625 0.6593578124999999 0.49518281249999996 0.670640625 0.4872328125 0.67615625 0.48034375 0.679915625 0.469215625 0.6786625 0.45225781249999997 0.6726453125 0.42417187500000003 0.664371875 0.4247015625 0.6601109375 0.42364218749999993 0.6468234374999999 0.4151640625 0.6360421875 0.4172828125 0.628771875 0.4262921875 0.6260140625 0.43954062499999996 0.6270171875 0.451728125 0.6305265624999999 0.469215625 0.6350390625 0.4776953125
2 0.7014765625 0.45384843750000003 0.7160171875 0.44589999999999996 0.72078125 0.434240625 0.7227875 0.41039375 0.7170203125 0.4050953125 0.7142625 0.41092500000000004 0.7092484375 0.41622343749999996 0.6967140625 0.42788125 0.6816718749999999 0.4172828125 0.6749015625 0.42417187500000003 0.675153125 0.4390109375 0.677659375 0.45331875000000005 0.6831750000000001 0.45861718749999997 0.688690625 0.457028125 0.7014765625 0.45384843750000003
3 0.726296875 0.5068406249999999 0.72955625 0.50048125 0.7340687499999999 0.4973015625 0.737328125 0.4898828125 0.735321875 0.478225 0.7293046875 0.4676265625 0.7232890624999999 0.4814046875 0.72103125 0.4761046875 0.7155171874999999 0.484053125 0.7115046875 0.48564375000000004 0.7135109374999999 0.4935921875 0.7059890625 0.49624218750000004 0.7079953125 0.5174390625 0.7135109374999999 0.5163796875 0.7215328125 0.509490625 0.726296875 0.5068406249999999
4 0.6648 0.71773125 0.6672265625 0.7081140625 0.66419375 0.6984953125 0.6587328125 0.669 0.649328125 0.6202687499999999 0.6459921875 0.6157796875 0.6374984375 0.617703125 0.6299140624999999 0.6298859375 0.631734375 0.641428125 0.6371953125 0.6638703125000001 0.64386875 0.6882359375 0.652059375 0.7202968750000001 0.6590359375 0.724784375 0.6648 0.71773125
4 0.313515625 0.6799000000000001 0.30926875 0.7196546875000001 0.31472968749999997 0.727990625 0.31715625 0.7254265625 0.3195828125 0.721578125 0.32565 0.706190625 0.330503125 0.6875953124999999 0.34354687500000003 0.6337328125 0.338996875 0.63116875 0.33566093750000003 0.6228328125 0.3302 0.6202687499999999 0.3247390625 0.6234734375000001 0.3201890625 0.64848125 0.313515625 0.6799000000000001
3 0.2828765625 0.515109375 0.28712343749999997 0.510621875 0.2874265625 0.501003125 0.2825734375 0.48112656249999997 0.2777203125 0.475996875 0.27195625 0.4638140625 0.2680125 0.463171875 0.2625515625 0.45611875 0.25951875 0.46188906249999995 0.25163125000000003 0.47727812500000005 0.2543609375 0.49074375000000003 0.260125 0.5016453125 0.27377656250000004 0.5086984375 0.2795390625 0.52088125 0.2828765625 0.515109375
5 0.2911931828125 0.44176136250000003 0.3011363640625 0.40198863749999997 0.30965909062499997 0.3551136375 0.274147728125 0.3238636375 0.258522728125 0.3323863625 0.25284090937500003 0.399147728125 0.26704545468749996 0.43892045468749996 0.2911931828125 0.44176136250000003
0 0.569602271875 0.46448863749999997 0.6122159093749999 0.446022728125 0.6747159093749999 0.40198863749999997 0.7698863640625 0.3480113625 0.757102271875 0.3480113625 0.710227271875 0.3636363625 0.6505681828125 0.399147728125 0.578125 0.45170454531250004 0.5369318171875 0.46306818281249995 0.44318181718750005 0.46875 0.40482954531250004 0.46306818281249995 0.31534090937500003 0.403409090625 0.34659090937500003 0.434659090625 0.41761363593749995 0.484375 0.5056818171875 0.477272728125 0.5411931828125 0.47301136250000003 0.569602271875 0.46448863749999997
0 0.6122159093749999 0.617897728125 0.6463068171875 0.6207386374999999 0.6690340906250001 0.600852271875 0.734375 0.538352271875 0.7556818171875 0.5142045453125 0.757102271875 0.5056818171875 0.742897728125 0.515625 0.6704545453125 0.5894886374999999 0.617897728125 0.6136363625000001 0.524147728125 0.6278409093749999 0.43323863593749995 0.6264204546875 0.3551136359375 0.6136363625000001 0.31107954531250004 0.5923295453125 0.237215909375 0.5056818171875 0.2869318171875 0.5838068171875 0.321022728125 0.609375 0.3494318171875 0.6264204546875 0.46875 0.6363636374999999 0.5681818171875 0.6292613625000001 0.6122159093749999 0.617897728125
