2 0.30039183281250004 0.5067339265624999 0.34485286875 0.5072002953125 0.34567448437500004 0.42885254375 0.3012139453125 0.4283861765625 0.30039183281250004 0.5067339265624999
7 0.341187859375 0.32202354375 0.33330310625 0.3216843734375 0.32882403125000004 0.42580630937499997 0.33670878437499996 0.42614547812500003 0.341187859375 0.32202354375
7 0.335865125 0.31824408125 0.33320936562500003 0.3177578109375 0.32737656249999997 0.3496125 0.330032321875 0.3500987703125 0.335865125 0.31824408125
2 0.42241540468750005 0.5546352203125 0.45071986875 0.5563306234375001 0.45550160625 0.47650409531250004 0.42719749374999993 0.4748087015625 0.42241540468750005 0.5546352203125
2 0.45254608125000007 0.5620735703124999 0.4863986015625 0.5617541875 0.48555454375 0.4723249671875 0.4517025015625 0.47264434843750003 0.45254608125000007 0.5620735703124999
2 0.516870878125 0.471075303125 0.48215050000000004 0.47271730312500004 0.4865689671875 0.56613925 0.5212893453125 0.5644972625 0.516870878125 0.471075303125
2 0.567786428125 0.5248400625 0.615019490625 0.5179682484375 0.60259599375 0.4325840921875 0.5553635140625001 0.4394558625 0.567786428125 0.5248400625
2 0.618152871875 0.42666329843749995 0.58941515 0.4377069578125 0.6173719546875 0.5104511140625 0.64610964375 0.499407515625 0.618152871875 0.42666329843749995
2 0.6702656328125001 0.4104153140625 0.6207217109375 0.42035711718749996 0.636651990625 0.4997390828125 0.6861958953125 0.4897973359375 0.6702656328125001 0.4104153140625
2 0.73391458125 0.44266440156250003 0.7205418781249999 0.40388100312499997 0.66698065625 0.42234812499999996 0.6803531890625 0.46113137968749995 0.73391458125 0.44266440156250003
4 0.6491294203125 0.7268025578125 0.6701617765625 0.7225177875 0.6483169703125 0.615306071875 0.627285065625 0.61959079375 0.6491294203125 0.7268025578125
4 0.3456151234375 0.6233344562500001 0.3255599578125 0.6193459546875 0.30436036875 0.7259284312500001 0.3244155203125 0.7299168890625001 0.3456151234375 0.6233344562500001
5 0.277202659375 0.3692718890625 0.236934015625 0.4054080796875 0.3039771109375 0.48011378125000004 0.3442455296875 0.443977825 0.277202659375 0.3692718890625
