1 0.423531453125 0.5644804578125 0.4003896046875 0.5633520296875 0.39690438281249996 0.6348195015625 0.4200462296875 0.6359479234375 0.423531453125 0.5644804578125
1 0.408269065625 0.72145804375 0.42596020156250003 0.7241119687500001 0.434456278125 0.6674845875 0.416765353125 0.6648306796875 0.408269065625 0.72145804375
1 0.49822028749999997 0.59389940625 0.4872257953125 0.5934332921875 0.48510845312499995 0.643370484375 0.49610294687499995 0.6438365968750001 0.49822028749999997 0.59389940625
1 0.6281106875 0.5372958671875 0.6110333671875 0.53808815 0.6141486046875 0.6052292140625 0.6312259250000001 0.604436934375 0.6281106875 0.5372958671875
1 0.6967593671875 0.5801823749999999 0.7135147015625 0.5786262625 0.7085178359375 0.5248287125 0.6917626515624999 0.5263848171875 0.6967593671875 0.5801823749999999
1 0.7096351453125 0.523545396875 0.7174980718749999 0.5593236312500001 0.73714149375 0.5550069718749999 0.729278525 0.5192287984374999 0.7096351453125 0.523545396875
5 0.38924196875 0.6469420765625 0.3235793703125 0.6265624453124999 0.3011363640625 0.6988636359375 0.3667988921875 0.719243109375 0.38924196875 0.6469420765625
7 0.5948367218749999 0.5007616109375 0.5981440421875 0.5008132843750001 0.59921875 0.43203125 0.5959114624999999 0.43197957656249997 0.5948367218749999 0.5007616109375
5 0.302445109375 0.6292565437500001 0.393466584375 0.6335227578125 0.3996806390625 0.5009347546875 0.30866119687500004 0.4966685875 0.302445109375 0.6292565437500001
5 0.6775568187500001 0.5426136359375 0.6434659093749999 0.5426136359375 0.6434659093749999 0.6420454546875 0.6775568187500001 0.6420454546875 0.6775568187500001 0.5426136359375
5 0.6221590906250001 0.7613636359375 0.6685250984375 0.7483830953124999 0.6463068187500001 0.6690340906250001 0.5999415984375001 0.6820145140625 0.6221590906250001 0.7613636359375
