3 0.3114671875 0.65963125 0.321865625 0.628459375 0.30426875 0.612053125 0.285871875 0.6022093749999999 0.279471875 0.63338125 0.3114671875 0.65963125
3 0.2978703125 0.5825234375 0.30506875 0.5611953125 0.287471875 0.5497109375 0.2754734375 0.5579140625 0.2746734375 0.5743203125 0.2978703125 0.5825234375
1 0.3994546875 0.5825234375 0.3986546875 0.598928125 0.4026546875 0.621896875 0.4010546875 0.635021875 0.412253125 0.6235375000000001 0.41945156250000004 0.61369375 0.4226515625 0.5825234375 0.42345156250000004 0.5644765625 0.41065312499999995 0.5693984375000001 0.3994546875 0.5825234375
1 0.411453125 0.7022875 0.412253125 0.721975 0.4226515625 0.723615625 0.42824999999999996 0.70885 0.43145 0.6875218750000001 0.4258515625 0.6661937499999999 0.4162515625 0.671115625 0.413853125 0.6842406249999999 0.411453125 0.7022875
3 0.449846875 0.592365625 0.452246875 0.641584375 0.47544375 0.641584375 0.4818421875 0.635021875 0.48424218750000003 0.618615625 0.48424218750000003 0.592365625 0.46904531250000003 0.5972875 0.45704687499999996 0.5841624999999999 0.449846875 0.592365625
1 0.4863203125 0.6147890625 0.48541718749999996 0.6360890625 0.4881265625 0.6434984375 0.4944484375 0.641646875 0.49670625 0.6296078125 0.49715781249999996 0.6166421875 0.49535156249999995 0.6083078125 0.4926421875 0.59626875 0.488578125 0.593490625 0.4863203125 0.6147890625
7 0.470275 0.5141359375000001 0.4734375 0.5953125 0.4774984375 0.47061093749999994 0.4729828125 0.47061093749999994 0.470275 0.5141359375000001
7 0.6023234375000001 0.44334687500000003 0.5964546875 0.5174328125 0.6 0.5953125 0.6023234375000001 0.44334687500000003
1 0.6294500000000001 0.59719375 0.6299015625 0.57589375 0.6267421875 0.5638546875 0.6253875 0.550890625 0.621775 0.5425546875 0.61455 0.537925 0.6118421875 0.5555203125 0.6131953125 0.57589375 0.6136468749999999 0.594415625 0.6172593749999999 0.593490625 0.622678125 0.59626875 0.6276437500000001 0.604603125 0.6294500000000001 0.59719375
3 0.6840828125 0.625903125 0.6958234375 0.6194203125 0.7039500000000001 0.6064546875 0.7129796875000001 0.5916375 0.711175 0.5795984375 0.7075625 0.572190625 0.7025953125 0.5786718750000001 0.6989828124999999 0.57589375 0.6922109375 0.5768203125 0.6840828125 0.57589375 0.6782140625 0.57496875 0.67234375 0.5842296874999999 0.6709890625 0.599046875 0.673246875 0.6120109375 0.676859375 0.6249765625 0.6840828125 0.625903125
1 0.695371875 0.5369984375 0.69446875 0.5555203125 0.6967265625 0.5657078125 0.703046875 0.5795984375 0.7089171875 0.572190625 0.7116265625 0.5582984375 0.7098203125 0.5388515625 0.7071109375 0.524959375 0.7007890625 0.5286640625000001 0.695371875 0.5369984375
1 0.7152375 0.5490375000000001 0.717946875 0.559225 0.7238171875 0.55459375 0.7305890625 0.556446875 0.736459375 0.55366875 0.7342015625 0.5416296875 0.7287828125 0.529590625 0.72426875 0.5203296875000001 0.7183984375 0.524034375 0.7152375 0.5490375000000001
3 0.7369109375 0.5879328125 0.740071875 0.5842296874999999 0.7472953125 0.57496875 0.7436828125 0.5573734375 0.7396203125 0.5527421875 0.7351046875 0.55459375 0.729234375 0.5573734375 0.7256234375 0.556446875 0.719753125 0.5582984375 0.716140625 0.5499640625 0.71343125 0.567559375 0.7165921875000001 0.5823765625 0.723365625 0.5925640624999999 0.72833125 0.5925640624999999 0.7369109375 0.5879328125
3 0.6931140625000001 0.6675765625000001 0.6967265625 0.6796156250000001 0.704853125 0.674984375 0.70936875 0.6592421875000001 0.7165921875000001 0.6490546875 0.7229140625 0.641646875 0.7296859375 0.6351640625 0.7269765625 0.62405 0.7224625 0.6184937500000001 0.71343125 0.6221984375 0.7034984375 0.631459375 0.696275 0.63979375 0.6913078125000001 0.64998125 0.6931140625000001 0.6675765625000001
3 0.69446875 0.6564640625 0.6922109375 0.644425 0.6858890625 0.642571875 0.6795687499999999 0.648128125 0.671440625 0.6546109375 0.660153125 0.6592421875000001 0.6502203125 0.665725 0.6556375 0.6786890624999999 0.6615078125 0.6759109375000001 0.6705375 0.6759109375000001 0.67415 0.6768375 0.6773109374999999 0.6703546874999999 0.6809234375 0.6647984375 0.6867921875 0.6731328125 0.6926625 0.6777640625 0.6980796875 0.6759109375000001 0.6980796875 0.6675765625000001 0.69446875 0.6564640625
5 0.346875 0.5859375 0.3671875 0.625 0.396875 0.5890625 0.4046875 0.5171875 0.346875 0.5265625 0.346875 0.5859375
5 0.3546875 0.53125 0.35625 0.4921875 0.3125 0.4875 0.3125 0.559375 0.3125 0.5828125 0.334375 0.5859375 0.3546875 0.53125
5 0.3234375 0.6578125 0.2921875 0.7203125 0.3703125 0.7125 0.325 0.6265625 0.3234375 0.6578125
5 0.6484375 0.6125 0.665625 0.6234375 0.6640625 0.5609375 0.6515625 0.5609375 0.6484375 0.6125
5 0.625 0.6890625 0.625 0.746875 0.653125 0.7578125 0.6640625 0.740625 0.6484375 0.6828125 0.625 0.6890625
0 0.6078125 0.590625 0.6671875 0.584375 0.6984375 0.5578125 0.74375 0.5203125 0.734375 0.50625 0.675 0.55 0.65 0.55625 0.5078125 0.5625 0.4859375 0.5625 0.45 0.5703125 0.3890625 0.5453125 0.3515625 0.5 0.26875 0.4953125 0.271875 0.509375 0.3375 0.525 0.3921875 0.5609375 0.4703125 0.5875 0.6078125 0.590625
0 0.69375 0.721875 0.7171875 0.7046875 0.746875 0.66875 0.75 0.653125 0.6640625 0.73125 0.6015625 0.74375 0.41875 0.7203125 0.34375 0.70625 0.2671875 0.6515625 0.3109375 0.7 0.3484375 0.7171875 0.428125 0.7328125 0.5515625 0.7453125 0.6328125 0.753125 0.69375 0.721875
