3 0.34291766875 0.5831734796875 0.35666531875 0.5819227453125 0.36291423906250003 0.57191696875 0.36603869843750003 0.5544067171875 0.36103954374999997 0.54440086875 0.347291940625 0.5512798937500001 0.3372936796875 0.5556574515625 0.331044759375 0.5675393640624999 0.3316696421875 0.5756691 0.3410430203125 0.5731676546875 0.34291766875 0.5831734796875
3 0.3222962625 0.616317821875 0.3260456046875 0.5950554171875 0.3241709109375 0.586300303125 0.31604734375 0.5831734796875 0.3110481890625 0.5806720359375 0.30729884687500003 0.5737930109375 0.297300584375 0.5769198328125 0.291051665625 0.5894271265625 0.30479926874999996 0.59380470625 0.311673071875 0.595680771875 0.3172971078125 0.6031851765625 0.3222962625 0.616317821875
3 0.6484898375 0.5500292078125 0.6491147671874999 0.541899425 0.6441156125 0.5356457781249999 0.6378666921875 0.5362711328125 0.634117303125 0.5331443109375 0.6278683843749999 0.5250145749999999 0.6173437359375 0.5235937515625 0.615995475 0.5400233359375 0.6203697 0.5575335406249999 0.63099284375 0.569415453125 0.6397413875 0.5631618078125 0.640991153125 0.5556574515625 0.6484898375 0.5500292078125
3 0.7016056515625 0.5156341062500001 0.7053550421875 0.51063119375 0.7009808171875 0.495622434375 0.68973274375 0.5081297265625 0.679734434375 0.5150087515624999 0.67848466875 0.5225131078125 0.6791096 0.5331443109375 0.6916074390625 0.5231384875 0.7016056515625 0.5156341062500001
0 0.549132009375 0.6683224375 0.5560058578125 0.6889594875 0.5853757609375 0.6783282859375 0.5997482468750001 0.6770775515625 0.615995475 0.663319571875 0.6509894625 0.6464346765625 0.6741104453125 0.63017520625 0.6653619 0.6107888875 0.6416160828125 0.6295498265624999 0.622869325 0.6464346765625 0.601622940625 0.6558151453125001 0.584750878125 0.6614434359375 0.5647543078124999 0.6626941703125 0.549132009375 0.6683224375
1 0.63349246875 0.6533137015625 0.6278683843749999 0.6470600546874999 0.6204687359375 0.6462500015625 0.62661861875 0.664570259375 0.62911824375 0.667071703125 0.6359919984375 0.6651956140624999 0.6372417625 0.6564405234375 0.63349246875 0.6533137015625
6 0.3172971078125 0.7803620687499999 0.336043865625 0.7772352453125 0.33609373593749997 0.7579687515625 0.3272953703125 0.7722323328125 0.31792199062500004 0.764727953125 0.30729884687500003 0.7603504203125 0.29480100781249996 0.7653533328125001 0.297300584375 0.7784859796875 0.3172971078125 0.7803620687499999
1 0.6642187359375 0.5587500015625 0.65723838125 0.5757684796875 0.664737065625 0.571390921875 0.6672365953125 0.5695148328124999 0.6684863609375 0.562010453125 0.6642187359375 0.5587500015625
0 0.43790127187500005 0.52511395625 0.40603179218749996 0.521361753125 0.3910343765625 0.5182349312500001 0.3797863015625 0.518860309375 0.3876562359375 0.5423437515625 0.4222789734375 0.5394973375000001 0.443525309375 0.5413734265625 0.466021409375 0.540748071875 0.47289521093750003 0.5401226921875 0.46914586875 0.5257393109375 0.43790127187500005 0.52511395625
0 0.33399240625000004 0.6575377671875 0.3537258359375 0.6759695625 0.3695125890625 0.6720199 0.39582382968749996 0.6759695625 0.404375003125 0.6779443921875 0.43068624218749996 0.6990093109375 0.43437498437500005 0.6769736843749999 0.40305941093750003 0.665437115625 0.3681970484375 0.65622120625 0.3287301875 0.6312066265625 0.31623233906250003 0.624623840625 0.312943434375 0.6397642421875 0.33399240625000004 0.6575377671875
