2 0.325003125 0.5682921875 0.3185265625 0.5745109375 0.312359375 0.5794875 0.3061921875 0.5801093749999999 0.298790625 0.586328125 0.3000234375 0.6074734375 0.298790625 0.6199125000000001 0.3009484375 0.6373265625 0.307425 0.6379484375 0.31636875 0.6385703125 0.32191875 0.6367046875 0.3299375 0.6373265625 0.337646875 0.6360828125 0.34474062499999997 0.6304859375 0.35214218750000004 0.6279984375 0.3576921875 0.6199125000000001 0.35830937500000004 0.6068515624999999 0.3536828125 0.593790625 0.34875 0.587571875 0.34628281250000004 0.5881937500000001 0.3410390625 0.586328125 0.3364140625 0.5794875 0.3302453125 0.5707796875 0.325003125 0.5682921875
2 0.47156093749999994 0.6013671875 0.48797968750000004 0.5922625 0.48962031250000004 0.55915 0.48797968750000004 0.52769375 0.48756875 0.5061703125 0.475665625 0.49044218749999996 0.46499375 0.4929265625 0.458015625 0.5144484375 0.458015625 0.5517000000000001 0.45842499999999997 0.589778125 0.47156093749999994 0.6013671875
2 0.5208171875 0.58315625 0.519584375 0.56825625 0.518353125 0.5467328124999999 0.519584375 0.5318328125 0.5191749999999999 0.5111375 0.515890625 0.4978921875 0.5113749999999999 0.48713125 0.5048078125 0.48713125 0.49700937500000003 0.49044218749999996 0.48962031250000004 0.50948125 0.492084375 0.528521875 0.490853125 0.5517000000000001 0.48962031250000004 0.5773609375000001 0.4929046875 0.5922625 0.4986515625 0.5939171875 0.5052187499999999 0.5947453125 0.5126078125 0.5964015625 0.52040625 0.5922625 0.5208171875 0.58315625
1 0.5365890624999999 0.5887859375 0.5355953125 0.5737609375 0.531621875 0.5617421874999999 0.5336093749999999 0.5507234375000001 0.531621875 0.5346968750000001 0.5276484375 0.5397046875 0.5221859375 0.5467171875 0.5226828125 0.56274375 0.5211921875 0.5807734375 0.525165625 0.5907890625000001 0.531621875 0.5907890625000001 0.5365890624999999 0.5887859375
1 0.53956875 0.5587359375000001 0.541059375 0.568753125 0.5440390625 0.5717578125 0.546025 0.557734375 0.5445359375 0.5437125 0.541059375 0.5487203125 0.53956875 0.5587359375000001
1 0.5966843749999999 0.595796875 0.6001609375 0.5747625000000001 0.5976781250000001 0.5657484375 0.5946984375000001 0.55573125 0.5956921875 0.5457156249999999 0.5882421875 0.5467171875 0.5812890625 0.557734375 0.5807921875 0.576765625 0.577315625 0.5907890625000001 0.5768187499999999 0.5988015625 0.5812890625 0.6178328125 0.59171875 0.6178328125 0.5966843749999999 0.595796875
2 0.33687187500000004 0.74093125 0.3447078125 0.73716875 0.3532890625 0.7424359375 0.36224531249999997 0.7454468750000001 0.368215625 0.7424359375 0.371946875 0.73340625 0.3738125 0.7206125 0.376425 0.709325 0.3790375 0.6980359375 0.378290625 0.6875 0.3760515625 0.6784703125 0.37120156249999997 0.6747078125 0.3629921875 0.679975 0.3547828125 0.680728125 0.34769218749999997 0.675459375 0.3383640625 0.6762125 0.33202031249999997 0.6762125 0.3249296875 0.679975 0.3211984375 0.6875 0.318959375 0.7033046875 0.318959375 0.721365625 0.3211984375 0.7356640624999999 0.32866249999999997 0.740178125 0.33687187500000004 0.74093125
2 0.2991828125 0.7446937499999999 0.30328750000000004 0.74093125 0.3085109375 0.7356640624999999 0.3144828125 0.732653125 0.3193328125 0.73340625 0.3211984375 0.7258796875 0.32306406249999997 0.709325 0.3234375 0.6972828125 0.320825 0.6912625 0.31298906249999997 0.6852421875 0.3047796875 0.684490625 0.29731718749999997 0.679975 0.28575 0.6762125 0.2779125 0.6769640625 0.272315625 0.679975 0.26634531250000004 0.6837375 0.262240625 0.6987890625000001 0.26037499999999997 0.7183546875 0.26410625 0.7273859375 0.2719421875 0.7386734374999999 0.2790328125 0.7431890625 0.2864953125 0.7469515624999999 0.2928390625 0.7469515624999999 0.2991828125 0.7446937499999999
5 0.6230873546875 0.7178200718750001 0.6162509734375 0.7197733234375 0.6099029046875 0.723679828125 0.61136784375 0.7344227125 0.620645790625 0.735887653125 0.633341928125 0.7393058421875 0.6421315609375 0.7417474078125 0.6431081875 0.7334460875000001 0.6387133703125001 0.7261213921875 0.63676011875 0.7202616374999999 0.633830240625 0.717331759375 0.6230873546875 0.7178200718750001
6 0.3467022125 0.8887296125 0.350608715625 0.8828698578124999 0.35451521874999997 0.8726152859375 0.356468471875 0.8574775828125001 0.3554918453125 0.8525944531249999 0.351097028125 0.852106140625 0.3369359515625 0.8574775828125001 0.33156450937500004 0.859919146875 0.3305878828125 0.86822046875 0.331076196875 0.8745685375000001 0.33498269999999997 0.8804282921875 0.34035414375 0.8853114218749999 0.3467022125 0.8887296125
5 0.3945568828125 0.686079728125 0.3945568828125 0.6758251578125 0.3808841203125 0.678266721875 0.3774659296875 0.679243346875 0.3843023109375 0.6948693625 0.388697128125 0.6934044234375001 0.39260363125 0.6894979203125 0.3945568828125 0.686079728125
0 0.255070421875 0.753874803125 0.31616136250000004 0.7601728390625 0.3986656234375 0.7689900875 0.3980358203125 0.7034905218749999 0.360247609375 0.7148269875000001 0.25318101249999997 0.7141971828125 0.255070421875 0.753874803125
0 0.42700678124999997 0.69593288125 0.42700678124999997 0.7381297171875 0.5321839671874999 0.7337210921875 0.5831980531250001 0.7545046078125 0.580049034375 0.7141971828125 0.5284051468750001 0.692154059375 0.46920361718750003 0.6915242562499999 0.42700678124999997 0.69593288125
1 0.48094952968750004 0.6884903234374999 0.48180127031250003 0.6850833625 0.480665615625 0.6794050921875 0.48038170312500006 0.6751463875 0.4795299625 0.66975203125 0.4732838640625 0.6646415875 0.47044472812500004 0.6813924859375 0.47214820937499996 0.6927490281249999 0.47470343125000003 0.6924651140625 0.478678221875 0.69047771875 0.48094952968750004 0.6884903234374999
