3 0.6177656687499999 0.550029759375 0.5590276796875 0.5684022984375 0.5801585031250001 0.635951490625 0.6388964390625 0.6175790703125 0.6177656687499999 0.550029759375
3 0.6736904546875 0.5396446203124999 0.6123732984375 0.55273941875 0.629041459375 0.63078108125 0.6903585859375 0.6176863765625 0.6736904546875 0.5396446203124999
9 0.7339163890625 0.5079405953125 0.6675186765625 0.516600175 0.6890652890625 0.6817926375 0.7554629765625 0.673133190625 0.7339163890625 0.5079405953125
9 0.235841921875 0.6981438 0.3095124078125 0.6895339171875 0.292140103125 0.540914753125 0.2184716484375 0.5495245171875001 0.235841921875 0.6981438
7 0.3595290078125 0.39452441875 0.3537946421875 0.39508928593750003 0.3628233265625 0.486740634375 0.368557690625 0.486175771875 0.3595290078125 0.39452441875
7 0.38768855625 0.3776235484375 0.3715962078125 0.376713003125 0.36544886249999997 0.48535112031249994 0.381541209375 0.48626165937500004 0.38768855625 0.3776235484375
6 0.3586805125 0.387170878125 0.3880099515625 0.387170878125 0.3880098953125 0.3507764890625 0.35868057656249996 0.3507764890625 0.3586805125 0.387170878125
6 0.318066678125 0.77364690625 0.3529624046875 0.7572989296875 0.334806696875 0.7185514859375 0.2999112609375 0.7348993828125 0.318066678125 0.77364690625
6 0.6805690546875 0.7177519078125 0.6613850421875 0.7077485109375 0.6476183890625 0.7341453359375001 0.66680238125 0.7441487 0.6805690546875 0.7177519078125
6 0.625241409375 0.7225501015625 0.6395129875000001 0.711534553125 0.6202498171874999 0.6865813296875001 0.6059783015625 0.6975968406249999 0.625241409375 0.7225501015625
