1 0.33347812499999996 0.41890625000000004 0.33632343750000004 0.4143921875 0.3370359375 0.39558593750000004 0.3320546875 0.38054062499999997 0.3263609375 0.3662484375 0.31995625 0.3654953125 0.31355 0.376028125 0.3082125 0.38956875 0.3082125 0.39784375 0.31390625 0.40837500000000004 0.31710937499999997 0.4309421875 0.322446875 0.42943749999999997 0.327428125 0.4174015625 0.33347812499999996 0.41890625000000004
2 0.3509140625 0.4662984375 0.3562515625 0.4753265625 0.3633671875 0.4715640625 0.36799375 0.46479375 0.3736875 0.45050156250000006 0.3751109375 0.4362078125 0.3751109375 0.4174015625 0.3662140625 0.40235624999999997 0.354115625 0.40536562500000006 0.3473546875 0.4046140625 0.34699843750000003 0.4151453125 0.34664375000000003 0.4309421875 0.34628749999999997 0.4392171875 0.3452203125 0.455015625 0.3509140625 0.4662984375
2 0.39254687499999996 0.4617859375 0.3911234375 0.430190625 0.3843625 0.41815468750000007 0.3765328125 0.41364062500000004 0.3711953125 0.42868593749999995 0.36728125 0.4542625 0.36265625 0.4723171875 0.36835 0.4971421875 0.3797359375 0.49864687500000004 0.3854296875 0.4918765625 0.3904109375 0.4805921875 0.39254687499999996 0.4617859375
2 0.41226874999999996 0.50575625 0.41740625 0.4933421875 0.42584999999999995 0.4630828125 0.42291249999999997 0.42894531249999995 0.41226874999999996 0.413428125 0.39758593750000004 0.4118765625 0.39318125 0.42118593750000005 0.388409375 0.43747968750000005 0.38620625 0.44446250000000004 0.3873078125 0.464634375 0.3880421875 0.48946249999999997 0.395015625 0.5119625 0.40529374999999995 0.51739375 0.41226874999999996 0.50575625
3 0.45815 0.520496875 0.46365625 0.520496875 0.47173125000000005 0.5197203125 0.47944062499999995 0.5049796875 0.480540625 0.4933421875 0.48200937499999996 0.475496875 0.4842109375 0.4576515625 0.4816421875 0.44446250000000004 0.47503593750000006 0.4545484375 0.468428125 0.4708421875 0.46365625 0.469290625 0.460353125 0.48325625 0.45631562499999995 0.4855828125 0.45301093750000004 0.4910140625 0.454846875 0.5080828125 0.45815 0.520496875
7 0.43502656249999994 0.3979109375 0.4383296875 0.3924796875 0.437228125 0.307134375 0.43502656249999994 0.3979109375
7 0.5032984375 0.3583421875 0.5055015625 0.368428125 0.5066015625 0.31489375000000003 0.5032984375 0.3583421875
2 0.50990625 0.45144531250000003 0.5032984375 0.447565625 0.4944890625 0.44834218750000004 0.4871484375 0.4599796875 0.483478125 0.47239375 0.4838453125 0.4995484375 0.4864140625 0.520496875 0.49595781250000004 0.522825 0.51798125 0.51816875 0.5190828125 0.49489375 0.5139437499999999 0.44523906249999995 0.50990625 0.45144531250000003
2 0.5440421875 0.44523906249999995 0.5359671875 0.43747968750000005 0.530828125 0.43360000000000004 0.5209171875 0.44446250000000004 0.518715625 0.4576515625 0.51945 0.480928125 0.521284375 0.5073078125 0.5267906250000001 0.5104109375 0.5356 0.5119625 0.5455109375 0.49877343749999997 0.5466109375 0.4708421875 0.5440421875 0.44523906249999995
3 0.54514375 0.480928125 0.5477125 0.504203125 0.5576234375 0.5166171875 0.5638640625 0.5158421875 0.5708375 0.5080828125 0.574875 0.5026515625 0.5759765625 0.48946249999999997 0.57634375 0.4770484375 0.56936875 0.4576515625 0.5653312500000001 0.44523906249999995 0.56129375 0.44058281250000003 0.557990625 0.44058281250000003 0.5521171875 0.43747968750000005 0.548446875 0.44058281250000003 0.5466109375 0.4491171875 0.546978125 0.4623078125 0.54514375 0.480928125
7 0.562028125 0.3591171875 0.5675343749999999 0.368428125 0.5712046875000001 0.2660140625 0.562028125 0.3591171875
2 0.602771875 0.4824796875 0.6038734375 0.4677375 0.604240625 0.43282499999999996 0.5980000000000001 0.41109999999999997 0.5928609375 0.40566874999999997 0.57634375 0.4095484375 0.5701031249999999 0.42196249999999996 0.5664328125 0.43360000000000004 0.5671671875000001 0.4491171875 0.5708375 0.470065625 0.577078125 0.48325625 0.583684375 0.4933421875 0.59946875 0.4902375 0.602771875 0.4824796875
2 0.6167203125 0.40722031249999996 0.6112140625 0.3986859375 0.60460625 0.3994625 0.60056875 0.42118593750000005 0.6016703125 0.44135937500000005 0.60350625 0.4654109375 0.6086453125 0.477825 0.622225 0.48325625 0.62773125 0.47239375 0.6292 0.4491171875 0.6236937499999999 0.42661718750000005 0.6167203125 0.40722031249999996
2 0.6482875 0.4576515625 0.654159375 0.45377343750000004 0.6622359375 0.45066875 0.66700625 0.442134375 0.6681078125 0.42739374999999996 0.6644375 0.3986859375 0.65893125 0.38394531249999997 0.6482875 0.3754109375 0.6369078125 0.373859375 0.622959375 0.3870484375 0.6192890625 0.41420312499999995 0.622225 0.43592812500000006 0.6247953125000001 0.44523906249999995 0.6314015625 0.4623078125 0.642046875 0.469290625 0.6482875 0.4576515625
3 0.6688421875 0.418859375 0.6728796874999999 0.436703125 0.6776515625 0.43747968750000005 0.686828125 0.43204843750000005 0.7048140625 0.424290625 0.7037125 0.41575625 0.6996749999999999 0.4033421875 0.69306875 0.4041171875 0.6864609374999999 0.3994625 0.6838921874999999 0.391703125 0.681321875 0.37851406249999997 0.67545 0.37308281249999997 0.6714109374999999 0.38006562499999996 0.6644375 0.387825 0.6655390625 0.39635937499999996 0.666640625 0.4095484375 0.6688421875 0.418859375
2 0.6871953125 0.536790625 0.69710625 0.51816875 0.7033453125 0.5049796875 0.701878125 0.4824796875 0.6974734375 0.46153125 0.6927015625 0.4522203125 0.686828125 0.459203125 0.6776515625 0.464634375 0.6728796874999999 0.4661859375 0.6615015625 0.47239375 0.6563625 0.491790625 0.6567296875 0.51816875 0.658196875 0.5282546875 0.6626015625 0.54066875 0.6736140625 0.545325 0.6871953125 0.536790625
2 0.6604 0.545325 0.6545265625 0.5049796875 0.654159375 0.491790625 0.65085625 0.4824796875 0.64425 0.48325625 0.6365406250000001 0.4910140625 0.6295671875 0.4964453125 0.621859375 0.492565625 0.61415 0.503428125 0.6211249999999999 0.5437734375 0.62773125 0.5530828125 0.6361734375 0.571703125 0.646084375 0.5779109375 0.655628125 0.571703125 0.6604 0.545325
2 0.595796875 0.497996875 0.5858875 0.5135140625 0.5847859375 0.5329109375 0.58845625 0.5569625 0.5943296874999999 0.5701515625 0.604240625 0.5755828125 0.6145171875 0.5639453125 0.622225 0.5461 0.6207578125000001 0.5336859375 0.61415 0.5104109375 0.6071765625000001 0.5018765625 0.595796875 0.497996875
7 0.6934515625000001 0.5685687500000001 0.6865578125 0.535925 0.6799390625 0.5429203125 0.6821453125 0.55108125 0.6865578125 0.5720671875 0.6934515625000001 0.5965484375 0.7044828125 0.6105390625 0.711653125 0.6210312499999999 0.7055859375 0.5994640625 0.6989671875 0.584890625 0.6934515625000001 0.5685687500000001
7 0.7304062499999999 0.6256953125 0.72185625 0.5907203125 0.7144109375000001 0.5668203125 0.71275625 0.5615734375 0.710825 0.5691515625 0.7226843749999999 0.602378125 0.7304062499999999 0.6256953125
1 0.5832937499999999 0.5914937499999999 0.584028125 0.5790796874999999 0.5803578125 0.56899375 0.57521875 0.5620109375 0.5719140625 0.5511484375 0.5631046875 0.555028125 0.5612703125 0.5767515624999999 0.5667765625000001 0.6070109375 0.57631875 0.6070109375 0.5810906250000001 0.6023546875 0.5832937499999999 0.5914937499999999
7 0.5766859375 0.617096875 0.5858625 0.6807171875 0.5803578125 0.623303125 0.5766859375 0.617096875
3 0.3604890625 0.555028125 0.3604890625 0.5744234374999999 0.3670953125 0.5821828124999999 0.37296874999999996 0.5837343749999999 0.37920937499999996 0.5744234374999999 0.38067656250000004 0.5627859374999999 0.3814109375 0.5457171875 0.3773734375 0.53563125 0.3704 0.544165625 0.3652609375 0.5589062499999999 0.3604890625 0.555028125
3 0.3604890625 0.5185625 0.357553125 0.550371875 0.3619578125 0.561234375 0.368196875 0.5519234375 0.3700328125 0.5395109375 0.37370312499999997 0.5302 0.3828796875 0.532528125 0.38177812499999997 0.5177859375 0.3759046875 0.5061484375 0.3715 0.5092515625 0.3604890625 0.5185625
7 0.3603578125 0.315509375 0.35463125 0.2834140625 0.35950000000000004 0.339128125 0.3589265625 0.3621390625 0.36322187499999997 0.3633515625 0.36265000000000003 0.3451828125 0.3603578125 0.315509375
5 0.41631088125 0.5418579593749999 0.3841145828125 0.5455729171875 0.3802083328125 0.62109375 0.4075520828125 0.6106770828125 0.41631088125 0.5418579593749999
5 0.2864583328125 0.5026041671875 0.2734375 0.5911458328125 0.3359375 0.59765625 0.3515625 0.57421875 0.3515625 0.5208333328125 0.2864583328125 0.5026041671875
5 0.48046875 0.41796875 0.5325520828125 0.4153645828125 0.5611979171875 0.4036458328125 0.58203125 0.3971354171875 0.6184895828125 0.3802083328125 0.6770833328125 0.3645833328125 0.7018229171875 0.3463541671875 0.6744791671875 0.3541666671875 0.6315104171875 0.37109375 0.5442708328125 0.40625 0.4544270828125 0.4166666671875 0.4049479171875 0.4153645828125 0.3658854171875 0.3802083328125 0.3567708328125 0.3893229171875 0.38671875 0.41796875 0.4192708328125 0.4296875 0.4440104171875 0.4296875 0.48046875 0.41796875
