1 0.245740625 0.54789375 0.2516109375 0.5537078125 0.25341718750000003 0.5420796875 0.2516109375 0.52961875 0.2498046875 0.5171593750000001 0.249353125 0.5022078125 0.2489015625 0.4855953125 0.2434828125 0.48891718749999996 0.238065625 0.49639375 0.23355 0.5121765625 0.23174375 0.525465625 0.23219531249999997 0.5379265625 0.2371625 0.542909375 0.245740625 0.54789375
7 0.2693359375 0.448459375 0.27494375 0.4653390625 0.27723749999999997 0.46018125000000004 0.273159375 0.450803125 0.26908125 0.4367375 0.2660234375 0.405321875 0.2667875 0.43767500000000004 0.2693359375 0.448459375
7 0.2785109375 0.45455468750000005 0.284628125 0.45127187500000004 0.28411875000000003 0.4329859375 0.28284375 0.3631234375 0.280040625 0.427359375 0.2785109375 0.45455468750000005
7 0.3022140625 0.40954218750000004 0.30017499999999997 0.38844218750000004 0.297371875 0.42642187500000006 0.2907453125 0.45174062499999995 0.29329375 0.46393125 0.29864531250000004 0.43908125 0.3022140625 0.40954218750000004
1 0.690121875 0.49487812499999995 0.685534375 0.4812796875 0.6812015625 0.4690890625 0.6776328125 0.470965625 0.6748296875 0.47659062499999993 0.6733 0.48503125 0.6743203125 0.49347031250000006 0.6776328125 0.5019109375 0.680946875 0.5098812500000001 0.6891015625 0.5112890625000001 0.6913953125 0.5065999999999999 0.690121875 0.49487812499999995
1 0.640678125 0.5281671875 0.6424609375 0.5164453124999999 0.64348125 0.5117578125 0.6452656250000001 0.5037859375 0.6442453125000001 0.496753125 0.642971875 0.487375 0.640421875 0.4995671875 0.640421875 0.5145703125 0.640678125 0.5281671875
3 0.6880828125 0.59709375 0.6834953125000001 0.6013124999999999 0.6789078125 0.6064703125 0.669478125 0.6083453125 0.663615625 0.62475625 0.6689671875000001 0.635540625 0.6720265624999999 0.634134375 0.6766140625 0.6294453125 0.6834953125000001 0.6261640625 0.687828125 0.6238187500000001 0.6913953125 0.6191296875 0.6990421875 0.6172546875 0.7031203125000001 0.6158484375 0.709746875 0.6224125 0.714334375 0.6242875 0.7171375 0.62475625 0.7184125 0.6275703125 0.7219796875 0.6289765625 0.7219796875 0.6233500000000001 0.7209609375 0.6144421875 0.713825 0.5956859375 0.70566875 0.5816203125 0.6972578125 0.5825578124999999 0.6916515624999999 0.586778125 0.6880828125 0.59709375
3 0.5935265625 0.679146875 0.5981140625 0.6744578125 0.6044859375 0.6721140625 0.6098390625000001 0.66976875 0.6095843750000001 0.6500765625 0.6060156250000001 0.64679375 0.6016828125 0.6425734375000001 0.5965859375 0.6491390625 0.5843515625 0.64679375 0.58460625 0.6622671875 0.585115625 0.6711750000000001 0.5935265625 0.679146875
1 0.5443374999999999 0.7110296875000001 0.5458671875000001 0.7218140625 0.5491796875 0.7311921875 0.5499453125 0.7354125 0.5507093750000001 0.71384375 0.5502 0.69274375 0.548415625 0.679146875 0.5476515625 0.6861796874999999 0.5443374999999999 0.6974328125 0.5443374999999999 0.7110296875000001
1 0.34426718749999996 0.6716453125 0.345540625 0.6608609375000001 0.3486 0.6514828125000001 0.3486 0.6425734375000001 0.347325 0.631790625 0.3447765625 0.631790625 0.3389140625 0.636946875 0.3338171875 0.6397609375 0.322603125 0.6472625 0.32081875000000004 0.659453125 0.321584375 0.679146875 0.3277 0.6852421875 0.329484375 0.6983703125 0.3356015625 0.6988390625 0.33917031249999996 0.6941499999999999 0.3406984375 0.6838359374999999 0.34426718749999996 0.6716453125
3 0.2871765625 0.64491875 0.30017499999999997 0.6421046875 0.3034875 0.6289765625 0.304253125 0.6238187500000001 0.29660625 0.6238187500000001 0.2907453125 0.62288125 0.2859015625 0.62288125 0.27978593749999997 0.6172546875 0.27366875 0.6195984375 0.2711203125 0.6392921874999999 0.27468750000000003 0.6439812500000001 0.2767265625 0.6482 0.2813140625 0.6538265625 0.284628125 0.6514828125000001 0.2871765625 0.64491875
1 0.3788796875 0.5585796875 0.37635625 0.5498109375 0.37355312500000004 0.5415593750000001 0.37243125 0.550328125 0.36962812500000003 0.56683125 0.36654375 0.5735375 0.3668234375 0.5792109375 0.3690671875 0.5776625 0.3718703125 0.57456875 0.375515625 0.5678640625 0.3788796875 0.5585796875
6 0.5915171875 0.8236609375 0.5825890625000001 0.8448656250000001 0.594865625 0.8627234375 0.6283484374999999 0.8805796875 0.6529015625000001 0.8839281250000001 0.671875 0.8638390625 0.657365625 0.8214281250000001 0.6361609374999999 0.8013390625 0.6216515625000001 0.797990625 0.5915171875 0.8236609375
6 0.2455359375 0.795759375 0.23660781250000001 0.7868296875 0.21651718749999999 0.7734375 0.2064734375 0.8058031250000001 0.2109375 0.8236609375 0.23995468749999999 0.8303578125 0.2455359375 0.795759375
5 0.3377502765625 0.5260228171875 0.3067640125 0.523543915625 0.3217613640625 0.560355596875 0.33130513437500003 0.5453582453125 0.3377502765625 0.5260228171875
5 0.237642534375 0.642008103125 0.24510774531249999 0.6417592625 0.254065996875 0.6380266578125 0.2563055609375 0.6332986921875 0.25804744375 0.619612471875 0.2359006515625 0.6153821859375 0.22818660156249998 0.6183682703125 0.2227121140625 0.6263311609375 0.2244539953125 0.6323033296875 0.22818660156249998 0.63902201875 0.237642534375 0.642008103125
5 0.6527744265625001 0.6546538156249999 0.661544909375 0.6508950375 0.6602919828125 0.6364863890625 0.6383657781250001 0.6396187046875 0.6183189625 0.6508950375 0.6283423703125 0.6634242968749999 0.6339805375 0.6646772234375 0.6471362593750001 0.6590390578124999 0.6527744265625001 0.6546538156249999
5 0.7097825578125 0.49615868281250003 0.710409021875 0.4873882 0.711035484375 0.47423247812499997 0.7072767062499999 0.4654619953125 0.7022650031250001 0.46045029218750005 0.694120984375 0.46232968124999996 0.694120984375 0.46420906874999995 0.6891092796875 0.4804971078125 0.6884828171875 0.4936528296875 0.68973574375 0.5036762375 0.6978797609375 0.5105673296875 0.7053973171875 0.5068085531250001 0.7097825578125 0.49615868281250003
