1 0.233572203125 0.5551497984375 0.25432956406249996 0.553490490625 0.2489015625 0.4855953125 0.22814442499999998 0.48725461093750005 0.233572203125 0.5551497984375
7 0.2725427859375 0.46582982656249994 0.27815762187500004 0.4646821375 0.2660234375 0.405321875 0.260408646875 0.4064695609375 0.2725427859375 0.46582982656249994
7 0.2887919875 0.3634053015625 0.2828437265625 0.3631234359375 0.2785109375 0.45455468750000005 0.2844592 0.4548365515625 0.2887919875 0.3634053015625
7 0.3060585109375 0.38931861562500003 0.3001749625 0.38844218124999996 0.28902400156249997 0.4632952171875 0.2949075484375 0.46417164531250005 0.3060585109375 0.38931861562500003
1 0.6812276109375001 0.513945184375 0.694988325 0.5093032796875 0.6813992953125 0.4690223609375 0.6676386609375 0.4736642515625 0.6812276109375001 0.513945184375
1 0.6452656250000001 0.487375 0.640421875 0.487375 0.640421875 0.5281671875 0.6452656250000001 0.5281671875 0.6452656250000001 0.487375
1 0.5449290343750001 0.7355335796875 0.5512293484375 0.73538150625 0.5498709015625 0.6791117484375 0.5435706640625 0.6792638203125 0.5449290343750001 0.7355335796875
1 0.351395196875 0.6323863125 0.3253387640625 0.6285728578125 0.315423528125 0.69631246875 0.3414799546875 0.700125896875 0.351395196875 0.6323863125
1 0.38219523125 0.543453478125 0.37355310625000004 0.5415593703125 0.365369996875 0.5788923859375 0.37401212031250003 0.5807864875 0.38219523125 0.543453478125
6 0.25401409375 0.78398055625 0.21682590624999998 0.7724425078125 0.20203954687499998 0.8200911671875 0.239227703125 0.8316291453125 0.25401409375 0.78398055625
6 0.6426358359375001 0.8816296078124999 0.6819753000000001 0.8693791203125001 0.6517515796875 0.7723450921875 0.6124130546875 0.7845954234375 0.6426358359375001 0.8816296078124999
5 0.29076830625 0.5762734968750001 0.3370537984375 0.5803571625 0.34427595 0.4985032796875 0.29799107187499996 0.49441964218749995 0.29076830625 0.5762734968750001
5 0.27992184999999997 0.6201944984375001 0.206478503125 0.591950403125 0.1854511375 0.6466216593749999 0.2588944015625 0.67486559375 0.27992184999999997 0.6201944984375001
5 0.6239140484375 0.7028332984375 0.6821346640625 0.6810033328125 0.6573660718750001 0.6149553578125 0.5991462109375 0.636785165625 0.6239140484375 0.7028332984375
5 0.660272309375 0.5146489828125 0.7051076890625 0.5480123984375 0.7590215859375 0.47556548281250005 0.7141866234375 0.442202296875 0.660272309375 0.5146489828125
