1 0.3619046875 0.5882921875 0.366009375 0.5882921875 0.3713453125 0.581496875 0.37668124999999997 0.5731890625 0.37668124999999997 0.555821875 0.37175625 0.549025 0.3655984375 0.5467593749999999 0.35697968750000003 0.5482703124999999 0.3504109375 0.559596875 0.353284375 0.5830062500000001 0.35656875 0.5875375 0.3619046875 0.5882921875
6 0.3619046875 0.40026406249999996 0.3594421875 0.3942234375 0.353284375 0.386671875 0.3467171875 0.38516249999999996 0.34138125 0.3927125 0.345075 0.41461249999999994 0.3536953125 0.43047031249999995 0.3504109375 0.41687812500000004 0.350821875 0.4070609375 0.35410624999999996 0.40252968750000007 0.36149375 0.407815625 0.36395625 0.4221640625 0.3619046875 0.40026406249999996
1 0.418959375 0.589803125 0.423884375 0.5913125 0.4284 0.580740625 0.42881093750000004 0.5626171875 0.42224375 0.55355625 0.4173171875 0.54978125 0.4086984375 0.54978125 0.405825 0.5618624999999999 0.4091078125 0.5754546875 0.4115703125 0.5837609375 0.418959375 0.589803125
1 0.44235625 0.568659375 0.4394828125 0.5769656249999999 0.442765625 0.5822515625 0.44769218750000006 0.5860265625000001 0.451796875 0.5860265625000001 0.4571328125 0.5860265625000001 0.458775 0.5837609375 0.4632890625 0.5754546875 0.468215625 0.570925 0.46944687500000004 0.5588421875 0.46452031250000003 0.5550671875 0.45549062500000004 0.5573312500000001 0.4452296875 0.5565765625 0.43784062500000004 0.5588421875 0.44235625 0.568659375
1 0.5524859375 0.56550625 0.55045 0.572371875 0.551128125 0.5854765625 0.5524859375 0.5985828125 0.5568953125 0.6023265624999999 0.559609375 0.606071875 0.5643578125000001 0.60731875 0.5691078125 0.606071875 0.5745359375 0.601078125 0.5775890625 0.5954625 0.5792843750000001 0.589221875 0.5789453124999999 0.5811078125 0.57623125 0.5754921875 0.5708031250000001 0.569875 0.5650375000000001 0.56550625 0.5585921875000001 0.5617625 0.5524859375 0.56550625
1 0.6953 0.5811078125 0.6946218749999999 0.5704984375000001 0.6946218749999999 0.5586421875 0.6936046874999999 0.54865625 0.693265625 0.5349265625 0.6898734375 0.5442875 0.6878375 0.551153125 0.6878375 0.5642578125 0.6912296875 0.57424375 0.6953 0.5811078125
1 0.650521875 0.61668125 0.6532359375000001 0.6229218750000001 0.656628125 0.6241703125 0.6562890625 0.61668125 0.6522187500000001 0.606071875 0.6467906250000001 0.6054468749999999 0.650521875 0.61668125
1 0.719046875 0.559265625 0.7227781249999999 0.5536484374999999 0.7214203125 0.5455359375 0.7187078125 0.54054375 0.714975 0.5449125 0.7146359375 0.551153125 0.715315625 0.5605140625 0.7170109375 0.5611375 0.719046875 0.559265625
1 0.737025 0.59983125 0.7336328125 0.6029515625 0.7299015625 0.6066953125000001 0.7278671875 0.6110640625 0.7258312499999999 0.6216734374999999 0.7305796875 0.62479375 0.7353296874999999 0.622296875 0.7390609375 0.6179281249999999 0.7421140625 0.6129359375 0.74415 0.606071875 0.7400781249999999 0.59983125 0.737025 0.59983125
1 0.5650375000000001 0.6410203125 0.567071875 0.6472609375 0.570125 0.6528765625 0.570125 0.6578703124999999 0.5674109374999999 0.6716 0.5660546875 0.6828328124999999 0.57114375 0.68408125 0.5758921875 0.6797125 0.5789453124999999 0.6716 0.580640625 0.656621875 0.5796234375 0.6453875 0.5752140625 0.637275 0.57114375 0.634778125 0.5650375000000001 0.6410203125
1 0.3319875 0.60731875 0.32825625 0.61668125 0.32825625 0.6291625 0.3306296875 0.634778125 0.3360578125 0.6322828125 0.340128125 0.627290625 0.346234375 0.6216734374999999 0.346234375 0.6129359375 0.34216406250000003 0.60794375 0.3353796875 0.60731875 0.3319875 0.60731875
5 0.26953125 0.7005208328125 0.3333333328125 0.6666666671875 0.3216145828125 0.6263020828125 0.2721354171875 0.61328125 0.26953125 0.7005208328125
5 0.2630208328125 0.5338541671875 0.3515625 0.5455729171875 0.3528645828125 0.5130208328125 0.24609375 0.4830729171875 0.2630208328125 0.5338541671875
5 0.5859375 0.5989583328125 0.60546875 0.5729166671875 0.6067708328125 0.5494791671875 0.5833333328125 0.5677083328125 0.5859375 0.5989583328125
5 0.7239583328125 0.671875 0.7018229171875 0.625 0.6341145828125 0.6458333328125 0.6341145828125 0.7174479171875 0.7239583328125 0.671875
