8 0.24574218750000001 0.4402859375 0.2383546875 0.4342453125 0.23301875 0.43953125000000004 0.2313765625 0.45085781249999995 0.23342812500000001 0.46671562499999997 0.23712343749999998 0.48559374999999994 0.2465640625 0.488615625 0.2514890625 0.488615625 0.25559375 0.48635 0.2564140625 0.4765328125 0.25559375 0.46445 0.251078125 0.44934843750000003 0.24574218750000001 0.4402859375
1 0.3655984375 0.5467593749999999 0.35697968750000003 0.5482703124999999 0.3504109375 0.559596875 0.353284375 0.5830062500000001 0.35656875 0.5875375 0.3619046875 0.5882921875 0.366009375 0.5882921875 0.3713453125 0.581496875 0.37668124999999997 0.5731890625 0.37668124999999997 0.555821875 0.37175625 0.549025 0.3655984375 0.5467593749999999
8 0.389815625 0.47955312499999997 0.3832484375 0.4742671875 0.3807859375 0.48635 0.380375 0.5105140625 0.3807859375 0.5331671874999999 0.379965625 0.5550671875 0.3828390625 0.5633734375 0.3840703125 0.555821875 0.3914578125 0.5565765625 0.39802499999999996 0.5565765625 0.398846875 0.5414734375 0.3951515625 0.5082484375 0.389815625 0.47955312499999997
1 0.4086984375 0.54978125 0.405825 0.5618624999999999 0.4091078125 0.5754546875 0.4115703125 0.5837609375 0.418959375 0.589803125 0.423884375 0.5913125 0.4284 0.580740625 0.42881093750000004 0.5626171875 0.42224375 0.55355625 0.4173171875 0.54978125 0.4086984375 0.54978125
1 0.458775 0.5837609375 0.4632890625 0.5754546875 0.468215625 0.570925 0.46944687500000004 0.5588421875 0.46452031250000003 0.5550671875 0.45549062500000004 0.5573312500000001 0.4452296875 0.5565765625 0.43784062500000004 0.5588421875 0.44235625 0.568659375 0.4394828125 0.5769656249999999 0.442765625 0.5822515625 0.44769218750000006 0.5860265625000001 0.451796875 0.5860265625000001 0.4571328125 0.5860265625000001 0.458775 0.5837609375
8 0.48294375 0.559265625 0.4849796875 0.5642578125 0.4893890625 0.5692515625000001 0.4978703125 0.5767390625 0.508046875 0.576115625 0.5121171875 0.5586421875 0.511778125 0.53991875 0.51245625 0.5099640625 0.5114390625 0.48999375 0.5114390625 0.4700234375 0.51008125 0.4587890625 0.505671875 0.45442031250000003 0.49922656249999997 0.4587890625 0.4954953125 0.47251875 0.49210312500000003 0.491240625 0.4880328125 0.5099640625 0.4870140625 0.529309375 0.48294375 0.553025 0.48294375 0.559265625
8 0.5358625 0.5673781250000001 0.539934375 0.569875 0.5453609375 0.5673781250000001 0.5467187499999999 0.559265625 0.5453609375 0.5436640625 0.5453609375 0.5286859374999999 0.5460406250000001 0.5143328125 0.5453609375 0.4993546875 0.54434375 0.4825046875 0.5429875 0.46378125 0.5372203125 0.451925 0.5304359375 0.45941406249999994 0.5280609375 0.48000781249999996 0.5287390624999999 0.508090625 0.52704375 0.5299343750000001 0.5263656250000001 0.5598890625 0.5304359375 0.5623859375 0.5358625 0.5673781250000001
1 0.5643578125000001 0.60731875 0.5691078125 0.606071875 0.5745359375 0.601078125 0.5775890625 0.5954625 0.5792843750000001 0.589221875 0.5789453124999999 0.5811078125 0.57623125 0.5754921875 0.5708031250000001 0.569875 0.5650375000000001 0.56550625 0.5585921875000001 0.5617625 0.5524859375 0.56550625 0.55045 0.572371875 0.551128125 0.5854765625 0.5524859375 0.5985828125 0.5568953125 0.6023265624999999 0.559609375 0.606071875 0.5643578125000001 0.60731875
1 0.6878375 0.551153125 0.6878375 0.5642578125 0.6912296875 0.57424375 0.6953 0.5811078125 0.6946218749999999 0.5704984375000001 0.6946218749999999 0.5586421875 0.6936046874999999 0.54865625 0.693265625 0.5349265625 0.6898734375 0.5442875 0.6878375 0.551153125
1 0.650521875 0.61668125 0.6532359375000001 0.6229218750000001 0.656628125 0.6241703125 0.6562890625 0.61668125 0.6522187500000001 0.606071875 0.6467906250000001 0.6054468749999999 0.650521875 0.61668125
8 0.607440625 0.66723125 0.6003171875 0.6622375 0.5935328125 0.6659828125 0.592175 0.6853296875 0.5931921874999999 0.7134125 0.5962453125 0.738375 0.5992984375 0.7583453125 0.6043875 0.7739484375 0.608796875 0.792046875 0.6145640625000001 0.7926703125000001 0.618634375 0.7839328125 0.617278125 0.7695796875 0.6121890624999999 0.739 0.6121890624999999 0.721525 0.6138859375 0.6965625 0.6176171874999999 0.6765921875 0.614225 0.6697265625 0.607440625 0.66723125
1 0.57114375 0.68408125 0.5758921875 0.6797125 0.5789453124999999 0.6716 0.580640625 0.656621875 0.5796234375 0.6453875 0.5752140625 0.637275 0.57114375 0.634778125 0.5650375000000001 0.6410203125 0.567071875 0.6472609375 0.570125 0.6528765625 0.570125 0.6578703124999999 0.5674109374999999 0.6716 0.5660546875 0.6828328124999999 0.57114375 0.68408125
1 0.346234375 0.6216734374999999 0.346234375 0.6129359375 0.34216406250000003 0.60794375 0.3353796875 0.60731875 0.3319875 0.60731875 0.32825625 0.61668125 0.32825625 0.6291625 0.3306296875 0.634778125 0.3360578125 0.6322828125 0.340128125 0.627290625 0.346234375 0.6216734374999999
6 0.2984209140625 0.7906851078125 0.29711776562500003 0.7965492734375 0.2964661921875 0.8027392265625 0.29614040468749997 0.8095807546874999 0.29711776562500003 0.8170738562500001 0.301352996875 0.8242411703125001 0.3072171640625 0.8294537625 0.3176423484375 0.8349921421875001 0.32513545 0.839878946875 0.3352348484375 0.839878946875 0.3472889671875 0.8349921421875001 0.3554336421875 0.827499040625 0.36390410625 0.8183770031250001 0.36748776250000004 0.8115354765625 0.36781355 0.8017618656250001 0.365207253125 0.793942978125 0.36325253125 0.786449875 0.359668875 0.7786309874999999 0.3515241984375 0.7665768671875 0.347940540625 0.7646221453125001 0.344031096875 0.7704863125 0.3424021625 0.776350478125 0.33751535625 0.7897077453125 0.3283933203125 0.8066486718749999 0.326764384375 0.810558115625 0.32090021874999997 0.810558115625 0.31536183906250004 0.8033908015625 0.3163392 0.7897077453125 0.3192712828125 0.7812372828124999 0.3192712828125 0.772115246875 0.32252915312499997 0.7581064046875 0.3202486453125 0.751264878125 0.3176423484375 0.7561516828125 0.31536183906250004 0.7610384875 0.3111266078125 0.7672284421875 0.3078687375 0.77341839375 0.30428508125 0.780585709375 0.2984209140625 0.7906851078125
5 0.2730295015625 0.6248973078125 0.2829880234375 0.6298765687500001 0.2979258078125 0.630706446875 0.30954408437500003 0.6290466921875 0.3161831 0.6298765687500001 0.3211623609375 0.6273869390625 0.328631253125 0.6082997703124999 0.31867273125 0.6058101390624999 0.30788433125000003 0.6049802625 0.2896270390625 0.6099595234375 0.2813282703125 0.6124491546875 0.273859378125 0.6182582921875001 0.2730295015625 0.6248973078125
5 0.7128642593750001 0.556017525 0.7012459828125001 0.5668059249999999 0.6970965984374999 0.5742748171875001 0.6970965984374999 0.5809138328125 0.7120343828125 0.5784242015625 0.7186733984375 0.56929555625 0.7128642593750001 0.556017525
5 0.579254078125 0.5726150624999999 0.5784242015625 0.577594325 0.5941918625 0.5933619859375 0.6058101390624999 0.590042478125 0.609129646875 0.5767644468750001 0.579254078125 0.5726150624999999
5 0.6373454609375 0.6788393078125 0.660582015625 0.674689921875 0.671370415625 0.6697106609375 0.7012459828125001 0.6614118921875 0.7037356140625 0.6556027531249999 0.702075859375 0.633196078125 0.6655612765625001 0.63485583125 0.6489637375 0.644814353125 0.636515584375 0.6522832453125 0.6315363234375 0.663901521875 0.628216815625 0.6763496765625 0.6373454609375 0.6788393078125
0 0.685478321875 0.6887978296874999 0.7145240140625 0.6713704140625001 0.7037356140625 0.6489637375 0.557677278125 0.6556027531249999 0.44066463593750005 0.6497936156249999 0.350208053125 0.644814353125 0.2688801171875 0.6290466921875 0.21991737968749997 0.5883827234375001 0.20497959531249998 0.6190881703125 0.2672203625 0.6763496765625 0.39336165156249997 0.6755197984375 0.4763493421875 0.6804990609375 0.5526980171875 0.6904575828125 0.6033205078125 0.6912874609374999 0.685478321875 0.6887978296874999
0 0.71701364375 0.5676358015625 0.7203331515625 0.5211626953125 0.6547728765625 0.5402498640625 0.5809138328125 0.53693035625 0.4522829125 0.5394199875 0.3361001453125 0.5087145421875 0.3427391609375 0.5526980171875 0.4149384515625 0.556017525 0.5078846640625 0.555187646875 0.5784242015625 0.5767644468750001 0.71701364375 0.5676358015625
