8 0.25146666562500003 0.43254909374999995 0.2293776125 0.4354066234375 0.2365120390625 0.49055310625 0.258601090625 0.4876955875 0.25146666562500003 0.43254909374999995
1 0.3504109578125 0.546759340625 0.3504108921875 0.5882922078124999 0.3766812734375 0.5882921734375001 0.37668124375 0.5467594015625 0.3504109578125 0.546759340625
8 0.3994630234375 0.4744161625 0.3807082625 0.47424384843749995 0.3798895515625 0.5633463390625 0.3986443140625 0.56351865 0.3994630234375 0.4744161625
1 0.4051668015625 0.5908881328125 0.428158146875 0.5914093953124999 0.4290959046875 0.5500483 0.4061047234375 0.5495270390625 0.4051668015625 0.5908881328125
1 0.4714862953125 0.5849034890625 0.469123275 0.5547069671875 0.4377093828125 0.5571650015625 0.44007231406249997 0.5873614421875 0.4714862953125 0.5849034890625
8 0.48277924531250005 0.57663395625 0.51199059375 0.5768374078125 0.5128426640625 0.45447025625000004 0.48363188125 0.45426680625 0.48277924531250005 0.57663395625
8 0.548991509375 0.45217479843749997 0.528660771875 0.45174335625 0.5261598984375 0.5695826921875 0.5464906359375 0.5700141296875 0.548991509375 0.45217479843749997
1 0.5778925828125 0.56076386875 0.5499242093750001 0.56221099375 0.5522906984375 0.6079431171875 0.5802590703125 0.6064959984375 0.5778925828125 0.56076386875
1 0.6883524375000001 0.5813175046875 0.6953000140625 0.5811078125 0.693905425 0.5349072515625 0.6869579031249999 0.5351169437500001 0.6883524375000001 0.5813175046875
1 0.65380985 0.6252514265625 0.658837171875 0.6233229031249999 0.6513133453125 0.6037119171875001 0.6462860421875 0.6056404375 0.65380985 0.6252514265625
8 0.5931938390625 0.7928727906249999 0.6187171625000001 0.7926309625 0.6174795750000001 0.6620748875 0.5919569828125 0.6623167125 0.5931938390625 0.7928727906249999
1 0.5801039265625 0.6345601765625 0.564889346875 0.6349302578125 0.566088046875 0.684204225 0.5813026265625 0.6838341453125001 0.5801039265625 0.6345601765625
1 0.346234375 0.60731875 0.32825625 0.60731875 0.32825625 0.634778125 0.346234375 0.634778125 0.346234375 0.60731875
6 0.291167090625 0.8073141328125001 0.32023018125 0.8256844093750001 0.3509096921875 0.77715631875 0.3218469078125 0.7587861703125001 0.291167090625 0.8073141328125001
6 0.7061365078125 0.44207943906249997 0.7387409109374999 0.44379473281250004 0.741649325 0.388512203125 0.7090451468750001 0.386796915625 0.7061365078125 0.44207943906249997
6 0.805331615625 0.7268255781249999 0.7894694453125 0.7176635296875 0.7789449187499999 0.735881615625 0.7948070734375 0.7450436421875 0.805331615625 0.7268255781249999
6 0.8055813875 0.6940154109375001 0.7888206921875 0.6895037578125 0.7829117671875 0.7114520234375 0.7996724578125 0.715963665625 0.8055813875 0.6940154109375001
6 0.5855323328125001 0.8272561890624999 0.5959253140625 0.7969204750000001 0.566857625 0.7869639187499999 0.5564645890625 0.8172995171874999 0.5855323328125001 0.8272561890624999
8 0.721485453125 0.41217104375 0.703125 0.4276315796875 0.716282884375 0.4432565890625 0.7346433171875 0.42779607343750004 0.721485453125 0.41217104375
5 0.35044642812500004 0.5904017859375 0.35841208281250003 0.4934834296875 0.25915644531250004 0.48532635625 0.2511900796875 0.5822439265625 0.35044642812500004 0.5904017859375
5 0.24049662187499998 0.6820610609375 0.329666034375 0.6865945375 0.3337053578125 0.6071428578125 0.24453735937499999 0.6026094171875 0.24049662187499998 0.6820610609375
5 0.7250378109375 0.6999700453125001 0.7200390234375 0.6260126875 0.6126177484374999 0.6332721703125 0.6176156749999999 0.7072287171875 0.7250378109375 0.6999700453125001
5 0.6116071421875 0.5479910718750001 0.5792410718750001 0.5479910718750001 0.5792410718750001 0.6015625 0.6116071421875 0.6015625 0.6116071421875 0.5479910718750001
5 0.688245765625 0.6050669234375 0.7147415828125 0.606776175 0.7209821421875 0.5100446421875 0.6944867625 0.5083354046874999 0.688245765625 0.6050669234375
