1 0.3504109578125 0.546759340625 0.3504108921875 0.5882922078124999 0.3766812734375 0.5882921734375001 0.37668124375 0.5467594015625 0.3504109578125 0.546759340625
1 0.4051668015625 0.5908881328125 0.428158146875 0.5914093953124999 0.4290959046875 0.5500483 0.4061047234375 0.5495270390625 0.4051668015625 0.5908881328125
1 0.4714862953125 0.5849034890625 0.469123275 0.5547069671875 0.4377093828125 0.5571650015625 0.44007231406249997 0.5873614421875 0.4714862953125 0.5849034890625
8 0.48277924531250005 0.57663395625 0.51199059375 0.5768374078125 0.5128426640625 0.45447025625000004 0.48363188125 0.45426680625 0.48277924531250005 0.57663395625
8 0.548991509375 0.45217479843749997 0.528660771875 0.45174335625 0.5261598984375 0.5695826921875 0.5464906359375 0.5700141296875 0.548991509375 0.45217479843749997
1 0.5778925828125 0.56076386875 0.5499242093750001 0.56221099375 0.5522906984375 0.6079431171875 0.5802590703125 0.6064959984375 0.5778925828125 0.56076386875
1 0.6883524375000001 0.5813175046875 0.6953000140625 0.5811078125 0.693905425 0.5349072515625 0.6869579031249999 0.5351169437500001 0.6883524375000001 0.5813175046875
1 0.65380985 0.6252514265625 0.658837171875 0.6233229031249999 0.6513133453125 0.6037119171875001 0.6462860421875 0.6056404375 0.65380985 0.6252514265625
1 0.7218102546875 0.54031850625 0.713890996875 0.5408934609375 0.71536954375 0.56125666875 0.723288803125 0.5606817140625 0.7218102546875 0.54031850625
1 0.7220302671875001 0.6195656890625 0.7336964375 0.626699675 0.74739295625 0.6043043499999999 0.7357268296874999 0.5971703828125 0.7220302671875001 0.6195656890625
8 0.59423550625 0.7928727906249999 0.6197588296875 0.7926309625 0.6185212421874999 0.6620748875 0.59299865 0.6623167125 0.59423550625 0.7928727906249999
1 0.5801039265625 0.6345601765625 0.564889346875 0.6349302578125 0.566088046875 0.684204225 0.5813026265625 0.6838341453125001 0.5801039265625 0.6345601765625
1 0.346234375 0.60731875 0.32825625 0.60731875 0.32825625 0.634778125 0.346234375 0.634778125 0.346234375 0.60731875
5 0.248690825 0.691399975 0.32870670625 0.6858823296875001 0.32345511875 0.6097423765625 0.2434404453125 0.6152599796875 0.248690825 0.691399975
5 0.3513167921875 0.5471986046875 0.35844250624999996 0.5000521609375 0.24609375 0.4830729171875 0.238967696875 0.530218934375 0.3513167921875 0.5471986046875
5 0.5771208031249999 0.602875025 0.6156252109375 0.6010416578125 0.6124622984375 0.5346249750000001 0.5739583328125 0.5364583328125 0.5771208031249999 0.602875025
5 0.7242637328125 0.697177615625 0.7080013734375 0.6283723546875 0.6060081578125 0.6524754515625 0.6222696609375 0.721279971875 0.7242637328125 0.697177615625
6 0.3662826 0.389171071875 0.3376533328125 0.389171071875 0.3376533328125 0.4305979578125 0.3662826 0.4305979578125 0.3662826 0.389171071875
6 0.36586872187499997 0.760931296875 0.3295370375 0.74308804375 0.2940948359375 0.8152407687500001 0.330426409375 0.8330838500000001 0.36586872187499997 0.760931296875
6 0.7860604140625 0.7479229734375 0.804678140625 0.733281021875 0.7682031484375 0.6869093125 0.749585578125 0.7015511703125 0.7860604140625 0.7479229734375
