8 0.25146666562500003 0.43254909374999995 0.2293776125 0.4354066234375 0.2365120390625 0.49055310625 0.258601090625 0.4876955875 0.25146666562500003 0.43254909374999995
8 0.3994630234375 0.4744161625 0.3807082625 0.47424384843749995 0.3798895515625 0.5633463390625 0.3986443140625 0.56351865 0.3994630234375 0.4744161625
8 0.48277924531250005 0.57663395625 0.51199059375 0.5768374078125 0.5128426640625 0.45447025625000004 0.48363188125 0.45426680625 0.48277924531250005 0.57663395625
8 0.548991509375 0.45217479843749997 0.528660771875 0.45174335625 0.5261598984375 0.5695826921875 0.5464906359375 0.5700141296875 0.548991509375 0.45217479843749997
8 0.5931938390625 0.7928727906249999 0.6187171625000001 0.7926309625 0.6174795750000001 0.6620748875 0.5919569828125 0.6623167125 0.5931938390625 0.7928727906249999
5 0.291167090625 0.8073141328125001 0.32023018125 0.8256844093750001 0.3509096921875 0.77715631875 0.3218469078125 0.7587861703125001 0.291167090625 0.8073141328125001
5 0.7061365078125 0.44207943906249997 0.7387409109374999 0.44379473281250004 0.741649325 0.388512203125 0.7090451468750001 0.386796915625 0.7061365078125 0.44207943906249997
5 0.805331615625 0.7268255781249999 0.7894694453125 0.7176635296875 0.7789449187499999 0.735881615625 0.7948070734375 0.7450436421875 0.805331615625 0.7268255781249999
5 0.8055813875 0.6940154109375001 0.7888206921875 0.6895037578125 0.7829117671875 0.7114520234375 0.7996724578125 0.715963665625 0.8055813875 0.6940154109375001
5 0.5855323328125001 0.8272561890624999 0.5959253140625 0.7969204750000001 0.566857625 0.7869639187499999 0.5564645890625 0.8172995171874999 0.5855323328125001 0.8272561890624999
8 0.721485453125 0.41217104375 0.703125 0.4276315796875 0.716282884375 0.4432565890625 0.7346433171875 0.42779607343750004 0.721485453125 0.41217104375
