2 0.381642471875 0.5763167859375 0.38656882812500004 0.52117654375 0.337256684375 0.5167713 0.33233012500000003 0.5719113124999999 0.381642471875 0.5763167859375
3 0.462843609375 0.649388284375 0.4682734703125 0.6497652406250001 0.4693262734375 0.634602015625 0.463896428125 0.6342250593750001 0.462843609375 0.649388284375
3 0.41280782968749996 0.6703848296875 0.40730376718750005 0.669939203125 0.4052506203125 0.6952946828125001 0.4107546828125 0.69574030625 0.41280782968749996 0.6703848296875
3 0.369589190625 0.6402599203125 0.361323325 0.6410640078125 0.363584471875 0.6643051468750001 0.3718503375 0.6635010609374999 0.369589190625 0.6402599203125
3 0.631306859375 0.6469112578125 0.6572259328125 0.6604223515625 0.68112015 0.614590165625 0.6552012890625 0.6010791390625 0.631306859375 0.6469112578125
3 0.64348970625 0.70007195 0.6503459015625 0.6990711578125001 0.6454713859375001 0.6656819953124999 0.6386152375 0.6666827843750001 0.64348970625 0.70007195
9 0.8039277734375 0.5675152781249999 0.7269407703125 0.575673409375 0.7392178984375 0.6915173718750001 0.8162048859375 0.6833593328124999 0.8039277734375 0.5675152781249999
4 0.474691975 0.508326925 0.49568754843749996 0.5071774 0.487951121875 0.36588717656249997 0.4669559453125 0.367036690625 0.474691975 0.508326925
4 0.492811684375 0.5119836703125 0.514255384375 0.5117255234375 0.5126907265625 0.38177477656250003 0.49124740312500004 0.3820329203125 0.492811684375 0.5119836703125
4 0.5166865375 0.51469805625 0.5392512328125 0.5132888953125 0.5310325859375 0.38169556875 0.50846829375 0.38310471874999996 0.5166865375 0.51469805625
9 0.24887075468750003 0.687315046875 0.3082151109375 0.682955246875 0.300228175 0.5742618937499999 0.24088508125 0.5786216468750001 0.24887075468750003 0.687315046875
9 0.2639572796875 0.47936748281249997 0.2986658984375 0.48514761718750005 0.3215307203125 0.347854796875 0.286822709375 0.342074715625 0.2639572796875 0.47936748281249997
7 0.3173982625 0.47159204062500004 0.3225446421875 0.47209821406249997 0.332176659375 0.3741726609375 0.32703034531249997 0.373666490625 0.3173982625 0.47159204062500004
7 0.3616071421875 0.41071428593750003 0.35825892812500004 0.41071428593750003 0.35825892812500004 0.48772321406249997 0.3616071421875 0.48772321406249997 0.3616071421875 0.41071428593750003
7 0.563284971875 0.41368445468750004 0.559151775 0.41294642656249997 0.54951548125 0.466909696875 0.553648678125 0.467647721875 0.563284971875 0.41368445468750004
7 0.6100834500000001 0.42856018437500004 0.6043982265625 0.42865041875000004 0.6060267796875001 0.53125 0.611712003125 0.531159765625 0.6100834500000001 0.42856018437500004
7 0.6438156375 0.7817145921875001 0.6462055171875 0.78124996875 0.6305803578125 0.7008928578125 0.628190521875 0.7013574765625 0.6438156375 0.7817145921875001
7 0.6334173890625 0.507926021875 0.638996584375 0.5075368015625 0.6350446421875 0.45089285781250005 0.6294654937499999 0.4512820765625 0.6334173890625 0.507926021875
