1 0.25562435156249996 0.5603323328125 0.24846406562499998 0.5589985734375 0.24518209687499998 0.57661609375 0.25234238124999997 0.5779498515625 0.25562435156249996 0.5603323328125
1 0.30726718750000004 0.5486703125 0.298209375 0.5486703125 0.298209375 0.589359375 0.30726718750000004 0.589359375 0.30726718750000004 0.5486703125
1 0.328544559375 0.5734975140625 0.3390376671875 0.5719772828125 0.33465 0.5416953125 0.3241569453125 0.5432155390625 0.328544559375 0.5734975140625
1 0.4106765890625 0.57105805625 0.3883243140625 0.5723366078125001 0.391477115625 0.6274495390625 0.413829390625 0.6261709921875 0.4106765890625 0.57105805625
2 0.566602125 0.6263783671875001 0.601030525 0.622420190625 0.593620553125 0.5579769875 0.559192553125 0.5619351406249999 0.566602125 0.6263783671875001
2 0.599542584375 0.6037311609375 0.6262271328125 0.5956751875 0.6161667328125 0.5623549734375 0.5894823375 0.5704109234375 0.599542584375 0.6037311609375
2 0.625475940625 0.5975952999999999 0.6746812875 0.5849885203125 0.6611953125000001 0.5323578125 0.6119904078125 0.5449645328125 0.625475940625 0.5975952999999999
1 0.7099329265625001 0.5901434921875001 0.72207344375 0.5934437515625001 0.7295203640625 0.56605181875 0.7173799046875 0.56275156875 0.7099329265625001 0.5901434921875001
1 0.7181484375 0.6011796875 0.7013281250000001 0.6011796875 0.7013281250000001 0.63883125 0.7181484375 0.63883125 0.7181484375 0.6011796875
1 0.612272215625 0.6770899874999999 0.6239479593749999 0.67678429375 0.6230671875 0.64315 0.6113915234375 0.6434556921875 0.612272215625 0.6770899874999999
5 0.3405548328125 0.7360934703125 0.3695451875 0.6549280390625001 0.2273804984375 0.60415685625 0.1983895671875 0.6853210265625 0.3405548328125 0.7360934703125
5 0.7447109703125 0.66856890625 0.701077128125 0.59845265 0.6279896625 0.643929865625 0.6716228140625 0.714045515625 0.7447109703125 0.66856890625
5 0.390625 0.623046875 0.4081028921875 0.5686756546875 0.340706421875 0.5470128484375001 0.323228346875 0.6013837328125 0.390625 0.623046875
