1 0.25208125 0.5742453125 0.2541875 0.5680453125 0.2533453125 0.5599078125 0.248078125 0.5610703125 0.247025 0.5676578125 0.2455515625 0.5746328125 0.247025 0.576959375 0.250184375 0.576184375 0.25208125 0.5742453125
1 0.3047390625 0.5579703125 0.30157968749999997 0.5544828125000001 0.2990515625 0.5486703125 0.298209375 0.5552578125000001 0.29884218749999997 0.5637828125000001 0.29863125 0.5688203125 0.298209375 0.578509375 0.3001046875 0.589359375 0.3009484375 0.585096875 0.30305468750000003 0.581221875 0.3057921875 0.5788968750000001 0.30726718750000004 0.577346875 0.306425 0.5719203125 0.30726718750000004 0.5649453125 0.30726718750000004 0.5618453125 0.3047390625 0.5579703125
1 0.327909375 0.5641703125 0.33127968750000003 0.5630078125 0.3329640625 0.5699828124999999 0.33675625 0.5723078125 0.33801875 0.5649453125 0.3361234375 0.5544828125000001 0.33465 0.5416953125 0.3281203125 0.5463453125 0.32748750000000004 0.5517703125 0.3260140625 0.5560328125 0.327909375 0.5641703125
7 0.3152703125 0.5242578124999999 0.31110000000000004 0.537471875 0.309015625 0.5212749999999999 0.302759375 0.46032031250000005 0.3053078125 0.5089125 0.30832031249999997 0.5357671875000001 0.3097109375 0.55750625 0.3141125 0.55324375 0.317125 0.5494078124999999 0.322221875 0.5498328124999999 0.322453125 0.54685 0.32106406249999997 0.5357671875000001 0.322453125 0.51061875 0.32361249999999997 0.4918625 0.322221875 0.4633046875 0.32083125 0.45520468750000004 0.31944218750000003 0.45989375 0.3182828125 0.48546875 0.31735625 0.5029453125 0.3152703125 0.5242578124999999
1 0.39173125 0.6167546875000001 0.39173125 0.620165625 0.3940484375 0.62570625 0.399609375 0.6269843749999999 0.403315625 0.622721875 0.4088765625 0.6124921875 0.41212031250000003 0.5962953125 0.41142500000000004 0.5852125 0.4084140625 0.575834375 0.40169375 0.571571875 0.3942796875 0.577965625 0.3891828125 0.5873437499999999 0.390109375 0.603540625 0.39173125 0.6167546875000001
6 0.5492859375 0.3976609375 0.5441874999999999 0.3963828125 0.5402484375000001 0.3976609375 0.5370046875 0.41471093750000004 0.5397859375 0.4368765625 0.5409437500000001 0.4483859375 0.542103125 0.44071249999999995 0.542565625 0.4317609375 0.54395625 0.4253671875 0.549053125 0.41982656250000006 0.5532250000000001 0.424515625 0.5546140625 0.43858125000000003 0.555540625 0.454353125 0.5571625 0.44582812499999996 0.5578578125 0.43644999999999995 0.5573953125 0.424515625 0.5527609375 0.4061859375 0.5492859375 0.3976609375
2 0.581490625 0.560915625 0.5754671874999999 0.5600640625 0.5685156250000001 0.565178125 0.562028125 0.5719984375 0.561565625 0.577965625 0.5622609375 0.5886218750000001 0.5659671875 0.6018359375 0.5696749999999999 0.61291875 0.57593125 0.622721875 0.5798687499999999 0.624853125 0.5872843750000001 0.6231484375 0.590528125 0.6176078125 0.5967828125 0.6112140625 0.5981734375000001 0.5975734375 0.595625 0.575409375 0.5886734375 0.560915625 0.581490625 0.560915625
2 0.59539375 0.5899015624999999 0.5967828125 0.594590625 0.600259375 0.6022624999999999 0.6058203125 0.6018359375 0.613234375 0.599278125 0.6208796875 0.5937375 0.623196875 0.5856390625000001 0.619721875 0.5741296874999999 0.6157828125 0.5664578125 0.609990625 0.565178125 0.6025765625 0.5664578125 0.5965515625 0.5719984375 0.5949296875 0.5805234375 0.59539375 0.5899015624999999
2 0.6611953125000001 0.5323578125 0.655171875 0.5370453125 0.646134375 0.5408828125 0.6357078125 0.5455703125 0.6280625 0.5481281250000001 0.62505 0.5481281250000001 0.6211109375 0.5455703125 0.616709375 0.543865625 0.616940625 0.5600640625 0.6190265625 0.572425 0.6238921875 0.583934375 0.629684375 0.5911796875 0.6368671875 0.590753125 0.6454390625 0.5920328125000001 0.651 0.590753125 0.655865625 0.5852125 0.6605000000000001 0.5886218750000001 0.664903125 0.5847859375 0.6695359375 0.575409375 0.668840625 0.5621953125 0.663975 0.54685 0.6611953125000001 0.5323578125
7 0.63936875 0.46914375 0.6390890625 0.51453125 0.6320796875 0.43613437499999996 0.6340421875 0.5222671875 0.6340421875 0.5346453125 0.6379671874999999 0.5341296875 0.6480609375 0.5341296875 0.6486203125000001 0.527940625 0.6519859375 0.504215625 0.6598359375 0.44077656249999997 0.6536671875 0.4650171875 0.6494625 0.492353125 0.64525625 0.51246875 0.6421734375 0.4727546875 0.63936875 0.41705156250000003 0.63936875 0.43613437499999996 0.63936875 0.46914375
7 0.6800203125000001 0.4727546875 0.6800203125000001 0.45274843750000004 0.677778125 0.4629546875 0.68058125 0.48925937499999994 0.687309375 0.5191734375 0.6901140625 0.51246875 0.68450625 0.49596406249999997 0.6800203125000001 0.4727546875
7 0.687590625 0.5067953125 0.6929171875 0.505246875 0.6744140625 0.41189375000000006 0.687590625 0.5067953125
7 0.697121875 0.489775 0.6937578125 0.5140156250000001 0.6979640625 0.5186578125 0.699925 0.48822656249999996 0.70020625 0.4634703125 0.693196875 0.44748124999999994 0.6988046875 0.46914375 0.697121875 0.489775
1 0.7142234375000001 0.5753921875 0.7117 0.58364375 0.7142234375000001 0.58570625 0.718709375 0.5888015625 0.7220734375 0.5934437499999999 0.7243171875 0.585190625 0.7254375 0.5784859375 0.7274 0.5676546874999999 0.7240359375 0.5645609375 0.718709375 0.57075 0.7142234375000001 0.5753921875
1 0.7013281250000001 0.60530625 0.7013281250000001 0.617684375 0.70413125 0.6290312499999999 0.7083359375 0.6357359375 0.7133828125 0.63883125 0.7153453125 0.6336734374999999 0.7178687499999999 0.6238734375 0.7181484375 0.6125265625 0.716746875 0.6063375 0.7136625000000001 0.60736875 0.708896875 0.604275 0.7046921875 0.6011796875 0.7013281250000001 0.60530625
7 0.752275 0.6327828125 0.7571171875 0.6370015625 0.765528125 0.6477859375 0.774703125 0.6576328124999999 0.7642546875 0.638409375 0.754059375 0.6243421875 0.752275 0.6327828125
7 0.6488 0.7082171875000001 0.6599953125 0.7322437500000001 0.676040625 0.7569578124999999 0.6618609375 0.7246921875 0.64768125 0.69036875 0.6398453125 0.692428125 0.6488 0.7082171875000001
7 0.6357046875 0.693525 0.630228125 0.68965 0.6295968750000001 0.699725 0.6304390625 0.7171640625 0.631703125 0.7396390625 0.638653125 0.7745140625 0.6333875 0.7253015625 0.639075 0.7609515625000001 0.642865625 0.7741265625 0.6430765625 0.7698640625000001 0.6369687500000001 0.7439015625 0.6357046875 0.7311140625 0.6352828125000001 0.7121265625000001 0.6357046875 0.693525
1 0.6215921875 0.6594249999999999 0.6232765625 0.6571 0.6230671875 0.64315 0.6205390625 0.6439250000000001 0.6182218749999999 0.648575 0.6148515625 0.6555500000000001 0.612534375 0.662525 0.6121140625 0.6710499999999999 0.6131671875 0.67415 0.6152734375 0.6753125 0.617590625 0.6737625 0.6209609375 0.6768625 0.623909375 0.6753125 0.622434375 0.668725 0.62138125 0.665625 0.6215921875 0.6594249999999999
0 0.4846242625 0.7337934578125 0.4602863859375 0.729185528125 0.433317325 0.7226027421875 0.4135838953125 0.7206278875 0.3964816 0.7127285640625 0.3793793046875 0.7074623156250001 0.3563569703125 0.7021961171875 0.34451689218750003 0.7008795296875 0.3241256921875 0.6995629921875001 0.29715668125 0.6923219140625 0.2721609828125 0.6831060296875 0.23006303906249997 0.6626993796875 0.2491386484375 0.6811311984375 0.264925403125 0.7048292421875 0.2886055078125 0.7226027421875 0.314916746875 0.725894134375 0.3418858078125 0.724577596875 0.36161923749999997 0.724577596875 0.3747748578125 0.726552403125 0.38924601875 0.727868990625 0.4300284203125 0.73708485 0.4477885375 0.742351096875 0.4701531015625 0.746959028125 0.494490978125 0.748275615625 0.519486675 0.744984221875 0.5444823234375 0.7390597062500001 0.5675046578125 0.7252358671875 0.6017092500000001 0.709437171875 0.6188115953125 0.6969298687500001 0.6464383765624999 0.6936384765625 0.663540721875 0.6956133328125 0.6819586109375 0.6982464562499999 0.701692040625 0.6962716 0.720109828125 0.6725735578125 0.7273454593750001 0.6607245500000001 0.71747874375 0.6442675859375 0.699718678125 0.6646742359375 0.6786697046875 0.6784981250000001 0.6582784546875 0.68047290625 0.6273627687500001 0.6844225921875 0.6181537734375 0.6844225921875 0.6120065640625 0.6868421062500001 0.5951314390625 0.7021961171875 0.56158461875 0.7153616875 0.5346156093750001 0.7212862046875 0.522117759375 0.7324769203125 0.5010687875000001 0.7337934578125 0.4846242625 0.7337934578125
0 0.6753808 0.52116949375 0.6609095390624999 0.52380261875 0.6674873484375 0.5297271359375 0.6332827578125 0.536309921875 0.6188115953125 0.5409178515625 0.589869221875 0.5481589296875 0.5582957140625 0.56329933125 0.5352733796875 0.5764649015625001 0.5023843296875 0.5883139109375 0.48199312968749997 0.588972203125 0.45239298437500003 0.5869973484375001 0.4208195265625 0.58370595625 0.4109528125 0.5790980265625 0.38924601875 0.5665907234375 0.380037075 0.56329933125 0.3695125890625 0.556058278125 0.3510947015625 0.554741715625 0.329387959375 0.554741715625 0.3142589765625 0.5507920281249999 0.2886055078125 0.5448675374999999 0.263609859375 0.5442092421875 0.24256083906249998 0.535651628125 0.215591828125 0.5165615640625 0.21164515156250002 0.5264357421875 0.2208540953125 0.5389430203125001 0.234009715625 0.5461840984374999 0.2537431453125 0.5567165453125 0.270845440625 0.5580331078125 0.292552234375 0.5639576 0.31228566406249997 0.5672489921875 0.3307035015625 0.5679072859375001 0.34451689218750003 0.574490071875 0.36753922656250004 0.5810728562499999 0.38398375156250003 0.5850225171875 0.406348315625 0.5929218656249999 0.426739515625 0.6008212125 0.441210728125 0.6034543125 0.466864196875 0.6054291671875001 0.4912020734375 0.602137775 0.5122510453125 0.5942384281249999 0.5352733796875 0.5856808109375 0.552375725 0.5758066328125 0.57408246875 0.5613245 0.59644708125 0.5606662078125 0.619469415625 0.5507920281249999 0.6569629124999999 0.534335065625 0.6777960375000001 0.5330592109375 0.6931408671875 0.5290688421875 0.7148476593749999 0.5218277875 0.712216475 0.5060290921874999 0.6951142296875 0.512611878125 0.6753808 0.52116949375
7 0.7378699937500001 0.6251775234375 0.75036779375 0.6264940609375 0.7411589000000001 0.6153033453125001 0.7332654484375001 0.6001629187499999 0.724056553125 0.5916053031249999 0.715624984375 0.585690790625 0.7049809453125 0.5916053031249999 0.70826985 0.6001629187499999 0.712216475 0.6041126046875 0.7273454593750001 0.6166198828125 0.7378699937500001 0.6251775234375
5 0.33815625 0.5955546875 0.361625 0.5955546875 0.361625 0.46316406250000003 0.33815625 0.46316406250000003 0.33815625 0.5955546875
5 0.360359375 0.5968671875 0.385296875 0.5968671875 0.385296875 0.4738515625 0.360359375 0.4738515625 0.360359375 0.5968671875
5 0.5878281249999999 0.571203125 0.615515625 0.571203125 0.615515625 0.459703125 0.5878281249999999 0.459703125 0.5878281249999999 0.571203125
5 0.6634921874999999 0.7081171875 0.7155078125000001 0.7081171875 0.7155078125000001 0.6315703125 0.6634921874999999 0.6315703125 0.6634921874999999 0.7081171875
5 0.31842187499999997 0.7818515625 0.34385937499999997 0.7818515625 0.34385937499999997 0.6597109375 0.31842187499999997 0.6597109375 0.31842187499999997 0.7818515625
5 0.2748359375 0.787765625 0.3149140625 0.787765625 0.3149140625 0.6621718750000001 0.2748359375 0.6621718750000001 0.2748359375 0.787765625
5 0.22878125 0.7667109375 0.27018749999999997 0.7667109375 0.27018749999999997 0.6514765625 0.22878125 0.6514765625 0.22878125 0.7667109375
