1 0.262063996875 0.398542590625 0.2749047015625 0.4005625015625 0.281426984375 0.359101596875 0.26858633906249996 0.357081690625 0.262063996875 0.398542590625
1 0.3621499890625 0.42540626875000004 0.353593209375 0.42560840781250003 0.354282775 0.4547968765625 0.36283955625000003 0.4545947375 0.3621499890625 0.42540626875000004
1 0.706160334375 0.36598855 0.6984138953125 0.3676946671875 0.7041944703125 0.3939396125 0.7119409078125 0.3922334984375 0.706160334375 0.36598855
1 0.6393465843749999 0.5502639031250001 0.6799922890625 0.5355974359375 0.65927735 0.4781946453125 0.6186319984375 0.4928610421875 0.6393465843749999 0.5502639031250001
1 0.6121032359374999 0.5570057046875 0.6233013093750001 0.5559987015625001 0.61962138125 0.5150811578125001 0.60842338125 0.5160881578125001 0.6121032359374999 0.5570057046875
1 0.380401703125 0.5568966921875 0.39102920937499996 0.5582468281249999 0.3957687765625 0.5209427703125 0.385141334375 0.5195926390625 0.380401703125 0.5568966921875
1 0.3684202125 0.498389984375 0.3542898109375 0.4990563734375 0.356453390625 0.5449301656250001 0.37058379218750004 0.5442637796875001 0.3684202125 0.498389984375
1 0.3355239484375 0.48050361875 0.32116864375 0.47977719687500003 0.3186626640625 0.5292957984375 0.3330179671875 0.5300222171875 0.3355239484375 0.48050361875
1 0.30813299843749997 0.5174581734375 0.31780793125 0.517838359375 0.3191696234375 0.4831882515625 0.3094947421875 0.482808065625 0.30813299843749997 0.5174581734375
1 0.255663453125 0.42188794218750003 0.22929529999999998 0.4310140921875 0.2447776578125 0.4757444859375 0.2711457953125 0.4666183640625 0.255663453125 0.42188794218750003
