3 0.41356178125 0.488337103125 0.38363789531250003 0.4838524859375 0.375097240625 0.5408360703125 0.40502112187500006 0.5453206671874999 0.41356178125 0.488337103125
3 0.4372655640625 0.48617107031250006 0.4040267109375 0.48807791875 0.4077179609375 0.5524160250000001 0.44095681249999996 0.5505091859375 0.4372655640625 0.48617107031250006
3 0.597841634375 0.4874336078125 0.564768865625 0.49122824062500003 0.5732725125 0.5653371296875 0.6063452765624999 0.5615425187499999 0.597841634375 0.4874336078125
3 0.6260188265625 0.5470390890625 0.6260187265625 0.48432028281250006 0.5927312812500001 0.4843203765625 0.592731215625 0.5470390187499999 0.6260188265625 0.5470390890625
3 0.66997865625 0.51547450625 0.712820596875 0.510257709375 0.7027574171875 0.4276240265625 0.6599159921875 0.43284079062499997 0.66997865625 0.51547450625
3 0.7105181375 0.5175009296875 0.6580102015625 0.532859384375 0.6778913734375 0.6008233390625 0.730399271875 0.585464978125 0.7105181375 0.5175009296875
3 0.59728899375 0.6426726921875 0.630935403125 0.6372038765625 0.6210209718749999 0.5762144499999999 0.5873749375 0.5816832359374999 0.59728899375 0.6426726921875
9 0.26894 0.41617776093750003 0.311439496875 0.42709762500000004 0.34284975625 0.3048549328125 0.300350834375 0.29393515 0.26894 0.41617776093750003
3 0.3496781625 0.5356542984375 0.30491476875 0.5226693625000001 0.2882718546875 0.5800377906249999 0.333035221875 0.5930226609375 0.3496781625 0.5356542984375
7 0.32392953750000003 0.67974224375 0.326137359375 0.6803569859375 0.3441221046875 0.6157738296875 0.341914309375 0.6151590921875 0.32392953750000003 0.67974224375
7 0.41613021406249995 0.41186374531250003 0.41235071874999996 0.412152328125 0.4180372421875 0.48662280312500006 0.42181673750000004 0.486334221875 0.41613021406249995 0.41186374531250003
7 0.41647614375 0.45166628124999997 0.42181402968750004 0.4517872265625 0.423022521875 0.39845331562499997 0.41768467343750004 0.3983323703125 0.41647614375 0.45166628124999997
