1 0.22494488906250001 0.4938010515625 0.2334821390625 0.4959529625 0.24643547031250002 0.4445668078125 0.23789828124999998 0.4424149046875 0.22494488906250001 0.4938010515625
1 0.21483616093750002 0.48550529062500003 0.2254397046875 0.483731228125 0.22194782656249998 0.46286187187500005 0.21134431562499997 0.46463593124999997 0.21483616093750002 0.48550529062500003
1 0.2760699140625 0.488268625 0.26735163125 0.48860773281250003 0.2683241703125 0.513609378125 0.27704245312500003 0.513270271875 0.2760699140625 0.488268625
3 0.46833044218750003 0.639053296875 0.4905271046875 0.6285563015625 0.47666240000000004 0.599241934375 0.454465853125 0.6097388953125 0.46833044218750003 0.639053296875
3 0.611893265625 0.50153518125 0.58809513125 0.5035462609375 0.5951500609375 0.5870235218750001 0.61894819375 0.58501245625 0.611893265625 0.50153518125
3 0.618417396875 0.5752222 0.6628368796874999 0.561989925 0.6399661609375 0.48522283593750004 0.5955472171875 0.49845502656249996 0.618417396875 0.5752222
1 0.6721714015625 0.6093952218750001 0.66205146875 0.6124146140625 0.6678372703125001 0.6318042984375001 0.6779572 0.6287849125 0.6721714015625 0.6093952218750001
1 0.6550469390625 0.635445378125 0.6642389750000001 0.6347643890625 0.6626758609375 0.613668134375 0.6534838625 0.6143491234375 0.6550469390625 0.635445378125
1 0.3230947125 0.66982806875 0.3418558140625 0.6400892875 0.2992735984375 0.6132291609375 0.2805125171875 0.6429677953125 0.3230947125 0.66982806875
1 0.2782285890625 0.625758325 0.2883574140625 0.627923390625 0.294035140625 0.6013642578125 0.2839063640625 0.5991991984375 0.2782285890625 0.625758325
9 0.241903465625 0.5794467515624999 0.18409197500000002 0.5558358640625001 0.13651806875 0.6723078375 0.1943294015625 0.6959184406250001 0.241903465625 0.5794467515624999
9 0.7966667796875 0.6818215515625 0.8358726578125 0.6064892093750001 0.7541091625 0.56394134375 0.7149032 0.6392730328125 0.7966667796875 0.6818215515625
6 0.3388322921875 0.708061184375 0.3078725328125 0.68797595 0.2610707953125 0.760105471875 0.29203040156250004 0.7801905125 0.3388322921875 0.708061184375
6 0.273259196875 0.720045740625 0.2535163421875 0.71856589375 0.25038574375 0.760324809375 0.270128596875 0.7618046484375001 0.273259196875 0.720045740625
6 0.6322379390624999 0.3777583484375 0.606165503125 0.3903936953125 0.6271341500000001 0.433659334375 0.6532065625000001 0.421024025 0.6322379390624999 0.3777583484375
7 0.5967833375 0.507227553125 0.6037947015625 0.5066964234375 0.5982142859375 0.43303571406249997 0.591202996875 0.433566840625 0.5967833375 0.507227553125
7 0.6403096078125 0.4957670375 0.64525804375 0.496400528125 0.6518519453125 0.4448964609375 0.6469035437499999 0.4442629734375 0.6403096078125 0.4957670375
6 0.75844785625 0.705729809375 0.7213835453125 0.7248126703125 0.7380795671875 0.7572357421875 0.775143825 0.7381529578125 0.75844785625 0.705729809375
7 0.3157850515625 0.78309983125 0.3221552609375 0.7849629671875 0.3560616046875 0.6690534984375 0.349691553125 0.6671903875 0.3157850515625 0.78309983125
7 0.624949809375 0.49726690625 0.6285524859375 0.496786778125 0.6239071093749999 0.46193240625 0.6203044515625 0.46241253281250005 0.624949809375 0.49726690625
6 0.7321850546875 0.737026534375 0.6967851234375 0.72939065625 0.6891680609375 0.764697396875 0.72456798125 0.7723332453125 0.7321850546875 0.737026534375
