1 0.23074843750000001 0.4860109375 0.229146875 0.493859375 0.231015625 0.49533125 0.234484375 0.4869921875 0.2376875 0.47914218750000004 0.239821875 0.47080312500000004 0.2427578125 0.4585390625 0.2448921875 0.45068906249999996 0.2454265625 0.4443125 0.239021875 0.44970781249999997 0.237153125 0.4531421875 0.23395000000000002 0.4585390625 0.23235 0.46442500000000003 0.23208281249999999 0.47374687499999996 0.23074843750000001 0.4860109375
1 0.22354375 0.4840484375 0.22434375 0.47718125 0.2232765625 0.47080312500000004 0.2192734375 0.467859375 0.2155375 0.463934375 0.21206718750000003 0.46540625 0.21286875 0.47374687499999996 0.21767187500000001 0.4815953125 0.22354375 0.4840484375
1 0.2678421875 0.5012187499999999 0.271578125 0.5134828125 0.27558125 0.5100484375 0.27638281249999996 0.4963125 0.27104531249999997 0.4884640625 0.267575 0.49435 0.2678421875 0.5012187499999999
1 0.31908125 0.5301625 0.3172125 0.5208421875 0.31454375 0.524275 0.313209375 0.531634375 0.3142765625 0.5389921875 0.3174796875 0.5448796875 0.31988125 0.5404640625 0.31908125 0.5301625
1 0.3214828125 0.526728125 0.321215625 0.5301625 0.31988125 0.5463515625 0.32174843750000004 0.5468421875 0.3236171875 0.5448796875 0.3254859375 0.5424265625 0.3262859375 0.5340874999999999 0.3257515625 0.5257468750000001 0.3236171875 0.5213328125000001 0.3214828125 0.526728125
3 0.48026718749999997 0.6076734375 0.477865625 0.6017859375 0.4743953125 0.6003140625000001 0.47119375 0.6057109374999999 0.4661234375 0.61503125 0.4639875 0.6263140625 0.465321875 0.6326921875 0.4714609375 0.6317109375000001 0.477865625 0.6341640625 0.48800625000000003 0.6297484375 0.4885390625 0.6243531250000001 0.484803125 0.617484375 0.48026718749999997 0.6076734375
3 0.6062265625000001 0.5860875 0.6115640625000001 0.582653125 0.61716875 0.5767671875 0.6166343750000001 0.557634375 0.6123640625 0.5537093750000001 0.6078281249999999 0.53703125 0.6080953124999999 0.5188796875 0.60569375 0.5115203125 0.5982203125 0.502690625 0.590215625 0.5041625 0.58968125 0.5223140625 0.5960859375 0.53310625 0.5952859375 0.5468421875 0.5939515625 0.5684265625 0.5939515625 0.5728421875 0.5979546874999999 0.5821625 0.6062265625000001 0.5860875
1 0.6644953124999999 0.6203624999999999 0.6664796875000001 0.6272546875 0.66890625 0.6304984375 0.6722140624999999 0.6304984375 0.6757421875 0.62644375 0.6750812500000001 0.619146875 0.6706703125 0.6118484375000001 0.6680234375 0.6106328125 0.6627296874999999 0.6146874999999999 0.6644953124999999 0.6203624999999999
1 0.6598625 0.6138765625 0.6563343749999999 0.6179296875 0.6539078125 0.6199578125 0.65435 0.6260390625000001 0.654790625 0.6292828125 0.6600843750000001 0.6345531249999999 0.661628125 0.6349578124999999 0.6638328125 0.6292828125 0.663171875 0.6203624999999999 0.6618484375 0.6163078125 0.6598625 0.6138765625
1 0.6413375 0.6333375 0.6431015625 0.6248218750000001 0.63979375 0.625228125 0.6347203125 0.6292828125 0.6303093750000001 0.6321203125 0.625015625 0.6333375 0.6276625 0.6361749999999999 0.63075 0.6390125 0.6342796875000001 0.63941875 0.63979375 0.6361749999999999 0.6413375 0.6333375
1 0.300590625 0.6556328125 0.3061953125 0.6551421875 0.31446718749999997 0.6571046875000001 0.3203390625 0.6615203125 0.323540625 0.6615203125 0.3304796875 0.6571046875000001 0.334215625 0.6522 0.336884375 0.64533125 0.33368125000000004 0.6374828124999999 0.3299453125 0.6325765624999999 0.32220624999999997 0.6286515625 0.31153125 0.62129375 0.302725 0.61540625 0.2941859375 0.62129375 0.2901828125 0.64533125 0.292584375 0.6502375 0.300590625 0.6556328125
1 0.282675 0.6255 0.286684375 0.62365625 0.29029375 0.618865625 0.2925 0.6085453125 0.29209843750000003 0.6011734375 0.2896921875 0.6004359375 0.2856828125 0.6019109375 0.281671875 0.6096515625000001 0.2804703125 0.6262375 0.282675 0.6255
7 0.33615965625 0.6461784374999999 0.3252240140625 0.739982871875 0.30960160000000003 0.7931387078125 0.33615965625 0.7665607296875 0.3767779109375 0.6289811125 0.35646884375 0.6258541671875 0.33615965625 0.6461784374999999
9 0.8148437140624999 0.6234375015625 0.7673383984375 0.5648813609375 0.7485915484375 0.5977129875 0.729844459375 0.6336711984375001 0.7720251703125001 0.6633759421875001 0.8048320984374999 0.6774465625 0.8148437140624999 0.6234375015625
9 0.6392476203124999 0.46706422343750004 0.61591825 0.4070294171875 0.615085003125 0.46122750156250003 0.615085003125 0.5279328328124999 0.6200842265625 0.5621193359375 0.6491666484375 0.562708334375 0.6584111421875 0.563786975 0.664243484375 0.5471106421874999 0.6600775078125001 0.50375216875 0.6542451640625 0.48707583593750003 0.6509124328125 0.430376309375 0.6392476203124999 0.46706422343750004
6 0.30680268593750004 0.7480604765625001 0.32013380156250004 0.7155416140625 0.2784740296875 0.74889428125 0.26687498125000003 0.7168750015625001 0.2518118 0.729716471875 0.250978553125 0.76140153125 0.2726416859375 0.7597338578125 0.28014039375 0.7714073046875 0.290138778125 0.7730749765625 0.30680268593750004 0.7480604765625001
