3 0.262415625 0.544321875 0.259396875 0.554025 0.259775 0.56095625 0.2676953125 0.5623421875 0.27033593749999996 0.5658078125 0.2729765625 0.5692734374999999 0.2763703125 0.5720453125 0.28051875000000004 0.5713515625000001 0.2850453125 0.5713515625000001 0.28730781250000004 0.5713515625000001 0.289571875 0.56719375 0.292965625 0.557490625 0.29145781249999997 0.554025 0.2880625 0.5526390625000001 0.28466874999999997 0.5470937499999999 0.28051875000000004 0.54085625 0.2763703125 0.54155 0.274484375 0.5401640624999999 0.2692046875 0.5366984375 0.264678125 0.5387765625000001 0.262415625 0.544321875
3 0.308053125 0.5810562499999999 0.3110703125 0.5859078125 0.31408749999999996 0.589371875 0.3163515625 0.590759375 0.3182359375 0.590759375 0.32577968749999997 0.589371875 0.32766562499999996 0.589371875 0.331815625 0.58729375 0.3355859375 0.5824421875 0.343884375 0.5824421875 0.34916562500000003 0.5762046875 0.3495421875 0.5602625 0.3442609375 0.5554109375 0.33785 0.54848125 0.336340625 0.5533328125 0.3314375 0.557490625 0.3269109375 0.5602625 0.323140625 0.557490625 0.3088078125 0.563728125 0.308053125 0.5810562499999999
7 0.3650953125 0.5202203125 0.361746875 0.5240078125000001 0.366384375 0.438325 0.3583984375 0.5330015625 0.361746875 0.5301609375 0.3643234375 0.5259015625 0.3681875 0.525428125 0.3692171875 0.47856249999999995 0.3684453125 0.4440046875 0.372309375 0.415128125 0.36715624999999996 0.441165625 0.36715624999999996 0.47856249999999995 0.36458124999999997 0.4993921875 0.3650953125 0.5202203125
3 0.4993125 0.5926484375000001 0.49982812499999996 0.6148984375000001 0.503434375 0.61253125 0.5070421875 0.6111109375 0.51090625 0.6063765625 0.5119359375 0.5973828125 0.5106484375 0.5827078125 0.505753125 0.5718203125 0.49879843749999997 0.5722937499999999 0.4993125 0.5926484375000001
3 0.6932968749999999 0.529215625 0.687371875 0.530634375 0.6788703125 0.532528125 0.6747484375 0.5334749999999999 0.6742328125 0.53915625 0.6762937499999999 0.5476765625 0.6788703125 0.55004375 0.685053125 0.5519375 0.6878875 0.5519375 0.6966453125000001 0.5505171875 0.701540625 0.545309375 0.7072078125 0.5367890625 0.7095265625 0.5240078125000001 0.713390625 0.5202203125 0.7113296874999999 0.5112265625 0.70798125 0.5017578125 0.707465625 0.49323750000000005 0.7048890625 0.49039687499999995 0.7005109375 0.4856640625 0.69613125 0.4861359375 0.6935546875 0.49134374999999997 0.6925234375 0.5003390624999999 0.6950999999999999 0.50980625 0.69613125 0.5211671875 0.6932968749999999 0.529215625
3 0.721634375 0.526375 0.72446875 0.5277953125 0.728590625 0.52826875 0.73039375 0.5273218749999999 0.734 0.5225875 0.7365765625 0.5221140625 0.7406984375000001 0.5211671875 0.742759375 0.5187999999999999 0.7412140625 0.5140671875 0.7406984375000001 0.5008109375 0.7394093749999999 0.494184375 0.73631875 0.49323750000000005 0.732196875 0.494184375 0.7296203125 0.4984453125 0.7270453125 0.5036515625 0.7203468749999999 0.5069656250000001 0.7177703125 0.5150140624999999 0.71983125 0.525428125 0.721634375 0.526375
3 0.6997375 0.59975 0.7007671875 0.6044828125 0.7025718750000001 0.607796875 0.707465625 0.607796875 0.71390625 0.60874375 0.716740625 0.61253125 0.71983125 0.614425 0.7229234375 0.6120578125 0.7270453125 0.6092171875 0.735803125 0.6044828125 0.7388953125 0.5983296874999999 0.740440625 0.58696875 0.7414703125 0.580340625 0.74224375 0.5779734375000001 0.7417281250000001 0.5666125 0.7396671875 0.561878125 0.7337421875000001 0.5623515625 0.7102999999999999 0.5727671875 0.7038593750000001 0.5836546874999999 0.6997375 0.59975
2 0.64795625 0.6210515625 0.6440921875 0.624365625 0.6407437500000001 0.637146875 0.6440921875 0.6556093749999999 0.6523359375 0.6764390625 0.655428125 0.6773859375 0.6592921875 0.67833125 0.661353125 0.6797515625 0.669596875 0.6778578125 0.6752640624999999 0.67501875 0.6819625 0.6688640625 0.6868562500000001 0.6608171875 0.6922671874999999 0.6504015625 0.69845 0.63809375 0.7030859375 0.6253124999999999 0.6987062500000001 0.6106374999999999 0.6932968749999999 0.5964359375 0.689690625 0.5935953125 0.6829921875 0.5935953125 0.673203125 0.6030640625 0.6688234375000001 0.6158453125000001 0.662640625 0.6177390625 0.6551703125 0.6148984375000001 0.64795625 0.6210515625
7 0.7005109375 0.693953125 0.69613125 0.6925328125 0.6935546875 0.6934796875 0.69613125 0.7029484375 0.705146875 0.7176234375 0.731165625 0.7540734375 0.7023140625 0.6972671874999999 0.7005109375 0.693953125
7 0.718028125 0.6840124999999999 0.7072078125 0.6707578125 0.7017984375 0.6627109375 0.6987062500000001 0.6688640625 0.7038593750000001 0.6769125 0.7108140625 0.6854328125 0.71983125 0.7001078125 0.731165625 0.7261437500000001 0.7445625 0.743659375 0.7337421875000001 0.7204640625 0.7265296875 0.7048421874999999 0.718028125 0.6840124999999999
1 0.32980312500000003 0.6868531250000001 0.333409375 0.6835390625 0.3377890625 0.680225 0.33753125 0.673125 0.3359859375 0.6627109375 0.3292875 0.6541890625 0.326196875 0.6570296875 0.3277421875 0.6745453125 0.32980312500000003 0.6868531250000001
1 0.288584375 0.7091015625 0.29605468749999997 0.7020015625 0.3061015625 0.695846875 0.314603125 0.6882734375 0.3207859375 0.6764390625 0.3249078125 0.668390625 0.325834375 0.6506062499999999 0.321921875 0.6459374999999999 0.3158921875 0.6451953125000001 0.3128 0.6404609375 0.308678125 0.6286265625 0.3058453125 0.6248390625 0.2983734375 0.6253124999999999 0.2911609375 0.6286265625 0.2916765625 0.6475625 0.286265625 0.6556093749999999 0.2782796875 0.651821875 0.269778125 0.6541890625 0.266171875 0.6608171875 0.26436875 0.673125 0.26565625000000004 0.68590625 0.268490625 0.697740625 0.2736421875 0.7072078125 0.279053125 0.7091015625 0.288584375 0.7091015625
7 0.2728359375 0.7209328125 0.27869062499999997 0.711465625 0.2815015625 0.7080234375 0.2728359375 0.7071625 0.263 0.722225 0.250821875 0.7394390625 0.23864375 0.7575140625000001 0.23512968750000002 0.7648296875 0.2477765625 0.7566531249999999 0.2599546875 0.7403 0.267215625 0.7304015625 0.2728359375 0.7209328125
7 0.2512890625 0.705440625 0.24473281249999998 0.7179203125 0.23840937499999998 0.734275 0.22669999999999998 0.7467546875 0.23559843749999998 0.744603125 0.23981406249999998 0.7377171875 0.2452 0.7260984374999999 0.25105625 0.711465625 0.2559734375 0.7050109375 0.2611265625 0.6985546874999999 0.266746875 0.6912390625 0.270728125 0.681340625 0.26791718750000004 0.68005 0.265575 0.6856453124999999 0.2576125 0.6946828125 0.2512890625 0.705440625
0 0.536588971875 0.7002212625 0.5069888265625 0.7041709218750001 0.4846242625 0.7054875109375 0.45041967187500004 0.706804046875 0.4254239734375 0.706804046875 0.41161058281249996 0.7021961171875 0.3793793046875 0.6982464562499999 0.366223684375 0.6936384765625 0.339254675 0.687055690625 0.329387959375 0.685739128125 0.303734490625 0.6798146375 0.2840010609375 0.669940459375 0.26952989843749997 0.6620411625 0.2576898203125 0.6574331578125 0.2465075640625 0.670598728125 0.2550586875 0.67783980625 0.270845440625 0.687713984375 0.273476575 0.6956133328125 0.28071215625 0.708120634375 0.299787815625 0.709437171875 0.31623233906250003 0.7074623156250001 0.3333346359375 0.706804046875 0.35438360625 0.706145778125 0.3747748578125 0.708120634375 0.404375003125 0.7133868328124999 0.41818839375000005 0.7226027421875 0.43068624218749996 0.723919278125 0.45173521406250006 0.7252358671875 0.48922871093750003 0.7212862046875 0.512908865625 0.7219444734375 0.52474889375 0.7199696171875 0.5451400937499999 0.716678225 0.5773713734375 0.7120702953125 0.59447371875 0.708120634375 0.605655975 0.706804046875 0.6260472265625 0.7054875109375 0.650385103125 0.7015378484375 0.6681451703125 0.6975881375 0.6931408671875 0.6758649515624999 0.712874296875 0.6567748875 0.7214254703125 0.6416344875 0.7062964875 0.6343934078125 0.6766963421875001 0.6561165953125 0.6536740078125 0.6771815125 0.61486486875 0.6811311984375 0.5911847640625 0.6831060296875 0.5622424406250001 0.688372303125 0.536588971875 0.7002212625
0 0.62933613125 0.52511918125 0.64972728125 0.510637046875 0.66222518125 0.5112953171875 0.66617180625 0.496154915625 0.6681451703125 0.48364765 0.6701185328125 0.48167279531249996 0.64972728125 0.49681320781249994 0.6326250359375 0.512611878125 0.6181537734375 0.5191946640625 0.5911847640625 0.5277522796875 0.5905269921875 0.5389430203125001 0.62933613125 0.52511918125
0 0.3491213890625 0.52511918125 0.3280723671875 0.52116949375 0.303734490625 0.510637046875 0.2833432890625 0.49681320781249994 0.263322353125 0.48947368437499994 0.25900536406249997 0.510637046875 0.2879477375 0.5224860578125 0.3070233953125 0.5349933578125 0.32281015 0.5369681890625 0.3471480265625 0.54289270625 0.3491213890625 0.52511918125
