1 0.2913 0.5158546875 0.29355625 0.5249921875 0.2976203125 0.5200078125 0.3003296875 0.509209375 0.298975 0.49508906250000007 0.29400781249999997 0.5025640625000001 0.2913 0.5158546875
1 0.3125203125 0.5042265625 0.3107140625 0.49758125 0.30439375 0.5067171874999999 0.3003296875 0.515025 0.298975 0.5258234374999999 0.2994265625 0.540775 0.3048453125 0.5341296875 0.3057484375 0.5249921875 0.307553125 0.5166859374999999 0.3116171875 0.5125328125 0.3125203125 0.5042265625
1 0.3350953125 0.527484375 0.3319359375 0.543265625 0.3323875 0.5557265625000001 0.3378046875 0.5665250000000001 0.3432234375 0.5640328125 0.34683593749999997 0.552403125 0.3477390625 0.534959375 0.3477390625 0.5133625 0.34186875 0.518346875 0.3350953125 0.527484375
1 0.3639921875 0.5457578125 0.3621875 0.5341296875 0.35676874999999997 0.5266531249999999 0.34999531250000004 0.5424359375 0.34909218750000004 0.560709375 0.34999531250000004 0.5715078124999999 0.3608328125 0.5565562500000001 0.3639921875 0.5457578125
1 0.6285796875 0.5632015625 0.6362546874999999 0.57483125 0.6362546874999999 0.561540625 0.633996875 0.544928125 0.629934375 0.540775 0.6258703125 0.5548953125 0.6285796875 0.5632015625
1 0.6796 0.515025 0.674634375 0.5067171874999999 0.6723765625 0.518346875 0.672828125 0.5299765625 0.6796 0.5399437500000001 0.6836640625 0.5399437500000001 0.6827609375 0.5249921875 0.6796 0.515025
1 0.6827609375 0.515025 0.684115625 0.5291453125000001 0.689984375 0.5241609375 0.691790625 0.5158546875 0.6908875 0.5058874999999999 0.684115625 0.5025640625000001 0.6827609375 0.515025
1 0.7211390625 0.586459375 0.7193328125 0.58230625 0.713915625 0.58230625 0.7161734375 0.595596875 0.7193328125 0.603903125 0.7211390625 0.6014109375000001 0.7229453125 0.5931046875 0.7211390625 0.586459375
1 0.7152703125000001 0.59144375 0.7107546874999999 0.587290625 0.7094 0.595596875 0.7089484374999999 0.6022421875 0.7125609374999999 0.60805625 0.7170765625 0.6097171875 0.7161734375 0.59975 0.7152703125000001 0.59144375
1 0.6651515625 0.6246703124999999 0.667409375 0.6371296875 0.671021875 0.6454359375000001 0.675084375 0.6462656250000001 0.6755359375000001 0.6429437499999999 0.674634375 0.6329765625 0.67373125 0.62633125 0.6723765625 0.620515625 0.6660546875 0.61719375 0.6651515625 0.6246703124999999
1 0.6574765625000001 0.6288234375 0.65521875 0.639621875 0.65521875 0.6495890625 0.6606375 0.6554031250000001 0.6669578125 0.6620484375 0.667409375 0.6504203125 0.6642484375000001 0.6362984375 0.6642484375000001 0.6196859375 0.6610875 0.6230078125 0.6574765625000001 0.6288234375
1 0.37934375 0.65208125 0.378440625 0.6387906250000001 0.3730234375 0.637959375 0.372571875 0.647096875 0.368959375 0.6603875 0.36489531249999996 0.6703546874999999 0.36805625000000003 0.6761703125 0.373475 0.672015625 0.3757328125 0.6662015625000001 0.378440625 0.66121875 0.37934375 0.65208125
2 0.3626390625 0.6703546874999999 0.3685078125 0.66121875 0.3712171875 0.6487578125 0.372571875 0.6346375 0.372571875 0.6196859375 0.36805625000000003 0.6113796875 0.361284375 0.6113796875 0.354059375 0.6113796875 0.3486421875 0.6030734375 0.3414171875 0.596428125 0.331484375 0.5989203125 0.324259375 0.6014109375000001 0.3170359375 0.6088875 0.3125203125 0.6313140625 0.3170359375 0.647096875 0.3319359375 0.6554031250000001 0.3423203125 0.6578953125 0.3508984375 0.6603875 0.3599296875 0.6703546874999999 0.3626390625 0.6703546874999999
3 0.33825625000000004 0.6753390625 0.34502968749999996 0.6803234375 0.34819062500000003 0.6728468750000001 0.34999531250000004 0.66121875 0.34593281249999996 0.6554031250000001 0.340965625 0.6495890625 0.3323875 0.6487578125 0.3247109375 0.656234375 0.3247109375 0.6662015625000001 0.33058125 0.6703546874999999 0.3350953125 0.6678625 0.33825625000000004 0.6753390625
1 0.3003296875 0.6113796875 0.3021359375 0.6246703124999999 0.3021359375 0.637959375 0.3030390625 0.6495890625 0.309359375 0.6387906250000001 0.31206875 0.629653125 0.3152296875 0.6188546875000001 0.31568125 0.6014109375000001 0.3089078125 0.6030734375 0.3003296875 0.6113796875
7 0.3405140625 0.706903125 0.34683593749999997 0.6786609375 0.3396109375 0.6803234375 0.33735312500000003 0.691121875 0.3323875 0.721025 0.3188421875 0.7750171875 0.3346453125 0.733484375 0.3405140625 0.706903125
7 0.32832343750000004 0.672015625 0.3220015625 0.65955625 0.3170359375 0.6761703125 0.309359375 0.6919515625 0.3030390625 0.7135484375 0.2872359375 0.7476046875 0.298975 0.732653125 0.3080046875 0.7093953125 0.3152296875 0.695275 0.322453125 0.6819843750000001 0.32832343750000004 0.672015625
9 0.6613277328125 0.3443072671875 0.6710524890625 0.38045028125 0.6918913437499999 0.41242283124999995 0.703472190625 0.44131944531249995 0.7294012375000001 0.45134602968750004 0.74885085625 0.42076351875 0.7474616203125 0.379060109375 0.7141194328125 0.3331863703125 0.6613277328125 0.3443072671875
9 0.7946963765625 0.6404014625000001 0.7724682875 0.615379428125 0.7710789453125 0.5778463484375 0.7419045703125 0.5472638921875 0.712730196875 0.5750661640625 0.7280120015625 0.6028684375 0.7329860796875 0.6218750015625 0.736347521875 0.622329996875 0.7474616203125 0.6654235515625 0.78636085625 0.6807147796875 0.7974748484374999 0.6584729828125 0.7946963765625 0.6404014625000001
