1 0.3030378984375 0.495916765625 0.2956680109375 0.49441535468750003 0.2896024453125 0.5241867109375 0.29697233125 0.52568811875 0.3030378984375 0.495916765625
1 0.2928974109375 0.5387279 0.302463096875 0.5417270515625 0.315804875 0.4991773890625 0.3062392515625 0.496178246875 0.2928974109375 0.5387279
1 0.33075058749999997 0.5661598171875 0.34608264218749996 0.5669535406249999 0.34885419375 0.5134202296875 0.333522275 0.512626509375 0.33075058749999997 0.5661598171875
1 0.3649164921875 0.527055771875 0.3507899421875 0.5263576624999999 0.3485619984375 0.57143698125 0.3626885484375 0.5721350875 0.3649164921875 0.527055771875
1 0.6287189875 0.575855334375 0.6380282937499999 0.5745902203125001 0.6333689812500001 0.54030824375 0.62405973125 0.541573353125 0.6287189875 0.575855334375
1 0.6718840109374999 0.6161375234375 0.6638684921875 0.6175898703125 0.6692562953125 0.6473216234375 0.6772718125 0.6458692796875 0.6718840109374999 0.6161375234375
1 0.656609596875 0.6631125890625 0.6685881124999999 0.6618807859375 0.6642484375000001 0.6196859375 0.65227001875 0.6209177343750001 0.656609596875 0.6631125890625
1 0.38373468593750004 0.6401187515625 0.3731479875 0.6374628546875 0.3637097359375 0.6750799015625 0.3742964296875 0.6777357875 0.38373468593750004 0.6401187515625
2 0.3281165546875 0.5890133359374999 0.300783934375 0.6380369078125 0.3623097984375 0.6723355 0.3896420359375 0.623312259375 0.3281165546875 0.5890133359374999
1 0.29934298125000003 0.64949339375 0.3144265 0.6498838124999999 0.31568125 0.6014109375000001 0.30059787031249996 0.601020521875 0.29934298125000003 0.64949339375
7 0.318567940625 0.7749562140624999 0.3251004875 0.7764085781250001 0.346835971875 0.6786609453125 0.34030356093749997 0.677208596875 0.318567940625 0.7749562140624999
7 0.331726934375 0.6633956734375 0.3220012390625 0.659556121875 0.2872359375 0.7476046875 0.29696161249999997 0.7514442 0.331726934375 0.6633956734375
