2 0.6585664234374999 0.537456228125 0.7044406249999999 0.5349649953125 0.7003620953125 0.4598727484375 0.6544884140625 0.4623639671875 0.6585664234374999 0.537456228125
2 0.623981271875 0.5554000234375 0.6239811890625 0.4912890390625 0.5978265921875 0.4912891046875 0.5978265421875 0.5553999578125 0.623981271875 0.5554000234375
2 0.378473228125 0.550914884375 0.405718453125 0.5516157296875 0.4073481765625 0.48826107656250006 0.380103225 0.48756023437499996 0.378473228125 0.550914884375
9 0.33212215624999997 0.3276265765625 0.304113521875 0.3236764640625 0.28685069375 0.446074928125 0.314859321875 0.4500250125 0.33212215624999997 0.3276265765625
9 0.2669896859375 0.6701587046874999 0.3064661109375 0.6705694640625001 0.3079117640625 0.5316033 0.26843631874999996 0.5311925468750001 0.2669896859375 0.6701587046874999
4 0.596993834375 0.39094191875 0.5999687515625001 0.492187534375 0.6176765625 0.49166718749999994 0.614701528125 0.3904216921875 0.596993834375 0.39094191875
3 0.6794512625 0.4885209640625 0.6521045359375 0.47572139375000005 0.6219738031250001 0.5400917671875 0.649320484375 0.5528912671875 0.6794512625 0.4885209640625
3 0.6551699296875 0.593908571875 0.6964587343749999 0.586728615625 0.6901260109375 0.5503162406250001 0.648837465625 0.557496175 0.6551699296875 0.593908571875
3 0.345637934375 0.5707287765625 0.35487278125 0.5390689625 0.3153921546875 0.5275538875 0.30615724375000003 0.55921359375 0.345637934375 0.5707287765625
3 0.37796466875 0.595375421875 0.39650865 0.573742840625 0.3586704859375 0.54131028125 0.3401265671875 0.5629427687499999 0.37796466875 0.595375421875
7 0.389423075 0.4831730765625 0.39903846875000004 0.4831730765625 0.399038428125 0.40625 0.3894231359375 0.40625 0.389423075 0.4831730765625
7 0.6561911140625 0.3951062125 0.6471108812499999 0.397700415625 0.6683372656250001 0.4719929171875 0.6774174937499999 0.46939872656250003 0.6561911140625 0.3951062125
