1 0.336078125 0.4356046875 0.329609375 0.44244374999999997 0.3276671875 0.46432812500000004 0.33122656250000004 0.4786890625 0.33252031249999997 0.48757968749999997 0.3393140625 0.488946875 0.342871875 0.4766375 0.342871875 0.46227656250000004 0.344165625 0.454753125 0.3431953125 0.4458640625 0.3412546875 0.4356046875 0.336078125 0.4356046875
2 0.35969375000000003 0.5183546875 0.36519218750000004 0.5135671875 0.3700453125 0.5005734375 0.3732796875 0.4827921875 0.37586718750000003 0.4615921875 0.37133906250000004 0.45133437499999995 0.3632515625 0.44723125 0.3554875 0.44449531249999996 0.349665625 0.4485984375 0.34351875 0.45885781249999996 0.344165625 0.48142500000000005 0.3451359375 0.495103125 0.35031249999999997 0.5122 0.3545171875 0.52040625 0.35969375000000003 0.5183546875
7 0.3600171875 0.4144046875 0.3499890625 0.3255015625 0.35354687500000004 0.392521875 0.3600171875 0.42671562500000004 0.3600171875 0.4144046875
7 0.3784546875 0.4615921875 0.381690625 0.45885781249999996 0.38363125 0.459540625 0.386865625 0.4656953125 0.3878359375 0.4574890625 0.38751250000000004 0.382946875 0.38427812499999997 0.447915625 0.3778078125 0.3685859375 0.3784546875 0.4615921875
2 0.3846182296875 0.5135671875 0.3914104171875 0.510146875 0.39820416718749996 0.5094640625 0.4011151046875 0.49647031249999996 0.3978807296875 0.47937343749999994 0.3933526046875 0.46843124999999997 0.38752916718749997 0.4581734375 0.37911822968750003 0.46090937500000007 0.37750104218749997 0.473903125 0.375883853125 0.488946875 0.3732963546875 0.4998890625 0.3745901046875 0.5122 0.3781479171875 0.5190375 0.3846182296875 0.5135671875
1 0.5659 0.4982421875 0.56248125 0.47993593749999997 0.55951875 0.4857171875 0.5590625 0.5006515625 0.5613421875 0.5155859375 0.5659 0.5194390624999999 0.5684078125 0.5107671875 0.5679515625 0.502096875 0.5659 0.4982421875
2 0.5804859375 0.5213656249999999 0.589603125 0.5266656249999999 0.5946171875 0.5189578125 0.6007703125 0.5030593750000001 0.6016828125 0.49197968750000004 0.5984921875 0.47849062499999995 0.5962125 0.4707828125 0.59279375 0.4654828125 0.5848171875 0.4611484375 0.5772953125 0.4592203125 0.569546875 0.4616296875 0.562025 0.4611484375 0.5608859374999999 0.47800937499999996 0.5627093750000001 0.49535156249999995 0.5711421875 0.5102859375000001 0.5804859375 0.5213656249999999
7 0.6069359375000001 0.33519375 0.6066859375 0.361690625 0.6091921874999999 0.411503125 0.6122015625 0.41680312500000005 0.6169640625 0.418921875 0.6117 0.36328125 0.6069359375000001 0.33519375
7 0.5688921875 0.3464484375 0.5685781249999999 0.36063125 0.5718375 0.389246875 0.5743437499999999 0.38129843750000003 0.5700828125 0.3574515625 0.5688921875 0.3464484375
1 0.6036765625 0.45972656250000005 0.6069359375000001 0.46290624999999996 0.615209375 0.46608593750000005 0.6214765625 0.45283749999999995 0.62273125 0.43376093750000005 0.61846875 0.42740156249999994 0.610946875 0.42952031249999995 0.603928125 0.43587968750000006 0.6001671875000001 0.4485984375 0.6036765625 0.45972656250000005
2 0.6292484375 0.4846328125 0.6380234375 0.496290625 0.64529375 0.4936421875 0.6508093749999999 0.486753125 0.6610890625 0.49258125 0.6635953125 0.4894015625 0.66710625 0.48569218750000004 0.6703640625 0.47774374999999997 0.6693625 0.44753906250000003 0.6678578125 0.44065000000000004 0.657328125 0.4327 0.6435390625 0.4311109375 0.6292484375 0.424221875 0.6244859375 0.43058125 0.6219781249999999 0.44753906250000003 0.6222296875 0.474034375 0.62273125 0.479334375 0.6292484375 0.4846328125
7 0.6635156249999999 0.32572812500000003 0.660096875 0.36619531250000004 0.6553109375 0.38739218750000004 0.65098125 0.3970265625 0.653259375 0.41051562500000005 0.6580453125 0.3902828125 0.6628328125 0.36523125 0.663971875 0.34692500000000004 0.6635156249999999 0.32572812500000003
7 0.6420921875000001 0.356559375 0.6425484375 0.3421078125 0.6457390625 0.325246875 0.63935625 0.3512609375 0.6382171875 0.37968437499999996 0.6402687499999999 0.4032890625 0.6418640625 0.412925 0.6457390625 0.4032890625 0.6434593750000001 0.3753484375 0.6420921875000001 0.356559375
7 0.6521203125 0.34692500000000004 0.6496125 0.30453125000000003 0.6477890625 0.3030859375 0.6480171875 0.343553125 0.6521203125 0.34692500000000004
7 0.6923859375 0.6320625 0.696790625 0.6662 0.7111046875 0.6933546875000001 0.707434375 0.6817171875 0.7011953125 0.6669765625 0.696790625 0.6460281250000001 0.695321875 0.618096875 0.698625 0.5987 0.7004609375 0.5886140625 0.70816875 0.5808546875 0.6997265625 0.578528125 0.6912843750000001 0.58163125 0.6894484375000001 0.59326875 0.6923859375 0.6320625
7 0.712128125 0.6438109375 0.715090625 0.6635625 0.7189656249999999 0.6915046874999999 0.7232953125 0.7016218750000001 0.7210156249999999 0.69246875 0.7196484375 0.6799421875 0.7171421875 0.6515203125 0.7137234375 0.63225 0.7103046875000001 0.6341765625 0.712128125 0.6438109375
1 0.35566875 0.6004546875 0.3572640625 0.6105703124999999 0.36341875 0.6071984375 0.3713953125 0.5966 0.3709390625 0.5888921875 0.36410156250000003 0.5802203125000001 0.3536171875 0.5681765624999999 0.3506546875 0.5768484375 0.3474640625 0.584075 0.3504265625 0.5908187500000001 0.3501984375 0.5966 0.35566875 0.6004546875
3 0.28390468750000003 0.5634203125 0.28693749999999996 0.5680828124999999 0.289971875 0.5832390625 0.2896953125 0.5960625 0.2905234375 0.60655625 0.294659375 0.6187968749999999 0.30210625 0.623459375 0.3081734375 0.61763125 0.314240625 0.6088875 0.3181 0.61763125 0.3225125 0.61355 0.32665 0.60655625 0.3260984375 0.5913999999999999 0.32582187500000004 0.5680828124999999 0.3194796875 0.5511781250000001 0.3128609375 0.5500125 0.301003125 0.546515625 0.294659375 0.542434375 0.28390468750000003 0.5500125 0.28390468750000003 0.5634203125
7 0.29617343749999997 0.6214999999999999 0.2969078125 0.6323609375 0.29617343749999997 0.6517578125 0.2947046875 0.6820171875 0.28259218750000004 0.7277921875 0.2932375 0.703740625 0.2983765625 0.6820171875 0.3002109375 0.657965625 0.3013125 0.6246031249999999 0.29617343749999997 0.6214999999999999
7 0.273415625 0.6657234375 0.26460625000000004 0.720034375 0.2770859375 0.6719296875 0.273415625 0.6657234375
7 0.3192984375 0.7192578125 0.33104374999999997 0.6711546875 0.327740625 0.66184375 0.3244375 0.675034375 0.3192984375 0.7192578125
0 0.6861979171875 0.41015625 0.71484375 0.3854166671875 0.5872395828125 0.44140625 0.4791666671875 0.4557291671875 0.3580729171875 0.4401041671875 0.23958333281250002 0.3736979171875 0.2265625 0.3828125 0.3346354171875 0.44140625 0.4270833328125 0.4700520828125 0.5729166671875 0.4518229171875 0.6861979171875 0.41015625
0 0.7395833328125 0.5703125 0.7369791671875 0.5481770828125 0.6106770828125 0.6080729171875 0.5286458328125 0.625 0.3880208328125 0.625 0.3229166671875 0.5989583328125 0.2734375 0.5885416671875 0.3216145828125 0.6171875 0.37890625 0.6328125 0.4895833328125 0.6341145828125 0.5768229171875 0.62890625 0.6940104171875 0.5924479171875 0.7395833328125 0.5703125
