1 0.32625738125 0.488175046875 0.3421343453125 0.48911359218749995 0.345283534375 0.4358428484375 0.3294066890625 0.43490430625 0.32625738125 0.488175046875
2 0.375360790625 0.4439256953125 0.343117221875 0.44484987499999995 0.3452905828125 0.52067070625 0.37753415 0.51974653125 0.375360790625 0.4439256953125
7 0.35743673125000003 0.42700668437499995 0.36138847812499997 0.4265609515625 0.3499890625 0.3255015625 0.3460373625 0.3259472921875 0.35743673125000003 0.42700668437499995
7 0.387412153125 0.368519140625 0.3778078125 0.3685859375 0.3784836265625 0.4657536078125 0.38808796874999996 0.4656868109375 0.387412153125 0.368519140625
2 0.4064137453125 0.46099377031250005 0.37970144375000003 0.45700440000000003 0.3706046625 0.5179109515625 0.3973169609375 0.521900303125 0.4064137453125 0.46099377031250005
1 0.5645212453124999 0.4796245625 0.5560501734375001 0.48091754687500005 0.5620207374999999 0.5200311734375 0.5704918078125 0.51873819375 0.5645212453124999 0.4796245625
2 0.5980093671875 0.45704249687500004 0.5591113921875001 0.46113211718749997 0.566259934375 0.529119846875 0.6051579078125 0.5250302484375 0.5980093671875 0.45704249687500004
7 0.58682221875 0.332524728125 0.5803609375 0.3325453125 0.5806513609375 0.42370085 0.5871126421875 0.423680265625 0.58682221875 0.332524728125
7 0.60995678125 0.4195847921875 0.6169641 0.418921871875 0.6090239953125 0.3349962109375 0.6020167437499999 0.335659128125 0.60995678125 0.4195847921875
7 0.5703552984375 0.34628179375 0.5669873921875 0.3466653875 0.5718374953125 0.389246875 0.5752054 0.38886328125 0.5703552984375 0.34628179375
2 0.669852234375 0.4238363828125 0.6217574140625 0.42429299531250003 0.62244240625 0.49643855 0.6705372265625 0.495981940625 0.669852234375 0.4238363828125
7 0.6695897640624999 0.326795921875 0.6635155765625 0.3257281171875 0.648749234375 0.4097227734375 0.6548234203125001 0.4107905734375 0.6695897640624999 0.326795921875
7 0.6382171734375001 0.412925 0.6457391015625 0.412925 0.6457390625 0.325246875 0.6382172109375001 0.325246875 0.6382171734375001 0.412925
7 0.6482302640625 0.347155109375 0.6521203234375 0.34692500000000004 0.6495209421875 0.302983490625 0.6456308984375 0.30321359999999997 0.6482302640625 0.347155109375
7 0.6920732375 0.6938512984375 0.711104946875 0.69335468125 0.7081023234375 0.5783095640625 0.6890710265625 0.578806175 0.6920732375 0.6938512984375
1 0.35906790312500003 0.5654201078125001 0.33944723125 0.5753423765625 0.3572640546875 0.610570315625 0.376884703125 0.6006480828125 0.35906790312500003 0.5654201078125001
7 0.27797272031250003 0.6664625 0.273415575 0.6657234296875 0.26460625000000004 0.720034375 0.26916339375 0.7207734421875001 0.27797272031250003 0.6664625
7 0.3139577609375 0.7179539687500001 0.3192984375 0.7192578125 0.333003503125 0.6631286078125 0.3276628890625 0.661824771875 0.3139577609375 0.7179539687500001
7 0.361607175 0.615564490625 0.34968897656250003 0.6147032203125 0.3409546875 0.7355515625 0.35287288437500003 0.7364128234375 0.361607175 0.615564490625
