2 0.4004484375 0.49508437499999997 0.39454531249999997 0.49324375 0.390459375 0.503371875 0.38501093750000004 0.506134375 0.3813796875 0.5171828125 0.3786546875 0.5448046875 0.380925 0.5622984375 0.3909140625 0.5733484375 0.3963609375 0.5705859375 0.4072578125 0.5586156250000001 0.40862031249999997 0.5300734375 0.40862031249999997 0.5088953125 0.4090734375 0.500609375 0.40635000000000004 0.4886390625 0.40362656250000006 0.4840359375 0.4004484375 0.49508437499999997
1 0.72053125 0.6175437500000001 0.728703125 0.6258296875 0.72825 0.6083359374999999 0.7246171875 0.5825546875 0.720078125 0.599128125 0.72053125 0.6175437500000001
1 0.372753125 0.624909375 0.37048281250000004 0.64700625 0.3686671875 0.670025 0.3750234375 0.6764703125 0.3831953125 0.6681843749999999 0.38682656249999997 0.6562140624999999 0.38682656249999997 0.6433234375 0.38546562500000003 0.6304328124999999 0.37910937499999997 0.62675 0.372753125 0.624909375
2 0.359759375 0.6638921875 0.3622953125 0.6581765625 0.365396875 0.65074375 0.369625 0.641025 0.36990781250000004 0.6307343750000001 0.36567812499999997 0.62044375 0.3620140625 0.616440625 0.3513015625 0.60729375 0.3434078125 0.5998625 0.3394609375 0.6010046874999999 0.3324140625 0.6112953125 0.3324140625 0.6261609375 0.3338234375 0.6633218750000001 0.3425625 0.670753125 0.35017343749999996 0.6690375000000001 0.359759375 0.6638921875
1 0.3166265625 0.62901875 0.31747187499999996 0.6198718750000001 0.3177546875 0.6124390625 0.31634375000000003 0.60729375 0.31098750000000003 0.6021484375 0.30450468750000004 0.6050078125 0.29745625000000003 0.616440625 0.296046875 0.6261609375 0.29745625000000003 0.64216875 0.30535 0.6518875000000001 0.3087328125 0.65303125 0.31098750000000003 0.649028125 0.3123984375 0.64216875 0.3154984375 0.6347359375 0.3166265625 0.62901875
1 0.3186 0.6576046875 0.31972812500000003 0.6690375000000001 0.3219828125 0.6781859375 0.3248015625 0.6758984375 0.330440625 0.6570328125 0.33213125 0.63759375 0.3326953125 0.6221578125 0.3301578125 0.61815625 0.3245203125 0.6364515625 0.3208546875 0.6473140625 0.3186 0.6576046875
1 0.268894703125 0.43774098749999996 0.2642304421875 0.448935215625 0.26003260625 0.45966301875 0.2635308015625 0.4701576078125 0.2691279171875 0.470390821875 0.27355896562500004 0.4612955109375 0.2768239484375 0.45173377343750004 0.277290375 0.44427095312500003 0.27845644062499997 0.439373478125 0.27938929218749997 0.4351756421875 0.2805553578125 0.4284124625 0.27962250625 0.42071643124999997 0.275891096875 0.4190839390625 0.27495824375 0.4200167921875 0.27099362031249996 0.4253806921875 0.2693611296875 0.43051138125 0.268894703125 0.43774098749999996
6 0.2084573421875 0.6888908859375 0.204992678125 0.6732998921875 0.20268290156250002 0.6721450046874999 0.20210545624999998 0.6732998921875 0.188824240625 0.679074334375 0.1865144640625 0.6860036640625 0.1865144640625 0.6906232171875 0.188246796875 0.696975103125 0.1911340171875 0.7021721015625 0.2084573421875 0.6888908859375
6 0.3615124171875 0.8128825281250001 0.366369590625 0.8059437109375001 0.370185940625 0.7990048921875 0.37157370312500004 0.7927599562500001 0.3729614671875 0.7882497234375 0.3733084078125 0.7840864328125 0.3733084078125 0.779576203125 0.3684512359375 0.7781884375 0.3681042953125 0.784433375 0.3674104125 0.788596665625 0.36567570781250003 0.7913721921875 0.3604715953125 0.7958824234375 0.354226659375 0.7785353796875001 0.351104190625 0.7879027828125 0.35145113125 0.7972701875 0.3528388953125 0.80420900625 0.354920540625 0.812188646875 0.35838994999999996 0.81322946875 0.3615124171875 0.8128825281250001
5 0.6726798171875 0.6386997328125 0.6745675999999999 0.6317778640625 0.671421296875 0.622338953125 0.650026428125 0.629575453125 0.6402728859375 0.6364973218750001 0.6424752984375 0.6440484515625 0.6487679078124999 0.647824015625 0.6591507109375 0.646880125 0.6726798171875 0.6386997328125
