3 0.29361819843750003 0.5031977890625 0.294957265625 0.5112382046875 0.29808171250000004 0.519278603125 0.3047769828125 0.527319003125 0.3150430796875 0.531339209375 0.31682849062499996 0.530445828125 0.3226310390625 0.5299991296875 0.32129200468749997 0.5215120484375 0.31906024843749997 0.5170451578125 0.318167525 0.5125782671875 0.3150430796875 0.5067713140625 0.3150430796875 0.4996242796875 0.307455084375 0.49828421718750004 0.3029915703125 0.49917759687499996 0.29852805625 0.495157390625 0.29361819843750003 0.5031977890625
3 0.332897134375 0.5393796078124999 0.336467925 0.5447398796875 0.345394953125 0.5474200078125 0.352982946875 0.5478666890625 0.3574464609375 0.546973325 0.3578928046875 0.5447398796875 0.3628026640625 0.54429318125 0.36681983281249997 0.5447398796875 0.37440779375 0.540719671875 0.3757468609375 0.5340193375 0.3757468609375 0.5246388750000001 0.372622415625 0.519278603125 0.36771252187500003 0.5170451578125 0.36235631874999996 0.51079150625 0.354768359375 0.5116848875 0.3503048453125 0.5130249499999999 0.3431631953125 0.5148117125 0.33602158125 0.5228521125000001 0.332897134375 0.530445828125 0.332897134375 0.5393796078124999
3 0.365480765625 0.599682625 0.37039065781249997 0.6001293078125001 0.3753005171875 0.5920889078125 0.3775322734375 0.58940878125 0.38512023281249996 0.5862819546875 0.3864593015625 0.5836018109375 0.3864593015625 0.5746680296875 0.38422754375 0.5719879031249999 0.37797861718750003 0.5706478390624999 0.373068759375 0.5688610765625 0.36953123906249996 0.5665178578125001 0.3610172515625 0.5594806140624999 0.348965778125 0.5590339156249999 0.35209022343749996 0.5724345859375 0.3628026640625 0.5786882375 0.3610172515625 0.591195528125 0.365480765625 0.599682625
3 0.624364603125 0.604149515625 0.629274428125 0.6090630875 0.636416078125 0.5978958624999999 0.6359696984375 0.5844951921875 0.640879590625 0.583155128125 0.6475748625 0.5764547921875 0.6471284828125 0.573774665625 0.6373087671875 0.5697544578125 0.6337379421875 0.5746680296875 0.6306919546875001 0.5743303578125001 0.6252572921875 0.5693077765625 0.612759440625 0.5751147296875 0.616330265625 0.582261746875 0.62168646875 0.582708446875 0.624364603125 0.592535590625 0.624364603125 0.604149515625
2 0.576158640625 0.551440215625 0.5886564921875 0.5648408859375 0.594905384375 0.571094521875 0.6002615875 0.5688610765625 0.6082959265625 0.5559071062500001 0.6100813734375 0.5425064359375 0.6065105484375 0.52374549375 0.5994419546875001 0.50625 0.59088825 0.506324615625 0.5801757750000001 0.506324615625 0.5774977078125 0.5094514421875 0.57660501875 0.5224054296875 0.5752659515625 0.5335726546874999 0.576158640625 0.551440215625
9 0.73595245 0.6578231640625 0.7471112343749999 0.659609928125 0.7587163296874999 0.660056609375 0.7658579796875 0.6359354125000001 0.76184084375 0.6122609 0.7453257875 0.5885863687499999 0.7386305171875 0.5787592234375001 0.7328280031250001 0.565358553125 0.7256863546875 0.5595515828125001 0.713839275 0.559821428125 0.7105104343749999 0.57920590625 0.7078322984375001 0.594840021875 0.7006906500000001 0.6158344078125 0.7002443390625 0.6408489859375 0.7114031234375 0.6502294656250001 0.73595245 0.6578231640625
3 0.5022529 0.5393168609375001 0.4978564234375 0.542175759375 0.49930966093749996 0.5552647875 0.5030880859375 0.5625364671875 0.5045413234375 0.5561373749999999 0.5051226093750001 0.540721434375 0.5022529 0.5393168609375001
3 0.530699590625 0.540721434375 0.5320494124999999 0.5342296515625 0.527211809375 0.5322862578125 0.5243053343749999 0.537521878125 0.5248866421875 0.5538104500000001 0.5286650453124999 0.560209521875 0.530699590625 0.5494474421875 0.530699590625 0.540721434375
3 0.5091569703125 0.5458575578125 0.5051226093750001 0.5506108921874999 0.5051226093750001 0.5593369109374999 0.5068664890625 0.5639908046875 0.510354271875 0.5581734593750001 0.510354271875 0.5514835031249999 0.5091569703125 0.5458575578125
7 0.5853413140625 0.460151178125 0.5865552265625 0.5033430234375 0.590863596875 0.5049447421875 0.594642021875 0.49185571406250006 0.5902823109375 0.464223325 0.589410359375 0.4255379875 0.5853413140625 0.460151178125
7 0.68773686875 0.4144966109375 0.6873058828125 0.452018490625 0.6870689546875 0.47209051718749995 0.6903226546875 0.47530793750000006 0.6959250828125 0.467113496875 0.6933393609375 0.4464117765625 0.6937702828125001 0.4192407734375 0.68773686875 0.4144966109375
2 0.6761009640625 0.5400008281249999 0.6821343765625001 0.5456075421875 0.6894606828125001 0.5464701171875 0.701527575 0.5382757109375 0.7092848671875001 0.5343940968750001 0.714887359375 0.5162801015625 0.7166111734375 0.5033415234375 0.709715853125 0.495147084375 0.7037715421875 0.4882543109375 0.69204646875 0.487383940625 0.6868749625 0.4973035140625 0.6825653625 0.5067918078125 0.6761009640625 0.513261096875 0.6756699765625 0.5283561046874999 0.6761009640625 0.5400008281249999
0 0.599390078125 0.496009659375 0.6035560249999999 0.50818965625 0.620938075 0.5037728031250001 0.6334358875 0.5033415234375 0.6373145671875 0.48695264531250004 0.6239547828124999 0.4921280796875 0.6071473703125 0.4955783625 0.599390078125 0.496009659375
0 0.369257453125 0.4878152203125 0.3481404078125 0.48091465156249996 0.327885303125 0.476170496875 0.3282327484375 0.48771551718749995 0.353311946875 0.4891090734375 0.37529089843749996 0.5050666578125 0.39425314375 0.505497953125 0.4050271421875 0.5093795171875 0.40373425 0.49385322968749995 0.369257453125 0.4878152203125
0 0.3804624046875 0.6302081171875 0.38865065 0.634089696875 0.406320003125 0.6422841375 0.42657514062499996 0.65090985625 0.43950393906249996 0.656516553125 0.465792490625 0.6591042625 0.48518568906250004 0.6591042625 0.50759559375 0.6582417031250001 0.533453190625 0.6582417031250001 0.5502606359375 0.6573791453125 0.571808665625 0.65090985625 0.593787584375 0.6457344046875 0.6144736765625 0.6310706765625 0.623092875 0.6267578328125001 0.6101640765624999 0.615113109375 0.5851683859375 0.6336584171874999 0.5722395875 0.6396963953125 0.5511225421875 0.646165684375 0.526126884375 0.6470282765625 0.49854544062499995 0.6487534265625 0.47354975 0.647890834375 0.4554494453125 0.644871846875 0.435194340625 0.641852825 0.41321535468750004 0.6336584171874999 0.39813175625 0.622013678125 0.3912364046875 0.6138192546875 0.39127154218750004 0.610021553125 0.3571905609375 0.6060560953125 0.33995216250000004 0.595273946875 0.29513235312499997 0.5775912296875 0.29513235312499997 0.595273946875 0.33779736250000003 0.6142505671875 0.3804624046875 0.6302081171875
0 0.294525546875 0.469864071875 0.3326768640625 0.48829586718750007 0.33465017656249996 0.4705223671875 0.31557456875 0.4586733328125 0.3011513015625 0.445065790625 0.294525546875 0.469864071875
