3 0.2550421875 0.5613671874999999 0.262546875 0.568215625 0.26892499999999997 0.56669375 0.27868125 0.5689765625 0.282434375 0.5583234375 0.28130781250000003 0.5446265625 0.27868125 0.5309296875 0.272303125 0.5210375 0.261421875 0.51190625 0.2550421875 0.502775 0.24791249999999998 0.5035359374999999 0.241159375 0.5164718749999999 0.24040937499999998 0.5248421875 0.24491093749999998 0.5393 0.2494140625 0.549953125 0.2550421875 0.5613671874999999
3 0.32520937499999997 0.552996875 0.3225828125 0.5461484375000001 0.3169546875 0.5461484375000001 0.3113265625 0.5507140625 0.304946875 0.5491921875 0.3015703125 0.5507140625 0.29669218750000004 0.552996875 0.293315625 0.5598453125 0.2925640625 0.5689765625 0.2925640625 0.575825 0.2963171875 0.586478125 0.3011953125 0.59104375 0.309075 0.5902828125 0.3169546875 0.588 0.3225828125 0.5857171875 0.325959375 0.5887609375 0.3338390625 0.592565625 0.33909218750000003 0.5872390625 0.3443453125 0.575825 0.345471875 0.5644109375 0.3443453125 0.556040625 0.3432203125 0.5476703125 0.3398421875 0.5491921875 0.3334640625 0.5644109375 0.325584375 0.5590843750000001 0.32520937499999997 0.552996875
3 0.4133859375 0.571259375 0.41376093750000004 0.5552796875 0.4130109375 0.5415828125 0.4081328125 0.5431046875 0.4025046875 0.56060625 0.39425 0.56060625 0.3874953125 0.5583234375 0.3916234375 0.54234375 0.379240625 0.5575625 0.3803671875 0.5743031249999999 0.3927484375 0.5796296875 0.3980015625 0.5834343750000001 0.410009375 0.57886875 0.4133859375 0.571259375
7 0.3593546875 0.45103125000000005 0.36460781249999996 0.4479875 0.36273125 0.3825453125 0.3593546875 0.45103125000000005
1 0.36986093750000004 0.5598453125 0.37698906249999997 0.5689765625 0.377740625 0.5453875 0.378115625 0.5294078125 0.3747390625 0.5111453125 0.368734375 0.5217984375 0.3661078125 0.5324515625 0.3706109375 0.5446265625 0.36986093750000004 0.5598453125
1 0.536084375 0.5674546874999999 0.5300812500000001 0.57886875 0.5330828125 0.586478125 0.53158125 0.59713125 0.537209375 0.5994140625 0.5428375 0.592565625 0.546215625 0.5697375 0.5413375 0.5598453125 0.5390859375 0.56365 0.536084375 0.5674546874999999
2 0.7064359375 0.5370171874999999 0.694053125 0.5385390625 0.67829375 0.5370171874999999 0.6659109375 0.5393 0.6662859375 0.5575625 0.6677875 0.5765859375 0.6752921875 0.588 0.688425 0.5887609375 0.7008062500000001 0.589521875 0.7105625 0.5796296875 0.7120640625 0.5644109375 0.7064359375 0.5370171874999999
7 0.65615625 0.4099390625 0.6497765625 0.4365734375 0.64715 0.495165625 0.6456500000000001 0.5202765625 0.65615625 0.5202765625 0.6557796875 0.464728125 0.65615625 0.4099390625
7 0.7394359374999999 0.49624375 0.7494531249999999 0.420646875 0.73640625 0.49624375 0.7380375 0.49624375 0.7394359374999999 0.49624375
7 0.7226609374999999 0.4584453125 0.7252234375 0.439546875 0.7345421875 0.4168671875 0.722428125 0.44379843750000003 0.7187 0.46647812499999997 0.7231265625 0.4990796875 0.7247578125 0.502859375 0.726621875 0.4938828125 0.72289375 0.473565625 0.7226609374999999 0.4584453125
7 0.6879453125 0.42206406249999995 0.691440625 0.41025156249999994 0.682121875 0.4310421875 0.678859375 0.45183125 0.6811890625 0.46317031249999996 0.6832859375 0.43765625 0.6879453125 0.42206406249999995
7 0.7121765625 0.44663437500000003 0.70705 0.4721484375 0.6942359375 0.5023875 0.6965671875 0.5118359375 0.70355625 0.4938828125 0.7096140625 0.4726203125 0.7161375 0.4267890625 0.7121765625 0.44663437500000003
3 0.7161375 0.6403515625 0.7214953125 0.633265625 0.7268546875 0.6346828125 0.7305828125 0.631375 0.7340765625000001 0.6223984375 0.737571875 0.621925 0.744328125 0.6134203125 0.7440953125 0.6049156250000001 0.73640625 0.6030265625 0.7284859375 0.6082234375 0.7219609375 0.6105859375 0.715671875 0.619090625 0.7096140625 0.6186171875 0.707284375 0.6247609375 0.7089140625 0.6394078125 0.7126421875 0.6446046875 0.7161375 0.6403515625
3 0.6623171875 0.6474390624999999 0.665346875 0.6564171875 0.6697734375 0.6545265625 0.67583125 0.6474390624999999 0.677228125 0.6361 0.679325 0.6384624999999999 0.68351875 0.636571875 0.6874796875 0.629484375 0.6907421874999999 0.6172 0.68421875 0.6167281250000001 0.677928125 0.6195625 0.6697734375 0.6252328125 0.661153125 0.6275953125 0.652765625 0.6384624999999999 0.6539296875 0.643659375 0.658590625 0.6427140625 0.6623171875 0.6474390624999999
3 0.313540625 0.65358125 0.3156375 0.6635046874999999 0.32029843750000003 0.664921875 0.3249578125 0.6625593750000001 0.3272875 0.657834375 0.3300828125 0.65358125 0.3354421875 0.6526375 0.34033437499999997 0.65121875 0.34569218749999997 0.6488562499999999 0.34452812499999996 0.6441328125 0.3401015625 0.640825 0.33730625000000003 0.636571875 0.33427656250000004 0.6337375 0.32985000000000003 0.631846875 0.3207640625 0.6266499999999999 0.3175015625 0.6285406250000001 0.3156375 0.6370453125 0.3133078125 0.6474390624999999 0.313540625 0.65358125
1 0.26694375 0.6540546875000001 0.26974062499999996 0.6545265625 0.2725359375 0.65121875 0.27276875 0.6450765625 0.26927500000000004 0.6375171875000001 0.26438125 0.636571875 0.2615859375 0.6488562499999999 0.26438125 0.6521640625 0.26694375 0.6540546875000001
1 0.3098140625 0.6795687499999999 0.3119109375 0.6687015625 0.310978125 0.66303125 0.3086484375 0.6597234375000001 0.2995625 0.657834375 0.29769843749999997 0.66303125 0.29793125 0.6677562499999999 0.2988625 0.6767328125 0.300028125 0.6805140625 0.30212500000000003 0.6828765625 0.304221875 0.6828765625 0.3098140625 0.6795687499999999
