3 0.2641931234375 0.49665464375 0.23253987812500002 0.510033440625 0.2606728140625 0.5765881046875 0.29232601406250003 0.5632093874999999 0.2641931234375 0.49665464375
3 0.293691359375 0.544801353125 0.2915560140625 0.59059435 0.3441367515625 0.593045746875 0.346271878125 0.5472529578125 0.293691359375 0.544801353125
3 0.4147416265625 0.5828387890625 0.413273203125 0.5415734062500001 0.37871545625 0.54280304375 0.38018375312499997 0.5840683046875 0.4147416265625 0.5828387890625
7 0.36782192187499996 0.382796284375 0.3627312359375 0.3825453125 0.3593546875 0.45103125000000005 0.3644453734375 0.45128222031250004 0.36782192187499996 0.382796284375
1 0.5272587796875 0.597941715625 0.5417252078125 0.60008225 0.547543578125 0.5607636015625 0.5330772515625 0.5586230750000001 0.5272587796875 0.597941715625
3 0.669191584375 0.5189125828125001 0.646422934375 0.5186009265625 0.645454790625 0.58932404375 0.6682234421875 0.5896356984375 0.669191584375 0.5189125828125001
2 0.71148756875 0.536335653125 0.6658693015625 0.5372722859375 0.6669564593749999 0.5902168750000001 0.712574728125 0.589280246875 0.71148756875 0.536335653125
7 0.645650140625 0.40993900781250003 0.6456500000000001 0.520276590625 0.65615625 0.5202765625 0.656156309375 0.4099390625 0.645650140625 0.40993900781250003
3 0.714123925 0.5691478375 0.7540671078125001 0.573369625 0.7618235296875 0.49998901250000005 0.7218808234375 0.49576725 0.714123925 0.5691478375
7 0.752395121875 0.421154584375 0.7494530578124999 0.4206468640625 0.73640625 0.49624375 0.7393483125 0.49675146875 0.752395121875 0.421154584375
7 0.7150610187499999 0.501862215625 0.7256888703125 0.50295511875 0.7345421875 0.4168671875 0.7239144671875 0.41577429062500004 0.7150610187499999 0.501862215625
7 0.6760892625 0.46218242187499997 0.6811890625 0.46317031249999996 0.6914406453125 0.410251565625 0.68634088125 0.40926367812500003 0.6760892625 0.46218242187499997
7 0.7224629453125 0.4286214734375 0.7161373859375 0.4267890296875 0.6918910796875 0.5104813296875 0.698216634375 0.5123137609375 0.7224629453125 0.4286214734375
3 0.6960241875000001 0.6212762406250001 0.677226615625 0.6067697078125 0.6487772374999999 0.6436300203124999 0.667574753125 0.6581364890625 0.6960241875000001 0.6212762406250001
