2 0.389265625 0.5365859375 0.3600546875 0.5365859375 0.3600546875 0.5916375 0.389265625 0.5916375 0.389265625 0.5365859375
2 0.588603625 0.6818198421874999 0.6225772703125 0.6776815968750001 0.6163306656249999 0.6264070921875 0.5823573640624999 0.6305453171875001 0.588603625 0.6818198421874999
2 0.61951201875 0.686189053125 0.673377709375 0.673061025 0.6596617921875 0.61679168125 0.605796690625 0.629919634375 0.61951201875 0.686189053125
2 0.673924421875 0.673436515625 0.7251845921875 0.6530017734375 0.7055399546875 0.6037304031249999 0.6542802515624999 0.624165040625 0.673924421875 0.673436515625
2 0.725203125 0.5101046874999999 0.6790078125 0.5101046874999999 0.6790078125 0.5804875 0.725203125 0.5804875 0.725203125 0.5101046874999999
9 0.7802039953125 0.6239107078125 0.715646046875 0.6246612734375 0.7167968671875 0.7236328125 0.7813548156250001 0.722882253125 0.7802039953125 0.6239107078125
3 0.4116943078125 0.5607634906250001 0.3902177015625 0.565431853125 0.3955695375 0.59005028125 0.417046140625 0.5853819296875 0.4116943078125 0.5607634906250001
3 0.3501883421875 0.5429379875 0.3236340578125 0.5445471875 0.3255311953125 0.575849965625 0.35208547968750004 0.5742407703125 0.3501883421875 0.5429379875
3 0.355219225 0.6865742874999999 0.38394699375 0.6843066109375 0.38085775312500003 0.6451778046875 0.352130209375 0.647445471875 0.355219225 0.6865742874999999
3 0.6042385046875001 0.561600415625 0.58099025625 0.5588476109375 0.577385503125 0.5892877765625 0.60063375 0.592040575 0.6042385046875001 0.561600415625
3 0.6698635953125 0.5827640890625 0.679485246875 0.56394084375 0.6514332234375 0.5496032234375 0.6418115625 0.5684264171875 0.6698635953125 0.5827640890625
5 0.437654084375 0.706986615625 0.45424114375 0.7064732125 0.45290908593749996 0.6634457734375 0.4363221765625 0.663959175 0.437654084375 0.706986615625
7 0.3653494953125 0.53742846875 0.37165178593750003 0.5379464281249999 0.38025416875 0.433284084375 0.3739519734375 0.43276612812500004 0.3653494953125 0.53742846875
7 0.6185096703124999 0.7203984484375 0.6138392859375 0.7209821421875 0.6227677859375 0.7924107234375 0.62743816875 0.791827034375 0.6185096703124999 0.7203984484375
7 0.661824753125 0.8034917374999999 0.6707592546875001 0.8013392078124999 0.6484375 0.7087053578125 0.6395031859375 0.7108578640625 0.661824753125 0.8034917374999999
7 0.6674566984375 0.6973642390625 0.659544578125 0.6996385734375 0.68749974375 0.7968750734375 0.6954118546875 0.794600765625 0.6674566984375 0.6973642390625
7 0.7085323734375 0.7714664015625 0.7176341890625 0.7689731421875 0.6953125 0.6875 0.6862108453125 0.6899932359375 0.7085323734375 0.7714664015625
7 0.7048003031250001 0.6888442328125 0.7008928578125 0.6897321421875 0.7176337937499999 0.7633928875 0.7215412375 0.7625049859375 0.7048003031250001 0.6888442328125
7 0.7128480374999999 0.4339653140625 0.7064731859375 0.433035709375 0.6986607140625 0.48660714218749995 0.705035565625 0.4875367421875 0.7128480374999999 0.4339653140625
