3 0.674303753125 0.49365016875 0.6272697609375 0.5059831406249999 0.64849116875 0.5869077125 0.695525128125 0.5745748265625 0.674303753125 0.49365016875
3 0.628193190625 0.5232641250000001 0.6021882749999999 0.526225540625 0.6122089484375 0.6142111796874999 0.638213859375 0.6112497875 0.628193190625 0.5232641250000001
7 0.6988512921875001 0.6814845578125001 0.711705240625 0.67697949375 0.6715203125 0.5623375 0.658666640625 0.566842509375 0.6988512921875001 0.6814845578125001
7 0.655295140625 0.575558853125 0.6442799140625 0.5774415140625 0.6652252125 0.699975665625 0.676240434375 0.698093028125 0.655295140625 0.575558853125
7 0.6256380609375001 0.7230771640625 0.6318638546875001 0.7222981921875 0.61751875 0.6076640624999999 0.6112930999999999 0.6084430249999999 0.6256380609375001 0.7230771640625
3 0.3765327234375 0.5024467890625 0.3362126875 0.49923919375 0.3288824078125 0.5913740734374999 0.3692024421875 0.5945816453125 0.3765327234375 0.5024467890625
7 0.3590777703125 0.58587575 0.3477805578125 0.583059009375 0.32098593750000004 0.6905125 0.3322831390625 0.6933292093750001 0.3590777703125 0.58587575
7 0.3378881671875 0.57499579375 0.3303465734375 0.572259265625 0.29591249999999997 0.6671453125 0.30345408125 0.6698818156249999 0.3378881671875 0.57499579375
9 0.7420768890625 0.5673108874999999 0.816035309375 0.556516909375 0.7995045625 0.44326486562499995 0.725547434375 0.45405874687500003 0.7420768890625 0.5673108874999999
6 0.721318084375 0.6608017421875 0.7137152625 0.6607638890625 0.7135914140625 0.6856352265625001 0.7211942359375 0.6856730796875 0.721318084375 0.6608017421875
6 0.635132728125 0.748866553125 0.6469363578125 0.748866553125 0.646936325 0.721527778125 0.6351327671875 0.721527778125 0.635132728125 0.748866553125
6 0.679290184375 0.24432910625 0.6838783890625 0.2691761890625 0.69939264375 0.2663114078125 0.6948044265625 0.24146434062500002 0.679290184375 0.24432910625
