2 0.6039532703125 0.58442421875 0.6112437234375 0.5870299046875 0.6185340984375001 0.597973778125 0.62426230625 0.597973778125 0.6310319843750001 0.59276240625 0.637801584375 0.5651421796875 0.638843134375 0.5588884890625 0.6398846046875 0.5422120953125 0.6393638296875 0.536479634375 0.633114925 0.5333527796875 0.6263452468749999 0.528662578125 0.6023911046875 0.5427332453125 0.5977043671875 0.5536771171875 0.5940591796875 0.5672266968749999 0.592496934375 0.5781705890625 0.595621425 0.58442421875 0.6039532703125 0.58442421875
2 0.41284050156249996 0.5828607921875 0.42221389531250003 0.573480346875 0.427421328125 0.5594096375000001 0.43419096718750005 0.5380430031250001 0.4279420640625 0.5260568515624999 0.3966974671875 0.5244934437500001 0.4008634296875 0.5270991296875 0.4008634296875 0.53074709375 0.40138416406250005 0.5489868953125 0.4024256359375 0.5724380671875 0.41284050156249996 0.5828607921875
2 0.4305457796875 0.58442421875 0.437315459375 0.58442421875 0.44773032500000004 0.5865087765625 0.45189624687499996 0.5807762750000001 0.45502069843750004 0.568790103125 0.4565829453125 0.5594096375000001 0.45554147343749996 0.5526348390625 0.45137551093750006 0.546902378125 0.44616807812500003 0.546381209375 0.43783619375000005 0.545860059375 0.43002504531249997 0.5474234671875 0.42585908281249996 0.5578462109375 0.42273463125 0.5719169187500001 0.42429687656250004 0.5833819609375 0.4305457796875 0.58442421875
9 0.7232035296875 0.64808575625 0.7284109625 0.6631987421875001 0.7393465234375001 0.6845653578124999 0.74924069375 0.69290354375 0.7580933140624999 0.687692171875 0.7617385015625 0.6772694296874999 0.762779971875 0.6684101124999999 0.7633007468749999 0.6496491625 0.7580933140624999 0.6215077671875 0.7544481265625 0.6022256875 0.7534066562499999 0.5772111078125 0.7534066562499999 0.569915178125 0.7534066562499999 0.5626192703124999 0.74924069375 0.55688675 0.7455729046874999 0.5502604171875001 0.7294524328125 0.562098121875 0.7164338515625001 0.5714785874999999 0.7127886640625001 0.5871127031250001 0.7122678890625 0.60691593125 0.71539238125 0.6235923031249999 0.7232035296875 0.64808575625
1 0.370660303125 0.6043930421875 0.369270821875 0.5971354171875001 0.362849153125 0.6038719125 0.362849153125 0.614815784375 0.3638906234375 0.6247173984375001 0.367015115625 0.6226328421875 0.37013956718749996 0.611167821875 0.370660303125 0.6043930421875
3 0.4154442171875 0.6210694359375 0.4138820109375 0.6127312484375 0.40711233281250003 0.6075198765625001 0.40034265312499995 0.6038719125 0.3966974671875 0.6023085046875 0.384895821875 0.5990885421875001 0.3800336984375 0.6137735078125 0.387324071875 0.6283653625000001 0.395655996875 0.6325344578125 0.4060708625 0.63461899375 0.4133612359375 0.6309710500000001 0.4154442171875 0.6210694359375
3 0.64144685 0.55123705625 0.64144685 0.5559272875 0.641967546875 0.5616597984375 0.6430090171875 0.569476846875 0.6471749796874999 0.5673923000000001 0.65394465625 0.560617540625 0.6575898453125 0.5600963828125 0.658631315625 0.561138659375 0.6669632390625 0.5528004828124999 0.6648802984375 0.5460256828125 0.6570691484375 0.5460256828125 0.6518617156250001 0.5402931718749999 0.6466542828125 0.5465468125 0.64144685 0.55123705625
1 0.6320734546875 0.5267436234375 0.636848946875 0.5287760421875001 0.6383223578125 0.5215322328124999 0.6346771718750001 0.516842 0.62842826875 0.5152785828125 0.62842826875 0.52101109375 0.6294697390625 0.5246590578125 0.6320734546875 0.5267436234375
1 0.408333321875 0.5046875 0.39982191875 0.51058835 0.40034265312499995 0.514757453125 0.4019049 0.52101109375 0.40555008593749997 0.522053371875 0.408674578125 0.513715175 0.408333321875 0.5046875
7 0.4237761015625 0.4124489515625 0.41752719843749997 0.4124489515625 0.41961017968750003 0.4411114953125 0.408674578125 0.5213666078125 0.4233072796875 0.522265625 0.4237761015625 0.4124489515625
7 0.61176441875 0.442674903125 0.613411446875 0.5209635421875001 0.6190548734375 0.5182397937500001 0.61176441875 0.442674903125
7 0.5914554625 0.7336350578124999 0.5912760296874999 0.721484375 0.5878102765625 0.7237334625 0.5909346875 0.7633398796875001 0.6044740453124999 0.8206649687500001 0.597183671875 0.7768894390625001 0.5945799546874999 0.751874878125 0.5914554625 0.7336350578124999
6 0.7122678890625 0.7545633609375 0.70758123125 0.7430983390625 0.7019531140625 0.7384114578125 0.7023737984375 0.750915396875 0.692479628125 0.7602958625 0.6903966875 0.762901546875 0.6987286125 0.769155196875 0.7096641734375 0.764464975 0.7122678890625 0.7545633609375
3 0.6445712625 0.630011578125 0.6502994703125 0.635744078125 0.6544654328124999 0.635744078125 0.659152090625 0.6253213359375 0.6601935609375 0.6201099640625001 0.654427071875 0.612109375 0.6383223578125 0.62480020625 0.630511209375 0.632096125 0.6320734546875 0.6451245546875 0.6367601125 0.6440822765625 0.641967546875 0.635744078125 0.6445712625 0.630011578125
0 0.6294697390625 0.6809174125 0.658631315625 0.6626776125 0.6815440671874999 0.6475646265624999 0.6746093625 0.6361979171875001 0.655506903125 0.6553816828125 0.6263452468749999 0.6757060421875 0.6075985375 0.692382415625 0.597183671875 0.6970726578125 0.597183671875 0.7074954015625 0.6294697390625 0.6809174125
3 0.595621425 0.6866499140625 0.5945799546874999 0.6725792265625 0.5906249875 0.6713541671875001 0.5758331640625001 0.6710157984375 0.5805198218750001 0.696551528125 0.58208206875 0.71218564375 0.5909346875 0.712706771875 0.59510065 0.7033262875 0.595621425 0.6866499140625
0 0.3987804484375 0.66797178125 0.41752719843749997 0.678915653125 0.4170064625 0.6622392796875001 0.39409375 0.650253109375 0.37742998125 0.636182421875 0.3660156125 0.6303385421875001 0.3446231390625 0.6075198765625001 0.32795936875 0.5950125765625 0.324834878125 0.6096044125 0.3524342875 0.6340978640625 0.37326401875 0.6486897015624999 0.3987804484375 0.66797178125
7 0.437315459375 0.507295921875 0.433723946875 0.5430989578125 0.43783619375000005 0.54533893125 0.4404399109375 0.5276202578125 0.4425228921875 0.498436584375 0.43835692968749995 0.42078713749999996 0.437315459375 0.507295921875
7 0.4487717953125 0.49530975 0.44929253124999996 0.416096915625 0.44720955 0.43746353125 0.44304362656249996 0.5036479578125 0.4428385296875 0.545703125 0.4487717953125 0.49530975
