2 0.6111269171875 0.5525365328125 0.6530774484374999 0.555797634375 0.6608908296875 0.4552908859375 0.6189409421875001 0.45202980937500004 0.6111269171875 0.5525365328125
2 0.7015808734375 0.585483809375 0.6531807296875 0.5863547421875 0.6545639984375 0.663218075 0.7029641421874999 0.6623471484375 0.7015808734375 0.585483809375
2 0.3476798765625 0.6309924625 0.35252162343750004 0.56746025 0.30041131249999997 0.5634894 0.2955692890625 0.6270213109375 0.3476798765625 0.6309924625
2 0.3852566234375 0.658121265625 0.40779928906249996 0.6016733000000001 0.3541916765625 0.5802674515625 0.33164889375 0.6367151093750001 0.3852566234375 0.658121265625
7 0.70344198125 0.7280246796875 0.7113165687499999 0.7261350609375 0.7007982921875 0.6823092140625 0.6929237781250001 0.684198825 0.70344198125 0.7280246796875
7 0.68377950625 0.7353552578125 0.6908278828125 0.734090346875 0.6782398453125 0.6639577703125 0.671191571875 0.665222671875 0.68377950625 0.7353552578125
7 0.6672587421875 0.646749209375 0.6596535296875 0.647393921875 0.666646971875 0.7298791 0.674252184375 0.72923439375 0.6672587421875 0.646749209375
7 0.3338749078125 0.626466096875 0.3249997390625 0.6239582593749999 0.2979166671875 0.7197916671875 0.306791825 0.722299478125 0.3338749078125 0.626466096875
7 0.28416898437500004 0.702879371875 0.2945874828125 0.7054610109375 0.31525689218749997 0.622058428125 0.3048385671875 0.6194768109375001 0.28416898437500004 0.702879371875
4 0.6282452968750001 0.4562671609375 0.6482810031249999 0.45583723281250005 0.6463402734375 0.3654042515625 0.626304790625 0.36583417812499996 0.6282452968750001 0.4562671609375
7 0.3569205203125 0.650641975 0.35246833906249997 0.64897265625 0.3239583328125 0.725 0.32841050625 0.7266693046875 0.3569205203125 0.650641975
7 0.378932340625 0.6633399468750001 0.367028725 0.660889578125 0.35104166718749996 0.7385416671875 0.362945278125 0.7409920156250001 0.378932340625 0.6633399468750001
