3 0.2767191640625 0.5059877984375001 0.31940089843749997 0.5093812828125001 0.3262602484375 0.42311034375 0.2835790296875 0.41971687968750004 0.2767191640625 0.5059877984375001
2 0.57257533125 0.571528625 0.608377509375 0.5683657703125 0.6022583499999999 0.4991079640625 0.566456571875 0.5022708 0.57257533125 0.571528625
3 0.6262726359374999 0.5462711062500001 0.673368546875 0.5448410015625 0.6707534265625 0.4587378375 0.6236581343750001 0.46016793125 0.6262726359374999 0.5462711062500001
3 0.6588952234375001 0.5210390390625 0.672656396875 0.591259834375 0.7271093125 0.5805894265625 0.7133478921874999 0.510368959375 0.6588952234375001 0.5210390390625
3 0.3348914984375 0.5281665453125 0.315553078125 0.590759940625 0.370578109375 0.607758096875 0.3899161640625 0.5451650140625001 0.3348914984375 0.5281665453125
3 0.266301459375 0.57106239375 0.32191118125 0.585154525 0.3386286625 0.519189553125 0.28301954218750003 0.5050975015625 0.266301459375 0.57106239375
9 0.18112863125 0.6167078453125 0.2644236828125 0.6310097203125 0.28485576875 0.51201923125 0.201562390625 0.49771750312499996 0.18112863125 0.6167078453125
9 0.8040865390624999 0.48677884687499995 0.7130569453125 0.4944437125 0.724759521875 0.6334134687499999 0.8157891046874999 0.6257486937500001 0.8040865390624999 0.48677884687499995
7 0.5851562375 0.50390625 0.5882812625 0.50390625 0.58828124375 0.39921875 0.5851562640625 0.39921875 0.5851562375 0.50390625
7 0.59459305625 0.39539980468749997 0.5900694796875 0.395275878125 0.5873294812500001 0.4952864265625 0.5918530578125 0.4954103515625 0.59459305625 0.39539980468749997
