1 0.2644567453125 0.47302032968749996 0.28788213749999997 0.47362374999999995 0.289115065625 0.4257606359375 0.2656898265625 0.4251572171875 0.2644567453125 0.47302032968749996
3 0.382270609375 0.5128509140624999 0.386778221875 0.546405503125 0.42023456406250004 0.5419113890625 0.4157268765625 0.508356890625 0.382270609375 0.5128509140624999
3 0.6093393140625001 0.57455716875 0.6371037187499999 0.57158268125 0.632165178125 0.5254906609375001 0.604400984375 0.5284651375 0.6093393140625001 0.57455716875
9 0.7144390078125 0.4441602265625 0.730705140625 0.5580166859375 0.8057059546875 0.5473019375 0.7894392828125001 0.43344611874999994 0.7144390078125 0.4441602265625
3 0.637403359375 0.48249662187500003 0.6762264046875 0.48896669687500005 0.6863695953125 0.4281066203125 0.6475468796875 0.421636571875 0.637403359375 0.48249662187500003
6 0.654678825 0.2854983734375 0.61706355 0.2900556859375 0.6266655 0.3693061015625 0.6642807703125 0.36474880625 0.654678825 0.2854983734375
6 0.5817639406249999 0.333853965625 0.58050495625 0.382925578125 0.618470403125 0.3838994828125 0.6197292828125 0.334827971875 0.5817639406249999 0.333853965625
7 0.48873286875 0.4576379234375 0.5002845046875 0.45797162187499996 0.502757515625 0.37236626093749997 0.49120600156250005 0.3720325625 0.48873286875 0.4576379234375
8 0.6893443218749999 0.40146641875 0.7088069531250001 0.40056817499999997 0.7045454546875 0.3082386359375 0.6850830171875 0.309136875 0.6893443218749999 0.40146641875
8 0.6675368984375 0.3133654875 0.67329545625 0.40838072031249995 0.6967329546875 0.40696022656249997 0.69097428125 0.3119451140625 0.6675368984375 0.3133654875
1 0.705503221875 0.3784163875 0.668131509375 0.384592440625 0.6822368875 0.46994054375000005 0.7196085921875001 0.46376452500000004 0.705503221875 0.3784163875
