2 0.3165348921875 0.5846545234375 0.348873396875 0.5811859109374999 0.3417565078125 0.5148415421875 0.30941835625 0.5183101359375 0.3165348921875 0.5846545234375
2 0.475882746875 0.622996875 0.49932036875 0.622996875 0.49932015625000004 0.5303140625 0.4758829171875 0.5303140625 0.475882746875 0.622996875
2 0.49694209687499996 0.6139375 0.5224188468750001 0.6139375 0.5224186609375 0.5268296875 0.4969422984375 0.5268296875 0.49694209687499996 0.6139375
2 0.5175966375 0.6120042031249999 0.5410517546875 0.6107544468749999 0.5364094125000001 0.5236405625 0.512954646875 0.524890309375 0.5175966375 0.6120042031249999
2 0.651435734375 0.6212012609374999 0.5999203703125 0.6239865609375 0.6036439390624999 0.692846775 0.6551593 0.69006149375 0.651435734375 0.6212012609374999
4 0.31898336562499996 0.5226095671875 0.3413806015625 0.5201967187500001 0.326731196875 0.3842241703125 0.3043343703125 0.38663699687499997 0.31898336562499996 0.5226095671875
4 0.6262360828125 0.785984278125 0.6496627796875 0.784212084375 0.642163778125 0.6851022265625 0.6187376015625 0.6868744 0.6262360828125 0.785984278125
5 0.3164325703125 0.690920953125 0.3560269734375 0.69308036875 0.3604716921875 0.6115891046875 0.3208779328125 0.6094297078124999 0.3164325703125 0.690920953125
9 0.7778869828125 0.5870878015625001 0.7171512 0.5668366546875 0.68666055 0.658271759375 0.747396246875 0.6785227218750001 0.7778869828125 0.5870878015625001
7 0.48218116093749996 0.5296393046875 0.486111153125 0.5295138875000001 0.48350694375 0.4479166671875 0.47957700000000003 0.4480420828125 0.48218116093749996 0.5296393046875
