3 0.3356104890625 0.5302079734375 0.3376758328125 0.5074906546875 0.30552491875 0.5045678796875 0.3034595234375 0.5272851421875 0.3356104890625 0.5302079734375
3 0.3535518828125 0.5563705140625 0.3834428640625 0.542598365625 0.363719696875 0.4997951984375 0.333828909375 0.513567296875 0.3535518828125 0.5563705140625
1 0.47235839999999996 0.51418340625 0.45541333125000005 0.5161384359375 0.46005669843749997 0.55638101875 0.477001765625 0.5544259968749999 0.47235839999999996 0.51418340625
3 0.396783303125 0.5787509875 0.37714189062500003 0.5925711953125 0.39648702812500003 0.6200616546875 0.4161284046875 0.606241490625 0.396783303125 0.5787509875
3 0.33831297656250003 0.57046691875 0.324641971875 0.60122305625 0.3659892390625 0.6195996312500001 0.379660096875 0.58884361875 0.33831297656250003 0.57046691875
3 0.3036225453125 0.5525089953125 0.28557306250000003 0.5719448640625 0.321488828125 0.6052952171875 0.3395382234375 0.5858594328125 0.3036225453125 0.5525089953125
9 0.32354475 0.5833628609375 0.258116265625 0.5560228390625 0.204976390625 0.6831793359375 0.27040467343749996 0.7105189953125 0.32354475 0.5833628609375
3 0.65994189375 0.61110204375 0.6906644296875 0.6240213531250001 0.7095213265625 0.5791836734375 0.6787990265625 0.5662644203125 0.65994189375 0.61110204375
9 0.72694805625 0.5737361609375 0.6957426359375 0.6673379046875 0.7758173828125 0.6940295609375 0.8070219046875 0.6004285828125 0.72694805625 0.5737361609375
3 0.5940962843750001 0.57035773125 0.6094209671875 0.5541057312500001 0.5872483171875 0.5332001953125001 0.5719236703125 0.5494521531250001 0.5940962843750001 0.57035773125
3 0.6063717671875 0.538489928125 0.6057066140625 0.56010411875 0.6303011781250001 0.560860875 0.6309662859375 0.539246728125 0.6063717671875 0.538489928125
3 0.6799705890625 0.5246071062500001 0.6885570249999999 0.5458847765625 0.717718028125 0.534118040625 0.709131571875 0.5128404234375 0.6799705890625 0.5246071062500001
