3 0.4249851609375 0.5425643890625 0.42761602187500003 0.5397311546875 0.4375323421875 0.5328504421875 0.4375323421875 0.526576853125 0.43429435937500005 0.5211127578125 0.42822314375000003 0.518481896875 0.4193186921875 0.51686290625 0.41527121562499997 0.5215175046875 0.41284272812499995 0.5306243296875001 0.411830859375 0.535278928125 0.4124379796875 0.5441833796875 0.4142593453125 0.5468142406250001 0.4203305609375 0.5455999968749999 0.4249851609375 0.5425643890625
1 0.464043321875 0.555921065625 0.4682931734375 0.5545044484375 0.47274539843749996 0.5508617171875 0.47537625937500005 0.544790503125 0.47537625937500005 0.5403382765625 0.47476913749999994 0.536493171875 0.47335252031249997 0.5314338249999999 0.47011453750000004 0.5243507390625 0.4676860515625 0.5188866437499999 0.4614124609375 0.5154462875 0.45999584374999997 0.521719878125 0.4585792265625 0.5306243296875001 0.4579721046875 0.5383145375 0.45918634843749995 0.5488379796875 0.464043321875 0.555921065625
3 0.399283678125 0.6133952484375 0.405962015625 0.6129905015625 0.4114261109375 0.6095501453125001 0.41203323281250004 0.6022646859375 0.4091999984375 0.5963958421875 0.40333115468749997 0.5915388687500001 0.3952362 0.5868842703125 0.3893673578125 0.58486053125 0.3834985140625 0.5880985125 0.3818795234375 0.5963958421875 0.382081896875 0.5994314515625 0.3841056359375 0.602467059375 0.387950740625 0.6079311546875 0.3915934703125 0.6119786328125 0.399283678125 0.6133952484375
9 0.2131138 0.6673761625 0.211873325 0.6787885421875 0.21584284843749998 0.6877199703125 0.227255228125 0.6892085421874999 0.24288522812500002 0.684742828125 0.2590114171875 0.6780442578125 0.2741452265625 0.6703533046875 0.2840690359375 0.6621661624999999 0.294240940625 0.653482828125 0.29647379687500003 0.6447994968749999 0.2952333203125 0.637604734375 0.293496653125 0.6259442578125001 0.2905195109375 0.6177571171875 0.28779046406250003 0.60981806875 0.28109189218749997 0.5969171171875 0.277618559375 0.5832718796874999 0.27513760781249996 0.5738442609375001 0.2746414171875 0.5629280718749999 0.266950465625 0.5644166421875 0.26074808437499997 0.569378546875 0.2567785609375 0.5750847375 0.25454570312499997 0.5805428328125 0.2505761796875 0.589226165625 0.24263713281250002 0.6036156874999999 0.23693094218750002 0.609321878125 0.23345760937499999 0.6150280687499999 0.2265109421875 0.6316504484375 0.2235338 0.6440552109375 0.2131138 0.6673761625
3 0.6115678359375 0.6030636796875 0.6095483500000001 0.60037103125 0.5991143359375 0.6010441921874999 0.5869974171875 0.607102653125 0.5859876734375 0.6134976921875 0.5873339984375 0.620565896875 0.589353484375 0.626287775 0.5933924578124999 0.62460486875 0.604499634375 0.6172000859375 0.6115678359375 0.6030636796875
3 0.680230378125 0.6189726203125 0.6906643921875 0.6240213375 0.694366784375 0.6119044171875 0.6957131078125001 0.6044996328125001 0.69907891875 0.5970948500000001 0.705810540625 0.5880071609375 0.7054739609375 0.577573146875 0.7000886625 0.575217078125 0.695376528125 0.5755536609374999 0.6869620000000001 0.5755536609374999 0.67484508125 0.578582890625 0.6728255937500001 0.5826218625 0.6697963640625 0.5876705796875 0.6731621765625 0.593055878125 0.67619140625 0.5991143375 0.6809035406249999 0.6105580921875 0.680230378125 0.6189726203125
9 0.720283528125 0.6755182421875 0.7387954875 0.6782108921875001 0.7482197578124999 0.6788840546875 0.7566342859375 0.6876351625 0.76740488125 0.68662541875 0.7737999203125 0.6768645671875 0.7822144484375 0.666093971875 0.7872631640625001 0.6566697031250001 0.7919753 0.6455625265625 0.7939947859375 0.6344553515625 0.7882729078125 0.62200185 0.770097528125 0.613587321875 0.76471223125 0.60988493125 0.7583171906249999 0.603153309375 0.7502392453125 0.5933924578124999 0.746200271875 0.5866608359375001 0.74047839375 0.5806023765625 0.7293712171875 0.5745439171875 0.7253322453125 0.578582890625 0.7249956625 0.590363228125 0.7155713921875 0.6122409984375 0.7148982296875 0.617289715625 0.713215325 0.628396890625 0.7105226765625 0.6448893640625 0.7111958390625001 0.6593623515625 0.720283528125 0.6755182421875
3 0.5881257015625 0.563125671875 0.5978132125 0.566406925 0.60312571875 0.5607819187499999 0.6039069703125 0.5489069046874999 0.5995319640625 0.5448444 0.5960944609375 0.5417193953125 0.59296945625 0.5385943921874999 0.590313203125 0.537031890625 0.584844446875 0.537500640625 0.5840631968750001 0.5387506421875 0.58250069375 0.5443756484375 0.5765631875 0.5445318984374999 0.5787506890625 0.548438153125 0.5806256921874999 0.5576569140625 0.5832819453125 0.5598444171875 0.5881257015625 0.563125671875
3 0.6226569921875 0.5606256671875001 0.6267194968750001 0.5557819125 0.6306257515625 0.55031315625 0.6284382484375 0.5421881468749999 0.62390699375 0.5398443937499999 0.6148444828125 0.5387506421875 0.6100007265625 0.5393756421875 0.6081257250000001 0.54046939375 0.6070319734375 0.5432818968750001 0.606094471875 0.547500653125 0.607344475 0.5526569078125 0.608438225 0.5557819125 0.6125007296875 0.5603131671875 0.6226569921875 0.5606256671875001
3 0.704688340625 0.5393756421875 0.7096883468749999 0.5356256375 0.71281335 0.5300006328125 0.7132821 0.5231256234375 0.710625846875 0.51906311875 0.699688334375 0.5173443671875 0.695000828125 0.51890686875 0.689063321875 0.520938121875 0.6846883171875 0.5251568765625 0.6832820640625 0.5328131359375 0.684063315625 0.5342193875000001 0.6862508171874999 0.5393756421875 0.6906258234375 0.5439068984375 0.6957820796874999 0.542969396875 0.704688340625 0.5393756421875
0 0.46473686562500005 0.5078567796875 0.45994576406250004 0.478311653125 0.399258475 0.4735205515625 0.348153390625 0.47112499999999996 0.3401682203125 0.453557628125 0.3098245765625 0.44557245781250004 0.2986453390625 0.46633389843749995 0.297846821875 0.475916103125 0.34416080625 0.48549830624999996 0.384086653125 0.4942819921875 0.4112362296875 0.50146864375 0.46473686562500005 0.5078567796875
0 0.6683586874999999 0.4775131359375 0.6715527546875 0.495080509375 0.721859321875 0.49827457812500003 0.713874153125 0.463938346875 0.6787394078125 0.461542796875 0.6683586874999999 0.4775131359375
