2 0.312772859375 0.5395281484375001 0.3606420265625 0.5450757609375 0.36870376875 0.47551630781250004 0.3208351109375 0.4699687265625 0.312772859375 0.5395281484375001
1 0.7186167046875 0.6209998999999999 0.724121596875 0.6214463171875 0.7258358546875 0.600309625 0.7203309828125 0.599863209375 0.7186167046875 0.6209998999999999
3 0.5395674203125 0.5208818984375 0.50705985 0.5200045515625 0.5050088984375 0.5959897828125 0.5375164671875 0.5968671234375 0.5395674203125 0.5208818984375
3 0.4497782453125 0.589801875 0.47911742031250004 0.5878334984375 0.47396946093750003 0.5111118875 0.44463066093750003 0.5130802515624999 0.4497782453125 0.589801875
3 0.471710825 0.5995640625 0.50636574375 0.5995640625 0.506365525 0.516715625 0.471711096875 0.516715625 0.471710825 0.5995640625
3 0.37472330781249996 0.5971458203125 0.3865761890625 0.5710718640625 0.3465038171875 0.5528573015625 0.33465090937499997 0.57893115625 0.37472330781249996 0.5971458203125
3 0.37925698125 0.6267635312500001 0.40846079375000005 0.6303391140625 0.41419728125 0.5834902343749999 0.38499371875 0.5799146671875001 0.37925698125 0.6267635312500001
9 0.29474467656250003 0.638024728125 0.283626003125 0.541677325 0.1949113109375 0.551913990625 0.20602914062500002 0.6482606390625001 0.29474467656250003 0.638024728125
3 0.67809328125 0.5996781171875 0.673171646875 0.5707310265625 0.63389434375 0.5774083078125 0.6388158609375 0.606355296875 0.67809328125 0.5996781171875
7 0.3286251046875 0.44785375 0.336805659375 0.4461805359375 0.32118055624999997 0.3697916671875 0.3130000796875 0.3714648734375 0.3286251046875 0.44785375
7 0.35243055624999997 0.35243055624999997 0.34375 0.35243055624999997 0.34375 0.4427083328125 0.35243055624999997 0.4427083328125 0.35243055624999997 0.35243055624999997
