2 0.32562087812499996 0.6368569234375 0.3789771140625 0.6462820515625001 0.3888941828125 0.5901460375 0.3355385 0.580720959375 0.32562087812499996 0.6368569234375
3 0.37921437343750003 0.6277573296875001 0.41625155625000004 0.6317561078125 0.4210032078125 0.58774943125 0.3839663265625 0.58375066875 0.37921437343750003 0.6277573296875001
2 0.678677471875 0.5553793515625001 0.63419460625 0.5570416812500001 0.6363220468749999 0.6139648234374999 0.6808049109375001 0.612302503125 0.678677471875 0.5553793515625001
3 0.3953327734375 0.5313867578125 0.3625944953125 0.5293121203125 0.35924856250000003 0.5821069015625 0.391986840625 0.584181528125 0.3953327734375 0.5313867578125
3 0.5847453859375 0.6082844109375001 0.5847452484375 0.5406983765625 0.5529656468749999 0.5406984796875001 0.552965596875 0.6082843265625 0.5847453859375 0.6082844109375001
3 0.610521875 0.532703125 0.571328125 0.532703125 0.571328125 0.6199125000000001 0.610521875 0.6199125000000001 0.610521875 0.532703125
3 0.671776484375 0.6129818671875 0.62403000625 0.6141416390625001 0.62557771875 0.67785130625 0.673324196875 0.6766915421874999 0.671776484375 0.6129818671875
3 0.662093878125 0.67282153125 0.7168126734375 0.6794675046875 0.7248555546875 0.613252953125 0.670137465625 0.606607021875 0.662093878125 0.67282153125
3 0.58631633125 0.6782728031249999 0.6213974875 0.68111345 0.6259120625000001 0.6253648328125 0.59083129375 0.6225242015625 0.58631633125 0.6782728031249999
3 0.329203440625 0.6419913828125 0.341093828125 0.5793909312500001 0.2883610984375 0.5693759453125 0.2764704765625 0.6319760859375 0.329203440625 0.6419913828125
7 0.53576914375 0.5400905093749999 0.5426682921875 0.5402644234375 0.5456509546875 0.4219501890625 0.5387519281250001 0.42177627500000003 0.53576914375 0.5400905093749999
7 0.662026915625 0.4462114921875 0.6578287734375 0.445896653125 0.654447115625 0.4909855765625 0.6586452578124999 0.49130041406249997 0.662026915625 0.4462114921875
7 0.6725116609375 0.46899393749999996 0.6700721109375001 0.46875 0.6663592406250001 0.505878721875 0.6687987890625 0.506122659375 0.6725116609375 0.46899393749999996
7 0.3220863890625 0.722379696875 0.3269230765625 0.7235576921875 0.33834494843749996 0.676668078125 0.33350830781249996 0.6754900890625 0.3220863890625 0.722379696875
6 0.3525375546875 0.773500865625 0.3625637328125 0.7488951765625 0.3399997828125 0.739702559375 0.32997357968749996 0.76430818125 0.3525375546875 0.773500865625
