3 0.2913047609375 0.5349522671875 0.27774654375 0.49810444374999996 0.243357775 0.5107568375 0.256915865625 0.5476045546874999 0.2913047609375 0.5349522671875
3 0.4523063703125 0.5916223890625 0.47989647656249995 0.5932882671875 0.48430096875000006 0.520346021875 0.45671120312499996 0.518680153125 0.4523063703125 0.5916223890625
7 0.4390024078125 0.47436526562500003 0.4444319515625 0.47432239374999996 0.4438734375 0.403596875 0.438443946875 0.403639746875 0.4390024078125 0.47436526562500003
7 0.4746243609375 0.4096390625 0.47462431718750003 0.4809647265625 0.480360871875 0.48096471875 0.4803608875 0.4096390828125 0.4746243609375 0.4096390625
1 0.5408363859375 0.5399473953125 0.5305443000000001 0.539289796875 0.5282723296875 0.5748451078125 0.5385644140625 0.5755027046875 0.5408363859375 0.5399473953125
1 0.5537059296875 0.5334613203125 0.547001921875 0.533980471875 0.5493878765625 0.564788465625 0.556091884375 0.564269315625 0.5537059296875 0.5334613203125
3 0.705075028125 0.5098506703125001 0.6921430171875 0.546001703125 0.7294082828125 0.55933100625 0.7423401562499999 0.523180090625 0.705075028125 0.5098506703125001
3 0.7013805015625 0.6051255046875 0.66845720625 0.612282484375 0.6757622109375 0.6458827296874999 0.7086854984375 0.6387257749999999 0.7013805015625 0.6051255046875
1 0.6416088765625 0.6927195765625 0.6665757296875 0.6913897109375 0.6626112671875 0.6169742296875 0.6376447875 0.6183040859375 0.6416088765625 0.6927195765625
3 0.5487815265625 0.6793440125 0.56865755 0.673942421875 0.5617986312500001 0.6487075203125 0.54192270625 0.654109096875 0.5487815265625 0.6793440125
3 0.32643834374999997 0.6187706296875 0.3280338125 0.6508761359374999 0.359562271875 0.6493094328125 0.35796670937499997 0.6172040234375 0.32643834374999997 0.6187706296875
6 0.7112233531250001 0.754199446875 0.6829804578124999 0.7577917828125 0.6896296890625 0.8100583578125 0.71787258125 0.8064660437500001 0.7112233531250001 0.754199446875
6 0.6855296703125 0.8367329765625 0.7079423625000001 0.8160958781250001 0.659496115625 0.7634919499999999 0.6370836453125001 0.784128865625 0.6855296703125 0.8367329765625
6 0.6181232765625 0.7840961296875 0.59243314375 0.814904353125 0.62365399375 0.8409331703125 0.6493439609375 0.810125103125 0.6181232765625 0.7840961296875
5 0.35513450625 0.6446414734375 0.310043815625 0.622099290625 0.27075820625 0.7006710968750001 0.3158487640625 0.7232130765625 0.35513450625 0.6446414734375
