1 0.34890468750000003 0.503453125 0.3444359375 0.4934015625 0.3434421875 0.52995 0.34691875 0.5281234375 0.3508921875 0.5162453124999999 0.34890468750000003 0.503453125
1 0.369765625 0.5290375 0.3647984375 0.5080218750000001 0.360825 0.5144171875 0.35883906250000003 0.5262953125000001 0.3583421875 0.5372609374999999 0.36628906250000004 0.5454828125 0.369765625 0.5473109375 0.369765625 0.5290375
1 0.38218125000000003 0.503453125 0.3796984375 0.49431562500000004 0.3732421875 0.4860921875 0.36926875 0.527209375 0.37473125 0.531778125 0.3806921875 0.5262953125000001 0.3856578125 0.513503125 0.38218125000000003 0.503453125
3 0.6061765625 0.6103562499999999 0.59823125 0.60944375 0.5927671875 0.6176671875 0.59525 0.6313718749999999 0.5992234375 0.6313718749999999 0.604190625 0.6295453125 0.6086609375 0.6295453125 0.61114375 0.6231484375 0.6126343750000001 0.6140125000000001 0.6061765625 0.6103562499999999
1 0.44829687500000004 0.6280765625 0.447303125 0.6152859375 0.4448203125 0.6088890625000001 0.4388609375 0.6015796875 0.43587968750000006 0.6088890625000001 0.43538437500000005 0.6271640625 0.43538437500000005 0.6436109375 0.4383640625 0.661884375 0.44432343750000003 0.66919375 0.4463109375 0.6536609375 0.447303125 0.6426968750000001 0.44829687500000004 0.6280765625
1 0.391914784375 0.642372403125 0.39245572968750003 0.628307828125 0.3935376203125 0.6212755421875 0.3902919484375 0.6131613640625 0.38731675 0.6180298703125 0.384882496875 0.63371728125 0.38569391406250003 0.651568471875 0.3916443125 0.6531913078125 0.391914784375 0.642372403125
0 0.537190603125 0.6824919109375001 0.5785537484375001 0.6793101296875 0.59764443125 0.6809010203125 0.6252198625000001 0.6936281421875 0.6262804546875 0.6517346984375 0.5859779031250001 0.6501438078125 0.507493984375 0.643780246875 0.45287342031250005 0.633704609375 0.41044968125 0.6252198625000001 0.3871166234375 0.6252198625000001 0.35529881875 0.623628971875 0.34946555468749996 0.675598053125 0.38446514062500003 0.6607497437500001 0.41416175781250003 0.65968915 0.4518128265625 0.6697647875 0.46931261874999997 0.676658646875 0.5154484359375 0.6830222078125 0.537190603125 0.6824919109375001
0 0.6689846359375 0.5623937609375 0.7491815796875 0.5400604328124999 0.7380149171875 0.49133317656250003 0.6892876593749999 0.5075755953125001 0.64462100625 0.52787861875 0.588787690625 0.508590746875 0.5664543640625 0.5238180140625001 0.4588483390625 0.5116362 0.418242290625 0.4893028734375 0.3207877765625 0.4761059078125 0.32484838125 0.52787861875 0.38068169687500003 0.5207725609375 0.4456513734375 0.5410755843749999 0.5715301203125 0.54919679375 0.6689846359375 0.5623937609375
5 0.279166578125 0.5532573984375 0.2964241484375 0.5502119453125001 0.31368171875 0.5502119453125001 0.33499989375 0.552242246875 0.3421059515625 0.5431058875 0.33601504531250004 0.5207725609375 0.258863553125 0.5055452921875 0.25480295000000003 0.5187422578125 0.25480295000000003 0.5339695265625 0.26190900781250004 0.5420907359375 0.26495446093749997 0.54919679375 0.279166578125 0.5532573984375
5 0.30657565937500003 0.6304088906249999 0.3553029171875 0.6212725296875 0.35733321875 0.61213616875 0.35225746406249997 0.5979240531250001 0.3400756484375 0.593863446875 0.3370301953125 0.5867573890625 0.285257484375 0.592848296875 0.26495446093749997 0.592848296875 0.26089385625 0.6019846578125 0.279166578125 0.6182270765625 0.2883029390625 0.6233028328125 0.30657565937500003 0.6304088906249999
5 0.620257378125 0.5755907265625 0.617211925 0.552242246875 0.5857422375 0.55833315625 0.5715301203125 0.5654392140625 0.5898028421875 0.5837119359375 0.6029998078125 0.5847270875 0.6141664703124999 0.57965133125 0.620257378125 0.5755907265625
5 0.6304088890624999 0.6659391828125 0.6344694953125 0.679136146875 0.64462100625 0.6801512984375 0.6557876703125001 0.6821816015625 0.6720300890625001 0.6750755421875 0.69740886875 0.6710149375000001 0.7014694734375 0.662893728125 0.7034997765625 0.6446210078125 0.6963937171875 0.6375149484375 0.6689846359375 0.6314240421874999 0.641575553125 0.6314240421874999 0.63345434375 0.6375149484375 0.6304088890624999 0.6496967625 0.6304088890624999 0.6588331234375 0.6304088890624999 0.6659391828125
5 0.40150618437499996 0.5563596078125 0.4042879828125 0.5563596078125 0.40892431250000005 0.5554323421875 0.4107788453125 0.5535778109375 0.4126333765625 0.5526505453125 0.4126333765625 0.5507960125 0.4144879078125 0.5396688203125 0.4042879828125 0.535032490625 0.40057891874999996 0.535032490625 0.39686985468749997 0.5461596828124999 0.39779712031250003 0.549868746875 0.399651653125 0.5545050781249999 0.40150618437499996 0.5563596078125
5 0.43581502656250004 0.5563596078125 0.44230588906249996 0.5526505453125 0.4487967515625 0.5452324171875 0.4404513578125 0.5368870218749999 0.4367422921875 0.5368870218749999 0.4321059625 0.543377884375 0.43488776093750003 0.5545050781249999 0.43581502656250004 0.557286875 0.43581502656250004 0.5563596078125
6 0.562743534375 0.40105478124999994 0.5610766390624999 0.40772235781250005 0.56040988125 0.412056284375 0.5597431234375 0.419723996875 0.560076503125 0.42472468125 0.5617433968750001 0.43039212187500003 0.5680775953125 0.4323923953125 0.573078278125 0.4350594265625 0.579412478125 0.439059971875 0.585413296875 0.441393625 0.58774695 0.44339389687499997 0.58841370625 0.44906133906249995 0.5867468125 0.45806256718749994 0.5887470859375 0.4633966296875 0.59374776875 0.46773055625 0.5987484515625 0.46839731249999994 0.60774968125 0.465396903125 0.6147506375 0.4597294625 0.627419034375 0.45006147500000004 0.6340866125 0.44006010937499995 0.6384205374999999 0.4280584703125 0.6384205374999999 0.42205765 0.6314195812500001 0.41338980000000003 0.6224183515624999 0.4053887078125 0.61641753125 0.40138816093749996 0.6057494078125 0.3950539625 0.6020822406249999 0.3897199 0.599415209375 0.3863861109375 0.58841370625 0.3780516390625 0.5817461296875 0.37305095625 0.5760786890625 0.3693837875 0.5717447640625 0.3693837875 0.5654105640625 0.37305095625 0.5650771859375 0.3797185328125 0.567077459375 0.385719353125 0.566077321875 0.390053278125 0.5634102921874999 0.395387340625 0.562743534375 0.40105478124999994
6 0.43072550156249995 0.7501024593750001 0.43172563750000004 0.753436246875 0.4323923953125 0.755436521875 0.4350594265625 0.7594370671874999 0.4380598359375 0.764104371875 0.4508610203125 0.7549921234375 0.4519281484375 0.7443208578125 0.4449918234375 0.741119478125 0.43772645624999995 0.740434471875 0.43739307812500006 0.7307664843749999 0.4403934875 0.7214318765625001 0.43672632031249997 0.7164311921875 0.43039212187500003 0.72509904375 0.42905860625000003 0.7321 0.42772509062499997 0.7367673031249999 0.42739171249999997 0.7397677140625001 0.42872522812499997 0.7457685328125 0.43072550156249995 0.7501024593750001
9 0.42810183124999995 0.44282280468749996 0.43685484218750004 0.44958649531250006 0.4487907671875 0.45515659218750004 0.46311387656249997 0.455952321875 0.46947970312500004 0.454758728125 0.47385620937499995 0.44242494062500004 0.47345834375000007 0.4328762015625 0.471071159375 0.4217360046875 0.4670925171875 0.41019794374999996 0.4603288265625 0.40064920312499996 0.45157581562500004 0.391498328125 0.447597175 0.38035813281249997 0.44282280468749996 0.3676264796875 0.43884416249999997 0.3525076421875 0.43486552187500005 0.33977598750000004 0.415370178125 0.322269965625 0.410993671875 0.3457439515625 0.41019794374999996 0.36523929375 0.41258512812500003 0.3922940578125 0.414176584375 0.41576804218749996 0.4189509546875 0.4328762015625 0.42810183124999995 0.44282280468749996
