1 0.3508921875 0.5162453124999999 0.34890468750000003 0.503453125 0.3444359375 0.4934015625 0.3434421875 0.52995 0.34691875 0.5281234375 0.3508921875 0.5162453124999999
1 0.3647984375 0.5080218750000001 0.360825 0.5144171875 0.35883906250000003 0.5262953125000001 0.3583421875 0.5372609374999999 0.36628906250000004 0.5454828125 0.369765625 0.5473109375 0.369765625 0.5290375 0.3647984375 0.5080218750000001
1 0.3796984375 0.49431562500000004 0.3732421875 0.4860921875 0.36926875 0.527209375 0.37473125 0.531778125 0.3806921875 0.5262953125000001 0.3856578125 0.513503125 0.38218125000000003 0.503453125 0.3796984375 0.49431562500000004
3 0.59525 0.6313718749999999 0.5992234375 0.6313718749999999 0.604190625 0.6295453125 0.6086609375 0.6295453125 0.61114375 0.6231484375 0.6126343750000001 0.6140125000000001 0.6061765625 0.6103562499999999 0.59823125 0.60944375 0.5927671875 0.6176671875 0.59525 0.6313718749999999
1 0.43538437500000005 0.6271640625 0.43538437500000005 0.6436109375 0.4383640625 0.661884375 0.44432343750000003 0.66919375 0.4463109375 0.6536609375 0.447303125 0.6426968750000001 0.44829687500000004 0.6280765625 0.447303125 0.6152859375 0.4448203125 0.6088890625000001 0.4388609375 0.6015796875 0.43587968750000006 0.6088890625000001 0.43538437500000005 0.6271640625
6 0.4456953125 0.7619906249999999 0.447734375 0.7540203125 0.44824374999999994 0.7427671874999999 0.447734375 0.7343265625 0.44798906250000003 0.7216671875 0.4467140625 0.7291703125 0.4439109375 0.7362031250000001 0.44238125000000006 0.7413609375 0.43779375 0.7390156250000001 0.4362640625 0.7277625 0.43575468749999996 0.7183859375 0.431421875 0.72448125 0.42861874999999994 0.7277625 0.428109375 0.739953125 0.42989375 0.7549578125 0.43575468749999996 0.762928125 0.44085156249999996 0.7648046875000001 0.4456953125 0.7619906249999999
9 0.408495184375 0.426668084375 0.43298909375 0.44721136250000004 0.444050859375 0.448791615625 0.46933489375 0.448791615625 0.476446028125 0.44168048125 0.4732855234375 0.42113720312499997 0.46459413749999995 0.402964303125 0.45235891562499997 0.38682893749999997 0.44721136406250006 0.36345799843750004 0.43851997656249997 0.3516061078125 0.4314088421875 0.3389640890625 0.42192732812499995 0.31447018125000004 0.41244581562500005 0.330272703125 0.408495184375 0.3389640890625 0.407705059375 0.366618503125 0.407705059375 0.3903222859375 0.408495184375 0.426668084375
6 0.5959682546875 0.47046435156250005 0.6043819234375001 0.47116549062499996 0.6205081234375001 0.46695865625 0.63453090625 0.44943017812499997 0.64014001875 0.430499421875 0.635933184375 0.41998233437500004 0.62892179375 0.4101663875 0.6219104015625 0.40385613437499995 0.611393315625 0.3940401875 0.6043819234375001 0.387729934375 0.5945659765625 0.3800174046875 0.5784397765625 0.37230487343749996 0.568623828125 0.370902596875 0.5665204109374999 0.3786151265625 0.56441699375 0.3884310734375 0.560210159375 0.41086752656250003 0.568623828125 0.4192811953125 0.5735318031250001 0.42909714218749995 0.5770374984375 0.43260283906249997 0.5826466109374999 0.4473267609375 0.5854511671875 0.4571427078125 0.5959682546875 0.47046435156250005
0 0.5784397765625 0.55109535 0.673794696875 0.554601046875 0.741104053125 0.5391759859375 0.741104053125 0.497808778125 0.6885186187500001 0.5055213078125 0.68010495 0.5069235859375001 0.6695878625 0.5160383937499999 0.649254828125 0.5181418125 0.6261172359375 0.513934978125 0.611393315625 0.5132338375 0.60227850625 0.5132338375 0.5897697921875 0.5057644031249999 0.557405603125 0.519544090625 0.49009624687500003 0.5062224468750001 0.45433815156249996 0.5055213078125 0.444522203125 0.49991219375 0.433303978125 0.4907973859375 0.4136720828125 0.48518827187499997 0.4003504390625 0.4907973859375 0.387729934375 0.4907973859375 0.3344433609375 0.47607346406250006 0.333742221875 0.5230497859375001 0.39894816093749996 0.5230497859375001 0.430499421875 0.5328657328124999 0.47256776875 0.5461873765624999 0.5784397765625 0.55109535
5 0.275547675 0.5405782625 0.281857928125 0.5447850984375 0.2923750140625 0.546888515625 0.31060463125000004 0.55109535 0.3316388046875 0.54829079375 0.3351445015625 0.5454862375 0.33865019687500003 0.5342680125 0.32673083125 0.5209463671875 0.306397796875 0.5153372546874999 0.2881681796875 0.51042928125 0.2692374234375 0.5146361171875 0.2636283109375 0.5160383937499999 0.27274311875 0.5377737078125 0.275547675 0.5405782625
5 0.4059595515625 0.5433828203125 0.4101663875 0.5433828203125 0.410867525 0.54268168125 0.41226980468749996 0.5398771250000001 0.41577549999999996 0.5342680125 0.40315499531250004 0.530762315625 0.4003504390625 0.530762315625 0.401051578125 0.5398771250000001 0.40245385625 0.541279403125 0.40385613437499995 0.5433828203125 0.4059595515625 0.5433828203125
5 0.44592448281249997 0.5489919328124999 0.44802790000000003 0.5454862375 0.44872903906249995 0.5419805421875 0.4473267609375 0.5405782625 0.44031536875 0.538474846875 0.43680967343750005 0.541279403125 0.4382119515625 0.5489919328124999 0.4396142296875 0.5517964890625 0.4410165078125 0.5531987671875 0.44592448281249997 0.5489919328124999
5 0.5840488890625 0.570727246875 0.5875545843750001 0.5756352203125 0.5966693937499999 0.5763363578125 0.60227850625 0.5763363578125 0.6163012890624999 0.5728306625 0.6247149578125 0.5700261078125 0.6205081234375001 0.5581067421875 0.6036807843750001 0.5531987671875 0.595267115625 0.5531987671875 0.5875545843750001 0.5553021859375 0.5826466109374999 0.5609112984375 0.581945471875 0.5658192718749999 0.5840488890625 0.570727246875
1 0.39738193125 0.644365840625 0.39738193125 0.6383867140625 0.396462065625 0.6282681921875 0.39600213281249996 0.6227489984375 0.3918627375 0.6199894031250001 0.38634354375 0.6218291328125 0.386803478125 0.6324075875 0.38634354375 0.6425261078125 0.3858836125 0.6535644953124999 0.39324253593749997 0.6508048984375 0.39738193125 0.644365840625
0 0.5436405578125 0.6770210671875 0.571696459375 0.6802405968749999 0.5969927625 0.679780665625 0.62320893125 0.6949584468750001 0.6218291328125 0.6498850328125 0.5054661375 0.637006915625 0.45349373125000003 0.6264284609375 0.41347957968750004 0.6190695374999999 0.38174421718749996 0.6163099390625 0.3532283828125 0.6176897375 0.34264992968749997 0.6774810015625 0.38634354375 0.661383353125 0.4143994453125 0.6636830171875 0.43969574843750003 0.6673624796875 0.470971178125 0.6747214046875001 0.5188041875 0.6811604625000001 0.5436405578125 0.6770210671875
5 0.3122943640625 0.6356271171875 0.33023174375000003 0.6365469828125 0.3380506015625 0.6365469828125 0.35276845 0.6333274531249999 0.3546081828125 0.6301079234375 0.357367778125 0.6140102765625 0.355528046875 0.611250678125 0.34724925624999997 0.60987088125 0.318273490625 0.607111284375 0.3044755078125 0.609410946875 0.2952768515625 0.618149671875 0.290217590625 0.6264284609375 0.299416246875 0.635167184375 0.3122943640625 0.6356271171875
5 0.6544843609375001 0.665062815625 0.6765611359375 0.6581638234375 0.6871395890625001 0.64758536875 0.698637909375 0.6383867140625 0.6917389171874999 0.6356271171875 0.681620396875 0.6333274531249999 0.66966214375 0.6328675203125 0.661383353125 0.6337873859375 0.6572439578125 0.637466846875 0.656784025 0.63608705 0.6471254359375 0.6324075875 0.63792678125 0.6328675203125 0.6213692 0.6393065796874999 0.620449334375 0.6526446296875 0.63056785625 0.6600035546874999 0.6544843609375001 0.665062815625
