2 0.3213796875 0.55324375 0.313884375 0.55324375 0.3084984375 0.5541046875 0.30194062499999996 0.555825 0.2972578125 0.5571171875 0.2930421875 0.5631406250000001 0.29116718750000004 0.5739 0.28835781250000003 0.5794953125 0.28695312500000003 0.5928359375000001 0.28859218750000004 0.5971390624999999 0.290465625 0.5984296875 0.294915625 0.604025 0.29795937499999997 0.608328125 0.302878125 0.608759375 0.307328125 0.608328125 0.3115421875 0.60660625 0.3166953125 0.608759375 0.3206765625 0.6130625000000001 0.3253609375 0.616075 0.3326203125 0.6165046875 0.3366015625 0.6139234375 0.3366015625 0.604025 0.33824062499999996 0.5863796875 0.3394125 0.5726093750000001 0.335196875 0.5601296875 0.331684375 0.557546875 0.327234375 0.554534375 0.3213796875 0.55324375
2 0.3377734375 0.590253125 0.33683593749999996 0.605746875 0.33988125 0.6165046875 0.34432968750000004 0.6212390625 0.3508875 0.620378125 0.35510312499999996 0.61564375 0.36095781250000003 0.6173656249999999 0.3661109375 0.61564375 0.37173124999999996 0.608759375 0.3740734375 0.604025 0.3745421875 0.5949875 0.3722 0.5687359375 0.3696234375 0.5665843749999999 0.363534375 0.566153125 0.35041875 0.5648625 0.3419890625 0.5648625 0.339178125 0.578203125 0.3377734375 0.590253125
1 0.3907015625 0.605315625 0.3939796875 0.6010125000000001 0.395384375 0.587240625 0.396321875 0.5704578125 0.3932765625 0.5631406250000001 0.387890625 0.5756218750000001 0.3864859375 0.58595 0.3850796875 0.596278125 0.3808640625 0.5971390624999999 0.37618125 0.596709375 0.375946875 0.6074671875 0.3782890625 0.60961875 0.3822703125 0.611340625 0.38859374999999996 0.6074671875 0.3907015625 0.605315625
1 0.44035 0.616075 0.43871093749999995 0.6182265625000001 0.4396484375 0.6238203125 0.441521875 0.6272640625 0.44409687499999995 0.6311375 0.4457375 0.6315671875 0.44620468750000003 0.6225296874999999 0.44597031249999997 0.6152140625 0.4433953125 0.61564375 0.44035 0.616075
2 0.5425375 0.6453875 0.547525 0.6539796875 0.5528234375000001 0.6539796875 0.5631109375000001 0.643096875 0.5640453125 0.629921875 0.5659156249999999 0.612165625 0.5603046875000001 0.5961265625000001 0.5540703125 0.58524375 0.5481484375 0.582953125 0.5416015625 0.5835250000000001 0.5344328125 0.5863890625 0.5297562499999999 0.592690625 0.5306921874999999 0.600709375 0.5331859375 0.6173203125 0.5378609375 0.6333593750000001 0.5425375 0.6453875
2 0.5680984375 0.6247671875 0.5755796875 0.622475 0.5790078125 0.622475 0.5836828125 0.631640625 0.5892937500000001 0.6350765625 0.5986453125 0.6253390624999999 0.6017625 0.61445625 0.5989578125 0.592690625 0.5983343750000001 0.577225 0.5917875 0.5651953125 0.5852421875 0.56405 0.5743328125 0.5646234375 0.5656046875 0.5669140625 0.5571875000000001 0.57206875 0.553759375 0.579515625 0.553759375 0.5881078125 0.5571875000000001 0.6018546875 0.5640453125 0.6150296875000001 0.5680984375 0.6247671875
2 0.623271875 0.6213296875000001 0.6298171875 0.6104468749999999 0.6298171875 0.5978453125 0.6267 0.5823796875 0.620778125 0.5629046875 0.612984375 0.5531671874999999 0.6039453124999999 0.5497296875 0.5986453125 0.556603125 0.595840625 0.5709234375000001 0.5989578125 0.5881078125 0.5995812500000001 0.600709375 0.6036328125 0.6173203125 0.6048796875 0.621903125 0.6086203125 0.623621875 0.615790625 0.6270578125 0.623271875 0.6213296875000001
2 0.6447796875 0.6115921875 0.6547546875 0.607009375 0.6694046874999999 0.5955546875 0.6725218749999999 0.5869625 0.6709640625 0.5737875 0.6678468750000001 0.5571765625 0.6647296875 0.5411374999999999 0.6584953125 0.5405656249999999 0.652571875 0.5399921875 0.642909375 0.5434296875 0.635115625 0.5491578125000001 0.62919375 0.556603125 0.627946875 0.566340625 0.62919375 0.5749328125 0.6323109375 0.5886812499999999 0.635115625 0.602428125 0.6385453125 0.6098734375 0.6447796875 0.6115921875
2 0.6447796875 0.5886812499999999 0.6563125000000001 0.5875343749999999 0.662546875 0.577796875 0.6659765625 0.5669140625 0.6669109375 0.550303125 0.6644171875 0.5405656249999999 0.6594296875000001 0.5365562500000001 0.6544421875 0.5342640624999999 0.647896875 0.532546875 0.64415625 0.5377015625 0.63885625 0.54285625 0.637921875 0.5531671874999999 0.6357390625 0.5617593750000001 0.627946875 0.5531671874999999 0.6307515625 0.57206875 0.635115625 0.5863890625 0.6397921875 0.5886812499999999 0.6447796875 0.5886812499999999
2 0.6943421875 0.506196875 0.689978125 0.5205171875 0.6853015625000001 0.5182265625 0.6806265625 0.5182265625 0.6740796875 0.5187984375 0.6684703125 0.519371875 0.665353125 0.5245265625 0.6656640625 0.5319734375 0.6681578125 0.5354109375 0.671275 0.5497296875 0.6731453125 0.573215625 0.6753265625 0.58180625 0.68125 0.5846703125 0.685925 0.5823796875 0.692159375 0.581234375 0.6983937499999999 0.577225 0.7052515625 0.577796875 0.7167859375 0.5709234375000001 0.7183437500000001 0.5583218750000001 0.7161625 0.5405656249999999 0.7139796875 0.527390625 0.712421875 0.5216624999999999 0.70836875 0.517653125 0.7043171874999999 0.519371875 0.7018234375 0.52338125 0.6980828125 0.5279640624999999 0.694965625 0.5205171875 0.6943421875 0.506196875
2 0.6513625000000001 0.679853125 0.6547578125 0.6874765625 0.663809375 0.6902484375 0.6758796874999999 0.68331875 0.6807828125000001 0.6750015625 0.6890796875 0.667378125 0.696246875 0.6583671875 0.6988859374999999 0.6472781249999999 0.6977546875 0.63688125 0.696246875 0.6257921875 0.69360625 0.6223265625 0.686440625 0.62440625 0.680028125 0.627178125 0.671353125 0.6292578125 0.6649406250000001 0.6327234374999999 0.6547578125 0.633415625 0.64796875 0.637575 0.645328125 0.6472781249999999 0.6468359375 0.659753125 0.6513625000000001 0.679853125
2 0.6085812500000001 0.6520390625 0.6010875 0.6550515625 0.5982765624999999 0.6640875 0.5978078124999999 0.674846875 0.5999156250000001 0.6881875 0.6055359375 0.704540625 0.6078781249999999 0.710996875 0.609284375 0.713578125 0.6144359374999999 0.7152999999999999 0.6195875 0.7144390625 0.6280187500000001 0.707553125 0.6341078125 0.7041109375 0.6383234375 0.7023890625 0.644178125 0.7002375 0.6469890625 0.695934375 0.6500328125 0.6843140625 0.6498 0.6757078125 0.6472234375 0.6666703125 0.64488125 0.657203125 0.641134375 0.6524687499999999 0.63598125 0.6507468750000001 0.6298921875 0.6490265625 0.6235703125 0.6485953125 0.6149046874999999 0.6498859375 0.6085812500000001 0.6520390625
2 0.6054453125 0.6924796875 0.6013296875 0.6742078125 0.5955015625 0.6679062499999999 0.5862437500000001 0.6653859375 0.580071875 0.6634953125 0.57355625 0.666646875 0.5690984375 0.6773578125 0.5680703125 0.6981499999999999 0.574928125 0.7139015625 0.582471875 0.7246140624999999 0.592415625 0.72524375 0.597215625 0.7183125 0.6061296875 0.7038203125 0.6054453125 0.6924796875
2 0.26255937500000004 0.5778046875 0.25947343749999996 0.5708734375 0.2536453125 0.5733937499999999 0.250215625 0.5765453125 0.247815625 0.583475 0.2443859375 0.59040625 0.24164375 0.599228125 0.24095781249999998 0.6048984374999999 0.2382140625 0.61371875 0.23650000000000002 0.62443125 0.2382140625 0.6332515625 0.24198593750000003 0.64144375 0.2495296875 0.649634375 0.25432968749999996 0.6490046875 0.26153125 0.6471140625 0.2611875 0.651525 0.26770312500000004 0.6521546875 0.2721609375 0.646484375 0.27764687499999996 0.6395531250000001 0.282446875 0.629471875 0.287246875 0.6181296875 0.287590625 0.609309375 0.2845046875 0.6004875000000001 0.2769609375 0.5979671875 0.273875 0.5960765625 0.27250312499999996 0.5910359374999999 0.2694171875 0.5847359375 0.264959375 0.5859953124999999 0.26255937500000004 0.5778046875
2 0.2903328125 0.6212796875000001 0.287246875 0.6143500000000001 0.281075 0.62065 0.26976093749999996 0.64144375 0.2707890625 0.656565625 0.2742171875 0.6685359375 0.27558906250000004 0.6704265625 0.2821046875 0.6874390625 0.28964687499999997 0.6956296875 0.2992484375 0.6975203125 0.3033625 0.6924796875 0.30782031249999997 0.6836578125 0.3150203125 0.6950000000000001 0.317421875 0.69185 0.3229078125 0.68491875 0.3239359375 0.676728125 0.3225640625 0.659715625 0.31810625 0.652784375 0.311934375 0.6483734375 0.3088484375 0.6408125 0.3030203125 0.6370328125 0.3002765625 0.629471875 0.29581875 0.62443125 0.2903328125 0.6212796875000001
6 0.1888020828125 0.7044270828125 0.20833333281250002 0.71484375 0.22005208281250002 0.6979166671875 0.1979166671875 0.6614583328125 0.1888020828125 0.7044270828125
6 0.2526041671875 0.7838541671875 0.2708333328125 0.7630208328125 0.25390625 0.734375 0.23307291718749998 0.7669270828125 0.2526041671875 0.7838541671875
6 0.6484375 0.7916666671875 0.62890625 0.7864583328125 0.6145833328125 0.80859375 0.6458333328125 0.828125 0.6484375 0.7916666671875
0 0.5221354171875 0.7447916671875 0.60546875 0.73046875 0.6627604171875 0.71484375 0.7096354171875 0.6744791671875 0.7122395828125 0.6731770828125 0.7018229171875 0.6705729171875 0.6458333328125 0.71875 0.5572916671875 0.7265625 0.4596354171875 0.7278645828125 0.3984375 0.7252604171875 0.3567708328125 0.7252604171875 0.2942708328125 0.7005208328125 0.22786458281250002 0.6119791671875 0.28125 0.6966145828125 0.31640625 0.73046875 0.3450520828125 0.7421875 0.3932291671875 0.7408854171875 0.4635416671875 0.73828125 0.5221354171875 0.7447916671875
0 0.5390625 0.5924479171875 0.5963541671875 0.5638020828125 0.7057291671875 0.5130208328125 0.7057291671875 0.4921875 0.6354166671875 0.5325520828125 0.6119791671875 0.5390625 0.5703125 0.5651041671875 0.5455729171875 0.5859375 0.4778645828125 0.5885416671875 0.4479166671875 0.5833333328125 0.4153645828125 0.56640625 0.38671875 0.5494791671875 0.3580729171875 0.5442708328125 0.3450520828125 0.5286458328125 0.3020833328125 0.5286458328125 0.2552083328125 0.4895833328125 0.2981770828125 0.5403645828125 0.375 0.5611979171875 0.40625 0.5768229171875 0.4739583328125 0.6041666671875 0.5390625 0.5924479171875
