2 0.3366015625 0.604025 0.33824062499999996 0.5863796875 0.3394125 0.5726093750000001 0.335196875 0.5601296875 0.331684375 0.557546875 0.327234375 0.554534375 0.3213796875 0.55324375 0.313884375 0.55324375 0.3084984375 0.5541046875 0.30194062499999996 0.555825 0.2972578125 0.5571171875 0.2930421875 0.5631406250000001 0.29116718750000004 0.5739 0.28835781250000003 0.5794953125 0.28695312500000003 0.5928359375000001 0.28859218750000004 0.5971390624999999 0.290465625 0.5984296875 0.294915625 0.604025 0.29795937499999997 0.608328125 0.302878125 0.608759375 0.307328125 0.608328125 0.3115421875 0.60660625 0.3166953125 0.608759375 0.3206765625 0.6130625000000001 0.3253609375 0.616075 0.3326203125 0.6165046875 0.3366015625 0.6139234375 0.3366015625 0.604025
7 0.33285468749999997 0.4482375 0.3323859375 0.4654515625 0.3326203125 0.4835265625 0.330278125 0.5028921875 0.327703125 0.5209671874999999 0.325828125 0.530865625 0.33004375 0.533878125 0.3335578125 0.509778125 0.335196875 0.4848171875 0.334728125 0.4633 0.33285468749999997 0.4482375
7 0.3124796875 0.5218281250000001 0.313884375 0.5282828125 0.314353125 0.5127906249999999 0.30966875 0.4895515625 0.305921875 0.46889375 0.3031125 0.4551234375 0.305921875 0.4895515625 0.309903125 0.5102078125 0.3124796875 0.5218281250000001
7 0.322784375 0.43618750000000006 0.3209109375 0.45038906250000005 0.31950625 0.46889375 0.3197390625 0.4762109375 0.321846875 0.4775015625 0.3244234375 0.443934375 0.322784375 0.43618750000000006
7 0.3654078125 0.46588124999999997 0.363065625 0.4740578125 0.3614265625 0.49299375 0.360021875 0.5175234375 0.35838125 0.5325859375 0.3529953125 0.54420625 0.36517343750000003 0.5459265624999999 0.3649390625 0.5226875 0.3649390625 0.49772812499999997 0.3658765625 0.4805140625 0.3654078125 0.46588124999999997
2 0.3722 0.5687359375 0.3696234375 0.5665843749999999 0.363534375 0.566153125 0.35041875 0.5648625 0.3419890625 0.5648625 0.339178125 0.578203125 0.3377734375 0.590253125 0.33683593749999996 0.605746875 0.33988125 0.6165046875 0.34432968750000004 0.6212390625 0.3508875 0.620378125 0.35510312499999996 0.61564375 0.36095781250000003 0.6173656249999999 0.3661109375 0.61564375 0.37173124999999996 0.608759375 0.3740734375 0.604025 0.3745421875 0.5949875 0.3722 0.5687359375
1 0.3808640625 0.5971390624999999 0.37618125 0.596709375 0.375946875 0.6074671875 0.3782890625 0.60961875 0.3822703125 0.611340625 0.38859374999999996 0.6074671875 0.3907015625 0.605315625 0.3939796875 0.6010125000000001 0.395384375 0.587240625 0.396321875 0.5704578125 0.3932765625 0.5631406250000001 0.387890625 0.5756218750000001 0.3864859375 0.58595 0.3850796875 0.596278125 0.3808640625 0.5971390624999999
1 0.441521875 0.6272640625 0.44409687499999995 0.6311375 0.4457375 0.6315671875 0.44620468750000003 0.6225296874999999 0.44597031249999997 0.6152140625 0.4433953125 0.61564375 0.44035 0.616075 0.43871093749999995 0.6182265625000001 0.4396484375 0.6238203125 0.441521875 0.6272640625
2 0.5416015625 0.5835250000000001 0.5344328125 0.5863890625 0.5297562499999999 0.592690625 0.5306921874999999 0.600709375 0.5331859375 0.6173203125 0.5378609375 0.6333593750000001 0.5425375 0.6453875 0.547525 0.6539796875 0.5528234375000001 0.6539796875 0.5631109375000001 0.643096875 0.5640453125 0.629921875 0.5659156249999999 0.612165625 0.5603046875000001 0.5961265625000001 0.5540703125 0.58524375 0.5481484375 0.582953125 0.5416015625 0.5835250000000001
2 0.5656046875 0.5669140625 0.5571875000000001 0.57206875 0.553759375 0.579515625 0.553759375 0.5881078125 0.5571875000000001 0.6018546875 0.5640453125 0.6150296875000001 0.5680984375 0.6247671875 0.5755796875 0.622475 0.5790078125 0.622475 0.5836828125 0.631640625 0.5892937500000001 0.6350765625 0.5986453125 0.6253390624999999 0.6017625 0.61445625 0.5989578125 0.592690625 0.5983343750000001 0.577225 0.5917875 0.5651953125 0.5852421875 0.56405 0.5743328125 0.5646234375 0.5656046875 0.5669140625
7 0.5522 0.44720000000000004 0.547525 0.5136437500000001 0.5525125 0.50734375 0.5522 0.44720000000000004
2 0.5989578125 0.5881078125 0.5995812500000001 0.600709375 0.6036328125 0.6173203125 0.6048796875 0.621903125 0.6086203125 0.623621875 0.615790625 0.6270578125 0.623271875 0.6213296875000001 0.6298171875 0.6104468749999999 0.6298171875 0.5978453125 0.6267 0.5823796875 0.620778125 0.5629046875 0.612984375 0.5531671874999999 0.6039453124999999 0.5497296875 0.5986453125 0.556603125 0.595840625 0.5709234375000001 0.5989578125 0.5881078125
2 0.62919375 0.556603125 0.627946875 0.566340625 0.62919375 0.5749328125 0.6323109375 0.5886812499999999 0.635115625 0.602428125 0.6385453125 0.6098734375 0.6447796875 0.6115921875 0.6547546875 0.607009375 0.6694046874999999 0.5955546875 0.6725218749999999 0.5869625 0.6709640625 0.5737875 0.6678468750000001 0.5571765625 0.6647296875 0.5411374999999999 0.6584953125 0.5405656249999999 0.652571875 0.5399921875 0.642909375 0.5434296875 0.635115625 0.5491578125000001 0.62919375 0.556603125
7 0.6419734375 0.4701109375 0.637609375 0.4890140625 0.6372984374999999 0.513071875 0.6404156249999999 0.5394203125 0.6500781250000001 0.5302546875 0.647584375 0.51708125 0.6447796875 0.506196875 0.6419734375 0.5004703125 0.6419734375 0.4701109375
7 0.6544421875 0.529109375 0.6544421875 0.5354109375 0.6597421875 0.5342640624999999 0.662859375 0.5102078125 0.6669109375 0.4872953125 0.6709640625 0.4586546875 0.6622359375 0.4935953125 0.6569359375 0.511925 0.6544421875 0.529109375
2 0.712421875 0.5228732703125 0.70836875 0.5188638953125 0.7043171874999999 0.5205826453125 0.7018234375 0.5245920203125001 0.6980828125 0.5291748328125 0.694965625 0.5217279578125 0.6931659546875 0.5218419671875 0.689978125 0.5217279578125 0.6853015625000001 0.5194373328124999 0.6806265625 0.5194373328124999 0.6740796875 0.5200092078125 0.6684703125 0.5205826453125 0.665353125 0.5257373328125 0.6656640625 0.5331842078125 0.6681578125 0.5366217078125 0.671275 0.5509404578125 0.6731453125 0.5744263953125001 0.6753265625 0.5830170203125 0.68125 0.5858810828125 0.685925 0.5835904578125 0.692159375 0.5824451453124999 0.6983937499999999 0.5784357703125 0.7052515625 0.5790076453124999 0.7167859375 0.5721342078125 0.7183437500000001 0.5595326453125 0.7161625 0.5417763953125 0.7139796875 0.5286013953124999 0.712421875 0.5228732703125
7 0.6959 0.517653125 0.6987062500000001 0.522809375 0.7015109374999999 0.434025 0.6959 0.517653125
7 0.6793796875 0.5050515625 0.679690625 0.51708125 0.6877174890625 0.5200258125 0.6806265625 0.4638109375 0.6806265625 0.43001562499999996 0.679690625 0.4569375 0.6743921875 0.4431890625 0.677196875 0.46667500000000006 0.6793796875 0.5050515625
2 0.671353125 0.6292578125 0.6649406250000001 0.6327234374999999 0.6547578125 0.633415625 0.64796875 0.637575 0.645328125 0.6472781249999999 0.6468359375 0.659753125 0.6513625000000001 0.679853125 0.6547578125 0.6874765625 0.663809375 0.6902484375 0.6758796874999999 0.68331875 0.6807828125000001 0.6750015625 0.6890796875 0.667378125 0.696246875 0.6583671875 0.6988859374999999 0.6472781249999999 0.6977546875 0.63688125 0.696246875 0.6257921875 0.69360625 0.6223265625 0.686440625 0.62440625 0.680028125 0.627178125 0.671353125 0.6292578125
7 0.701321875 0.7609171875 0.6858014109374999 0.7197302031249999 0.689257121875 0.7370087546875 0.701321875 0.7609171875
2 0.64488125 0.657203125 0.641134375 0.6524687499999999 0.63598125 0.6507468750000001 0.6298921875 0.6490265625 0.6235703125 0.6485953125 0.6149046874999999 0.6498859375 0.6085812500000001 0.6520390625 0.6010875 0.6550515625 0.5982765624999999 0.6640875 0.5978078124999999 0.674846875 0.5999156250000001 0.6881875 0.6055359375 0.704540625 0.6078781249999999 0.710996875 0.609284375 0.713578125 0.6144359374999999 0.7152999999999999 0.6195875 0.7144390625 0.6280187500000001 0.707553125 0.6341078125 0.7041109375 0.6383234375 0.7023890625 0.644178125 0.7002375 0.6469890625 0.695934375 0.6500328125 0.6843140625 0.6498 0.6757078125 0.6472234375 0.6666703125 0.64488125 0.657203125
6 0.721696875 0.7536015625 0.7198234375 0.7583359375 0.7188875 0.76306875 0.7156078124999999 0.7673734375000001 0.7125640625 0.769525 0.71045625 0.7725375 0.706475 0.776840625 0.6999171875 0.7742578124999999 0.7046015625 0.7863078125 0.714671875 0.7919031249999999 0.723103125 0.7876000000000001 0.7254437499999999 0.7742578124999999 0.7254437499999999 0.7604875 0.721696875 0.7536015625
7 0.6673640625 0.7832953125000001 0.665959375 0.77555 0.6601046875 0.7596265625 0.6584640625 0.7635 0.6673640625 0.7832953125000001
7 0.6275515625 0.77555 0.624975 0.7497281250000001 0.6214625 0.7540312499999999 0.6214625 0.7643609375 0.6259109375 0.781575 0.6345765625 0.8048140625 0.629659375 0.7906109375 0.6275515625 0.77555
6 0.6392609375 0.8013703124999999 0.636684375 0.7927640625000001 0.63598125 0.8026609375 0.633171875 0.80825625 0.628721875 0.8073953125 0.6240375 0.8005093750000001 0.62099375 0.78716875 0.620759375 0.800940625 0.620525 0.8121296875 0.6228671875 0.8271921875 0.6298921875 0.8297734374999999 0.6380890625 0.8267609374999999 0.6420703125 0.82030625 0.6423046875 0.8091171875000001 0.6392609375 0.8013703124999999
2 0.5680703125 0.6981499999999999 0.574928125 0.7139015625 0.582471875 0.7246140624999999 0.592415625 0.72524375 0.597215625 0.7183125 0.6061296875 0.7038203125 0.6054453125 0.6924796875 0.6013296875 0.6742078125 0.5955015625 0.6679062499999999 0.5862437500000001 0.6653859375 0.580071875 0.6634953125 0.57355625 0.666646875 0.5690984375 0.6773578125 0.5680703125 0.6981499999999999
7 0.5828140625 0.7863609375 0.5831578125 0.8033734375 0.5855578125 0.8121937499999999 0.5845281250000001 0.776909375 0.5865859375 0.7624187499999999 0.582471875 0.7617875 0.5828140625 0.7863609375
6 0.262903125 0.777540625 0.26873125 0.7680890625 0.27284687500000004 0.7542265625 0.2659890625 0.7580078125 0.2622171875 0.7611578125 0.25741562500000004 0.7661984375 0.25227343750000003 0.7630484375 0.250215625 0.7542265625 0.2533015625 0.7460359375000001 0.25947343749999996 0.741625 0.255359375 0.7372156249999999 0.2457578125 0.7372156249999999 0.2423296875 0.750446875 0.2443859375 0.7712390625000001 0.2533015625 0.776909375 0.262903125 0.777540625
6 0.1939828125 0.6836578125 0.194325 0.6950000000000001 0.19844062499999998 0.7063406249999999 0.20426875 0.71138125 0.21387031250000002 0.710121875 0.20564062500000002 0.700040625 0.2076984375 0.69185 0.2114703125 0.686178125 0.20358281250000002 0.68176875 0.20049687500000002 0.6786171875 0.2015265625 0.67105625 0.195696875 0.6716875 0.1939828125 0.6836578125
7 0.2437015625 0.713271875 0.2337578125 0.7334343750000001 0.2423296875 0.7227234375 0.25158749999999996 0.7094921875 0.2618734375 0.6994109374999999 0.2598171875 0.6924796875 0.2437015625 0.713271875
7 0.2395859375 0.6590859375 0.2337578125 0.6729468749999999 0.22621406249999998 0.6855484374999999 0.21867031250000002 0.6931093749999999 0.2076984375 0.696890625 0.21455625 0.6981499999999999 0.2248421875 0.6924796875 0.2347859375 0.6805078124999999 0.2395859375 0.6704265625 0.2467875 0.6603453125 0.25227343750000003 0.65089375 0.24472968750000001 0.6452234375 0.2395859375 0.6590859375
7 0.20666875 0.6729468749999999 0.2176421875 0.66160625 0.21489843749999998 0.6571953125000001 0.20666875 0.6729468749999999
2 0.2845046875 0.6004875000000001 0.2769609375 0.5979671875 0.273875 0.5960765625 0.27250312499999996 0.5910359374999999 0.2694171875 0.5847359375 0.264959375 0.5859953124999999 0.26255937500000004 0.5778046875 0.25947343749999996 0.5708734375 0.2536453125 0.5733937499999999 0.250215625 0.5765453125 0.247815625 0.583475 0.2443859375 0.59040625 0.24164375 0.599228125 0.24095781249999998 0.6048984374999999 0.2382140625 0.61371875 0.23650000000000002 0.62443125 0.2382140625 0.6332515625 0.24198593750000003 0.64144375 0.2495296875 0.649634375 0.25432968749999996 0.6490046875 0.26153125 0.6471140625 0.2611875 0.651525 0.26770312500000004 0.6521546875 0.2721609375 0.646484375 0.27764687499999996 0.6395531250000001 0.282446875 0.629471875 0.287246875 0.6181296875 0.287590625 0.609309375 0.2845046875 0.6004875000000001
2 0.31810625 0.652784375 0.311934375 0.6483734375 0.3088484375 0.6408125 0.3030203125 0.6370328125 0.3002765625 0.629471875 0.29581875 0.62443125 0.2903328125 0.6212796875000001 0.287246875 0.6143500000000001 0.281075 0.62065 0.26976093749999996 0.64144375 0.2707890625 0.656565625 0.2742171875 0.6685359375 0.27558906250000004 0.6704265625 0.2821046875 0.6874390625 0.28964687499999997 0.6956296875 0.2992484375 0.6975203125 0.3033625 0.6924796875 0.30782031249999997 0.6836578125 0.3150203125 0.6950000000000001 0.317421875 0.69185 0.3229078125 0.68491875 0.3239359375 0.676728125 0.3225640625 0.659715625 0.31810625 0.652784375
7 0.283384375 0.5 0.28131093749999997 0.49008906249999995 0.281725 0.4191859375 0.2796515625 0.475603125 0.27840625 0.40622499999999995 0.27508750000000004 0.49008906249999995 0.2738421875 0.504575 0.27176875 0.5152484375 0.27633125000000003 0.525159375 0.27840625 0.521346875 0.283384375 0.5152484375 0.2867046875 0.5121984375 0.283384375 0.5
7 0.7125046265625 0.735123821875 0.709363071875 0.727269934375 0.7077922953125 0.7300973328125 0.71061969375 0.7357521328125001 0.7103055390625 0.742349396875 0.7134470937499999 0.743920175 0.7137612484375 0.7385795328125 0.7125046265625 0.735123821875
5 0.342429471875 0.694283609375 0.350283359375 0.6923986765625 0.35939386875 0.6917703656249999 0.365362821875 0.6905137421875 0.378243196875 0.6908278984375 0.381070596875 0.6901995875 0.3838979953125 0.6832881671875 0.356880625 0.6798324578125 0.34054453906250004 0.6798324578125 0.32860663125 0.6820315453125 0.32420845468750004 0.686429721875 0.33300480781249997 0.691456209375 0.342429471875 0.694283609375
