2 0.2855561265625 0.6133670312499999 0.33640424687500003 0.6168262890625 0.3406408640625 0.5545541187499999 0.28979330000000003 0.551094878125 0.2855561265625 0.6133670312499999
7 0.3387484703125 0.448738659375 0.3328546453125 0.44823749687500003 0.32560405000000003 0.5335006109375 0.331497875 0.5340017718750001 0.3387484703125 0.448738659375
7 0.3133796203125 0.5283797531250001 0.317206234375 0.5276448312500001 0.3032711640625 0.455092965625 0.299444590625 0.45582788281250003 0.3133796203125 0.5283797531250001
7 0.3188474859375 0.4772713484375 0.3218468765625 0.4775015625 0.325004990625 0.43635794062500005 0.3220056171875 0.43612772812499995 0.3188474859375 0.4772713484375
7 0.364087090625 0.46569467500000006 0.352995309375 0.544206271875 0.36517343750000003 0.5459265624999999 0.3762651359375 0.4674150390625 0.364087090625 0.46569467500000006
2 0.3763481609375 0.566431275 0.339350290625 0.5641928390625 0.3359292828125 0.620730825 0.3729271515625 0.6229692515624999 0.3763481609375 0.566431275
7 0.40154499843749997 0.4851213078125 0.3995999828125 0.48481718437500004 0.39277684687500003 0.52845113125 0.3947218609375 0.528755253125 0.40154499843749997 0.4851213078125
7 0.38388484375 0.46410660468750004 0.3827375 0.4641609375 0.3849602984375 0.5110966015625 0.3861076421875 0.51104226875 0.38388484375 0.46410660468750004
1 0.4391450953125 0.6317783671874999 0.4464934625 0.631542971875 0.44597031249999997 0.6152140625 0.43862196718749996 0.6154494578125 0.4391450953125 0.6317783671874999
7 0.431569171875 0.611313428125 0.43762032343749996 0.6115390625 0.44214636250000006 0.490168815625 0.43609533593750005 0.48994318281250004 0.431569171875 0.611313428125
2 0.5563175453125 0.5792361406250001 0.5247656484375 0.5884316921875 0.5445721953125 0.65638443125 0.576124065625 0.6471889421875 0.5563175453125 0.5792361406250001
2 0.5583462703125 0.6379257921875 0.6035406359375 0.6337649 0.5969820046875001 0.5625381890625001 0.5517882171874999 0.5666990546874999 0.5583462703125 0.6379257921875
7 0.55411765625 0.4553306328125 0.5495958109375 0.45501249843749997 0.5449208328124999 0.5214562500000001 0.5494426796874999 0.5217743828125 0.55411765625 0.4553306328125
2 0.6053173171874999 0.629168540625 0.6349279203125 0.62320099375 0.6194877765625 0.5465973281250001 0.5898775781250001 0.552564834375 0.6053173171874999 0.629168540625
2 0.636626359375 0.613176628125 0.6771984609375 0.6052922234375 0.6640727156249999 0.53775720625 0.6235010890625 0.545641565625 0.636626359375 0.613176628125
2 0.663923378125 0.5301690265625 0.6253828265625 0.5358872765625 0.6335475953125 0.59091198125 0.672088140625 0.5851937578124999 0.663923378125 0.5301690265625
7 0.6429491265625 0.4699955171875 0.6323505968750001 0.47124928906249997 0.64041561875 0.5394203125 0.6510141468749999 0.5381665484375 0.6429491265625 0.4699955171875
2 0.709632153125 0.5034235609375 0.6620507359375 0.5120539375 0.6754151265624999 0.5857286421875 0.7229965296875001 0.5770983203125 0.709632153125 0.5034235609375
7 0.6957400703125 0.5227156796875 0.6987062500000001 0.522809375 0.70151094375 0.434025 0.698544803125 0.43393130625 0.6957400703125 0.5227156796875
7 0.6780518546875001 0.5171623203125 0.6849212265625 0.51682249375 0.6806265625 0.43001562499999996 0.6737572765625 0.43035545 0.6780518546875001 0.5171623203125
2 0.7108175921875 0.6768302859374999 0.6951330046875001 0.621890515625 0.639360215625 0.63781086875 0.6550444296875 0.692750321875 0.7108175921875 0.6768302859374999
7 0.698618240625 0.7663693421875 0.7010875640625 0.7652202828125 0.685865625 0.7325140625000001 0.6833963187500001 0.7336631171875 0.698618240625 0.7663693421875
7 0.699083065625 0.761644409375 0.7013219109375 0.7609171765625 0.6919546875 0.732084375 0.68971585625 0.7328116062500001 0.699083065625 0.761644409375
2 0.607731103125 0.7175901828125 0.65742264375 0.70438345625 0.6410865343750001 0.642927434375 0.5913956125000001 0.6561340734375001 0.607731103125 0.7175901828125
7 0.6659354609375 0.7838204828124999 0.6686353515625 0.782827971875 0.6601046875 0.7596265625 0.6574048109375 0.7606190703125 0.6659354609375 0.7838204828124999
7 0.6286923109375 0.8058395125000001 0.6345766640625 0.8048140453125001 0.624975 0.7497281250000001 0.6190907234374999 0.7507535859375001 0.6286923109375 0.8058395125000001
2 0.608055246875 0.664878825 0.5698089890625 0.662987909375 0.566793225 0.7239769734375 0.6050394828125001 0.7258678765625 0.608055246875 0.664878825
7 0.5865763515625 0.7617303546875 0.582471875 0.7617875 0.5831742484375 0.812226934375 0.587278725 0.812169790625 0.5865763515625 0.7617303546875
7 0.2548678328125 0.652488665625 0.24472948749999998 0.64522329375 0.2076984375 0.696890625 0.2178367421875 0.70415595 0.2548678328125 0.652488665625
7 0.21886432500000003 0.6592670796875 0.21489842343749999 0.65719530625 0.20666875 0.6729468749999999 0.2106346484375 0.6750186453125 0.21886432500000003 0.6592670796875
2 0.2981950703125 0.5829083328125 0.251251778125 0.568318096875 0.22805054687499998 0.6429585765625 0.27499379375 0.6575487046874999 0.2981950703125 0.5829083328125
2 0.29790031093749997 0.708091896875 0.3373398984375 0.6779318562500001 0.28817073125000003 0.613643509375 0.24873157343750002 0.643803303125 0.29790031093749997 0.708091896875
7 0.293101984375 0.407119634375 0.2784062015625 0.40622499687499997 0.27118443281250004 0.5248460546875 0.285880215625 0.525740684375 0.293101984375 0.407119634375
6 0.639351190625 0.7873033406250001 0.6201775781250001 0.790219315625 0.6244958734375 0.818608146875 0.6436694843749999 0.81569218125 0.639351190625 0.7873033406250001
6 0.24933818593749998 0.780929975 0.26987060625 0.76892324375 0.2535477625 0.7410150140625 0.2330154625 0.7530217 0.24933818593749998 0.780929975
6 0.2071584046875 0.6967104921875 0.2140153703125 0.6844725328125 0.1971117203125 0.6750027203125 0.1902547546875 0.68724065625 0.2071584046875 0.6967104921875
6 0.20480119062500002 0.716494384375 0.21705171874999998 0.7092101296875 0.20614170937499998 0.6908646953125 0.193891225 0.698148934375 0.20480119062500002 0.716494384375
6 0.6968077171875 0.7898894624999999 0.7271110937499999 0.7898894624999999 0.7271109484375 0.744545959375 0.69680789375 0.744545959375 0.6968077171875 0.7898894624999999
7 0.2952825765625 0.70098795 0.28843004375 0.69705444375 0.2526881390625 0.7593102453125 0.2595406484375 0.7632437203125 0.2952825765625 0.70098795
7 0.2904761453125 0.69539505 0.285119746875 0.6927111578125 0.2529984796875 0.756807321875 0.2583548640625 0.7594911921875 0.2904761453125 0.69539505
7 0.231102284375 0.7275309328125 0.23588766562500002 0.73172910625 0.2606337359375 0.7035261203125 0.25584837656250004 0.6993279640625001 0.231102284375 0.7275309328125
