2 0.2855561265625 0.6133670312499999 0.33640424687500003 0.6168262890625 0.3406408640625 0.5545541187499999 0.28979330000000003 0.551094878125 0.2855561265625 0.6133670312499999
7 0.3387484703125 0.448738659375 0.3328546453125 0.44823749687500003 0.32560405000000003 0.5335006109375 0.331497875 0.5340017718750001 0.3387484703125 0.448738659375
7 0.3133796203125 0.5283797531250001 0.317206234375 0.5276448312500001 0.3032711640625 0.455092965625 0.299444590625 0.45582788281250003 0.3133796203125 0.5283797531250001
7 0.3188474859375 0.4772713484375 0.3218468765625 0.4775015625 0.325004990625 0.43635794062500005 0.3220056171875 0.43612772812499995 0.3188474859375 0.4772713484375
7 0.364087090625 0.46569467500000006 0.352995309375 0.544206271875 0.36517343750000003 0.5459265624999999 0.3762651359375 0.4674150390625 0.364087090625 0.46569467500000006
2 0.3763481609375 0.566431275 0.339350290625 0.5641928390625 0.3359292828125 0.620730825 0.3729271515625 0.6229692515624999 0.3763481609375 0.566431275
7 0.40154499843749997 0.4851213078125 0.3995999828125 0.48481718437500004 0.39277684687500003 0.52845113125 0.3947218609375 0.528755253125 0.40154499843749997 0.4851213078125
7 0.38388484375 0.46410660468750004 0.3827375 0.4641609375 0.3849602984375 0.5110966015625 0.3861076421875 0.51104226875 0.38388484375 0.46410660468750004
1 0.4391450953125 0.6317783671874999 0.4464934625 0.631542971875 0.44597031249999997 0.6152140625 0.43862196718749996 0.6154494578125 0.4391450953125 0.6317783671874999
7 0.431569171875 0.611313428125 0.43762032343749996 0.6115390625 0.44214636250000006 0.490168815625 0.43609533593750005 0.48994318281250004 0.431569171875 0.611313428125
2 0.5563175453125 0.5792361406250001 0.5247656484375 0.5884316921875 0.5445721953125 0.65638443125 0.576124065625 0.6471889421875 0.5563175453125 0.5792361406250001
2 0.5583462703125 0.6379257921875 0.6035406359375 0.6337649 0.5969820046875001 0.5625381890625001 0.5517882171874999 0.5666990546874999 0.5583462703125 0.6379257921875
7 0.556721825 0.4475181328125 0.552199978125 0.44719999843749997 0.547525 0.5136437500000001 0.5520468468749999 0.5139618828125 0.556721825 0.4475181328125
2 0.6053173171874999 0.629168540625 0.6349279203125 0.62320099375 0.6194877765625 0.5465973281250001 0.5898775781250001 0.552564834375 0.6053173171874999 0.629168540625
2 0.636626359375 0.613176628125 0.6771984609375 0.6052922234375 0.6640727156249999 0.53775720625 0.6235010890625 0.545641565625 0.636626359375 0.613176628125
7 0.6429491265625 0.4699955171875 0.6323505968750001 0.47124928906249997 0.64041561875 0.5394203125 0.6510141468749999 0.5381665484375 0.6429491265625 0.4699955171875
7 0.6533761234375 0.5352482390625 0.6594504796875 0.536175284375 0.671275040625 0.45870214843749996 0.6652007578125 0.45777510781249997 0.6533761234375 0.5352482390625
2 0.711121803125 0.512846471875 0.6635403859375 0.521476840625 0.675415125 0.5869394125 0.7229965296875001 0.5783090921875 0.711121803125 0.512846471875
7 0.6957400703125 0.5227156796875 0.6987062500000001 0.522809375 0.70151094375 0.434025 0.698544803125 0.43393130625 0.6957400703125 0.5227156796875
7 0.679970671875 0.5206360609375 0.6877175859375 0.5200258046874999 0.6806265625 0.43001562499999996 0.67287975 0.43062587656250007 0.679970671875 0.5206360609375
2 0.7108175921875 0.6768302859374999 0.6951330046875001 0.621890515625 0.639360215625 0.63781086875 0.6550444296875 0.692750321875 0.7108175921875 0.6768302859374999
7 0.697109703125 0.7668256265625 0.7010876140625 0.7652202671875 0.6823457015625001 0.7187877359375 0.67836783125 0.7203930859375001 0.697109703125 0.7668256265625
7 0.69864643125 0.7619252078125001 0.7013219562499999 0.76091715625 0.6858014109374999 0.7197302031249999 0.683125909375 0.7207382499999999 0.69864643125 0.7619252078125001
2 0.607731103125 0.7175901828125 0.65742264375 0.70438345625 0.6410865343750001 0.642927434375 0.5913956125000001 0.6561340734375001 0.607731103125 0.7175901828125
6 0.7393399281249999 0.7722007171875 0.7216968140625 0.753601496875 0.6963659468750001 0.777625884375 0.7140089828125 0.7962250265625 0.7393399281249999 0.7722007171875
7 0.6659354609375 0.7838204828124999 0.6686353515625 0.782827971875 0.6601046875 0.7596265625 0.6574048109375 0.7606190703125 0.6659354609375 0.7838204828124999
6 0.6427092062499999 0.787576471875 0.6209937484375 0.78716875 0.6201970796875 0.8295914062499999 0.6419125375 0.8299991265625 0.6427092062499999 0.787576471875
2 0.608055246875 0.664878825 0.5698089890625 0.662987909375 0.566793225 0.7239769734375 0.6050394828125001 0.7258678765625 0.608055246875 0.664878825
7 0.5865763515625 0.7617303546875 0.582471875 0.7617875 0.5831742484375 0.812226934375 0.587278725 0.812169790625 0.5865763515625 0.7617303546875
6 0.27587718125 0.7425307328125 0.2463617078125 0.734884790625 0.23659474375 0.7725815125 0.26611020625 0.780227421875 0.27587718125 0.7425307328125
6 0.19604951875 0.7122049828125 0.2138998546875 0.7104160187499999 0.20987071875000002 0.67021999375 0.1920205328125 0.67200895 0.19604951875 0.7122049828125
7 0.2307893265625 0.7310783140625 0.234437146875 0.7339735562499999 0.2618734453125 0.69941094375 0.258225646875 0.696515715625 0.2307893265625 0.7310783140625
7 0.2548678328125 0.652488665625 0.24472948749999998 0.64522329375 0.2076984375 0.696890625 0.2178367421875 0.70415595 0.2548678328125 0.652488665625
7 0.21886432500000003 0.6592670796875 0.21489842343749999 0.65719530625 0.20666875 0.6729468749999999 0.2106346484375 0.6750186453125 0.21886432500000003 0.6592670796875
2 0.2981950703125 0.5829083328125 0.251251778125 0.568318096875 0.22805054687499998 0.6429585765625 0.27499379375 0.6575487046874999 0.2981950703125 0.5829083328125
2 0.29790031093749997 0.708091896875 0.3373398984375 0.6779318562500001 0.28817073125000003 0.613643509375 0.24873157343750002 0.643803303125 0.29790031093749997 0.708091896875
7 0.293101984375 0.407119634375 0.2784062015625 0.40622499687499997 0.27118443281250004 0.5248460546875 0.285880215625 0.525740684375 0.293101984375 0.407119634375
7 0.7113574328125 0.726860903125 0.7072991484375 0.7276932328125 0.7107415687499999 0.7444750609375 0.7147998531249999 0.7436427328125 0.7113574328125 0.726860903125
7 0.29629223437499996 0.6991719515625 0.288940159375 0.6950746750000001 0.2545487671875 0.7567761749999999 0.26190081875 0.7608734187499999 0.29629223437499996 0.6991719515625
7 0.2919945109375 0.6954573015625 0.2856560171875 0.6922186328125 0.25303023750000003 0.756061478125 0.2593687140625 0.7593001203124999 0.2919945109375 0.6954573015625
5 0.38298409218749996 0.7497422578124999 0.3922738484375 0.6754286078125 0.3027137859375 0.6642345953125 0.2934234140625 0.7385475203125 0.38298409218749996 0.7497422578124999
