2 0.6539351734375 0.441405859375 0.601815825 0.43970761718749996 0.599316290625 0.5164136421875 0.6514356390625 0.518111875 0.6539351734375 0.441405859375
2 0.653491534375 0.5002231515625 0.6973978437499999 0.496330375 0.6921696328125 0.43736782031250004 0.6482636937499999 0.4412605796875 0.653491534375 0.5002231515625
2 0.41887824062499995 0.5431117953125 0.386262346875 0.5450952515624999 0.3890880109375 0.591555934375 0.42170390468749996 0.5895724859375 0.41887824062499995 0.5431117953125
3 0.41619765312499996 0.4514116875 0.3669233640625 0.43641615937499995 0.35188710156249997 0.4858211484375 0.40116136718749995 0.5008166234375 0.41619765312499996 0.4514116875
9 0.23880793749999998 0.5812647609375 0.30365399531250004 0.5724728625 0.28993217968749996 0.47127746249999997 0.22508716406249998 0.4800692890625 0.23880793749999998 0.5812647609375
6 0.40178571406249997 0.33705357187499996 0.375 0.33705357187499996 0.375 0.38950892812500004 0.40178571406249997 0.38950892812500004 0.40178571406249997 0.33705357187499996
7 0.6154893890625 0.3768659109375 0.6116071421875 0.3772321421875 0.6171874796875 0.43638392968749995 0.6210697265625 0.4360177 0.6154893890625 0.3768659109375
7 0.625 0.43303571406249997 0.630247196875 0.4326797328125 0.6228647453125 0.32386705312499997 0.6176176140625 0.32422303124999996 0.625 0.43303571406249997
7 0.3846669140625 0.7006352984374999 0.40255160468750006 0.5933820984375 0.395389571875 0.5921879999999999 0.3775048203125 0.699441121875 0.3846669140625 0.7006352984374999
7 0.661216434375 0.40704510625 0.6708043359375 0.40754295625000003 0.6746152171875 0.334153090625 0.665027396875 0.3336552421875 0.661216434375 0.40704510625
7 0.632228565625 0.4270002046875 0.6360345265625 0.42766082031249997 0.645084878125 0.3755222609375 0.6412789421875 0.374861646875 0.632228565625 0.4270002046875
