2 0.42619628125000003 0.694528190625 0.37123588750000003 0.6882581640625001 0.3625201046875 0.7646450328125 0.4174804890625 0.7709150046875 0.42619628125000003 0.694528190625
2 0.41446277187499997 0.7101870265625 0.41916818125 0.78272175 0.47505140625 0.7790967921874999 0.47034556875 0.7065625328125 0.41446277187499997 0.7101870265625
3 0.7563064484375001 0.8076376703125 0.7780874437499999 0.8009325687500001 0.7633193328125001 0.7529689921875 0.74153858125 0.759674053125 0.7563064484375001 0.8076376703125
3 0.8105863375 0.7190662921875 0.7882763703125 0.722132265625 0.7987671468750001 0.7984567078125 0.8210771078124999 0.7953907609375 0.8105863375 0.7190662921875
7 0.831243290625 0.7158200296875 0.835813571875 0.7158438828125 0.8361484375 0.651684375 0.83157821875 0.6516605234374999 0.831243290625 0.7158200296875
7 0.86345350625 0.6375650046875 0.8579686921875 0.6367921796875 0.8478868765625001 0.7083341 0.853371690625 0.7091069203125 0.86345350625 0.6375650046875
1 0.81572820625 0.7516410640625 0.823794775 0.7535218484375 0.8302256921875 0.7259445703125 0.8221591734375 0.724063790625 0.81572820625 0.7516410640625
2 0.828761528125 0.8263432359375 0.851797065625 0.87647930625 0.9137673718749999 0.8480121031250001 0.8907317234375001 0.7978764703125 0.828761528125 0.8263432359375
2 0.8542426515624999 0.9083703468750001 0.8402324875 0.8272882390625 0.7826854296875 0.8372296218749999 0.796694884375 0.918311103125 0.8542426515624999 0.9083703468750001
2 0.7868168859375 0.8366772578124999 0.751828309375 0.8403802046875001 0.7596671125000001 0.9144309093749999 0.794655684375 0.9107279984375 0.7868168859375 0.8366772578124999
3 0.753758328125 0.8456754421875001 0.7264882328125 0.8502239406250001 0.74170215625 0.941415878125 0.7689722390625 0.9368674374999999 0.753758328125 0.8456754421875001
7 0.7481462234375 0.9964400171875001 0.7535438359375 0.9959906171874999 0.74886875 0.9398562500000001 0.743471225 0.9403056453125 0.7481462234375 0.9964400171875001
1 0.5322045125 0.8847052015625 0.5461697062499999 0.8855050343749999 0.5485570484375 0.843829840625 0.5345920078125 0.8430300109375001 0.5322045125 0.8847052015625
3 0.480414009375 0.8765636421874999 0.4980861390625 0.8236779125 0.45042728125 0.807755725 0.4327549796875 0.8606411171874999 0.480414009375 0.8765636421874999
2 0.4396376796875 0.8709453578125 0.44976597500000004 0.8121521656249999 0.3895487125 0.8017807015624999 0.3794200578125 0.8605734375 0.4396376796875 0.8709453578125
7 0.41824201250000004 0.8646403859375 0.409811278125 0.8620338203125 0.3816703125 0.9530312500000001 0.39010103281249997 0.9556377812499999 0.41824201250000004 0.8646403859375
7 0.3980453984375 0.861040559375 0.3910215171875 0.85737325 0.3533219203125 0.9295607562500001 0.3603457734375 0.933228025 0.3980453984375 0.861040559375
1 0.362312296875 0.8087835859375 0.372318778125 0.807539059375 0.3691733484375 0.782253709375 0.359166928125 0.7834982328125 0.362312296875 0.8087835859375
1 0.357437040625 0.7679580640625 0.342770771875 0.76608041875 0.337767984375 0.80514985 0.352434253125 0.8070274875000001 0.357437040625 0.7679580640625
1 0.3713253484375 0.82453585625 0.38354063437499997 0.828160940625 0.39143997656249996 0.80154815625 0.37922476875 0.797923084375 0.3713253484375 0.82453585625
7 0.7894217671875 0.723205765625 0.7999587734375 0.7235929015625 0.804104403125 0.6107703515625 0.7935676328125 0.61038321875 0.7894217671875 0.723205765625
7 0.39189847499999997 0.6022824765625 0.3853774921875 0.6028413484375 0.39062498749999996 0.6640625015625 0.3971459703125 0.6635036328125 0.39189847499999997 0.6022824765625
7 0.40979078125 0.6073533296875 0.4006695890625 0.606026778125 0.39174107187499996 0.6674107140625 0.4008622609375 0.66873725625 0.40979078125 0.6073533296875
