1 0.25251472812500003 0.5489006015625 0.265142259375 0.549707059375 0.267884109375 0.5067781921875001 0.25525666406249997 0.5059717375 0.25251472812500003 0.5489006015625
1 0.37101384375 0.5228309796875 0.357375940625 0.52091803125 0.3471856140625 0.5935608421875 0.36082351562500004 0.595473778125 0.37101384375 0.5228309796875
1 0.43461793593750003 0.526501425 0.42088621875000004 0.5262196671875 0.41955448593750005 0.5911167234375 0.43328620312500005 0.5913984796875 0.43461793593750003 0.526501425
1 0.4332349203125 0.56824515 0.4498366625 0.57426095 0.47109688906249997 0.5155944703124999 0.454495303125 0.5095787015625 0.4332349203125 0.56824515
1 0.47267142656249994 0.5719728140625 0.5051889953125 0.5741061828125 0.5107244515625 0.4897376109375 0.4782073203125 0.4876042546875 0.47267142656249994 0.5719728140625
1 0.5254326609375 0.5687503703125001 0.5326549640625 0.5685435921875001 0.53161553125 0.532242390625 0.524393271875 0.5324491671875 0.5254326609375 0.5687503703125001
1 0.1969305828125 0.6579292515625 0.22609745312500001 0.6589847062499999 0.22796018281250002 0.6075121234374999 0.1987936 0.6064566734375 0.1969305828125 0.6579292515625
1 0.2518252671875 0.6281926453125 0.240334265625 0.6256382281249999 0.2324425578125 0.6611345078124999 0.24393355625000002 0.663688915625 0.2518252671875 0.6281926453125
8 0.3269113015625 0.7945019203125 0.3566500765625 0.7955791078125001 0.3596907265625 0.7116418890625 0.3299525234375 0.7105647125 0.3269113015625 0.7945019203125
8 0.37536345 0.7955042484375 0.396376571875 0.7950809765625 0.3945921015625 0.70651556875 0.37357940625 0.7069388359375 0.37536345 0.7955042484375
8 0.594692759375 0.81417709375 0.6177619546875001 0.8134913328125 0.614656421875 0.70904975625 0.59158778125 0.7097355078125 0.594692759375 0.81417709375
1 0.7398993375 0.6483787046875 0.7689113515625 0.6431222953125 0.7572597703125 0.5788216312500001 0.7282481046875 0.584078009375 0.7398993375 0.6483787046875
6 0.8045572249999999 0.6796250171875 0.7876534328125 0.67679470625 0.781351734375 0.7144255609375 0.798255525 0.7172558609374999 0.8045572249999999 0.6796250171875
8 0.36682753749999997 0.563031340625 0.3997731875 0.5604075453124999 0.3870564890625 0.400745628125 0.354111590625 0.40336939374999997 0.36682753749999997 0.563031340625
