2 0.337602596875 0.5382535749999999 0.38292299218750003 0.5399496265625 0.38562612343749997 0.467717853125 0.34030624375 0.4660218109375 0.337602596875 0.5382535749999999
2 0.4348592 0.49833989375 0.40682631562499993 0.49535065625 0.4002905171875 0.556637884375 0.4283233984375 0.5596271078124999 0.4348592 0.49833989375
2 0.3444685984375 0.629633590625 0.391161215625 0.6353229890625001 0.40071785625 0.55689828125 0.35402587812499997 0.5512089234374999 0.3444685984375 0.629633590625
2 0.3927271921875 0.64127310625 0.4244448796875 0.6428161484375 0.4279087265625 0.57161968125 0.3961914453125 0.5700766484375 0.3927271921875 0.64127310625
2 0.6660364421875 0.45658045312500006 0.620876040625 0.454749534375 0.6172726749999999 0.5436215421874999 0.662433075 0.5454524484375 0.6660364421875 0.45658045312500006
2 0.5928773234375 0.6452483015625 0.6247302234375 0.6388959359374999 0.6103933078125 0.5670150515625 0.578540815625 0.573367375 0.5928773234375 0.6452483015625
2 0.6543747453125001 0.5432059828125 0.6040271125000001 0.555287059375 0.6222827703125 0.6313593859375 0.6726303734375 0.6192783921875 0.6543747453125001 0.5432059828125
6 0.33811413125 0.658587525 0.280380809375 0.658587525 0.280380809375 0.7612245421875 0.33811413125 0.7612245421875 0.33811413125 0.658587525
7 0.39726209218749997 0.7285675031250001 0.40148445781250003 0.72884895625 0.4074302828125 0.6396619984374999 0.40320799375 0.6393805484375 0.39726209218749997 0.7285675031250001
7 0.6435575234375001 0.4587194484375 0.64926379375 0.458526025 0.6462053578125 0.36830357187499996 0.640499153125 0.36849699375 0.6435575234375001 0.4587194484375
6 0.6614203765625 0.691138965625 0.6286166140625 0.7129956796875 0.6648062109375 0.7673021484375 0.6976098453125 0.7454455906249999 0.6614203765625 0.691138965625
