2 0.430537259375 0.50967195625 0.393002184375 0.506632296875 0.38620021875 0.5906186734375 0.4237352890625 0.5936583109375 0.430537259375 0.50967195625
3 0.5526792484375 0.54776534375 0.5287056078125 0.54823124375 0.529878840625 0.6085958171875 0.5538524812500001 0.6081299203125 0.5526792484375 0.54776534375
3 0.66844034375 0.4564533125 0.6220614421875 0.4634949828125 0.63655930625 0.55897578125 0.6829381953125 0.5519341640625 0.66844034375 0.4564533125
3 0.6811881468750001 0.6067865203125 0.6437735265625 0.570433275 0.5924197109375 0.6232806140625 0.6298340828125 0.6596336078125 0.6811881468750001 0.6067865203125
3 0.64108821875 0.6069329859375 0.6812794671875 0.6248941640625 0.7169278218749999 0.5451324578125 0.6767371062499999 0.5271714171874999 0.64108821875 0.6069329859375
3 0.44387977031250003 0.6069252234375 0.46837269687500005 0.6078406765625 0.4708367359375 0.54191875 0.44634409062499997 0.5410033015625 0.44387977031250003 0.6069252234375
9 0.15416993750000002 0.6061485765625 0.20703125 0.6796875 0.31848600625 0.5995796546875 0.265625 0.5260416671875 0.15416993750000002 0.6061485765625
9 0.735570246875 0.6766959953125 0.7910912812500001 0.6593847359375 0.7486979171875 0.5234375 0.693178240625 0.54074853125 0.735570246875 0.6766959953125
7 0.4002270484375 0.4786529046875 0.40459561875 0.4787082 0.40553977343750003 0.40411931875 0.40117124843749996 0.40406402343750003 0.4002270484375 0.4786529046875
7 0.40599007656249997 0.48148530625 0.40936589687499997 0.4815541953125 0.411075815625 0.3977677796875 0.4077000328125 0.3976988890625 0.40599007656249997 0.48148530625
