3 0.2854106171875 0.4794812734375 0.30673336562500003 0.47221829687500005 0.29284450781250004 0.4314460109375 0.2715218765625 0.43870896718749997 0.2854106171875 0.4794812734375
3 0.32367678906249997 0.4810470765625 0.330541340625 0.480019790625 0.3279183796875 0.46249382031249997 0.3210538453125 0.46352110468749996 0.32367678906249997 0.4810470765625
3 0.3637831546875 0.51486175 0.380359759375 0.5057205109375 0.36287905781249996 0.474023678125 0.3463025265625 0.4831648921875 0.3637831546875 0.51486175
3 0.33171426249999997 0.516860115625 0.300565625 0.5174421875 0.30131580625 0.5575835109375 0.3324644421875 0.557001440625 0.33171426249999997 0.516860115625
2 0.38224850312499997 0.5617733484375 0.38224831875 0.6395344281249999 0.42079225625000005 0.639534296875 0.42079216875 0.5617734890625 0.38224850312499997 0.5617733484375
2 0.6653753921875001 0.5231041234375 0.6129253765625 0.5365335734375 0.6299373578125 0.6029691828125 0.6823873453125 0.5895398125 0.6653753921875001 0.5231041234375
9 0.24470221718750002 0.503058246875 0.1854877875 0.53466924375 0.2558177546875 0.6663993375 0.3150318890625 0.6347887609375 0.24470221718750002 0.503058246875
9 0.707724759375 0.600773909375 0.7775652140625 0.6071224921875 0.789528446875 0.4755194796875 0.7196894703125001 0.4691709640625 0.707724759375 0.600773909375
7 0.3750513890625 0.74623974375 0.38246907812500003 0.7471668171875 0.3953124796875 0.6444195781250001 0.38789495 0.6434925140625001 0.3750513890625 0.74623974375
7 0.6482612125 0.6945579000000001 0.6584823531249999 0.693080328125 0.6450892859375 0.6004464281249999 0.6348683328125 0.6019239875 0.6482612125 0.6945579000000001
7 0.6673705640625001 0.5951574109375 0.66223354375 0.5961150359375 0.6796874203125001 0.6897321562500001 0.6848244375 0.688774540625 0.6673705640625001 0.5951574109375
