2 0.58213530625 0.4832195265625 0.6404907718749999 0.47373951718749996 0.6297462265625 0.407605621875 0.5713912796875 0.4170855875 0.58213530625 0.4832195265625
3 0.6599320468750001 0.4967028203125 0.6548906125 0.4710796234375 0.6209602078125 0.4777550375 0.6260015671875 0.5033781687500001 0.6599320468750001 0.4967028203125
3 0.67569783125 0.43929387656249996 0.6650617343749999 0.42028437656250006 0.63256545 0.43846548125 0.6432014921875 0.45747493281249996 0.67569783125 0.43929387656249996
9 0.29425844687499997 0.2212635 0.24833438281250003 0.22565318906249998 0.2601347734375 0.34910372343749996 0.3060588328125 0.3447140578125 0.29425844687499997 0.2212635
2 0.293917009375 0.5350759968750001 0.34721942656250004 0.5302306906250001 0.3415865546875 0.4682720265625 0.2882846421875 0.47311730937499996 0.293917009375 0.5350759968750001
2 0.728388978125 0.490410265625 0.7111273515625001 0.43862932656250003 0.6528734843749999 0.4580474921875 0.6701348406250001 0.5098282015625 0.728388978125 0.490410265625
9 0.6846499515625 0.3369943015625 0.7324734140625 0.348307096875 0.7612969234375 0.22646151875 0.7134739531250001 0.215148784375 0.6846499515625 0.3369943015625
7 0.6129948734374999 0.41136097656250004 0.62239586875 0.40885415781249995 0.6122755765625 0.3709032015625 0.6028746218750001 0.37341001406249996 0.6129948734374999 0.41136097656250004
7 0.7077422109375 0.5228181625 0.7055462296874999 0.5234937828125 0.723958303125 0.5833333421875 0.72615428125 0.582657725 0.7077422109375 0.5228181625
7 0.690862003125 0.5577978859375 0.6927668546875 0.557979284375 0.695312503125 0.53125 0.6934076609375001 0.531068603125 0.690862003125 0.5577978859375
