3 0.3451203125 0.4527609375 0.3451203125 0.4418609375 0.344059375 0.43532031250000003 0.3401703125 0.42950625000000003 0.3369875 0.41933125000000004 0.3355734375 0.40842968749999997 0.334865625 0.39825625 0.334865625 0.391715625 0.33132968749999997 0.391715625 0.32708593750000003 0.3837203125 0.3249640625 0.3938953125 0.3224890625 0.3938953125 0.318953125 0.4004359375 0.3157703125 0.40842968749999997 0.311528125 0.416425 0.30622343750000003 0.42514531250000004 0.305515625 0.43532031250000003 0.3033953125 0.44985468749999996 0.3033953125 0.46075625000000003 0.305515625 0.47092968749999997 0.3101125 0.4745640625 0.31506406249999996 0.4760171875 0.3196609375 0.48183125000000004 0.3221359375 0.4840109375 0.32531875 0.48909843750000004 0.32920781250000003 0.48909843750000004 0.332390625 0.488371875 0.3369875 0.48546562499999996 0.3408765625 0.478925 0.34299843750000003 0.470203125 0.3447671875 0.4614828125 0.3451203125 0.4527609375
3 0.34547343750000004 0.45494218750000004 0.344059375 0.470203125 0.342290625 0.48255781249999996 0.341584375 0.48764531250000004 0.344059375 0.4941859375 0.353253125 0.49782031250000003 0.35961875 0.50290625 0.3688125 0.506540625 0.374115625 0.50799375 0.3787125 0.510175 0.37977343750000003 0.5007265624999999 0.3755296875 0.48764531250000004 0.37199375 0.47383749999999997 0.36951875 0.46657031250000003 0.366690625 0.465115625 0.3610328125 0.46584375 0.3567890625 0.46947656249999997 0.3539609375 0.472384375 0.35183906249999997 0.46657031250000003 0.350778125 0.457121875 0.34794843750000004 0.449128125 0.34547343750000004 0.45494218750000004
3 0.401696875 0.4927328125 0.39639375 0.4941859375 0.392503125 0.496365625 0.390028125 0.4927328125 0.3882609375 0.498546875 0.3889671875 0.5036343750000001 0.394625 0.506540625 0.4002828125 0.5072671875 0.4048796875 0.506540625 0.40841562500000006 0.5007265624999999 0.40876875 0.496365625 0.40594062500000005 0.4927328125 0.401696875 0.4927328125
3 0.72065 0.4222390625 0.7185296875 0.417878125 0.716053125 0.41424374999999997 0.711103125 0.41933125000000004 0.7079203125 0.42005781249999996 0.7033234375 0.425871875 0.6980203125 0.441134375 0.6941296875 0.447675 0.6888265625 0.4614828125 0.68811875 0.46584375 0.68811875 0.470203125 0.6895328125 0.48546562499999996 0.6913015625 0.48909843750000004 0.6958984375 0.4927328125 0.6983734375 0.49127968749999995 0.7008484375 0.48909843750000004 0.7047390625000001 0.48691874999999996 0.7086281249999999 0.48546562499999996 0.7118109375 0.480378125 0.7146390625000001 0.47747031250000005 0.71746875 0.47165625 0.7202968750000001 0.465115625 0.7213578125 0.46075625000000003 0.7227718750000001 0.45566874999999996 0.7234796875 0.447675 0.7234796875 0.438953125 0.72241875 0.4331390625 0.72065 0.4222390625
3 0.69059375 0.54941875 0.6916546875 0.5450578125 0.6913015625 0.5385171875 0.6913015625 0.5348843750000001 0.6888265625 0.5319765624999999 0.687765625 0.5356109375 0.685290625 0.5385171875 0.6821078125 0.541425 0.6796328125 0.5450578125 0.6775109375 0.5501453125 0.6753890625000001 0.5566859375 0.6732671875 0.5617734375000001 0.6718531249999999 0.5661343750000001 0.6683171875 0.574128125 0.6669031249999999 0.579215625 0.6661953125 0.5893890625 0.6686703125 0.5944765624999999 0.6711453125 0.5944765624999999 0.6750359375 0.5893890625 0.67715625 0.583575 0.679278125 0.5784890625 0.6814 0.574128125 0.6842296875 0.569040625 0.68564375 0.5646796875 0.6870578125 0.5588656249999999 0.6888265625 0.555959375 0.69059375 0.54941875
3 0.39038125 0.5436046875 0.38437031250000003 0.542878125 0.3698734375 0.5370640625 0.36209375 0.5305234375000001 0.3585578125 0.5319765624999999 0.355728125 0.5348843750000001 0.35431406249999997 0.541425 0.35360625 0.5486921875 0.3525453125 0.5617734375000001 0.35360625 0.5697671875 0.3564359375 0.57558125 0.359971875 0.5864828125 0.3631546875 0.592296875 0.36598281250000003 0.595203125 0.3709328125 0.5988374999999999 0.3751765625 0.6024703125 0.3776515625 0.6046515625 0.383309375 0.6090109375 0.38543125 0.60683125 0.3882609375 0.6010171875 0.39215 0.59084375 0.394271875 0.587209375 0.39886875 0.57558125 0.40099062500000004 0.5646796875 0.40240468749999997 0.5574125000000001 0.40205156249999996 0.550871875 0.394978125 0.545784375 0.39038125 0.5436046875
3 0.42998593749999997 0.5683140625 0.42468125 0.5617734375000001 0.4204390625 0.5588656249999999 0.41654843750000003 0.5566859375 0.41089062500000006 0.5530515625 0.4073546875 0.550871875 0.40381875 0.5465109375 0.401696875 0.550871875 0.4006359375 0.5574125000000001 0.39851562500000004 0.5675874999999999 0.3974546875 0.5777609375 0.39639375 0.5828484375 0.39886875 0.59084375 0.4006359375 0.5973843750000001 0.40311250000000004 0.6046515625 0.404171875 0.6140984375 0.40700156249999997 0.62209375 0.41053750000000006 0.6257265624999999 0.41407343750000003 0.6191859375 0.41654843750000003 0.6126453125 0.41973125 0.6061046875 0.42362031250000004 0.600290625 0.4253890625 0.5959296875 0.42786406250000003 0.5893890625 0.42963281249999996 0.58066875 0.4314 0.5734015625 0.42998593749999997 0.5683140625
7 0.40358455 0.62417279375 0.40686347187500005 0.6514774484375 0.40318763750000003 0.7007709 0.40943654687500003 0.663249021875 0.4090689671875 0.6374987125 0.4098041515625 0.6231521078125 0.40358455 0.62417279375
7 0.3642237921875 0.59629821875 0.359466903125 0.59292279375 0.35687212343749997 0.6065983390625 0.34915287500000003 0.626094996875 0.3473149578125 0.6426487671875 0.354299021875 0.617266328125 0.3583424625 0.608437646875 0.3642237921875 0.59629821875
7 0.37414853593749997 0.616530603125 0.377089215625 0.6062304828125 0.37233455000000004 0.603492646875 0.37414853593749997 0.6102769546875 0.37414853593749997 0.616530603125
6 0.3642237921875 0.6606739875 0.3649589484375 0.6452238 0.3660617109375 0.6327165031249999 0.3660617109375 0.6227842531250001 0.3659007265625 0.6186580875 0.35687212343749997 0.63713084375 0.3524611046875 0.650741721875 0.3517259484375 0.657363228125 0.35760727812500004 0.664352603125 0.3598127734375 0.6669276375 0.3642237921875 0.6606739875
6 0.4083338125 0.714749621875 0.41127446250000005 0.7077602749999999 0.41139705 0.7009191171875 0.4098041515625 0.7092316984375 0.40134972031249994 0.711806746875 0.3980414625 0.7110710078125 0.40098214218750006 0.7195318328125 0.4046579765625 0.7202675453125 0.4083338125 0.714749621875
9 0.295118084375 0.596239759375 0.2785768265625 0.5771109578125 0.27159275 0.5657072546874999 0.26350590937499996 0.554303553125 0.2521108125 0.5730644859375 0.251008065625 0.6039648609375 0.25725698750000003 0.6275079906250001 0.2620355703125 0.6455332109375 0.266814153125 0.657672653125 0.2686520703125 0.6705478078125 0.272695496875 0.6793764609374999 0.279311996875 0.6852622671875 0.288501584375 0.6852622671875 0.286856609375 0.684834559375 0.29217741875000003 0.6665013078124999 0.29144225 0.6565690578125001 0.30136700625 0.6558333453125 0.3083510984375 0.6425903078124999 0.304307671875 0.61904720625 0.295118084375 0.596239759375
0 0.614792546875 0.6299029875 0.5942961359375001 0.6339053359375 0.566300946875 0.639408575 0.5538031078125 0.6434108671875001 0.533306659375 0.6459123250000001 0.51131045625 0.6429105828125 0.49481333125000004 0.6404091234375 0.4643185734375 0.6374073625000001 0.44282231406249994 0.6259006578124999 0.425325340625 0.6158948234375 0.4058287046875 0.6083904484375 0.39083129687499996 0.604888403125 0.3653357140625 0.5908802390625 0.351838025 0.5763717921875 0.32934191562500004 0.5793735343749999 0.310845128125 0.571869159375 0.295347815625 0.5628639125 0.310845128125 0.5953828718749999 0.33384114375 0.604888403125 0.34533917187499996 0.6028872468750001 0.362836146875 0.6093910734375 0.3863320671875 0.6249000703125 0.4038290421875 0.63640679375 0.43182419375 0.6449117375 0.4418224640625 0.6494144093750001 0.4683178984375 0.663422534375 0.478816075 0.6674248828125 0.4963130484375 0.6699263421875 0.5263078625000001 0.6699263421875 0.549803821875 0.6679251671875 0.5857976203125 0.6589199015625 0.6162923015625 0.6524161328125 0.6407881109375 0.6439111703125 0.6697830359375 0.6349059046875001 0.6827808203125 0.630403290625 0.70027779375 0.616395128125 0.7122756890625 0.6003857890625001 0.7227739046874999 0.580374121875 0.7232738484375 0.5668662421875 0.7113749890625 0.5582499999999999 0.706276740625 0.5833758640625 0.6907794671875 0.6148942374999999 0.6717827375 0.622898915625 0.6537858187500001 0.62139804375 0.6337892765625 0.6259006578124999 0.614792546875 0.6299029875
0 0.6977782265625 0.3951866921875 0.6907794671875 0.41169632343749996 0.6797813078125 0.425704496875 0.662284334375 0.43821178906249997 0.645287303125 0.4452158625 0.633289409375 0.448217621875 0.6237910046875 0.450218778125 0.5897968687499999 0.4547214109375 0.5713000828125 0.4567225671875 0.54230511875 0.46822929062499996 0.5263078625000001 0.4722316203125 0.5058114140625001 0.47123103281249995 0.48431511718750003 0.46822929062499996 0.46281885625 0.4552216953125 0.442322409375 0.4537208234375 0.4188264484375 0.4472170359375 0.3968302453125 0.4387120734375 0.374334134375 0.425704496875 0.3498384015625 0.4121966078125 0.34833864531250003 0.42620478124999994 0.36433586406249996 0.43270856875 0.375333984375 0.44571616406250003 0.3838325 0.4527202375 0.4098280265625 0.4622257875 0.4358235171875 0.46922985781250004 0.453320490625 0.47573366562499997 0.4813156421875 0.4817371515625 0.4998124671875 0.4892415265625 0.5218086328125 0.4892415265625 0.5338065656250001 0.4892415265625 0.550803634375 0.484238609375 0.55980209375 0.48273773750000004 0.5837979203125 0.48023627968750005 0.5997951390625 0.47973599531250005 0.614792546875 0.48023627968750005 0.642287790625 0.48123686718750003 0.6652838453125 0.4632263734375 0.6863749890624999 0.450125 0.68678014375 0.44971849375 0.70027779375 0.43120769687499994 0.7152752 0.4126969015625 0.70127760625 0.3806782546875 0.6977782265625 0.3951866921875
5 0.645140625 0.6876171875 0.696234375 0.6876171875 0.696234375 0.5687578125 0.645140625 0.5687578125 0.645140625 0.6876171875
