2 0.314659721875 0.4573681203125 0.36412735 0.46448874375000004 0.3816175328125 0.3429866828125 0.33215063125 0.3358661125 0.314659721875 0.4573681203125
2 0.38919153125 0.49097624843750004 0.4217529265625 0.4936305390625 0.4303791453125 0.387812621875 0.397818209375 0.38515835 0.38919153125 0.49097624843750004
2 0.40406779843749996 0.381250984375 0.3720756203125 0.378877228125 0.3653258734375 0.46984188125 0.39731804843749996 0.4722156234375 0.40406779843749996 0.381250984375
4 0.3490668328125 0.3545441625 0.3714125390625 0.356518753125 0.3797161234375 0.262552253125 0.3573706125 0.2605776703125 0.3490668328125 0.3545441625
4 0.4070705125 0.38849333750000004 0.42587817031249997 0.389560940625 0.43347290312500003 0.2557694640625 0.41466548281250004 0.25470186875 0.4070705125 0.38849333750000004
7 0.3855294375 0.38267391562499997 0.3947728265625 0.3823825453125 0.391331653125 0.27322071718749996 0.3820883703125 0.27351208437499996 0.3855294375 0.38267391562499997
2 0.4609141359375 0.42175856874999995 0.43247182500000003 0.41727342968750003 0.41971936718749997 0.4981375609375 0.448161671875 0.502622675 0.4609141359375 0.42175856874999995
2 0.5043469203125001 0.4201511171875 0.473819721875 0.42231714218749994 0.4802142390625 0.5124335484375 0.5107414359375 0.5102675375 0.5043469203125001 0.4201511171875
2 0.5384644578125 0.5010159546875 0.56591715 0.5008062671875 0.5652627078125 0.41515256562499997 0.537810346875 0.4153622515625 0.5384644578125 0.5010159546875
2 0.472552653125 0.414621940625 0.4490866890625 0.415662634375 0.4528768203125 0.50111879375 0.476342784375 0.5000781062499999 0.472552653125 0.414621940625
2 0.539953125 0.41830468749999994 0.508196875 0.41830468749999994 0.508196875 0.512278125 0.539953125 0.512278125 0.539953125 0.41830468749999994
2 0.602407028125 0.424793278125 0.56751416875 0.4222928671875 0.561778715625 0.5023252874999999 0.5966715734375 0.504825684375 0.602407028125 0.424793278125
7 0.48529452187500005 0.4233551125 0.4954953609375 0.42243593281249997 0.48395480312499994 0.29436775000000004 0.4737541140625 0.2952869234375 0.48529452187500005 0.4233551125
7 0.52994199375 0.2706891046875 0.522892815625 0.2704575734375 0.51796875 0.42037031249999995 0.525017928125 0.4206018421875 0.52994199375 0.2706891046875
4 0.6049137171875001 0.371908978125 0.621950371875 0.3712645328125 0.6182438171875 0.2732831140625 0.60120733125 0.27392755625 0.6049137171875001 0.371908978125
2 0.660397309375 0.46418214999999996 0.712465575 0.459703709375 0.7063357640625 0.388442634375 0.6542679828125 0.392921053125 0.660397309375 0.46418214999999996
2 0.7583890296875 0.3663568015625 0.711588590625 0.3682809421875 0.7141218984375 0.42989513281249997 0.7609223359375 0.427971 0.7583890296875 0.3663568015625
7 0.7345744937500001 0.35227638125 0.741856253125 0.353425 0.7525736609375 0.2854832359375 0.7452919484375 0.2843346203125 0.7345744937500001 0.35227638125
7 0.697809371875 0.334028125 0.7018468828125 0.334028125 0.7018468734375001 0.2758375 0.697809384375 0.2758375 0.697809371875 0.334028125
7 0.6915209984375 0.2778955171875 0.685696875 0.278165625 0.6893671734375 0.357303125 0.695191296875 0.35703301875000004 0.6915209984375 0.2778955171875
7 0.6717203046875 0.2857296828125 0.666461321875 0.28613398125 0.674318734375 0.3883375015625 0.6795777171874999 0.38793320468750003 0.6717203046875 0.2857296828125
7 0.729715903125 0.33377063749999997 0.734515625 0.334028125 0.7389607484375 0.251170609375 0.7341610609375 0.2509131234375 0.729715903125 0.33377063749999997
2 0.7202200984375 0.46903679374999996 0.6757995796875 0.475196528125 0.6913350312500001 0.58722031875 0.7357555390625 0.581060640625 0.7202200984375 0.46903679374999996
2 0.6491583015625 0.622506578125 0.69651460625 0.6183299765625 0.6847691421875 0.4851732359375 0.637413909375 0.48934978906250004 0.6491583015625 0.622506578125
4 0.7175020171875001 0.5631213390625 0.6991489796875 0.56503778125 0.7098248765624999 0.6672654203125 0.7281779109375 0.6653489968749999 0.7175020171875001 0.5631213390625
4 0.6663176484375 0.70579845 0.681982034375 0.7056355375 0.680925 0.6040281249999999 0.6652609359375 0.604191034375 0.6663176484375 0.70579845
7 0.6308904109375 0.610394278125 0.6251328125 0.6110109375 0.634489259375 0.6983587375 0.64024685625 0.6977420828125 0.6308904109375 0.610394278125
7 0.5980823546875 0.6834053859375 0.6038422859375 0.6831656203125 0.59956944375 0.5805322125 0.5938096234375 0.580771975 0.5980823546875 0.6834053859375
6 0.6128110171875 0.67378144375 0.592549725 0.6765759296875 0.5973352859375 0.7112684 0.6175965765625 0.7084739250000001 0.6128110171875 0.67378144375
7 0.519571575 0.572605040625 0.5146468734375 0.5722171875 0.5083034093750001 0.652753559375 0.5132281109375 0.653141409375 0.519571575 0.572605040625
2 0.2806557 0.5639498203125 0.32684301250000003 0.5738810921875 0.3518054140625 0.457796459375 0.305618934375 0.44786528125 0.2806557 0.5639498203125
2 0.367834746875 0.6252011359375 0.41170818125 0.6279889703125 0.4204459171875 0.49048493125 0.376573509375 0.4876971296875 0.367834746875 0.6252011359375
2 0.32765954062499997 0.6010551453125 0.3823989625 0.6069004546875 0.39551736718749997 0.48405733125 0.340779059375 0.47821208281249994 0.32765954062499997 0.6010551453125
2 0.4110161296875 0.5989753234374999 0.43922402031249996 0.6008818046875 0.44588036249999996 0.5024014953125 0.4176729328125 0.5004950296875 0.4110161296875 0.5989753234374999
4 0.3106352625 0.55607704375 0.29273890625 0.5511296437500001 0.26384809531250003 0.655625821875 0.2817444328125 0.6605731734375 0.3106352625 0.55607704375
4 0.3593500390625 0.7354248796875 0.379703125 0.7390765625 0.40119846875 0.61928594375 0.380845884375 0.61563430625 0.3593500390625 0.7354248796875
6 0.589687840625 0.6963132296875 0.5718673421875 0.6970401953125 0.5729904359375 0.7245669953125 0.5908109328125 0.7238400328125 0.589687840625 0.6963132296875
6 0.36537218125000004 0.727218446875 0.36537215 0.7428574734375 0.382207378125 0.7428574796875 0.38220737968749996 0.7272184828125 0.36537218125000004 0.727218446875
1 0.4504479328125 0.53861646875 0.45218503749999994 0.5510343484375 0.4665393796875 0.549026521875 0.4648022625 0.53660865625 0.4504479328125 0.53861646875
