4 0.3714125387016338 0.3565187534198958 0.34906683209283074 0.3545441623488054 0.3573706120885163 0.26057767077217325 0.3797161239683646 0.2625522532518387
4 0.425878170984447 0.3895609401102716 0.407070512140308 0.3884933381694633 0.4146654825585756 0.2547018689007315 0.43347290323458765 0.2557694642257423
4 0.6219503714755774 0.37126453273449117 0.6049137172134351 0.3719089781638825 0.6012073309617563 0.27392755580244105 0.6182438170078512 0.2732831136113294
4 0.6991489792767425 0.5650377806538783 0.7175020169619302 0.5631213392916782 0.7281779114568963 0.6653489976392609 0.7098248766243387 0.6672654204818446
4 0.6819820343361016 0.7056355377010448 0.6663176491571221 0.7057984494264046 0.6652609357956862 0.6041910350441747 0.6809249999998883 0.6040281250000005
6 0.5925497243877089 0.6765759291617396 0.6128110177036206 0.6737814436234802 0.6175965768501328 0.7084739243776319 0.5973352856766496 0.7112683995769106
4 0.2927389061597978 0.551129644280151 0.3106352631524487 0.5560770444451293 0.2817444321426592 0.6605731730191657 0.2638480946901609 0.6556258226145674
4 0.3797031249999918 0.7390765624999973 0.35935003903080087 0.7354248794654621 0.38084588514891493 0.6156343064192515 0.40119846841650997 0.6192859430470053
6 0.5718673428374359 0.6970401954104678 0.5896878407687609 0.6963132304445836 0.5908109333324774 0.723840032689185 0.5729904355266626 0.7245669954869944
6 0.36537214935492557 0.7428574729449466 0.36537218137607397 0.7272184471923523 0.38220738039376556 0.7272184835129785 0.3822073778565027 0.7428574797421376
