2 0.314659721875 0.4573681203125 0.36412735 0.46448874375000004 0.3816175328125 0.3429866828125 0.33215063125 0.3358661125 0.314659721875 0.4573681203125
2 0.38919153125 0.49097624843750004 0.4217529265625 0.4936305390625 0.4303791453125 0.387812621875 0.397818209375 0.38515835 0.38919153125 0.49097624843750004
2 0.40406779843749996 0.381250984375 0.3720756203125 0.378877228125 0.3653258734375 0.46984188125 0.39731804843749996 0.4722156234375 0.40406779843749996 0.381250984375
4 0.3490668328125 0.3545441625 0.3714125390625 0.356518753125 0.3797161234375 0.262552253125 0.3573706125 0.2605776703125 0.3490668328125 0.3545441625
4 0.4070705125 0.38849333750000004 0.42587817031249997 0.389560940625 0.43347290312500003 0.2557694640625 0.41466548281250004 0.25470186875 0.4070705125 0.38849333750000004
2 0.4609141359375 0.42175856874999995 0.43247182500000003 0.41727342968750003 0.41971936718749997 0.4981375609375 0.448161671875 0.502622675 0.4609141359375 0.42175856874999995
2 0.5043469203125001 0.4201511171875 0.473819721875 0.42231714218749994 0.4802142390625 0.5124335484375 0.5107414359375 0.5102675375 0.5043469203125001 0.4201511171875
2 0.5384644578125 0.5010159546875 0.56591715 0.5008062671875 0.5652627078125 0.41515256562499997 0.537810346875 0.4153622515625 0.5384644578125 0.5010159546875
2 0.472552653125 0.414621940625 0.4490866890625 0.415662634375 0.4528768203125 0.50111879375 0.476342784375 0.5000781062499999 0.472552653125 0.414621940625
2 0.539953125 0.41830468749999994 0.508196875 0.41830468749999994 0.508196875 0.512278125 0.539953125 0.512278125 0.539953125 0.41830468749999994
2 0.602407028125 0.424793278125 0.56751416875 0.4222928671875 0.561778715625 0.5023252874999999 0.5966715734375 0.504825684375 0.602407028125 0.424793278125
4 0.6049137171875001 0.371908978125 0.621950371875 0.3712645328125 0.6182438171875 0.2732831140625 0.60120733125 0.27392755625 0.6049137171875001 0.371908978125
2 0.660397309375 0.46418214999999996 0.712465575 0.459703709375 0.7063357640625 0.388442634375 0.6542679828125 0.392921053125 0.660397309375 0.46418214999999996
2 0.7583890296875 0.3663568015625 0.711588590625 0.3682809421875 0.7141218984375 0.42989513281249997 0.7609223359375 0.427971 0.7583890296875 0.3663568015625
2 0.7202200984375 0.46903679374999996 0.6757995796875 0.475196528125 0.6913350312500001 0.58722031875 0.7357555390625 0.581060640625 0.7202200984375 0.46903679374999996
2 0.6491583015625 0.622506578125 0.69651460625 0.6183299765625 0.6847691421875 0.4851732359375 0.637413909375 0.48934978906250004 0.6491583015625 0.622506578125
4 0.7175020171875001 0.5631213390625 0.6991489796875 0.56503778125 0.7098248765624999 0.6672654203125 0.7281779109375 0.6653489968749999 0.7175020171875001 0.5631213390625
4 0.6663176484375 0.70579845 0.681982034375 0.7056355375 0.680925 0.6040281249999999 0.6652609359375 0.604191034375 0.6663176484375 0.70579845
2 0.2806557 0.5639498203125 0.32684301250000003 0.5738810921875 0.3518054140625 0.457796459375 0.305618934375 0.44786528125 0.2806557 0.5639498203125
2 0.367834746875 0.6252011359375 0.41170818125 0.6279889703125 0.4204459171875 0.49048493125 0.376573509375 0.4876971296875 0.367834746875 0.6252011359375
2 0.32765954062499997 0.6010551453125 0.3823989625 0.6069004546875 0.39551736718749997 0.48405733125 0.340779059375 0.47821208281249994 0.32765954062499997 0.6010551453125
2 0.4110161296875 0.5989753234374999 0.43922402031249996 0.6008818046875 0.44588036249999996 0.5024014953125 0.4176729328125 0.5004950296875 0.4110161296875 0.5989753234374999
4 0.3106352625 0.55607704375 0.29273890625 0.5511296437500001 0.26384809531250003 0.655625821875 0.2817444328125 0.6605731734375 0.3106352625 0.55607704375
4 0.3593500390625 0.7354248796875 0.379703125 0.7390765625 0.40119846875 0.61928594375 0.380845884375 0.61563430625 0.3593500390625 0.7354248796875
1 0.45436220625 0.537025003125 0.45317020937499997 0.549517453125 0.46871603281249996 0.55100064375 0.4699080125 0.5385082109375 0.45436220625 0.537025003125
