2 0.2891953765625 0.47383743906250003 0.2891952140625 0.5610469890625 0.335804740625 0.56104684375 0.3358045828125 0.4738376171875 0.2891953765625 0.47383743906250003
2 0.37415726562499996 0.511589965625 0.3323200421875 0.5075235625000001 0.3260640390625 0.5718829390625 0.367901259375 0.5759493203125 0.37415726562499996 0.511589965625
3 0.3321340234375 0.636854059375 0.340998471875 0.6031242765625 0.30879770781250004 0.5946626453125 0.29993319218750003 0.628392321875 0.3321340234375 0.636854059375
3 0.38696095625 0.654632240625 0.3966820296875 0.63101671875 0.358578003125 0.6153335171875 0.348856896875 0.6389489453125 0.38696095625 0.654632240625
3 0.6598680171875 0.649361278125 0.6427143265625 0.617811146875 0.602592321875 0.6396226421875 0.6197458484375 0.6711726328125 0.6598680171875 0.649361278125
2 0.7060436578125 0.637370475 0.68351893125 0.5914090890625 0.6314934390625 0.61690273125 0.6540178671875 0.6628638640625 0.7060436578125 0.637370475
2 0.57324921875 0.589723096875 0.602677428125 0.588748240625 0.60093555 0.5361755031250001 0.57150760625 0.5371503546875 0.57324921875 0.589723096875
2 0.5985766953125 0.5861320578125 0.6280341859374999 0.5845418140625 0.624790965625 0.5244728359375 0.5953337750000001 0.526063071875 0.5985766953125 0.5861320578125
2 0.6276360390625 0.58225598125 0.6704660015624999 0.5749725296875 0.6603544859375 0.5155191 0.6175249468749999 0.5228025140625 0.6276360390625 0.58225598125
2 0.7212788875 0.5244735015625 0.69038575625 0.49205545468749995 0.64297910625 0.5372284281249999 0.6738720625 0.5696463031250001 0.7212788875 0.5244735015625
9 0.3096762796875 0.24252704062500002 0.27327727031250004 0.24495354218749998 0.28648315625 0.443043328125 0.3228821625 0.440616853125 0.3096762796875 0.24252704062500002
3 0.6478501109375 0.6725534890625 0.6787192015625 0.6856875359375 0.6955992859375 0.6460191109375 0.6647304296875001 0.6328851203125 0.6478501109375 0.6725534890625
9 0.22741262812500002 0.737352134375 0.30890176875 0.7250866453125 0.294338309375 0.6283494843749999 0.21285076875 0.6406148515625001 0.22741262812500002 0.737352134375
7 0.5829326703125 0.509615384375 0.5913461828125001 0.509615384375 0.5913461421874999 0.43269230781249995 0.5829327234375 0.43269230781249995 0.5829326703125 0.509615384375
7 0.6028365171875001 0.5083173125 0.6107581578125 0.508757371875 0.61462645625 0.43912718906250003 0.606704896875 0.43868713281250005 0.6028365171875001 0.5083173125
7 0.634453403125 0.4430100421875 0.6273255578125 0.4447304359375 0.6418269015625 0.504807696875 0.6489547453125 0.5030873125 0.634453403125 0.4430100421875
7 0.6453524140625 0.49138782187499996 0.648505328125 0.49164003906250003 0.6526442328125001 0.43990384687499995 0.649491340625 0.43965163125 0.6453524140625 0.49138782187499996
