8 0.24062310908209383 0.341207507382135 0.27047923076452207 0.341742929886969 0.26867128167646115 0.4425529459614838 0.23881516009123516 0.44201752669572925
8 0.3707494136669993 0.33777292468373266 0.39496320971329624 0.3357839476216212 0.40560576780103474 0.4653405897976575 0.3813919736940079 0.4673295511953576
8 0.2376568788623672 0.5557167710198168 0.2757079091293235 0.5664041315680745 0.2470354317960073 0.6684775966522145 0.20898444407771422 0.6577903417620042
8 0.5674841659014191 0.46625969736874967 0.5396593469882873 0.46550771279016223 0.5434452694116771 0.3254378181091908 0.5712696173310405 0.3261897963097094
8 0.7298623434658111 0.4607916756842472 0.6954412101476919 0.4602779528966788 0.6972078550445531 0.34193116590213946 0.731628482773317 0.3424448848785124
8 0.37832682162229503 0.48076590417301385 0.35463452738531487 0.48239976474116397 0.3441234462493412 0.32998496712554215 0.3678152947658191 0.32835112198527316
8 0.6193182645947672 0.4715909173665682 0.591563008629123 0.4689295847837686 0.6031861919750554 0.3477195608363568 0.6309410359102685 0.35038087374005256
8 0.6396380502427519 0.4570232692277232 0.6212983110691539 0.4536450678995801 0.6355472528977089 0.37629458784787895 0.6538868163321467 0.3796727727320738
8 0.657451853146199 0.37259617223073244 0.6736316269948475 0.3758319529740872 0.6579604336598095 0.4541882127222541 0.6417806645554265 0.4509524482441472
8 0.6555284903932943 0.4727432845551317 0.6194967179196738 0.4669320088045538 0.642121506499393 0.32666053207274537 0.6781526612446669 0.33247175670048085
