2 0.3816 0.5848 0.376 0.588 0.36920000000000003 0.5808 0.3628 0.5728 0.3572 0.572 0.3544 0.572 0.3528 0.5736 0.3484 0.5711999999999999 0.3476 0.5728 0.3456 0.5784 0.3448 0.5831999999999999 0.3444 0.5936 0.3444 0.6032 0.3456 0.6096 0.3496 0.6168 0.3524 0.624 0.356 0.6272 0.3588 0.632 0.36360000000000003 0.6376000000000001 0.3684 0.6376000000000001 0.37360000000000004 0.6384000000000001 0.38239999999999996 0.6376000000000001 0.3848 0.6328 0.3868 0.6256 0.3888 0.6168 0.39 0.608 0.3912 0.596 0.39039999999999997 0.5904 0.3868 0.5856 0.3816 0.5848
2 0.4004 0.596 0.3976 0.596 0.396 0.596 0.392 0.5968 0.3912 0.6 0.3892 0.6144000000000001 0.38839999999999997 0.6256 0.38839999999999997 0.6328 0.38839999999999997 0.6416000000000001 0.3892 0.6448 0.3912 0.648 0.4048 0.6519999999999999 0.4096 0.6519999999999999 0.414 0.6464000000000001 0.41719999999999996 0.6384000000000001 0.4192 0.6288 0.4208 0.6192 0.42119999999999996 0.612 0.42119999999999996 0.6072 0.4184 0.6048 0.41479999999999995 0.6048 0.4124 0.6048 0.41 0.6032 0.4088 0.5992 0.40679999999999994 0.596 0.4004 0.596
2 0.5856 0.6112 0.5820000000000001 0.6152 0.5780000000000001 0.6184000000000001 0.5776 0.6184000000000001 0.5764 0.62 0.5744 0.6272 0.5728 0.6336 0.5751999999999999 0.644 0.5796 0.648 0.5848 0.6599999999999999 0.5871999999999999 0.6656 0.5932000000000001 0.6672 0.5972000000000001 0.6656 0.6016 0.6624 0.6052 0.6552 0.6075999999999999 0.648 0.608 0.6408 0.6072 0.6312 0.606 0.62 0.6048 0.6144000000000001 0.6 0.6072 0.5940000000000001 0.6032 0.5904 0.6056 0.588 0.608 0.5856 0.6112
2 0.6696 0.524 0.6664 0.528 0.6636 0.5344 0.6612 0.5392 0.6572 0.5456000000000001 0.6524 0.5519999999999999 0.6492 0.5576 0.646 0.564 0.644 0.5704 0.6452 0.5784 0.6472 0.5864 0.6516 0.592 0.6552 0.592 0.6648 0.5936 0.6748000000000001 0.5888 0.6804 0.5816 0.6839999999999999 0.576 0.6864 0.5671999999999999 0.6876 0.5576 0.6892 0.5528 0.6904 0.5472 0.6904 0.5424 0.6928 0.5368 0.6876 0.528 0.6864 0.5248 0.6839999999999999 0.5216000000000001 0.6816 0.5208 0.6788000000000001 0.5208 0.6752 0.5232 0.6696 0.524
2 0.634 0.4944 0.6315999999999999 0.4968 0.628 0.5032 0.626 0.5032 0.6235999999999999 0.5048 0.6195999999999999 0.508 0.6192 0.5112 0.6172 0.5288 0.6216 0.5448000000000001 0.6244 0.5608 0.6304000000000001 0.5624 0.6352 0.5551999999999999 0.6404 0.548 0.6452 0.5432 0.6472 0.5432 0.6536 0.5416000000000001 0.6576 0.5344 0.6592 0.5272 0.6588 0.5136000000000001 0.6576 0.5024 0.6556 0.492 0.654 0.48319999999999996 0.6532 0.47919999999999996 0.6508 0.48 0.6464000000000001 0.484 0.6412 0.488 0.6372 0.492 0.634 0.4944
7 0.6344000000000001 0.4136 0.6324 0.4168 0.6308 0.42160000000000003 0.63 0.42960000000000004 0.6296 0.4344 0.6284 0.44720000000000004 0.628 0.44400000000000006 0.628 0.44000000000000006 0.6272 0.43200000000000005 0.6264000000000001 0.4264 0.6244 0.4176 0.6228 0.4192 0.6192 0.42960000000000004 0.6188 0.44160000000000005 0.6184000000000001 0.44960000000000006 0.6188 0.4608 0.6208 0.4816 0.6208 0.48719999999999997 0.62 0.5016 0.6192 0.5048 0.6244 0.5016 0.6275999999999999 0.4992 0.6304000000000001 0.496 0.6352 0.4936 0.6416000000000001 0.4904 0.6448 0.4888 0.6516 0.4824 0.6516 0.47919999999999996 0.65 0.46959999999999996 0.648 0.46159999999999995 0.6464000000000001 0.44400000000000006 0.6464000000000001 0.4312 0.6464000000000001 0.4192 0.6456000000000001 0.41200000000000003 0.6432 0.4032 0.64 0.4024 0.6388 0.4056 0.6376000000000001 0.4136 0.6372 0.4168 0.6344000000000001 0.4136
7 0.6035999999999999 0.6567999999999999 0.602 0.6584 0.5988 0.6607999999999999 0.5916 0.6639999999999999 0.5864 0.6639999999999999 0.5836 0.6599999999999999 0.5804 0.6496000000000001 0.5816 0.6584 0.5844 0.6679999999999999 0.5852 0.6688 0.5896 0.6832 0.592 0.692 0.5940000000000001 0.7032 0.5964 0.7136 0.5996 0.7256 0.6016 0.7344 0.6032 0.7392000000000001 0.6068 0.7512 0.61 0.748 0.6144000000000001 0.7352000000000001 0.6148 0.7248 0.6152 0.7096 0.6128 0.6848 0.61 0.6679999999999999 0.6088 0.6599999999999999 0.608 0.6552 0.6068 0.6432 0.6043999999999999 0.6519999999999999 0.6035999999999999 0.6567999999999999
3 0.3752170765625 0.5335117796875 0.37605461406249996 0.5163422484375 0.3747983078125 0.5134108656249999 0.36432908125 0.5079668671875 0.36056015937499997 0.5046167140625 0.3584663140625 0.5041979453125001 0.34841585625 0.49959148593749997 0.3379466296875 0.5138296343750001 0.343809396875 0.5234613218749999 0.351766009375 0.53518685625 0.35637246875 0.5431434671875001 0.36977307812500004 0.54398100625 0.3752170765625 0.5335117796875
3 0.394480453125 0.5615693078125 0.40118075781250007 0.55361269375 0.40369337187500004 0.54481854375 0.404112140625 0.538955778125 0.40285583281250004 0.5343493171875 0.40076198749999997 0.5289053203125 0.394899221875 0.5251363984374999 0.386523840625 0.5209487078125 0.3806610734375 0.5175985562500001 0.3768921515625 0.5272302437499999 0.373542 0.5431434671875001 0.37396076875 0.549006234375 0.3856863015625 0.5611505375 0.394480453125 0.5615693078125
3 0.32412725 0.581670221875 0.3291524796875 0.590464371875 0.3337589390625 0.598839753125 0.34045924375 0.600514828125 0.3463220109375 0.5933957546874999 0.34799708749999997 0.5841828359375 0.3505097015625 0.572457303125 0.3433906265625 0.5632443828125 0.3341777078125 0.5540314625 0.3249647890625 0.5431434671875001 0.3090515640625 0.539793315625 0.309470334375 0.5469123890625001 0.309470334375 0.5515188484375 0.3124017171875 0.55989423125 0.317426946875 0.5712009953125 0.32412725 0.581670221875
3 0.629516459375 0.6058055171875 0.63367945 0.601461528125 0.6445394234374999 0.596574540625 0.6508744078124999 0.5945835453125 0.6521414046875 0.5898775578125 0.647797415625 0.5779315859375 0.6461684187500001 0.5744925953125 0.643996425 0.5715966031249999 0.6392904359375 0.570691603125 0.6353084453125 0.5726825984375 0.630059459375 0.5786555843750001 0.6258964687499999 0.5820945765625 0.6204664828124999 0.5858955671875 0.6130455 0.5933165484375 0.6050815203125001 0.6012805296875 0.6036335234375 0.6036335234375 0.60526251875 0.611959503125 0.6110545046875 0.6152174953125 0.6217334796875 0.6105115078125001 0.629516459375 0.6058055171875
9 0.6990120515625 0.6167449046875 0.712205840625 0.625023359375 0.72876275 0.634854025 0.7546329218750001 0.6420976734375 0.75592643125 0.615710096875 0.75411551875 0.5955313624999999 0.748941484375 0.58130276875 0.7463544671875 0.5735417171875 0.7424739406249999 0.5647458578125 0.7411804328125 0.56060663125 0.73704120625 0.552586878125 0.7297975578125 0.5430149140625 0.7191907859375 0.5344777578125 0.7134993484375001 0.5393930890624999 0.7101362265625 0.550775965625 0.7062557 0.5712134015625 0.7072905078125 0.5722482078125 0.7041860859375 0.577939646875 0.7010816656250001 0.5844071890625 0.69771854375 0.5957900656249999 0.6990120515625 0.6167449046875
