3 0.619999903125 0.6064 0.6688001171875 0.6064 0.6687998765625001 0.5408000000000001 0.6200002203125 0.5408000000000001 0.619999903125 0.6064
3 0.6710547734375 0.6718374875 0.6615862828125 0.6181905578125 0.6083043921875 0.6275934265625 0.6177725578125 0.681240071875 0.6710547734375 0.6718374875
3 0.721491659375 0.6680020375 0.707824815625 0.6090722890625 0.6537960890625001 0.621600978125 0.6674625625 0.68053040625 0.721491659375 0.6680020375
3 0.49679992500000003 0.6096 0.5228001078125 0.6096 0.522799953125 0.5416000000000001 0.49680007968749995 0.5416000000000001 0.49679992500000003 0.6096
3 0.47071346406250003 0.60897340625 0.4982194328125 0.60859141875 0.49725232343750003 0.5389715171875 0.46974669531249996 0.539353503125 0.47071346406250003 0.60897340625
3 0.39124766875 0.6680580671875 0.430853640625 0.6744224890625 0.4389151453125 0.62426083125 0.3993095671875 0.6178964421875001 0.39124766875 0.6680580671875
3 0.415052903125 0.66651946875 0.40277319375 0.6102456234375 0.3455342515625 0.622734384375 0.357813590625 0.6790079062500001 0.415052903125 0.66651946875
3 0.36400033593750003 0.6183987234375 0.305458703125 0.6037650890624999 0.288517365625 0.671530415625 0.3470589609375 0.68616395 0.36400033593750003 0.6183987234375
3 0.282838128125 0.5994416578124999 0.3305222296875 0.6013488359375 0.3333027875 0.5318279796875001 0.28561924843750003 0.5299208140625 0.282838128125 0.5994416578124999
9 0.30909755 0.6127651921874999 0.2552081203125 0.605468721875 0.2362935421875 0.7451471828125 0.29018295156249996 0.752443546875 0.30909755 0.6127651921874999
9 0.7388510046875 0.7449215031249999 0.7902348140625 0.7128106828125 0.7239583328125 0.6067708328125 0.672575546875 0.63888123125 0.7388510046875 0.7449215031249999
9 0.7527992171875 0.385787475 0.718749896875 0.382812490625 0.7068361000000001 0.5191604609375 0.7408854171875 0.5221354171875 0.7527992171875 0.385787475
7 0.5059091312499999 0.5387554203125 0.513392946875 0.53794641875 0.5044642859375 0.45535714218749995 0.49698056562500004 0.4561661390625 0.5059091312499999 0.5387554203125
7 0.3432069140625 0.7644061125 0.35044642812500004 0.7667410718750001 0.37419866874999996 0.6931095421875 0.36695926874999996 0.6907746015625 0.3432069140625 0.7644061125
7 0.3898865890625 0.6878261703125 0.38068325000000003 0.6866759453125 0.3694196421875 0.7767857140625 0.378622978125 0.777935928125 0.3898865890625 0.6878261703125
