1 0.19329375 0.7463984375 0.19578281250000001 0.7578343750000001 0.2011765625 0.7410609375 0.200346875 0.7250515625 0.2049109375 0.7174265625 0.2103046875 0.706753125 0.206984375 0.6960796874999999 0.19993125 0.6991296874999999 0.1941234375 0.712090625 0.1903890625 0.7303875 0.19329375 0.7463984375
1 0.2335375 0.7646953125 0.23021875 0.7410609375 0.2293890625 0.7204765625 0.22316562499999998 0.706753125 0.22150625000000002 0.7159015625 0.2206765625 0.7334375 0.21486718749999997 0.7502093750000001 0.21071875 0.7685078125 0.20864531249999999 0.7898546875 0.221921875 0.7852796875 0.23021875 0.7776562499999999 0.2335375 0.7646953125
1 0.26050625 0.7448734375 0.26092031250000003 0.7334375 0.2625796875 0.7166640625 0.2559421875 0.7227640625 0.2505484375 0.7303875 0.24764375 0.7387734375 0.24681406250000001 0.7502093750000001 0.244740625 0.7639328125 0.2484734375 0.7677453125 0.25303749999999997 0.7593593750000001 0.2576015625 0.7601218750000001 0.26050625 0.7448734375
1 0.267559375 0.7288625 0.27004843749999996 0.7441109375 0.267559375 0.7601218750000001 0.2754421875 0.7608828125 0.27876093750000003 0.7524968750000001 0.2808359375 0.7418234375 0.2808359375 0.73115 0.27461250000000004 0.7250515625 0.26921875 0.7204765625 0.267559375 0.7288625
2 0.682865625 0.804340625 0.6919921875 0.7791812499999999 0.6907484375 0.7578343750000001 0.682865625 0.7204765625 0.6729078125 0.7235265625 0.649259375 0.7349625 0.64013125 0.7402984375 0.636396875 0.7585968750000001 0.6359828125 0.7669828125 0.63805625 0.7837546875 0.6393015625 0.804340625 0.6488437499999999 0.821875 0.6658546875 0.8134890625000001 0.682865625 0.804340625
2 0.7384609375 0.7471609375 0.7326515625 0.729625 0.7185453125000001 0.732675 0.7002906249999999 0.7395359375 0.69448125 0.7509718750000001 0.6936515625 0.7692703125 0.7023640624999999 0.7929046875 0.7206203125 0.7860421875 0.7368 0.7822312499999999 0.7434390625 0.7692703125 0.7384609375 0.7471609375
1 0.67913125 0.69226875 0.6762265625 0.6968421874999999 0.6729078125 0.708278125 0.6695890624999999 0.6945546874999999 0.6675140625 0.68464375 0.6625359375000001 0.69226875 0.66295 0.706753125 0.665025 0.7227640625 0.6695890624999999 0.7166640625 0.6729078125 0.7197140625 0.6783015625 0.7174265625 0.682034375 0.715140625 0.68245 0.705228125 0.67913125 0.69226875
1 0.7235390625 0.73333125 0.727790625 0.7338515625 0.732040625 0.73020625 0.733740625 0.7291640625 0.7289234375 0.71875 0.72495625 0.7255203125 0.7235390625 0.73333125
1 0.742525 0.7171875 0.7362921874999999 0.7182296874999999 0.7385578125000001 0.7239578125 0.7377078125 0.7338515625 0.7371421875 0.7401 0.738275 0.7552015625 0.7416750000000001 0.7588468749999999 0.7467765625 0.7515562499999999 0.7476265625 0.7421828125000001 0.74734375 0.7255203125 0.742525 0.7171875
1 0.664596875 0.8874656249999999 0.66658125 0.890590625 0.6682812499999999 0.8827796875 0.666296875 0.87028125 0.6631796875 0.8635125 0.6566625 0.8624703125 0.6580796875 0.8739265625 0.6597796875 0.880175 0.664596875 0.8874656249999999
2 0.6481609374999999 0.8374765625 0.6396609375 0.8343515625 0.6297421875 0.836434375 0.6243578125 0.8406 0.6189734375 0.847890625 0.6147234375 0.844765625 0.6050890625 0.846328125 0.5977203125 0.85518125 0.596303125 0.8708015625 0.5988546875 0.8869453125 0.6008375 0.89319375 0.6036718750000001 0.8937140625 0.607071875 0.8942343749999999 0.609621875 0.8989218749999999 0.6124562499999999 0.9067328124999999 0.6172734375 0.917146875 0.6235078125 0.9218328124999999 0.628325 0.9233953125 0.6314421875 0.917146875 0.6325765624999999 0.9124609375 0.6356921875 0.9056906250000001 0.64079375 0.9067328124999999 0.64589375 0.90985625 0.6532625000000001 0.90985625 0.6563796875000001 0.9051703124999999 0.6575124999999999 0.8937140625 0.6572296875 0.8765296875 0.6558125 0.8572640625 0.6481609374999999 0.8374765625
1 0.5719328124999999 0.8890859375 0.5759000000000001 0.902103125 0.5790171875000001 0.9213703125 0.583834375 0.9255359375 0.5863859375 0.915121875 0.587803125 0.8995 0.58241875 0.8864812499999999 0.577034375 0.8802328125000001 0.5702328125 0.8833578125000001 0.5719328124999999 0.8890859375
1 0.3860390625 0.8885640625000001 0.3834875 0.8760671875 0.3792375 0.8791921874999999 0.37782031250000003 0.8958546875 0.3749875 0.9099140625000001 0.3707359375 0.9286609374999999 0.3732859375 0.9354296874999999 0.37782031250000003 0.9297015625 0.3834875 0.9161625000000001 0.3840546875 0.8989796875 0.3860390625 0.8885640625000001
2 0.3503328125 0.9453234374999999 0.356284375 0.9427203125 0.361384375 0.9338671875 0.36591874999999996 0.9224125000000001 0.373853125 0.9146015625 0.3781046875 0.9031453125000001 0.382071875 0.8791921874999999 0.3806546875 0.8609656250000001 0.37442031249999996 0.8505515625 0.3619515625 0.8531546875 0.35175 0.8552375 0.34523281250000004 0.8599249999999999 0.3423984375 0.8677359375 0.3415484375 0.8875234375 0.34211562500000003 0.9109562499999999 0.3415484375 0.9338671875 0.3440984375 0.9411578125 0.3503328125 0.9453234374999999
2 0.3443828125 0.8817953125000001 0.345515625 0.8578421875 0.34211562500000003 0.8463859375 0.332196875 0.8437828125 0.3256796875 0.8521140624999999 0.31944531249999997 0.8557593750000001 0.3123609375 0.8495109375000001 0.304709375 0.8541968750000001 0.295925 0.8604453124999999 0.2936578125 0.8797124999999999 0.294225 0.8958546875 0.2964921875 0.9156421874999999 0.3007421875 0.9307437500000001 0.304709375 0.9406375 0.317178125 0.9385546874999999 0.327096875 0.9369921874999999 0.33077968750000003 0.9323062500000001 0.33928125 0.90626875 0.3443828125 0.8817953125000001
2 0.2658875 0.938034375 0.272971875 0.944803125 0.28657343750000003 0.9458437500000001 0.290540625 0.9401171875 0.295925 0.9281390625 0.299609375 0.906790625 0.298475 0.8885640625000001 0.2973421875 0.870859375 0.293375 0.8578421875 0.287990625 0.8515937499999999 0.28005625 0.8536765624999999 0.276371875 0.8573203125 0.2709875 0.8594046875 0.270421875 0.8573203125 0.2599359375 0.8541968750000001 0.251434375 0.8614875 0.248884375 0.8786703125 0.25001875 0.8984578125 0.2554015625 0.9192875 0.2658875 0.938034375
4 0.2684375 0.9422 0.2650375 0.9963546875 0.279771875 0.9979171875 0.28600625 0.9395953125000001 0.2684375 0.9422
4 0.30669375 0.94896875 0.3081109375 0.9979171875 0.3256796875 0.9958343749999999 0.3268125 0.9484484375 0.3285140625 0.9369921874999999 0.30499375 0.9406375 0.30669375 0.94896875
0 0.715277778125 0.8923611109375 0.715277778125 0.8645833328125001 0.59375 0.9375 0.5520833328125 0.9375 0.4427083328125 0.9305555562500001 0.40625 0.9375 0.3506944453125 0.9375 0.28125 0.9305555562500001 0.2586805546875 0.9288194437499999 0.2517361109375 0.953125 0.3020833328125 0.9548611109375 0.3645833328125 0.9479166671874999 0.49131944531249994 0.940972221875 0.5920138890625 0.9513888890625 0.6701388890625 0.909722221875 0.715277778125 0.8923611109375
0 0.5149714421875 0.7801999703125 0.5607638890625 0.7708333328125 0.765625 0.7100694437499999 0.769097221875 0.6875 0.5149714421875 0.7801999703125
0 0.4322916671875 0.7743055562500001 0.30902777812500004 0.7413194437499999 0.1649305546875 0.7048611109375 0.1458333328125 0.715277778125 0.25347222187499996 0.7395833328125 0.4270833328125 0.7864583328125 0.484375 0.7864583328125 0.48494762968750005 0.7863412046875 0.4322916671875 0.7743055562500001
