1 0.182866659375 0.754398378125 0.19665219218750002 0.75806565 0.2127373125 0.6976101109374999 0.1989519609375 0.693942865625 0.182866659375 0.754398378125
3 0.21721284375 0.8157522281249999 0.2554941953125 0.8182023234375 0.2593444640625 0.7580521296875 0.22106367031250002 0.755602053125 0.21721284375 0.8157522281249999
3 0.31566638125 0.8214409937499999 0.31875395625 0.76204155 0.2649240890625 0.7592440203125 0.26183615 0.8186430781249999 0.31566638125 0.8214409937499999
1 0.2443552234375 0.7110232265625 0.22316553906249997 0.7067531078125 0.20650320781249998 0.7894230171875 0.22769287968750002 0.7936930953125 0.2443552234375 0.7110232265625
1 0.263745765625 0.7167985921875 0.2503576109375 0.7152540046875 0.24435552187499998 0.7672702328125001 0.2577436734375 0.7688148109374999 0.263745765625 0.7167985921875
1 0.2808359375 0.7204765625 0.267559375 0.7204765625 0.267559375 0.7608828125 0.2808359375 0.7608828125 0.2808359375 0.7204765625
2 0.6873940078125 0.7200743484375 0.6322507734375 0.7249722015625 0.6409217578125 0.822578628125 0.6960649859375 0.81768083125 0.6873940078125 0.7200743484375
2 0.68548370625 0.7429223078125 0.701099725 0.79329658125 0.7482342484375 0.7786871875 0.7326180703125 0.7283132015625 0.68548370625 0.7429223078125
7 0.6771385046875 0.6563726203125 0.6724921875 0.6564359375000001 0.6731681421875 0.706032303125 0.677814459375 0.7059689859375 0.6771385046875 0.6563726203125
1 0.6795796843749999 0.6830802984375001 0.66020736875 0.68559054375 0.6650249968749999 0.7227640625 0.684397309375 0.7202538265625 0.6795796843749999 0.6830802984375001
7 0.724800584375 0.6266153453125 0.714754684375 0.62658125 0.7144506921875 0.7161391078125 0.724496590625 0.716173203125 0.724800584375 0.6266153453125
7 0.7090542921874999 0.714189884375 0.7147547390625 0.7135437437500001 0.702441090625 0.6049246203124999 0.69674076875 0.6055707531250001 0.7090542921874999 0.714189884375
7 0.69949859375 0.71277835 0.706353496875 0.71225671875 0.698643790625 0.61095628125 0.6917890296875 0.61147790625 0.69949859375 0.71277835
1 0.735416403125 0.7199278687499999 0.7262718984375 0.7182689921875001 0.7235390625 0.73333125 0.732683565625 0.7349901234375 0.735416403125 0.7199278687499999
1 0.7470131140625 0.7170130953125 0.7362611421875 0.7174309078125 0.7378765296875 0.7589944796875 0.7486285015624999 0.75857666875 0.7470131140625 0.7170130953125
3 0.7277558734375 0.7449160765625 0.74332616875 0.7773906671875 0.777664078125 0.7609297203125001 0.762093753125 0.7284552718749999 0.7277558734375 0.7449160765625
1 0.6608693765625 0.8914972859375 0.669449146875 0.8901353953125 0.6648503734375 0.861170625 0.6562706703125001 0.862532509375 0.6608693765625 0.8914972859375
2 0.6145719546875 0.9287122046875 0.6744849171875 0.905549953125 0.64541489375 0.8303752671875 0.585503090625 0.85353726875 0.6145719546875 0.9287122046875
1 0.5830305453125 0.87884749375 0.5698919859375 0.8818829453125 0.580175146875 0.9263813375 0.5933137 0.9233459046875 0.5830305453125 0.87884749375
1 0.3901804828125 0.8772171343749999 0.37988097656250003 0.8754475375 0.369679175 0.9348100015625 0.37997867812499997 0.9365795828125 0.3901804828125 0.8772171343749999
2 0.382071875 0.8505515625 0.3415484375 0.8505515625 0.3415484375 0.9453234374999999 0.382071875 0.9453234374999999 0.382071875 0.8505515625
2 0.2908071421875 0.9399801812499999 0.3415182484375 0.94237788125 0.34614923750000004 0.8444425109375 0.295439475 0.8420448421875 0.2908071421875 0.9399801812499999
2 0.25309723281249996 0.947926703125 0.30198064687500004 0.944885084375 0.296142278125 0.85108653125 0.24726011875 0.8541281125 0.25309723281249996 0.947926703125
4 0.262675365625 0.99610225625 0.2797706796875 0.9979291625 0.28600625 0.9395953125000001 0.2689112296875 0.937768421875 0.262675365625 0.99610225625
4 0.3285140625 0.9369921874999999 0.304865390625 0.9382787859375 0.3081109109375 0.9979171890625 0.3317595828125 0.9966306015624999 0.3285140625 0.9369921874999999
