2 0.6304096765625 0.6096537984375 0.67651094375 0.61876533125 0.6921833453125 0.53947479375 0.6460827124999999 0.5303633249999999 0.6304096765625 0.6096537984375
3 0.6897897359375 0.528683353125 0.675918175 0.4638833578125 0.6270531265625 0.47434302500000003 0.640924403125 0.5391427734375001 0.6897897359375 0.528683353125
3 0.30682938125 0.49484699687499994 0.32030039375 0.4790543984375 0.28516394375 0.44908522343749996 0.271692965625 0.4648777703125 0.30682938125 0.49484699687499994
3 0.3526319484375 0.5370329984375 0.3220681328125 0.5485602609375 0.34626908749999996 0.6127211984375001 0.3768328671875 0.6011940046875 0.3526319484375 0.5370329984375
6 0.6791945359375 0.6910146046875 0.6770223875 0.7170755796875 0.697115384375 0.718750009375 0.6992874718750001 0.692689090625 0.6791945359375 0.6910146046875
7 0.675250940625 0.600987459375 0.670865328125 0.6033796046875 0.7008871890624999 0.6584133125 0.7052727921875 0.6560211812500001 0.675250940625 0.600987459375
7 0.680038328125 0.5954690031250001 0.67171988125 0.599829146875 0.70088720625 0.65546914375 0.7092056343750001 0.651109025 0.680038328125 0.5954690031250001
7 0.679571275 0.70198164375 0.68928576875 0.699638 0.6669289328125 0.6069806984375 0.6572146125 0.6093243203125 0.679571275 0.70198164375
7 0.6557616015625001 0.3931444796875 0.6496384875000001 0.39320409375 0.6501210640624999 0.442768265625 0.656244178125 0.44270865156249994 0.6557616015625001 0.3931444796875
7 0.66625466875 0.39283484375 0.66260116875 0.3924980453125 0.658051146875 0.441852953125 0.6617046453125 0.44218975 0.66625466875 0.39283484375
