2 0.6329076453125 0.5381409125000001 0.6826488828125 0.5297230703125 0.6709627078125 0.46067600937500003 0.6212219875 0.46909380624999997 0.6329076453125 0.5381409125000001
2 0.5976288390625 0.6121463031250001 0.6451828234375 0.6254913 0.66456464375 0.5564320046875 0.6170112328124999 0.5430870921875 0.5976288390625 0.6121463031250001
2 0.3113991046875 0.42945104062499995 0.2672990921875 0.43660390156249995 0.28116095625000004 0.5220616890625001 0.3252609578125 0.514908871875 0.3113991046875 0.42945104062499995
2 0.36669070000000004 0.5319766046875001 0.36669055156249997 0.46729679687500003 0.312942240625 0.46729693125000005 0.312942125 0.5319764765625 0.36669070000000004 0.5319766046875001
2 0.3621706859375 0.5387978390625 0.393663184375 0.540280725 0.39683971875 0.47282165468750004 0.3653475453125 0.4713387765625 0.3621706859375 0.5387978390625
2 0.432390003125 0.472112875 0.396058340625 0.46990313749999996 0.3916697515625 0.5420532078125 0.4280014125 0.54426293125 0.432390003125 0.472112875
2 0.3197602953125 0.5910865265624999 0.37681795 0.6071555703125 0.39205682343750003 0.553050290625 0.33499969375 0.536981325 0.3197602953125 0.5910865265624999
3 0.3248326453125 0.5672275265625 0.3293968453125 0.536041003125 0.2950000578125 0.531007428125 0.29043578281250004 0.5621938609375 0.3248326453125 0.5672275265625
9 0.205992075 0.6525456578125 0.28654890625 0.6518542593750001 0.2856194359375 0.5436501687499999 0.20506416249999998 0.5443415625 0.205992075 0.6525456578125
3 0.7162260984375 0.4542617703125 0.6847167546875 0.45324541093750004 0.683224803125 0.499495975 0.7147341468749999 0.5005123328125001 0.7162260984375 0.4542617703125
7 0.350398440625 0.611289271875 0.3424084234375 0.6093104874999999 0.32207468125 0.6914046234375 0.3300646921875 0.6933833921875 0.350398440625 0.611289271875
7 0.3510557515625 0.70426423125 0.3555618046875 0.7045192578125 0.3604166671875 0.61875 0.35591069062499997 0.6184949750000001 0.3510557515625 0.70426423125
7 0.6373509 0.7143272015625 0.6430289234375001 0.713942303125 0.63746913125 0.6319366140625 0.6317912031249999 0.632321509375 0.6373509 0.7143272015625
7 0.6706619421875 0.709827021875 0.6778849296875 0.707932609375 0.653125 0.6135416671875 0.6459021484374999 0.6154360609375 0.6706619421875 0.709827021875
7 0.3170303046875 0.3571559953125 0.3100961109375 0.3557692234375 0.2980769234375 0.415865384375 0.3050111140625 0.4172521515625 0.3170303046875 0.3571559953125
7 0.34375 0.3581730765625 0.334134615625 0.3581730765625 0.334134615625 0.4447115390625 0.34375 0.4447115390625 0.34375 0.3581730765625
7 0.34309041093750003 0.4447848234375 0.35654621249999996 0.44328980468749996 0.34735576875 0.3605769234375 0.333900103125 0.36207193437499996 0.34309041093750003 0.4447848234375
7 0.37302901093749996 0.446018678125 0.37860579375 0.4459134609375 0.3768589109375 0.3533303125 0.371282190625 0.353435528125 0.37302901093749996 0.446018678125
7 0.4050480453125 0.4543269234375 0.4146634859375 0.4543269234375 0.4146634578125 0.3990384609375 0.40504808593749997 0.3990384609375 0.4050480453125 0.4543269234375
7 0.6513907156250001 0.37870357499999996 0.6394050984375 0.379932803125 0.647300078125 0.4569090546875 0.6592856953124999 0.45567983125 0.6513907156250001 0.37870357499999996
7 0.3010817125 0.42848560312500006 0.302884615625 0.4290865390625 0.3112980875 0.40384615625000003 0.30949519062499997 0.40324522187499995 0.3010817125 0.42848560312500006
7 0.3102884375 0.403701925 0.31281248906250003 0.4040624890625 0.319711540625 0.35576923125 0.3171875046875 0.35540866875 0.3102884375 0.403701925
7 0.3298436375 0.3700100703125 0.32320726718750004 0.3689731921875 0.3125 0.4375 0.31913636875 0.4385368734375 0.3298436375 0.3700100703125
7 0.65170828125 0.43938172499999995 0.662220228125 0.44033730625 0.667747071875 0.3795416453125 0.6572352046875001 0.37858606875 0.65170828125 0.43938172499999995
