3 0.2294294328125 0.5490668750000001 0.26827325625 0.55258313125 0.273424053125 0.49568581875 0.2345805859375 0.4921695796875 0.2294294328125 0.5490668750000001
3 0.31546346718749996 0.57878131875 0.351054484375 0.5805015250000001 0.3535075171875 0.5297502453125 0.31791680625 0.528030046875 0.31546346718749996 0.57878131875
3 0.3826337734375 0.532292190625 0.35642343906249996 0.5282671171875 0.348794075 0.5779431749999999 0.37500440625000003 0.5819682312500001 0.3826337734375 0.532292190625
3 0.6461982546875 0.5946298984375 0.6883557078125 0.588520896875 0.6756061859375 0.5005480734375001 0.6334493484375 0.5066570296874999 0.6461982546875 0.5946298984375
7 0.697713965625 0.43407461875 0.69267763125 0.4325898890625 0.671768778125 0.5035099390625 0.6768051093749999 0.5049946609375 0.697713965625 0.43407461875
7 0.6611883375 0.5008713609375001 0.6673815390625 0.5005812109375001 0.66385868125 0.425392134375 0.657665546875 0.42568228125 0.6611883375 0.5008713609375001
7 0.6544182359375 0.5065165640625 0.660439596875 0.506405134375 0.6589328125 0.4249890625 0.6529115203125 0.42510049062500005 0.6544182359375 0.5065165640625
1 0.6650868125 0.6806279281250001 0.676034396875 0.6797781234375 0.6743817937500001 0.65849175 0.6634342578125 0.659341553125 0.6650868125 0.6806279281250001
3 0.593578840625 0.6770677390625 0.6276838296875 0.6716612421875 0.622292559375 0.6376575453125 0.5881878 0.6430640249999999 0.593578840625 0.6770677390625
3 0.335449803125 0.7060737484375 0.36084376875 0.710255403125 0.37480260312499997 0.6254977921875 0.3494090640625 0.6213161734375 0.335449803125 0.7060737484375
7 0.353804196875 0.708443653125 0.3480201671875 0.7076281046874999 0.33456406250000004 0.8030453124999999 0.3403480890625 0.803860853125 0.353804196875 0.708443653125
3 0.3461677140625 0.6587674812500001 0.3550298703125 0.61542156875 0.29939809687499996 0.6040489109375 0.29053576875 0.6473945859375 0.3461677140625 0.6587674812500001
3 0.2281131234375 0.6450320390625001 0.27219738437499996 0.6637959828125 0.3000023875 0.598477753125 0.25591864375 0.5797139359375 0.2281131234375 0.6450320390625001
7 0.2732194484375 0.6625282015625 0.26475599375000003 0.6591467718749999 0.23363593749999997 0.7370265625 0.2420993765625 0.7404079609374999 0.2732194484375 0.6625282015625
