3 0.33680625000000003 0.577140625 0.34465625 0.579203125 0.351665625 0.56785625 0.3527875 0.544646875 0.3494234375 0.5296890624999999 0.3415734375 0.5291734375 0.3356859375 0.5363953125 0.337928125 0.5508359375 0.334003125 0.5596046875 0.3306390625 0.5363953125 0.322509375 0.533815625 0.316340625 0.5606359375000001 0.3180234375 0.5709515625 0.324190625 0.579203125 0.3312 0.578171875 0.33680625000000003 0.577140625
3 0.666503125 0.5049328125 0.6631390625 0.5023546875 0.6580921875 0.5059640625 0.65556875 0.51266875 0.65556875 0.52246875 0.6516437500000001 0.5296890624999999 0.646878125 0.5343312499999999 0.6423921874999999 0.5394890625000001 0.6412718749999999 0.5606359375000001 0.64379375 0.5714671874999999 0.6446359375 0.5802343750000001 0.652765625 0.5838453125 0.6611765625 0.5848765625000001 0.6698671875 0.5879703125 0.674353125 0.59055 0.676315625 0.5874546875 0.684165625 0.5869390625 0.686128125 0.5822984375 0.6852859375 0.567340625 0.6813625 0.5621828125 0.676315625 0.55805625 0.6737921874999999 0.5498046875 0.674071875 0.5441312500000001 0.676034375 0.5353625 0.6749140625 0.5265953125 0.676315625 0.521953125 0.6774375 0.513184375 0.6746328125 0.5033859374999999 0.66930625 0.5023546875 0.666503125 0.5049328125
7 0.66145625 0.4255046875 0.6620171874999999 0.4719234375 0.6608953125 0.4946171875 0.662578125 0.50080625 0.66734375 0.49977499999999997 0.6659421875 0.4698609375 0.66145625 0.4255046875
7 0.656690625 0.45954531249999997 0.6589328125 0.4249890625 0.6544484374999999 0.44200937500000004 0.6536062499999999 0.46264062499999997 0.6564109375 0.5064796874999999 0.6603359375 0.50080625 0.6586531250000001 0.48945937500000003 0.6572515625 0.47605000000000003 0.656690625 0.45954531249999997
3 0.686128125 0.639546875 0.69481875 0.6431578124999999 0.695659375 0.63490625 0.7009859374999999 0.6333578125 0.7049109375 0.6282015624999999 0.7107984375 0.624075 0.713603125 0.6194328125 0.7197703125 0.615821875 0.7147234375 0.5988015625 0.7032296875 0.6065390625 0.6984640625 0.6096328125 0.6922953125 0.61118125 0.683884375 0.6163375 0.674353125 0.6261375 0.6737921874999999 0.637484375 0.67715625 0.6519265625 0.6827640625 0.64883125 0.686128125 0.639546875
1 0.6639796875 0.6663671875 0.6690265625 0.6792609374999999 0.676034375 0.679778125 0.67519375 0.67049375 0.6746328125 0.661725 0.66930625 0.659146875 0.6659421875 0.659146875 0.6639796875 0.6663671875
3 0.3480203125 0.6297484375 0.34521718749999997 0.6524421874999999 0.34409531250000003 0.6673984374999999 0.349703125 0.6741046875000001 0.34886249999999996 0.6890609375000001 0.3480203125 0.70814375 0.35475 0.7071125 0.3609171875 0.6746203125 0.3676453125 0.6565671875 0.37045 0.6519265625 0.373253125 0.63490625 0.3659640625 0.6261375 0.353628125 0.6220109375 0.3480203125 0.6297484375
7 0.33456406250000004 0.8030453124999999 0.3424140625 0.7798359375 0.3474609375 0.7468265625 0.3513859375 0.7231015625 0.353628125 0.7096921875 0.3480203125 0.707628125 0.34409531250000003 0.7437328125 0.3410125 0.7700359375 0.33456406250000004 0.8030453124999999
3 0.3129765625 0.6101484375 0.3040046875 0.604990625 0.298678125 0.6075703125 0.29783750000000003 0.6261375 0.3042859375 0.63490625 0.3073703125 0.6297484375 0.3082109375 0.6235593749999999 0.310734375 0.6189171875 0.310734375 0.624590625 0.312696875 0.634390625 0.3180234375 0.6447046875 0.3216671875 0.64883125 0.3295171875 0.6441890625 0.332040625 0.6524421874999999 0.33540468749999997 0.6565671875 0.3384890625 0.6534734375 0.341853125 0.6565671875 0.3474609375 0.6524421874999999 0.350825 0.6359375 0.350825 0.6235593749999999 0.341853125 0.6127281250000001 0.3317609375 0.613759375 0.32559218749999996 0.6096328125 0.3129765625 0.6101484375
3 0.27681093749999997 0.6529578125 0.2798953125 0.6436734375000001 0.2818578125 0.6318109375 0.284940625 0.6282015624999999 0.2838203125 0.6235593749999999 0.287184375 0.614790625 0.295034375 0.6101484375 0.2972765625 0.6034437500000001 0.2877453125 0.5972546875 0.27653125 0.5884875 0.26615781250000003 0.5848765625000001 0.25690625 0.590034375 0.24793437499999998 0.603959375 0.24120625 0.614275 0.242046875 0.62304375 0.2437296875 0.62304375 0.2465328125 0.6318109375 0.2532609375 0.6297484375 0.2535421875 0.6359375 0.2493359375 0.6483156250000001 0.2515796875 0.6550203125 0.25634531250000003 0.6545046875 0.26251250000000004 0.658115625 0.2692421875 0.661725 0.27232500000000004 0.658115625 0.27681093749999997 0.6529578125
7 0.242046875 0.6658515625 0.2370015625 0.6833875 0.2308328125 0.70608125 0.2249453125 0.74166875 0.2308328125 0.7169125000000001 0.23756093749999999 0.6911234375 0.24513124999999997 0.67255625 0.2535421875 0.65863125 0.2496171875 0.6498625 0.242046875 0.6658515625
7 0.25718593749999996 0.7024703125 0.265596875 0.680809375 0.2709234375 0.662240625 0.26475624999999997 0.659146875 0.2594296875 0.6771984375 0.2546625 0.696796875 0.2476546875 0.71794375 0.24092656250000002 0.7277437499999999 0.23363593749999997 0.7370265625 0.242328125 0.7334171875 0.2504578125 0.7194906249999999 0.25718593749999996 0.7024703125
