7 0.41600000000000004 0.45039999999999997 0.41479999999999995 0.43600000000000005 0.41319999999999996 0.42560000000000003 0.41200000000000003 0.4136 0.4104 0.4016 0.4096 0.3968 0.4064 0.3968 0.4032 0.4008 0.3996 0.4144 0.398 0.4264 0.3976 0.4384 0.3976 0.45439999999999997 0.3976 0.47119999999999995 0.3968 0.488 0.3956 0.4992 0.3948 0.5096 0.3944 0.516 0.3952 0.5216000000000001 0.4004 0.5248 0.40519999999999995 0.528 0.4112 0.5288 0.41719999999999996 0.5288 0.41879999999999995 0.5264 0.4196 0.5176000000000001 0.418 0.504 0.4176 0.4928 0.4164 0.47759999999999997 0.4164 0.45919999999999994 0.41600000000000004 0.45039999999999997
7 0.4 0.692 0.396 0.6936 0.3944 0.692 0.392 0.6864 0.3896 0.6784 0.3896 0.6872 0.3896 0.6992 0.3896 0.712 0.38639999999999997 0.728 0.38439999999999996 0.7464000000000001 0.382 0.7615999999999999 0.378 0.7776 0.37639999999999996 0.7896 0.376 0.8016 0.3792 0.8048 0.38639999999999997 0.7944 0.39 0.784 0.394 0.7727999999999999 0.3992 0.7552 0.40359999999999996 0.7408 0.40800000000000003 0.7232000000000001 0.41079999999999994 0.7088 0.41200000000000003 0.692 0.4124 0.6848 0.41079999999999994 0.6848 0.4048 0.6888 0.4 0.692
7 0.3472 0.7664 0.3472 0.7712 0.3496 0.7727999999999999 0.3572 0.7647999999999999 0.3632 0.7527999999999999 0.36920000000000003 0.74 0.3744 0.7288 0.37879999999999997 0.7144 0.3828 0.6984 0.3856 0.6872 0.3876 0.6752 0.388 0.6679999999999999 0.38639999999999997 0.6656 0.37879999999999997 0.6728 0.37320000000000003 0.6752 0.36560000000000004 0.6736 0.3568 0.6696 0.3528 0.6639999999999999 0.3508 0.6576 0.3492 0.6488 0.3456 0.6607999999999999 0.3404 0.6736 0.3368 0.6832 0.33199999999999996 0.6968 0.3272 0.7088 0.3244 0.7184 0.322 0.728 0.3204 0.7392000000000001 0.322 0.7464000000000001 0.3256 0.7472000000000001 0.3324 0.7384000000000001 0.3392 0.7256 0.344 0.7152000000000001 0.3496 0.708 0.3548 0.6992 0.35760000000000003 0.6976 0.3588 0.7064 0.35760000000000003 0.716 0.3548 0.7264 0.352 0.7408 0.3496 0.7504 0.3472 0.7664
2 0.3984 0.6296 0.4 0.6224000000000001 0.3988 0.6176 0.3916 0.6144000000000001 0.38439999999999996 0.6128 0.3792 0.6112 0.3748 0.6064 0.36960000000000004 0.6064 0.3652 0.604 0.36360000000000003 0.6008 0.36 0.6 0.35760000000000003 0.6 0.3536 0.6048 0.352 0.612 0.3508 0.6208 0.3508 0.628 0.3512 0.6392 0.3508 0.6504 0.352 0.6544 0.3544 0.6624 0.35760000000000003 0.6664 0.3612 0.6704 0.366 0.6719999999999999 0.3724 0.6719999999999999 0.3796 0.6696 0.3848 0.6679999999999999 0.3872 0.6664 0.39 0.6592 0.39239999999999997 0.6472 0.3956 0.6352 0.3984 0.6296
2 0.41479999999999995 0.6312 0.41159999999999997 0.6312 0.4088 0.628 0.4056 0.624 0.404 0.624 0.3984 0.624 0.3956 0.6256 0.3916 0.6312 0.39039999999999997 0.6392 0.3892 0.6488 0.38839999999999997 0.6567999999999999 0.388 0.6656 0.3888 0.6752 0.3916 0.6824 0.3956 0.6888 0.3992 0.6904 0.4056 0.6888 0.4104 0.6839999999999999 0.4164 0.6759999999999999 0.4196 0.6696 0.4232 0.6592 0.42519999999999997 0.6488 0.42560000000000003 0.6424000000000001 0.4248 0.6376000000000001 0.41879999999999995 0.6336 0.41479999999999995 0.6312
2 0.41159999999999997 0.5264 0.4064 0.5264 0.40119999999999995 0.5248 0.3992 0.524 0.3948 0.52 0.3932 0.5208 0.3916 0.5272 0.39 0.5344 0.38839999999999997 0.5408000000000001 0.3868 0.5496000000000001 0.386 0.5631999999999999 0.3868 0.5728 0.39039999999999997 0.58 0.3968 0.5848 0.40119999999999995 0.5864 0.4064 0.5856 0.41079999999999994 0.5824 0.4144 0.5824 0.418 0.5808 0.42000000000000004 0.5791999999999999 0.422 0.568 0.4224 0.5584 0.4224 0.5472 0.422 0.536 0.4184 0.5264 0.41559999999999997 0.5256000000000001 0.41159999999999997 0.5264
3 0.48760000000000003 0.624 0.49560000000000004 0.628 0.5027999999999999 0.6256 0.506 0.6192 0.5084 0.608 0.5088 0.5912 0.5084 0.5768 0.5084 0.5631999999999999 0.5044 0.5551999999999999 0.49800000000000005 0.5528 0.492 0.5544 0.4904 0.5559999999999999 0.48719999999999997 0.5576 0.4864 0.5664 0.4852 0.5848 0.4848 0.6 0.4848 0.616 0.48760000000000003 0.624
3 0.5332 0.5848 0.5328 0.568 0.5304 0.5559999999999999 0.5264 0.5511999999999999 0.518 0.5511999999999999 0.512 0.5528 0.508 0.5551999999999999 0.5084 0.5736 0.5084 0.5871999999999999 0.5096 0.5992 0.5144 0.6088 0.5212 0.6128 0.5272 0.6096 0.532 0.5984 0.5332 0.5848
3 0.6132 0.564 0.6132 0.5496000000000001 0.61 0.5344 0.606 0.5296000000000001 0.5936 0.5312 0.588 0.5336000000000001 0.5852 0.5368 0.5824 0.5464 0.5816 0.5616 0.5848 0.5848 0.5908 0.5928 0.5984 0.5944 0.6075999999999999 0.588 0.6123999999999999 0.5776 0.6132 0.564
3 0.657956115625 0.5625349921875 0.663951159375 0.566032103125 0.6714449640625 0.5605366453125 0.6799379437499999 0.552543253125 0.6869321625 0.5405531640625 0.6864325765625 0.5310610109375 0.6824358796875 0.5200700953124999 0.6759412484375 0.5115771171875 0.670945378125 0.5035837234375 0.6664490953125 0.5010857875 0.6619528125 0.5000866140625 0.6564573546875 0.5020849625 0.643967678125 0.5135754640625 0.6469652 0.5240667921875 0.6474647874999999 0.5395539890625 0.6499627218749999 0.5535424265625 0.657956115625 0.5625349921875
9 0.7348925171875 0.6919280328124999 0.74738219375 0.7004210125 0.756874346875 0.697923078125 0.7578735203125 0.691428446875 0.7513788890625 0.68743175 0.7388892140625 0.6744424875 0.742386321875 0.6754416609375 0.76037145625 0.684434228125 0.775858653125 0.684434228125 0.77236154375 0.6784391828125 0.75987186875 0.6619528125 0.7548759984375 0.637972634375 0.74638301875 0.57552425625 0.7388892140625 0.5535424265625 0.7308958203125 0.546048621875 0.7179065578125 0.54804696875 0.7049172953125 0.5550411875 0.6919280328124999 0.5635341671874999 0.6864325765625 0.5835176468750001 0.6869321625 0.5945085625 0.6889305109375 0.6064986515624999 0.6949255546875001 0.6294796546875 0.6974234906250001 0.6354746984374999 0.7029189484375 0.6484639624999999 0.717406971875 0.6674482687500001 0.7348925171875 0.6919280328124999
3 0.6523570796875 0.59249944375 0.6484070828124999 0.5967532859375 0.64354555 0.602830203125 0.6441532421875 0.6089071203125 0.6459763171875 0.612553271875 0.652660925 0.6152878828125 0.66329553125 0.6149840375 0.66876475625 0.6098186578125 0.6733224453125 0.600095590625 0.6751455203125001 0.5912840609375001 0.6790955171874999 0.575484075 0.6751455203125001 0.5712302328125001 0.6705878328125 0.5739648453124999 0.6684609109374999 0.575484075 0.65873784375 0.5864225265624999 0.6523570796875 0.59249944375
3 0.6016148203125 0.6614724562500001 0.6022225109375 0.651141696875 0.59979174375 0.6411147828125 0.5976648234375 0.6338224828125 0.5946263640625 0.63017633125 0.58885329375 0.63017633125 0.584903296875 0.63017633125 0.5763956125 0.6356455578125 0.572445615625 0.6414186281250001 0.571837925 0.6468878546875 0.5730533078125 0.6517493875 0.5742686921875 0.659345534375 0.5739648453124999 0.6675493734375 0.579130225 0.66511860625 0.5824725296875 0.6587378421875 0.5864225265624999 0.6563070765625 0.5949302109375 0.6553955375 0.6016148203125 0.6614724562500001
3 0.5536071734375 0.6505340046875 0.549049484375 0.6626878390625001 0.5572533234375 0.6620801468749999 0.5672802359375 0.6626878390625001 0.571837925 0.6645109140625001 0.5757879203125 0.6523570796875 0.5712302328125001 0.6420263203125 0.5666725453125 0.643241703125 0.5596840890625 0.6462801625 0.5536071734375 0.6505340046875
