2 0.6291924515625 0.5887599109375 0.5793635593750001 0.583165390625 0.573630390625 0.6342235390625001 0.623459278125 0.63981803125 0.6291924515625 0.5887599109375
2 0.3671804109375 0.5995324359375 0.36890422031250003 0.6456752234375001 0.4258104484375 0.6435492984375 0.42408640000000003 0.597406759375 0.3671804109375 0.5995324359375
9 0.2298247 0.6359760718749999 0.2631253234375 0.70613685625 0.34427802500000004 0.6676235296875 0.3109772546875 0.597463365625 0.2298247 0.6359760718749999
3 0.660810425 0.579585578125 0.6242052828125 0.58021663125 0.625163965625 0.6358203453125 0.661769109375 0.6351892953125 0.660810425 0.579585578125
9 0.704166996875 0.719939884375 0.7523706109375 0.6953492 0.694332096875 0.5815957984375 0.6461294843750001 0.606186175 0.704166996875 0.719939884375
9 0.7041690703125 0.348083809375 0.665485165625 0.34958600624999997 0.67102698125 0.4922890390625 0.7097108828125 0.49078685625 0.7041690703125 0.348083809375
3 0.60603368125 0.5418610562499999 0.6132091359375 0.5649230234375 0.6414439859375001 0.556138840625 0.6342685 0.53307693125 0.60603368125 0.5418610562499999
3 0.33929591718749996 0.580257428125 0.357476328125 0.5620786765625 0.324587690625 0.529190178125 0.306407353125 0.5473688578125 0.33929591718749996 0.580257428125
3 0.4013483640625 0.5644597375 0.41514542343749994 0.5752564 0.433385309375 0.5519498234375 0.41958829687500004 0.5411531875 0.4013483640625 0.5644597375
7 0.40129589218749995 0.6739910546875 0.3953198109375 0.6732218624999999 0.387595015625 0.733229290625 0.3935710953125 0.7339984765625001 0.40129589218749995 0.6739910546875
7 0.6023197578125 0.746320240625 0.61522449375 0.7459935859375 0.6127379046875 0.6477788062500001 0.5998334359374999 0.6481054578125 0.6023197578125 0.746320240625
6 0.63827540625 0.7396900343749999 0.6208332734375 0.7322916421875 0.60625 0.7666666671875 0.623692115625 0.774065028125 0.63827540625 0.7396900343749999
7 0.35662383750000004 0.7542205140625 0.36770833281250004 0.7572916671875001 0.3933657203125 0.66470244375 0.382281440625 0.6616313218750001 0.35662383750000004 0.7542205140625
7 0.6152501484374999 0.647416715625 0.60727504375 0.648866515625 0.6239582421875001 0.7406250171875 0.63193334375 0.7391752312500001 0.6152501484374999 0.647416715625
