2 0.3978078125 0.53415625 0.3978078125 0.54941875 0.399221875 0.5552328125 0.4027578125 0.5625 0.40594062500000005 0.5661343750000001 0.40841562500000006 0.5712203125 0.41301249999999995 0.572675 0.41513437499999994 0.569040625 0.4183171875 0.5675874999999999 0.42220625 0.5668609375 0.424328125 0.5661343750000001 0.42574218750000004 0.5646796875 0.42963281249999996 0.5603203125 0.43069375 0.5574125000000001 0.4328140625 0.54941875 0.4349359375 0.541425 0.43670468749999997 0.5225296875 0.43458281249999997 0.5138078125 0.42821718750000004 0.5094484375 0.42008437499999995 0.50799375 0.4066484375 0.5094484375 0.401696875 0.51816875 0.3978078125 0.53415625
3 0.3864921875 0.5813953125 0.3868453125 0.58575625 0.3864921875 0.59084375 0.3864921875 0.60174375 0.387553125 0.6126453125 0.3932109375 0.6206390625 0.4006359375 0.623546875 0.40700156249999997 0.623546875 0.4119515625 0.6191859375 0.4158421875 0.6126453125 0.41973125 0.600290625 0.42008437499999995 0.587209375 0.416903125 0.5777609375 0.41407343750000003 0.5763078125 0.41089062500000006 0.5748546875 0.4094765625 0.5748546875 0.4048796875 0.5719484375 0.40205156249999996 0.5719484375 0.39816093750000003 0.5719484375 0.3960390625 0.5719484375 0.392503125 0.5683140625 0.390028125 0.57049375 0.387553125 0.57558125 0.3864921875 0.5813953125
9 0.238179975 0.6300121453124999 0.2483344625 0.65737183125 0.264347328125 0.6776961984375001 0.27879795625 0.6894217859375 0.2869996578125 0.6737876703125 0.2862185390625 0.662062084375 0.287780775 0.6382200640625 0.29129578437500003 0.6284487578125 0.29355467812499997 0.6158203125 0.2862185390625 0.6034341375000001 0.2717679109375 0.59757134375 0.25263060312499996 0.5971805265625 0.230368825 0.595617078125 0.2245104625 0.6046067078124999 0.238179975 0.6300121453124999
9 0.289342996875 0.41687309843750003 0.3010597203125 0.42078162812500003 0.311604775 0.4106194578125 0.319025371875 0.3918585234375 0.319806475 0.380914653125 0.319806475 0.362935403125 0.319025371875 0.35238238125 0.314729246875 0.34495617031250003 0.30820311562499997 0.3384765625 0.2963730421875 0.3371391125 0.2858279875 0.34534702500000003 0.2799696265625 0.366453078125 0.281531846875 0.3883408421875 0.2838752 0.40671092968749994 0.289342996875 0.41687309843750003
0 0.626602121875 0.6464279687500001 0.6570656171875 0.6362658 0.6972930171875 0.62297678125 0.7109625281249999 0.6159414328125 0.7480654875 0.5963987875 0.7453315968750001 0.5819372281249999 0.7140869999999999 0.5952262328125 0.7037059484375 0.59921875 0.6847951906249999 0.6085152359375 0.6461299953124999 0.6225859640625 0.6246493359375 0.6311847 0.5918425015625 0.6518999156249999 0.592233053125 0.668706571875 0.626602121875 0.6464279687500001
0 0.29794648281249997 0.4595791921875 0.29685973125 0.480243421875 0.2990489 0.4790760875 0.31696493281250004 0.482962396875 0.3316363140625 0.48840035156250006 0.3435907921875 0.47371787187500003 0.3223987765625 0.46936751406250005 0.303380325 0.461210584375 0.29794648281249997 0.4595791921875
0 0.3405990203125 0.5980246140625 0.33321391718750004 0.595750553125 0.317307625 0.5940450171875 0.289914759375 0.5889204546875 0.2917438203125 0.59973015 0.3099224984375 0.6082578484375001 0.32810115624999997 0.61508005625 0.34514366406249997 0.6207651890625 0.3405990203125 0.5980246140625
1 0.473511653125 0.5679878781250001 0.476844421875 0.5742415234375 0.482260134375 0.5654864265625 0.48184354531249995 0.55256223125 0.48395832343749995 0.5469791671875 0.48267675312499997 0.5383872921874999 0.4772610109375 0.5363027437500001 0.4726784765625 0.5450578421875 0.473511653125 0.557565134375 0.473511653125 0.56381878125 0.473511653125 0.5679878781250001
6 0.47226188750000003 0.40247470781250005 0.4772610109375 0.41873419375000004 0.4785108078125 0.42498784062499995 0.48017716093749996 0.43374293750000004 0.48101036875 0.4383289546875 0.4847597265625 0.42040183906250006 0.48642607968749996 0.41081290312499996 0.4830933421875 0.39913943281250003 0.4785108078125 0.39288578749999997 0.47059550312500004 0.3983056109375 0.47226188750000003 0.40247470781250005
0 0.70261044375 0.47156799843749997 0.6909740359375001 0.478769203125 0.6980561953125 0.492944125 0.71263700625 0.4800199296875 0.7338832953125001 0.47251555781250004 0.7488807265624999 0.46417736249999997 0.7442981609375 0.45208697343750004 0.7193024828125 0.4666788140625 0.70261044375 0.47156799843749997
0 0.5393336171875001 0.5246292578125 0.5559974015625 0.52421235625 0.5768271328125001 0.52421235625 0.6080717296875 0.5212939999999999 0.6372333546875 0.5183756125000001 0.6372333546875 0.5046176109375 0.6155704140625 0.5037837875 0.604322371875 0.5054514171875 0.58224284375 0.506702159375 0.568495240625 0.5008654171875 0.5630794984375 0.48043683281250005 0.562662909375 0.4358274875 0.5601633484375 0.4695971859375 0.5455825359375 0.4879412046875 0.536000846875 0.4962794 0.5230864203125 0.5050345140625 0.506006046875 0.5046176109375 0.476427834375 0.5050345140625 0.45270832343749995 0.5053124999999999 0.4593474296875 0.522544709375 0.473511653125 0.522544709375 0.50475625 0.52504619375 0.518087296875 0.5258800015625 0.5393336171875001 0.5246292578125
