7 0.3793942625 0.3722355296875 0.3755249890625 0.3720765625 0.37270625 0.44068125 0.3765755234375 0.4408402171875 0.3793942625 0.3722355296875
7 0.40081378437500004 0.4618449421875 0.40550278593750005 0.46170893749999997 0.40300101875000005 0.3754615796875 0.39831206875 0.3755975828125 0.40081378437500004 0.4618449421875
7 0.4038177515625 0.44861749531250006 0.40948692343750004 0.44879775000000005 0.41132656250000005 0.3909421875 0.40565743281250005 0.3907619328125 0.4038177515625 0.44861749531250006
7 0.3849408921875 0.38069244687500003 0.3809689890625 0.38045252343749997 0.3777796875 0.43324843749999997 0.3817515921875 0.4334883609375 0.3849408921875 0.38069244687500003
7 0.7692504109375 0.7443154390625 0.7740108765625 0.7416446765625 0.748209375 0.6956625 0.7434489531249999 0.698333246875 0.7692504109375 0.7443154390625
7 0.73286828125 0.76995333125 0.743708475 0.766154853125 0.7172 0.6905171875 0.7063599843749999 0.6943156328125 0.73286828125 0.76995333125
1 0.42636808750000005 0.6471172453125 0.4126071984375 0.6460465265625001 0.4089045390625 0.6936267546875 0.422665428125 0.6946974671875 0.42636808750000005 0.6471172453125
3 0.41932234062499996 0.6216927140624999 0.3767387640625 0.614494384375 0.364358425 0.6877242828125001 0.4069419890625 0.6949225593749999 0.41932234062499996 0.6216927140624999
7 0.3920286359375 0.6789673640625 0.3811545125 0.6778190921875 0.36809081093749996 0.8015126312499999 0.3789649328125 0.8026608859375 0.3920286359375 0.6789673640625
1 0.3505092140625 0.6630631874999999 0.3652268171875 0.6662651484375 0.374389996875 0.6241523328125 0.359672515625 0.6209503859375001 0.3505092140625 0.6630631874999999
3 0.327221990625 0.5896274328125 0.3003587796875 0.6227392515625 0.34652822968749997 0.6601912999999999 0.373391240625 0.62707966875 0.327221990625 0.5896274328125
5 0.7036332734374999 0.6281933921875 0.65921699375 0.6246687859375 0.65277043125 0.705896146875 0.69718670625 0.709420725 0.7036332734374999 0.6281933921875
5 0.27228186718749997 0.64952613125 0.313887996875 0.6560518265625 0.32366071406249997 0.59375 0.282055078125 0.58722434375 0.27228186718749997 0.64952613125
8 0.7600090484375001 0.7200089125 0.8133600484375 0.7034976562499999 0.7808810312500001 0.5985680062500001 0.7275311296875 0.6150790796875001 0.7600090484375001 0.7200089125
