2 0.3256070671875 0.5726954359375 0.3583253265625 0.5743942609375 0.3622811734375 0.498210875 0.32956331875 0.496512059375 0.3256070671875 0.5726954359375
2 0.355818609375 0.592778490625 0.387641271875 0.59466373125 0.39205101249999996 0.520231634375 0.3602287515625 0.51834640625 0.355818609375 0.592778490625
7 0.376470903125 0.385392275 0.370582746875 0.384169325 0.3471890625 0.49679687499999997 0.353077215625 0.49801981562500003 0.376470903125 0.385392275
7 0.37789681875 0.5227092546875001 0.3858109375 0.5236671875 0.40234299375000004 0.3870939484375 0.39442902812499997 0.386136025 0.37789681875 0.5227092546875001
3 0.6762247078125 0.5651276796875 0.659811325 0.512504225 0.622858634375 0.52402889375 0.6392718187499999 0.5766521796874999 0.6762247078125 0.5651276796875
3 0.6987375578125 0.6173560015625 0.738076071875 0.6005223328125 0.702834771875 0.518176125 0.6634967984375 0.5350096625 0.6987375578125 0.6173560015625
7 0.728818784375 0.5681506984375 0.719260721875 0.5766117859375 0.7776669890625 0.6425829890625 0.7872249859375 0.6341219703125 0.728818784375 0.5681506984375
7 0.7654541046875 0.664604390625 0.7756344578125 0.6553293390625 0.72495 0.5997046874999999 0.71476973125 0.608979671875 0.7654541046875 0.664604390625
1 0.42448113125000003 0.64705001875 0.4013442546875 0.636555353125 0.377475021875 0.6891712796875 0.4006118625 0.699665884375 0.42448113125000003 0.64705001875
3 0.31371194375 0.6551240328125 0.3436446609375 0.6608978890625 0.355002690625 0.60202224375 0.3250703078125 0.5962484203125 0.31371194375 0.6551240328125
1 0.61928375625 0.5238825609375 0.626758965625 0.5249503625 0.6297878859375 0.5037478625 0.6223127015625 0.5026800625 0.61928375625 0.5238825609375
5 0.7383109515624999 0.638190396875 0.6754256421875 0.5703119671875 0.5757314984375 0.662661440625 0.638615859375 0.7305389484375 0.7383109515624999 0.638190396875
5 0.27487851406249997 0.4001953359375 0.229830090625 0.440735575 0.32599394375 0.5475855640625 0.371041959375 0.5070457453125 0.27487851406249997 0.4001953359375
5 0.6468339890625 0.4975190234375 0.6818181812499999 0.5340909093749999 0.743080575 0.4754921078125 0.7080965906250001 0.43892045468749996 0.6468339890625 0.4975190234375
