7 0.40599999999999997 0.44480000000000003 0.4056 0.43520000000000003 0.4048 0.4264 0.404 0.4208 0.4032 0.42000000000000004 0.4016 0.4192 0.3988 0.4208 0.3972 0.4232 0.394 0.42800000000000005 0.39239999999999997 0.43600000000000005 0.3912 0.44720000000000004 0.3888 0.46159999999999995 0.388 0.4728 0.3872 0.4848 0.38639999999999997 0.4968 0.386 0.5056 0.3848 0.5152 0.38639999999999997 0.5176000000000001 0.39239999999999997 0.5192 0.398 0.5216000000000001 0.4016 0.524 0.40519999999999995 0.5264 0.40759999999999996 0.5192 0.40759999999999996 0.512 0.4072 0.5008 0.40679999999999994 0.49119999999999997 0.4072 0.484 0.4072 0.476 0.40679999999999994 0.46399999999999997 0.4064 0.45359999999999995 0.40599999999999997 0.44480000000000003
7 0.4272 0.43360000000000004 0.42560000000000003 0.42560000000000003 0.4244 0.4192 0.4224 0.4176 0.4208 0.41600000000000004 0.41719999999999996 0.4184 0.41600000000000004 0.4272 0.4144 0.44160000000000005 0.4128 0.45519999999999994 0.41 0.4728 0.4084 0.4848 0.4072 0.5008 0.4072 0.5144 0.4072 0.5224 0.4072 0.532 0.4084 0.5408000000000001 0.41159999999999997 0.5384 0.4164 0.5368 0.4204 0.5384 0.42560000000000003 0.5368 0.4284 0.5288 0.42960000000000004 0.512 0.42919999999999997 0.5008 0.42919999999999997 0.4864 0.4284 0.46959999999999996 0.42800000000000005 0.4568 0.4272 0.4464 0.4272 0.43360000000000004
7 0.49960000000000004 0.5112 0.4984 0.5008 0.49640000000000006 0.4904 0.4944 0.4784 0.492 0.4704 0.49000000000000005 0.46399999999999997 0.48719999999999997 0.46399999999999997 0.4856 0.46719999999999995 0.4848 0.46959999999999996 0.4828 0.48319999999999996 0.4816 0.4976 0.4808 0.5072 0.48 0.5304 0.4796 0.5384 0.47919999999999996 0.5496000000000001 0.47919999999999996 0.5599999999999999 0.47919999999999996 0.5671999999999999 0.4796 0.5711999999999999 0.48200000000000004 0.5704 0.48600000000000004 0.5704 0.4896 0.572 0.49400000000000005 0.5744 0.49640000000000006 0.5776 0.4984 0.5784 0.5004 0.5736 0.5008 0.5631999999999999 0.5008 0.5544 0.5012 0.5416000000000001 0.5008 0.5288 0.49960000000000004 0.5112
7 0.6224000000000001 0.44320000000000004 0.6204 0.43600000000000005 0.6176 0.4328 0.6155999999999999 0.43200000000000005 0.6115999999999999 0.4344 0.6088 0.44160000000000005 0.6072 0.44960000000000006 0.6056 0.4648 0.6056 0.476 0.6048 0.492 0.6048 0.5096 0.6043999999999999 0.5248 0.6035999999999999 0.5416000000000001 0.602 0.5511999999999999 0.606 0.5416000000000001 0.6136 0.536 0.6195999999999999 0.5384 0.6228 0.5416000000000001 0.626 0.5408000000000001 0.626 0.5264 0.6256 0.5144 0.6256 0.5016 0.6252 0.4896 0.6244 0.4768 0.6248 0.46399999999999997 0.6232 0.45119999999999993 0.6224000000000001 0.44320000000000004
7 0.6944 0.7296 0.6972 0.7232000000000001 0.696 0.7128 0.6900000000000001 0.6856 0.688 0.6792 0.6824 0.6648 0.6788000000000001 0.6567999999999999 0.6756 0.648 0.674 0.632 0.6724 0.6168 0.6719999999999999 0.612 0.6676 0.612 0.6604 0.6224000000000001 0.658 0.628 0.648 0.6352 0.6408 0.64 0.6368 0.6416000000000001 0.6352 0.6432 0.6288 0.6464000000000001 0.6336 0.6544 0.6384000000000001 0.6672 0.6452 0.6848 0.6492 0.6992 0.6532 0.716 0.6576 0.7304 0.6607999999999999 0.7424000000000001 0.6664 0.7496 0.6728 0.7488 0.674 0.7416 0.6732 0.732 0.6708000000000001 0.7208 0.6676 0.7096 0.6632 0.6944 0.6632 0.6864 0.6664 0.6856 0.6724 0.6896 0.678 0.7048 0.6824 0.7168 0.686 0.7224 0.6916 0.7296 0.6944 0.7296
2 0.3856 0.5192 0.3832 0.5256000000000001 0.3832 0.5352 0.3816 0.544 0.3812 0.5504 0.38 0.5599999999999999 0.3848 0.5696 0.3868 0.576 0.3896 0.58 0.3964 0.5784 0.4008 0.5744 0.40679999999999994 0.5664 0.4096 0.5559999999999999 0.41079999999999994 0.5456000000000001 0.4112 0.5392 0.4088 0.5336000000000001 0.40599999999999997 0.5288 0.4016 0.5256000000000001 0.398 0.524 0.3932 0.5216000000000001 0.3876 0.5192 0.3856 0.5192
2 0.4088 0.5424 0.4064 0.5464 0.4032 0.5551999999999999 0.4032 0.5664 0.40359999999999996 0.5736 0.40599999999999997 0.5824 0.40759999999999996 0.5896 0.41159999999999997 0.5952 0.41600000000000004 0.5968 0.42119999999999996 0.596 0.426 0.5864 0.42960000000000004 0.5816 0.4312 0.58 0.43520000000000003 0.5671999999999999 0.4356 0.5576 0.4364 0.5472 0.43520000000000003 0.5384 0.43360000000000004 0.5328 0.42960000000000004 0.5296000000000001 0.4204 0.5312 0.4176 0.5344 0.41479999999999995 0.5384 0.4088 0.5424
3 0.354 0.5904 0.3524 0.5992 0.3536 0.6136 0.3532 0.6168 0.3612 0.6272 0.3708 0.632 0.37679999999999997 0.6416000000000001 0.3812 0.6472 0.386 0.6504 0.39239999999999997 0.644 0.3956 0.6408 0.3972 0.6264000000000001 0.4008 0.6144000000000001 0.4008 0.6064 0.3992 0.6 0.3908 0.5976 0.388 0.5976 0.384 0.5888 0.37679999999999997 0.5831999999999999 0.3724 0.5808 0.3632 0.5831999999999999 0.36 0.5871999999999999 0.354 0.5904
2 0.6035999999999999 0.5424 0.6024 0.544 0.6003999999999999 0.5528 0.5996 0.5591999999999999 0.5992 0.564 0.6003999999999999 0.576 0.6028 0.5864 0.6056 0.592 0.6108 0.5984 0.6164 0.6008 0.6208 0.6008 0.6232 0.5936 0.6272 0.5888 0.6304000000000001 0.5808 0.6312 0.5728 0.63 0.5591999999999999 0.6288 0.5488000000000001 0.628 0.5416000000000001 0.6268 0.5368 0.6212 0.5352 0.614 0.536 0.6104 0.5392 0.6035999999999999 0.5424
2 0.6212 0.632 0.6272 0.6432 0.6315999999999999 0.648 0.6392 0.648 0.6408 0.6456000000000001 0.6456000000000001 0.6408 0.6492 0.6368 0.6544 0.632 0.6588 0.6264000000000001 0.6656 0.6248 0.67 0.6184000000000001 0.6724 0.6112 0.6712 0.6024 0.6679999999999999 0.5928 0.6648 0.5848 0.6607999999999999 0.58 0.6508 0.588 0.6456000000000001 0.5896 0.64 0.5944 0.6344000000000001 0.6008 0.6288 0.6048 0.624 0.6096 0.6208 0.6192 0.6212 0.632
2 0.4808 0.5696 0.4784 0.5728 0.4756 0.5816 0.4748 0.5888 0.4756 0.6008 0.476 0.6128 0.48030209687500003 0.6173137875 0.48639150468750003 0.623403196875 0.49286150156249997 0.627970253125 0.4989509109375 0.6253061375 0.500092675 0.6226420203125 0.49971208593750005 0.6161720234375 0.5012344390625 0.6157914359375 0.5012344390625 0.6093214390624999 0.5026682234375001 0.604159809375 0.502 0.5928 0.5008 0.5856 0.5 0.5768 0.49640000000000006 0.5728 0.49400000000000005 0.5704 0.4904 0.5704 0.4868 0.5696 0.4808 0.5696
9 0.694953746875 0.46888445624999997 0.7002819796875001 0.471548571875 0.7231172609375001 0.44300446875 0.7238784359375 0.42435565625000005 0.7185502046875001 0.39733390625 0.708654915625 0.3843939125 0.7048490359375 0.37449862343749996 0.70218491875 0.364222746875 0.70142374375 0.3524245171875 0.7048490359375 0.34443216875 0.7006625671875 0.3360592328125 0.686580809375 0.3524245171875 0.6835361046874999 0.3703121546875 0.6804914015625 0.4026621375 0.68391669375 0.430825653125 0.694953746875 0.46888445624999997
3 0.663745528125 0.5450020624999999 0.664126115625 0.5370097125 0.6610814125 0.530159128125 0.65346965 0.529778540625 0.6443355375 0.5286367765625 0.641290834375 0.5290173640625 0.6287314296875001 0.54119618125 0.6294926046875 0.5552779375 0.6332984859375 0.5685985203125 0.6454773015625 0.5693596953125 0.65689494375 0.556419703125 0.663745528125 0.5450020624999999
3 0.6058961468749999 0.6024708546875 0.606276734375 0.5910532125 0.6028514421875 0.5754491046875 0.6001873265625 0.560986759375 0.6001873265625 0.5488079421875 0.5910532140625 0.5522332343749999 0.588008509375 0.5685985203125 0.58534439375 0.5822996890625001 0.587627921875 0.5952396828125 0.59447850625 0.601329090625 0.6058961468749999 0.6024708546875
3 0.3676480390625 0.5545167625 0.3756403875 0.556800290625 0.37944626875 0.5488079421875 0.3790656796875 0.5389126531249999 0.3756403875 0.530159128125 0.37449862343749996 0.524830896875 0.3680286265625 0.5179803125 0.35927510156250003 0.5149356078125 0.3501409890625 0.5172191359375 0.3406262890625 0.52292795625 0.34405158125 0.5415767687499999 0.3474768734375 0.547285590625 0.355088634375 0.5514720578125 0.3676480390625 0.5545167625
1 0.382490971875 0.5202638390625001 0.3832521484375 0.50542090625 0.3832521484375 0.5035179671875001 0.3813492078125 0.5004732625 0.3748792125 0.5088461984375 0.3737374484375 0.5156967828125001 0.37449862343749996 0.5214056031250001 0.377162740625 0.5286367765625 0.38058803281250003 0.5271144234375 0.382490971875 0.5202638390625001
3 0.32273865156250003 0.5902920375 0.3318727640625 0.5963814468749999 0.3501409890625 0.5956202703125 0.3501409890625 0.5845832171875001 0.3451933453125 0.57697145625 0.3212162984375 0.55870323125 0.32159688750000004 0.5598449953125 0.31322395 0.565553815625 0.3128433625 0.5693596953125 0.315888065625 0.579635571875 0.32273865156250003 0.5902920375
3 0.4201691875 0.6519472984375 0.42778094843750003 0.6519472984375 0.42816153593750006 0.632156721875 0.42435565625000005 0.6230226078125 0.41560213125 0.618455553125 0.4011397859375 0.6138884953125 0.39809508125000004 0.627970253125 0.399998021875 0.6359626015625001 0.4041844890625 0.6401490703125 0.41255742656249994 0.6473802421875 0.4201691875 0.6519472984375
3 0.4369150609375 0.632917896875 0.429436759375 0.6308239718750001 0.42587800781249996 0.6405296578125 0.42435565625000005 0.6515667109375001 0.431206240625 0.664506703125 0.44110152812500003 0.6713572875 0.4471909375 0.6599396468750001 0.4460491734375 0.6447161265625 0.44110152812500003 0.6378655421875 0.4369150609375 0.632917896875
9 0.307944765625 0.6158895328125 0.307944765625 0.5980923734375 0.3052482265625 0.5835310625 0.3020123796875 0.573823521875 0.298237225 0.563037365625 0.292844146875 0.5425436671874999 0.2847545296875 0.5447008984374999 0.2782828359375 0.548476053125 0.26156429375 0.5554870562499999 0.2486209046875 0.5603408265625001 0.236216825 0.5765200609375001 0.2405312875 0.6013282203125 0.23729544218749998 0.620743303125 0.24268851875 0.6282936125 0.27720422031249997 0.6299115343749999 0.2933834546875 0.6331473828124999 0.307944765625 0.6158895328125
6 0.2793614515625 0.6795278546875 0.284215221875 0.6638879281250001 0.286372453125 0.6439335374999999 0.28313660625 0.6353046124999999 0.2664180640625 0.629372228125 0.2696539109375 0.627214996875 0.25293536875 0.6304508421875 0.2518567515625 0.6390797671875 0.2507781375 0.6466300781250001 0.254013984375 0.6557983109375 0.261024984375 0.6719775453125 0.2793614515625 0.6795278546875
