2 0.381357921875 0.43375783749999997 0.337443028125 0.431383915625 0.33377274218749997 0.49927574999999996 0.3776876359375 0.5016496609375001 0.381357921875 0.43375783749999997
2 0.6362236296875 0.5077400546875 0.6815126921875 0.4989113234375 0.6695151703125 0.43737246562500004 0.6242265015624999 0.44620115625 0.6362236296875 0.5077400546875
2 0.7212245578125 0.431622971875 0.67374729375 0.43434043750000007 0.6769111453125001 0.48961311093750004 0.724388409375 0.4868956546875 0.7212245578125 0.431622971875
9 0.7352590593749999 0.2114982640625 0.692896421875 0.212808415625 0.6983791265625 0.39008269375000004 0.7407417640625 0.3887725515625 0.7352590593749999 0.2114982640625
9 0.7760359234374999 0.5379594953125 0.6920862203125 0.535064984375 0.6884870546874999 0.639441353125 0.7724367562500001 0.6423358390625 0.7760359234374999 0.5379594953125
9 0.22391703125 0.5479867625 0.2386780515625 0.6419140484375 0.31159353749999996 0.6304558 0.29683201718749996 0.536529134375 0.22391703125 0.5479867625
9 0.32277371875 0.2288259609375 0.2868204296875 0.22860740625 0.28585924375 0.38672262812499997 0.3218125328125 0.38694118125 0.32277371875 0.2288259609375
7 0.6545316390625 0.33523398437499996 0.646634615625 0.3353365390625 0.6478365328125 0.427884615625 0.65573355625 0.42778206250000006 0.6545316390625 0.33523398437499996
7 0.6689857921875 0.34260539843750004 0.6635398734375 0.34216974375000003 0.6581436453125 0.40962265625 0.6635895656249999 0.410058309375 0.6689857921875 0.34260539843750004
7 0.6928012390625 0.4043731109375 0.69740763125 0.40310243437500004 0.6771674515624999 0.3297320203125 0.672561096875 0.331002690625 0.6928012390625 0.4043731109375
