3 0.380635203125 0.587611378125 0.3262517453125 0.5787770984375 0.314466828125 0.6513164015624999 0.3688502703125 0.6601506203125 0.380635203125 0.587611378125
3 0.4080576296875 0.4928850921875 0.3632975984375 0.4924891484375 0.3626263171875 0.5683689171874999 0.4073863484375 0.5687648578125 0.4080576296875 0.4928850921875
2 0.490828125 0.5205578125 0.4724859375 0.5205578125 0.4724859375 0.594425 0.490828125 0.594425 0.490828125 0.5205578125
2 0.51069206875 0.5205708953125 0.48944847343750003 0.5214716640625 0.49265132031250003 0.5970000734375 0.513894915625 0.5960993109375 0.51069206875 0.5205708953125
2 0.535075196875 0.53200418125 0.5126346734375 0.5301815999999999 0.5073733578125 0.5949554234375001 0.5298138796874999 0.59677799375 0.535075196875 0.53200418125
3 0.6555704140625 0.5658531703125 0.655570278125 0.49965150625000004 0.6137906671875 0.49965164375000004 0.6137905781249999 0.5658530828125 0.6555704140625 0.5658531703125
9 0.23340983906249999 0.711115359375 0.30416268125 0.7152784453125001 0.31112780624999997 0.5969031171875 0.24037659374999998 0.5927400781250001 0.23340983906249999 0.711115359375
7 0.51821159375 0.49861725312500005 0.5208333328125 0.4986979171875 0.52343750625 0.4140625 0.520815796875 0.4139818359375 0.51821159375 0.49861725312500005
7 0.5442708328125 0.4283854171875 0.5390625 0.4283854171875 0.5390625 0.515625 0.5442708328125 0.515625 0.5442708328125 0.4283854171875
7 0.5010854515625 0.5169361078125 0.50314353125 0.5168503609374999 0.5 0.44140625 0.49794194375 0.44149199687499996 0.5010854515625 0.5169361078125
