2 0.400668890625 0.5447939749999999 0.365785875 0.543965428125 0.3643133234375 0.6059558484374999 0.3991963390625 0.606784390625 0.400668890625 0.5447939749999999
3 0.4696771578125 0.5500382984375001 0.45083632968750004 0.5545856296875 0.4621565828125 0.6014838499999999 0.4809974046875 0.5969365390625 0.4696771578125 0.5500382984375001
3 0.42840507499999997 0.583833334375 0.4046962734375 0.568424209375 0.387023915625 0.5956124609375 0.41073268125 0.611021540625 0.42840507499999997 0.583833334375
3 0.3160922109375 0.5319293703125 0.2975388 0.534155578125 0.300545071875 0.5592078578125 0.3190984828125 0.5569816546874999 0.3160922109375 0.5319293703125
3 0.321413740625 0.572022728125 0.36397941875 0.5822375156249999 0.3736962875 0.5417499125 0.3311308953125 0.5315351609375 0.321413740625 0.572022728125
3 0.3529293546875 0.595197115625 0.3299645875 0.6261072859375 0.3680120671875 0.6543712015625001 0.3909766796875 0.6234611703125 0.3529293546875 0.595197115625
3 0.4200362796875 0.6609136578125 0.4418663609375 0.672203590625 0.45220708125 0.6522114375 0.43037708124999996 0.6409215296874999 0.4200362796875 0.6609136578125
3 0.6164001703124999 0.628754103125 0.5964352546875 0.633411984375 0.6035660796875 0.6639727359375 0.6235309906250001 0.65931486875 0.6164001703124999 0.628754103125
3 0.6314008734375001 0.6547875046875 0.6755548234375001 0.6400712765625001 0.6645164125 0.6069565906250001 0.620362734375 0.62167276875 0.6314008734375001 0.6547875046875
3 0.5899690734374999 0.5988469265624999 0.6142595703125 0.6013252921875 0.6174310046875 0.5702446 0.5931406421875 0.5677662406249999 0.5899690734374999 0.5988469265624999
3 0.612044084375 0.5998416484375 0.6371597203125 0.6041714796875 0.6453341421875 0.5567591671875001 0.6202187140625 0.5524293546875 0.612044084375 0.5998416484375
3 0.6332529578125 0.5607327765625 0.6379596875 0.592108465625 0.6736240312499999 0.5867588140625 0.6689172203125 0.555383225 0.6332529578125 0.5607327765625
3 0.7006417359375 0.534606225 0.67989648125 0.536911040625 0.682441228125 0.5598137984375 0.70318648125 0.5575089859375 0.7006417359375 0.534606225
9 0.7008485703125 0.48584296718750003 0.7519550859375 0.472581775 0.7153237578125 0.33141949375 0.6642180890625 0.34468057343749997 0.7008485703125 0.48584296718750003
7 0.3781321546875 0.5419234453125 0.3874238921875 0.542387996875 0.39212663281250004 0.4483322921875 0.3828350265625 0.44786774375 0.3781321546875 0.5419234453125
