3 0.3444125 0.5617734375000001 0.339815625 0.56540625 0.33592656249999997 0.572675 0.3355734375 0.5850296875 0.3345125 0.592296875 0.3345125 0.600290625 0.3408765625 0.614825 0.34865625 0.6206390625 0.3592640625 0.6271796875 0.364921875 0.6271796875 0.37270156249999997 0.6271796875 0.37977343750000003 0.623546875 0.38401718749999997 0.6140984375 0.3893203125 0.6061046875 0.39038125 0.5930234375000001 0.38790625 0.5763078125 0.3868453125 0.569040625 0.38048125 0.569040625 0.37729843750000003 0.57049375 0.37199375 0.57049375 0.36739687499999996 0.5661343750000001 0.3631546875 0.5588656249999999 0.355021875 0.5588656249999999 0.34971718749999997 0.5617734375000001 0.346534375 0.5617734375000001 0.3444125 0.5617734375000001
3 0.43776562500000005 0.6468015625 0.4434234375 0.6438953125 0.4466046875 0.6257265624999999 0.44306875 0.6090109375 0.4420078125 0.5995640625 0.43776562500000005 0.59084375 0.42645 0.587209375 0.42114531250000004 0.587209375 0.41301249999999995 0.5995640625 0.4119515625 0.6213656249999999 0.41230625 0.6293609375 0.419378125 0.6424421875 0.4250359375 0.649709375 0.428925 0.649709375 0.4314 0.6475296875 0.43776562500000005 0.6468015625
3 0.62800625 0.6177328125 0.6294203125 0.603925 0.6272984375 0.5879359375 0.6216406250000001 0.579215625 0.6156296875 0.579215625 0.60785 0.5799421875 0.6025453125 0.583575 0.600425 0.5843015625 0.599009375 0.5944765624999999 0.59865625 0.60683125 0.6007781249999999 0.625 0.607496875 0.6308140625 0.6149218750000001 0.6308140625 0.6209328125 0.6308140625 0.6244703125 0.625 0.62800625 0.6177328125
3 0.6343703125 0.6206390625 0.6439171875 0.623546875 0.6527578125 0.6213656249999999 0.6605375 0.6199125000000001 0.6693781249999999 0.6111921875 0.673975 0.605378125 0.6757421875 0.58575625 0.6711453125 0.56540625 0.6683171875 0.5581390625 0.6605375 0.5574125000000001 0.6580625 0.5574125000000001 0.6516968750000001 0.5661343750000001 0.6474546875 0.5697671875 0.639675 0.5697671875 0.633309375 0.572675 0.630834375 0.579215625 0.6262375 0.5850296875 0.6262375 0.600290625 0.62800625 0.610465625 0.6343703125 0.6206390625
3 0.690240625 0.6031984375 0.6987265625 0.6031984375 0.7103953125 0.600290625 0.7185296875 0.5959296875 0.722065625 0.59084375 0.724540625 0.57049375 0.7231265625 0.5552328125 0.7185296875 0.54433125 0.7139328125 0.5399703125 0.7072140625000001 0.5363374999999999 0.6987265625 0.5363374999999999 0.6955453125 0.5406984375 0.6909484375 0.5472390625 0.678571875 0.5537796875 0.673975 0.5668609375 0.67220625 0.577034375 0.673975 0.5886625000000001 0.679278125 0.5995640625 0.690240625 0.6031984375
3 0.392503125 0.532703125 0.394978125 0.552325 0.399575 0.56540625 0.4073546875 0.572675 0.41018437499999993 0.57049375 0.41478125 0.5625 0.41902343750000004 0.55450625 0.4215 0.547965625 0.4250359375 0.5436046875 0.42821718750000004 0.53415625 0.42821718750000004 0.5174421875 0.426096875 0.5 0.424328125 0.488371875 0.42008437499999995 0.48328437500000004 0.41725625 0.48328437500000004 0.40770937500000004 0.4847390625 0.399575 0.4956390625 0.3960390625 0.5043609375 0.394271875 0.51816875 0.392503125 0.532703125
3 0.37022656249999997 0.5552328125 0.3769453125 0.5581390625 0.37977343750000003 0.5574125000000001 0.38189531250000003 0.5552328125 0.38437031250000003 0.552325 0.3889671875 0.5486921875 0.3932109375 0.5501453125 0.3978078125 0.5436046875 0.4002828125 0.537790625 0.401696875 0.51816875 0.39816093750000003 0.506540625 0.3932109375 0.489825 0.38543125 0.489825 0.3748234375 0.4905515625 0.3684578125 0.49927343750000003 0.364921875 0.519621875 0.36456875 0.5319765624999999 0.364921875 0.5450578125 0.37022656249999997 0.5552328125
3 0.325671875 0.49782031250000003 0.325671875 0.5123546875 0.32531875 0.52834375 0.3320375 0.54433125 0.3362796875 0.5450578125 0.34370625 0.5399703125 0.34971718749999997 0.5465109375 0.3539609375 0.547965625 0.3585578125 0.542878125 0.36209375 0.5399703125 0.36633593750000004 0.53415625 0.369165625 0.5319765624999999 0.3751765625 0.52325625 0.3737625 0.496365625 0.371640625 0.48183125000000004 0.36810468749999997 0.46875 0.36421562500000004 0.46002968749999995 0.3567890625 0.45784843750000004 0.34618125 0.46366250000000003 0.3341578125 0.46875 0.3267328125 0.47965156249999996 0.325671875 0.49782031250000003
7 0.6669031249999999 0.35683125000000004 0.6626593749999999 0.360465625 0.6601843749999999 0.3590109375 0.6555875 0.35755781249999996 0.6506359374999999 0.3640984375 0.6492218750000001 0.373546875 0.6481609374999999 0.38299375 0.6456859374999999 0.39825625 0.6439171875 0.40552343750000003 0.644271875 0.41933125000000004 0.6432109374999999 0.43967968749999997 0.6382609375 0.46584375 0.6386140625000001 0.47383749999999997 0.6474546875 0.46657031250000003 0.6516968750000001 0.46220937500000003 0.6541718750000001 0.46002968749999995 0.6598296875 0.4614828125 0.6644265625 0.4629359375 0.670084375 0.4629359375 0.6715 0.465115625 0.6753890625000001 0.47383749999999997 0.6775109375 0.4745640625 0.6778640625000001 0.465115625 0.68069375 0.44985468749999996 0.6842296875 0.433865625 0.6870578125 0.41497031250000005 0.6870578125 0.38808125000000004 0.6828140625 0.375 0.6782171875 0.36700625 0.674328125 0.36700625 0.67220625 0.363371875 0.6707921875 0.3590109375 0.6669031249999999 0.35683125000000004
4 0.49583333281249997 0.353125 0.484375 0.353125 0.48125 0.44895833281249997 0.49791666718750005 0.4479166671875 0.49583333281249997 0.353125
5 0.509375 0.559375 0.5114583328125 0.484375 0.478125 0.490625 0.478125 0.55625 0.509375 0.559375
9 0.7291666671875 0.65625 0.7510416671875 0.65 0.7875 0.5635416671875 0.7270833328124999 0.553125 0.7291666671875 0.65625
0 0.725 0.5802083328125 0.6166666671875001 0.6458333328125 0.584375 0.6510416671875 0.5333333328125 0.659375 0.446875 0.6489583328124999 0.3385416671875 0.6166666671875001 0.2947916671875 0.6020833328124999 0.375 0.6385416671875 0.46875 0.6666666671875 0.5260416671875 0.6677083328125 0.6114583328125 0.6552083328125 0.725 0.5947916671875 0.725 0.5802083328125
0 0.6177083328124999 0.484375 0.7322916671875 0.45 0.7322916671875 0.43854166718750004 0.6583333328125 0.47083333281249995 0.5833333328125 0.48125 0.49375 0.48854166718750003 0.3604166671875 0.4791666671875 0.2708333328125 0.42604166718750003 0.35208333281250004 0.478125 0.4291666671875 0.49375 0.4791666671875 0.5 0.5510416671875 0.49375 0.6177083328124999 0.484375
