1 0.3580676578125 0.5101708546875 0.36835945937500003 0.5110072890625 0.3699578203125 0.4913417953125 0.3596660484375 0.4905053625 0.3580676578125 0.5101708546875
2 0.5656750453125 0.551850775 0.5645684796875 0.4629188328125 0.4552539203125 0.46427885 0.456359721875 0.5532100359375 0.5656750453125 0.551850775
1 0.6645099296875 0.5037246609375 0.67900571875 0.5052393671875001 0.68358804375 0.4613890921875 0.6690923484375 0.45987439218750004 0.6645099296875 0.5037246609375
3 0.398824853125 0.5344374000000001 0.3447283953125 0.5309240265625 0.3404156921875 0.5973217656250001 0.3945121484375 0.60083511875 0.398824853125 0.5344374000000001
6 0.3612551453125 0.729364484375 0.388379475 0.720800225 0.3799404421875 0.6940769109375 0.35281626718750003 0.70264114375 0.3612551453125 0.729364484375
3 0.3910857828125 0.573816703125 0.40874888593750003 0.58420574375 0.4209248109375 0.56350663125 0.4032617640625 0.5531176125 0.3910857828125 0.573816703125
6 0.355010796875 0.627212878125 0.3344108703125 0.6124013328125 0.302808284375 0.6563488828125 0.3234081453125 0.67116035 0.355010796875 0.627212878125
3 0.44237302500000003 0.5619850484375 0.41859009687500004 0.5696287812499999 0.42594822343749994 0.592520746875 0.44973114374999995 0.5848770296875 0.44237302500000003 0.5619850484375
3 0.30250385625 0.48699784687500003 0.323241840625 0.47737011718750005 0.306448690625 0.44120045 0.28571080625 0.4508281515625 0.30250385625 0.48699784687500003
3 0.3711412828125 0.5303984140625 0.3900595546875 0.5303984140625 0.390059509375 0.49944130781249996 0.37114133125 0.49944130781249996 0.3711412828125 0.5303984140625
3 0.42625962968750003 0.49834985156249995 0.3996493953125 0.5015008046875 0.40438730312500004 0.541509853125 0.43099753593749995 0.5383589109375 0.42625962968750003 0.49834985156249995
3 0.59138326875 0.567021771875 0.5716379875 0.5725060078124999 0.5766546234375001 0.5905659109375 0.5963999 0.585081684375 0.59138326875 0.567021771875
3 0.6709265171875 0.5685079671875 0.6583728875 0.5350349875 0.6158145390625 0.55099446875 0.6283680171875 0.5844673203124999 0.6709265171875 0.5685079671875
3 0.6555846046875 0.5430301296875 0.672928790625 0.5590387515625 0.7047893562499999 0.52452305625 0.6874452421874999 0.5085144953125 0.6555846046875 0.5430301296875
9 0.234888028125 0.390089225 0.28858767812499997 0.4091817421875 0.33318177968749996 0.2837602671875 0.2794828265625 0.26466788750000003 0.234888028125 0.390089225
8 0.2887082796875 0.638359075 0.308753521875 0.640752278125 0.3180261765625 0.56309315 0.2979812171875 0.5606999640625 0.2887082796875 0.638359075
8 0.3535064625 0.521950634375 0.3321133265625 0.5171121796875 0.302566775 0.6477388390625001 0.32395989062499997 0.6525772375 0.3535064625 0.521950634375
