2 0.3116921875 0.5573546875 0.307234375 0.564915625 0.3065484375 0.5775171875 0.3068921875 0.5920093750000001 0.30860625 0.6008296875 0.3127203125 0.6077609374999999 0.3202640625 0.619103125 0.32334999999999997 0.6329640624999999 0.33055 0.6367453125 0.33809374999999997 0.6298140625 0.34495156250000003 0.6235125 0.3497515625 0.6159515625 0.35455312499999997 0.6077609374999999 0.3590109375 0.5995703125 0.36312500000000003 0.588859375 0.365525 0.5775171875 0.3590109375 0.563025 0.35009531250000003 0.5623953125 0.3425515625 0.5623953125 0.3353515625 0.5592453125 0.32849375 0.559875 0.3192359375 0.5560953125 0.3116921875 0.5573546875
2 0.257859375 0.5371921875 0.2544296875 0.5523140625 0.253059375 0.5718468750000001 0.2585453125 0.5781468750000001 0.263003125 0.5806671875 0.269175 0.581928125 0.2794609375 0.5875984375 0.285975 0.5913796875 0.2962625 0.5995703125 0.3017484375 0.5970500000000001 0.30792031249999996 0.59326875 0.31100625000000004 0.5825578124999999 0.312034375 0.568065625 0.3103203125 0.5542046875 0.3055203125 0.5397125 0.2983203125 0.5371921875 0.29351875 0.534671875 0.285975 0.5271109375 0.27603125 0.524590625 0.2684890625 0.5252203125 0.26368749999999996 0.5277406250000001 0.257859375 0.5371921875
1 0.3295703125 0.48581250000000004 0.3288671875 0.4776359375 0.3274625 0.46945781249999996 0.3255890625 0.47591406249999996 0.323715625 0.4836609375 0.32254375 0.4922671875 0.326759375 0.4922671875 0.3293359375 0.4922671875 0.3295703125 0.48581250000000004
8 0.381003959375 0.3937607890625 0.370798496875 0.392059878125 0.370798496875 0.42012490312499995 0.367396675 0.495815421875 0.3861066921875 0.5017686078125 0.39035896718749996 0.45244220312500005 0.381003959375 0.3937607890625
0 0.5783095828125 0.66505601875 0.6148791578125 0.6505982796875001 0.6642055640625 0.6599532875 0.7424474484375 0.5919168671875 0.7288401640625 0.559599565625 0.6242341671875 0.6106268828125 0.54599228125 0.629336896875 0.4771054046875 0.6386919062499999 0.383555325 0.6233837109375 0.295107978125 0.5851132234375 0.2449311171875 0.559599565625 0.23812747500000003 0.59021595625 0.2959584328125 0.619981890625 0.3503875703125 0.6437946375 0.41672308124999996 0.668457840625 0.4609467546875 0.6761119375 0.5247309 0.6752614828125 0.5783095828125 0.66505601875
0 0.3265748234375 0.5017686078125 0.3614434890625 0.521329078125 0.47625495000000007 0.533235453125 0.5587491109375 0.5196281671875 0.6642055640625 0.49496496562500003 0.732241984375 0.4703017625 0.7186347015625 0.44478810468749996 0.67696239375 0.4532926578125 0.630187353125 0.47965677187500005 0.5732068499999999 0.49156314375 0.4796567703125 0.4856099578125 0.4320312765625 0.5043199734375 0.35293893593750003 0.47200267343749996 0.240678840625 0.3929103328125 0.2440806625 0.3929103328125 0.22792201250000002 0.38865805781249996 0.22707155625 0.4226762671875 0.2610897671875 0.4583953890625 0.3265748234375 0.5017686078125
5 0.6157296140625 0.53578681875 0.6242341671875 0.511974071875 0.5987205078125 0.5179272578125 0.587664590625 0.527282265625 0.591916865625 0.5349363625 0.6021223296875 0.537487728125 0.6080755171875001 0.537487728125 0.6157296140625 0.53578681875
5 0.6599532875 0.59021595625 0.6642055640625 0.576608671875 0.652299190625 0.5791600375 0.6395423609375 0.5851132234375 0.6318882640625 0.5893655 0.6344396296875 0.60042141875 0.6480469140625 0.5995709625 0.6599532875 0.59021595625
5 0.26619249843750004 0.49751633125000005 0.27554750625 0.4983667875 0.28150069375000003 0.483909046875 0.2644915875 0.47540449375 0.26619249843750004 0.49751633125000005
6 0.2166566125 0.7047733671875 0.22396375000000002 0.708426934375 0.233463028125 0.7080615781249999 0.24186623593749998 0.7066001515625 0.24844265937499999 0.6989276578125 0.25173087031249997 0.6945433750000001 0.23930873749999998 0.6919858765625 0.23382838437500003 0.6865055234375 0.2323669578125 0.6770062453125 0.23054017343750002 0.67189125 0.229444103125 0.666776253125 0.2254251765625 0.674448746875 0.222136965625 0.6806598140625 0.218483396875 0.689428378125 0.214464471875 0.6956394453125 0.214099115625 0.6992930140625 0.2166566125 0.7047733671875
