2 0.354479059375 0.64091425 0.3677837796875 0.5645530625 0.30907950624999997 0.5543259125 0.2957744625 0.630686684375 0.354479059375 0.64091425
2 0.2690479796875 0.517496146875 0.2404372484375 0.5678613765625 0.3023699296875 0.6030394578125 0.3309803078125 0.5526745328125 0.2690479796875 0.517496146875
1 0.32254375 0.4922671875 0.329326996875 0.492513475 0.3301606 0.46955577656249997 0.323377375 0.4693094890625 0.32254375 0.4922671875
6 0.25834148749999997 0.6819832265625 0.229444090625 0.6667762484375 0.21100963749999999 0.7018017046875 0.23990699062499998 0.7170086203125 0.25834148749999997 0.6819832265625
8 0.39391265625 0.390602571875 0.3700961390625 0.3887806625 0.3603999875 0.5155241187499999 0.384216503125 0.5173460109375 0.39391265625 0.390602571875
6 0.325875775 0.7323704984375 0.3201197375 0.7250654390625 0.2953090125 0.7446118578124999 0.301065021875 0.7519168921875 0.325875775 0.7323704984375
6 0.27323908124999996 0.7351578546875001 0.30061846875 0.739804575 0.3057693390625 0.709458978125 0.27839013125 0.704812275 0.27323908124999996 0.7351578546875001
5 0.5904015703125001 0.5658482140625 0.6305806796875 0.5658482140625 0.630580321875 0.46651785781250005 0.5904018296875 0.46651785781250005 0.5904015703125001 0.5658482140625
5 0.69495156875 0.5807405609375 0.629608746875 0.5797506390625 0.6282191109374999 0.671467253125 0.6935619328125 0.672457165625 0.69495156875 0.5807405609375
5 0.2887896453125 0.41648011250000005 0.25669642812500004 0.420758928125 0.26796430937500004 0.5052683124999999 0.300057521875 0.500989521875 0.2887896453125 0.41648011250000005
