3 0.3153015625 0.49805937499999997 0.3145984375 0.505375 0.31319375 0.5126906250000001 0.31225625 0.5165640625 0.3117890625 0.5290453125 0.313896875 0.5324875 0.31694062500000003 0.536790625 0.3230296875 0.5333484375 0.326075 0.5324875 0.32865 0.5299046875 0.33122656250000004 0.5225890625 0.329353125 0.4971984375 0.3270109375 0.49289531249999996 0.326075 0.4941859375 0.324434375 0.4963375 0.321390625 0.4941859375 0.31764375 0.4941859375 0.3153015625 0.49805937499999997
7 0.37538593750000004 0.3951671875 0.37538593750000004 0.42641093750000003 0.3746125 0.4548140625 0.3725515625 0.48653124999999997 0.3797640625 0.48369062500000004 0.38053750000000003 0.47375 0.3813109375 0.458128125 0.381053125 0.4373 0.37538593750000004 0.3951671875
3 0.5724609375 0.49836562500000003 0.5724609375 0.5139875 0.569884375 0.5210890625 0.5696265625 0.5362375 0.5722031249999999 0.540025 0.5724609375 0.553753125 0.5755515625000001 0.557065625 0.5789 0.5584859375 0.5848265625 0.5599062499999999 0.5907515625 0.5556453125 0.5930703125 0.5485453125 0.594615625 0.542390625 0.5941 0.531503125 0.5930703125 0.5210890625 0.5920390624999999 0.5083078125 0.588690625 0.504046875 0.5848265625 0.5026265624999999 0.5805841187499999 0.47395879687500003 0.5724609375 0.49836562500000003
7 0.5765828125 0.4406125 0.5765828125 0.47185625 0.5822499999999999 0.463809375 0.58121875 0.4458203125 0.58121875 0.4235703125 0.5845687500000001 0.370078125 0.57864375 0.4145765625 0.5765828125 0.4406125
3 0.640728125 0.5262953125000001 0.639440625 0.5144609375 0.634803125 0.5083078125 0.6273328125 0.504046875 0.622953125 0.5239296875 0.6226953125 0.546178125 0.62475625 0.54901875 0.6255296875 0.5532796875 0.6306812500000001 0.5622734375 0.6376375000000001 0.5608531250000001 0.646653125 0.5613265625 0.6510328125 0.5594328125 0.6538671875000001 0.553753125 0.6543812499999999 0.542390625 0.65309375 0.5310296875 0.6492296875 0.5272421875 0.6456234375000001 0.5272421875 0.6404703125 0.5291359375 0.640728125 0.5262953125000001
3 0.6623671875 0.5475984375 0.66855 0.5419171875 0.66855 0.53245 0.6680359375 0.51966875 0.6628828125 0.5116203125000001 0.6567000000000001 0.511146875 0.651290625 0.5191953125000001 0.6543812499999999 0.5272421875 0.6556703125000001 0.535290625 0.655928125 0.553753125 0.6597921875 0.551859375 0.6623671875 0.5475984375
3 0.687871875 0.493159375 0.6907062500000001 0.5064140625 0.692765625 0.52345625 0.695084375 0.5272421875 0.6989484375 0.5262953125000001 0.7022984375 0.5229828125 0.7105421875 0.5191953125000001 0.7177546875 0.5125671875 0.723421875 0.5016796875 0.720846875 0.4936328125 0.7172390625 0.488425 0.7128609375 0.4808515625 0.7061625 0.47375 0.69920625 0.47517031249999997 0.690190625 0.480378125 0.687871875 0.493159375
7 0.7639578124999999 0.6361140625 0.7317265625 0.609021875 0.7276109374999999 0.6172125 0.7639578124999999 0.6361140625
7 0.7241828124999999 0.640525 0.7207546875 0.63044375 0.7156109374999999 0.6348546875000001 0.722125 0.6455656249999999 0.7303546875 0.6531265625 0.7402984375 0.6543875 0.75195625 0.6562765625 0.7327546875000001 0.6455656249999999 0.7241828124999999 0.640525
3 0.6161734375 0.6146921875 0.6223453125 0.6159515625 0.627146875 0.6096515625000001 0.626803125 0.5939 0.62543125 0.5806671875 0.61823125 0.5775171875 0.6117171875 0.5781468750000001 0.60863125 0.581928125 0.6021156249999999 0.58381875 0.604515625 0.602090625 0.61103125 0.609021875 0.6161734375 0.6146921875
2 0.3590109375 0.563025 0.35009531250000003 0.5623953125 0.3425515625 0.5623953125 0.3353515625 0.5592453125 0.32849375 0.559875 0.3192359375 0.5560953125 0.3116921875 0.5573546875 0.307234375 0.564915625 0.3065484375 0.5775171875 0.3068921875 0.5920093750000001 0.30860625 0.6008296875 0.3127203125 0.6077609374999999 0.3202640625 0.619103125 0.32334999999999997 0.6329640624999999 0.33055 0.6367453125 0.33809374999999997 0.6298140625 0.34495156250000003 0.6235125 0.3497515625 0.6159515625 0.35455312499999997 0.6077609374999999 0.3590109375 0.5995703125 0.36312500000000003 0.588859375 0.365525 0.5775171875 0.3590109375 0.563025
2 0.2983203125 0.5371921875 0.29351875 0.534671875 0.285975 0.5271109375 0.27603125 0.524590625 0.2684890625 0.5252203125 0.26368749999999996 0.5277406250000001 0.257859375 0.5371921875 0.2544296875 0.5523140625 0.253059375 0.5718468750000001 0.2585453125 0.5781468750000001 0.263003125 0.5806671875 0.269175 0.581928125 0.2794609375 0.5875984375 0.285975 0.5913796875 0.2962625 0.5995703125 0.3017484375 0.5970500000000001 0.30792031249999996 0.59326875 0.31100625000000004 0.5825578124999999 0.312034375 0.568065625 0.3103203125 0.5542046875 0.3055203125 0.5397125 0.2983203125 0.5371921875
3 0.29303124999999997 0.6041875 0.2979265625 0.6008734375 0.2986984375 0.5932999999999999 0.3005015625 0.582884375 0.298184375 0.5743640625 0.29535 0.5715234375 0.28916718750000003 0.5634765625 0.28452968749999996 0.5554281249999999 0.274740625 0.5559015625 0.27345312499999996 0.5658421875 0.2683 0.5772046875 0.261859375 0.5871453125 0.2585109375 0.5961390625 0.2608296875 0.60608125 0.26495156249999996 0.6079749999999999 0.2670125 0.6075015625 0.269846875 0.6037140625 0.274740625 0.6008734375 0.2744828125 0.6098671875 0.27525625 0.6174421875 0.2780890625 0.62075625 0.2814390625 0.6202828125 0.2847875 0.6141281249999999 0.2881375 0.610340625 0.2901984375 0.60608125 0.29303124999999997 0.6041875
7 0.2763125 0.6188625 0.274328125 0.6266734375 0.270078125 0.6417734375 0.26554375 0.6594781249999999 0.2570421875 0.6730171875 0.24514062499999997 0.693846875 0.253359375 0.6834328125 0.26327656250000003 0.6761421875 0.2697953125 0.662603125 0.2760296875 0.64854375 0.2797125 0.6318796875 0.28226249999999997 0.619903125 0.2763125 0.6188625
7 0.26554375 0.6084484375 0.26044375 0.60740625 0.2564765625 0.6152171875 0.2516578125 0.6277140625000001 0.2465578125 0.6402125 0.2411734375 0.6579171875000001 0.23834062500000003 0.6704140625 0.2357890625 0.6818703125 0.2340890625 0.68968125 0.24060625 0.672496875 0.2445734375 0.6584375 0.24995781250000002 0.6454187499999999 0.25874375 0.62719375 0.26299375 0.6178203124999999 0.26554375 0.6084484375
6 0.24763125000000002 0.683675 0.2482703125 0.6780906250000001 0.243471875 0.6830875 0.2386734375 0.6901421875 0.23595312499999999 0.6948453125 0.2327546875 0.6927875 0.231634375 0.6892609375000001 0.231634375 0.6860265625 0.23067500000000002 0.678678125 0.230834375 0.6730937499999999 0.23323437500000002 0.6675093750000001 0.2335546875 0.6636875 0.230034375 0.668684375 0.2249171875 0.6713296875 0.221396875 0.6801484375 0.2191578125 0.6880843750000001 0.2201171875 0.696903125 0.22443593750000002 0.7057203125 0.22763593750000002 0.708071875 0.23147500000000001 0.708071875 0.23595312499999999 0.707484375 0.2385125 0.7060140625 0.24283125 0.7019 0.24491093749999998 0.6983718750000001 0.2466703125 0.6907296875 0.24763125000000002 0.683675
3 0.2316765625 0.47247031249999993 0.2316765625 0.48193906249999996 0.23612656250000003 0.48710312499999997 0.24104375 0.4935578125 0.2459625 0.4935578125 0.2511140625 0.48968437500000006 0.25696875 0.4828 0.2562671875 0.4625734375 0.25439375000000003 0.45568749999999997 0.24900625 0.44535937499999995 0.24245 0.4414859375 0.238234375 0.4432078125 0.2319109375 0.450953125 0.23120781250000003 0.46128125000000003 0.2316765625 0.47247031249999993
1 0.3274625 0.46945781249999996 0.3255890625 0.47591406249999996 0.323715625 0.4836609375 0.32254375 0.4922671875 0.326759375 0.4922671875 0.3293359375 0.4922671875 0.3295703125 0.48581250000000004 0.3288671875 0.4776359375 0.3274625 0.46945781249999996
8 0.379660103125 0.3926030625 0.369798803125 0.3858234171875 0.369798803125 0.416023653125 0.369798803125 0.4505382078125 0.369798803125 0.503542703125 0.3882887421875 0.4967630578125 0.3895214046875 0.467795484375 0.3864397484375 0.417872646875 0.379660103125 0.3926030625
9 0.712479025 0.420954303125 0.7241893203124999 0.444991225 0.7389812734375 0.44252589999999997 0.7469935796875 0.4289666109375 0.74945890625 0.419105309375 0.753773225 0.40308069375000005 0.753773225 0.3870560796875 0.7451445859375 0.372264128125 0.7408302671875 0.3654844828125 0.735899615625 0.3537741875 0.735283284375 0.34329655468750003 0.734666953125 0.330353596875 0.734666953125 0.3217249578125 0.733434290625 0.31124732499999996 0.730352634375 0.3038513484375 0.7211076640625 0.292757384375 0.70693204375 0.3013860234375 0.70508305 0.3241902828125 0.70816470625 0.3494598671875 0.7087810375 0.3469945421875 0.7087810375 0.3494598671875 0.707548375 0.357472175 0.7112463625000001 0.3932193921875 0.712479025 0.420954303125
0 0.5676411609375001 0.5183346546875 0.6705684953125 0.49922838281250004 0.730968965625 0.46656282187500003 0.7229566578125 0.43389726093750003 0.6798134640625 0.4511545375 0.6255763078125 0.4801221125 0.573804475 0.4875180875 0.5337429375 0.4936814015625 0.422803296875 0.5004610453125 0.3685661390625 0.4813547734375 0.330969928125 0.464713828125 0.2674878 0.4271176171875 0.2286589265625 0.40431335781250005 0.22311194374999999 0.4363625875 0.26563880625 0.461632171875 0.325422946875 0.506008028125 0.39198672968750004 0.53004495 0.5676411609375001 0.5183346546875
0 0.6095516921875 0.6508458921875 0.6526948859374999 0.661323525 0.6761154765625 0.6557765421874999 0.6989197359375 0.640984590625 0.7180260078125 0.6194129937499999 0.7395976046875 0.5922944140624999 0.727887309375 0.559628853125 0.6298906265625 0.6077026984375 0.5670248296875 0.6323559515625 0.420337971875 0.634821278125 0.3593211703125 0.6089353609375 0.3001533609375 0.5935270781249999 0.2533121796875 0.554698203125 0.250230521875 0.5842821078125 0.3032350171875 0.62187831875 0.35685584375 0.640984590625 0.417872646875 0.6687195015625 0.4825874375 0.6724174875 0.5411389140625 0.6699521625 0.6095516921875 0.6508458921875
5 0.2734106328125 0.49001677343749994 0.27653175937499996 0.48689564687500003 0.2821497859375 0.4762838203125 0.26966528125 0.47441114375 0.26591993125 0.4794049453125 0.26591993125 0.48377452187500003 0.26904105624999997 0.487519871875 0.2715379578125 0.48876832343750004 0.2734106328125 0.49001677343749994
5 0.6154860375 0.5380821124999999 0.6186071625 0.5349609875 0.6217282890625 0.5206038078125 0.606122659375 0.5187311328125 0.59863195625 0.524349159375 0.59675928125 0.5330883125 0.59863195625 0.5368336625000001 0.6054984343750001 0.5387063375000001 0.6154860375 0.5380821124999999
5 0.6635513765625001 0.582402103125 0.6647998265624999 0.5805294265625001 0.667296728125 0.569293371875 0.667296728125 0.568044921875 0.647321521875 0.5724144984375 0.6379581437499999 0.5799052015624999 0.629218990625 0.5905170296875 0.63733391875 0.59738350625 0.648569971875 0.5923897046875 0.6635513765625001 0.582402103125
