1 0.4958739328125 0.5096641515625 0.5070453453125 0.5091687484375 0.5051576234375 0.46660428125 0.49398627968750003 0.4670996828125 0.4958739328125 0.5096641515625
1 0.585158503125 0.4850821640625 0.6131605609374999 0.48100808281249996 0.6020777796875 0.40483924687500006 0.5740760125000001 0.40891330625 0.585158503125 0.4850821640625
1 0.76417781875 0.4818190609375 0.72942956875 0.47399582812499996 0.7166666312500001 0.5306804015625 0.751414871875 0.5385035984375001 0.76417781875 0.4818190609375
6 0.7408857656250001 0.65406875 0.7788313828125 0.65406875 0.7788311453125 0.5631999999999999 0.740886178125 0.5631999999999999 0.7408857656250001 0.65406875
1 0.6543765625 0.5246640625000001 0.631665625 0.5246640625000001 0.631665625 0.5584156250000001 0.6543765625 0.5584156250000001 0.6543765625 0.5246640625000001
1 0.30879676875 0.5877638015625 0.31709954218749997 0.589727425 0.3243441109375 0.5590983031250001 0.31604138125 0.557134684375 0.30879676875 0.5877638015625
1 0.25514439843750003 0.5389988640625 0.2697398671875 0.5394590609375001 0.27083883750000004 0.504605990625 0.25624345000000004 0.5041457953124999 0.25514439843750003 0.5389988640625
1 0.6905097953125 0.4500198578125 0.7036118515625 0.4529609625 0.710664015625 0.421546659375 0.6975620124999999 0.418605559375 0.6905097953125 0.4500198578125
1 0.7154594046875 0.43897913906249997 0.7222736359375 0.4352315203125 0.7136836078125001 0.4196133171875 0.7068693890625 0.42336093124999996 0.7154594046875 0.43897913906249997
5 0.3092112828125 0.6122139875 0.362251371875 0.6070141015625 0.3558544890625 0.5417737375 0.3028150078125 0.5469735921875001 0.3092112828125 0.6122139875
8 0.6123639015625 0.4332496453125 0.6356027921875 0.430803559375 0.62890625 0.3671875 0.6056675390625 0.369633575 0.6123639015625 0.4332496453125
8 0.37370131406249996 0.3652487578125 0.38002232343750003 0.4453125296875 0.401227678125 0.44363839218749995 0.3949065734375 0.3635747265625 0.37370131406249996 0.3652487578125
8 0.36152994375 0.47221945 0.3820167578125 0.4701380015625 0.36969691718750003 0.3488874515625 0.3492104078125 0.3509688828125 0.36152994375 0.47221945
5 0.631597315625 0.4774452 0.6741073140625 0.47879464687500006 0.6770224140625001 0.3869618390625 0.6345129265625 0.3856123984375 0.631597315625 0.4774452
