8 0.36949351406250003 0.338310878125 0.348316065625 0.340077840625 0.359499196875 0.474103890625 0.38067664375 0.4723369421875 0.36949351406250003 0.338310878125
8 0.39587397343749997 0.3642514921875 0.3756701484375 0.3648578421875 0.3782914328125 0.4521959625 0.3984952578125 0.4515896171875 0.39587397343749997 0.3642514921875
1 0.4958739328125 0.5096641515625 0.5070453453125 0.5091687484375 0.5051576234375 0.46660428125 0.49398627968750003 0.4670996828125 0.4958739328125 0.5096641515625
1 0.585158503125 0.4850821640625 0.6131605609374999 0.48100808281249996 0.6020777796875 0.40483924687500006 0.5740760125000001 0.40891330625 0.585158503125 0.4850821640625
8 0.6124665390625 0.42240381562499996 0.6327625343750001 0.42206093750000007 0.6315763671875 0.35185566874999996 0.6112805390625 0.3521985453125 0.6124665390625 0.42240381562499996
1 0.67804405625 0.4239047109375 0.6717781140625 0.42320781093750004 0.66744375 0.4621765625 0.6737096921875 0.462873459375 0.67804405625 0.4239047109375
1 0.7070980078125 0.4122048796875 0.6980027078125 0.41207461093750003 0.6972928078125 0.4616364953125 0.7063881078125 0.4617667640625 0.7070980078125 0.4122048796875
1 0.7219125 0.4145046875 0.71019375 0.4145046875 0.71019375 0.44164843749999994 0.7219125 0.44164843749999994 0.7219125 0.4145046875
1 0.76417781875 0.4818190609375 0.72942956875 0.47399582812499996 0.7166666312500001 0.5306804015625 0.751414871875 0.5385035984375001 0.76417781875 0.4818190609375
1 0.6543765625 0.5246640625000001 0.631665625 0.5246640625000001 0.631665625 0.5584156250000001 0.6543765625 0.5584156250000001 0.6543765625 0.5246640625000001
6 0.20129367031249998 0.6584659390625001 0.22835632343749998 0.646439559375 0.21236624218750003 0.6104621203125 0.185303765625 0.622488453125 0.20129367031249998 0.6584659390625001
6 0.7648349999999999 0.6473955390625 0.7689702890625 0.6336128125 0.7451917890625 0.62647931875 0.7410564828124999 0.6402620109375 0.7648349999999999 0.6473955390625
5 0.378203871875 0.5385249453125 0.32954364687500004 0.524709275 0.30610795468749996 0.6072443187500001 0.35476813906250004 0.6210598843749999 0.378203871875 0.5385249453125
5 0.6744629093750001 0.3936761828125 0.6364320984375 0.39229332031249997 0.6330401671875 0.48557130937500004 0.671070978125 0.48695416406250003 0.6744629093750001 0.3936761828125
