8 0.3564 0.4369609375 0.3601921875 0.46561562500000003 0.3650703125 0.47363906250000004 0.3748234375 0.46561562500000003 0.376990625 0.4404 0.3759078125 0.41518437500000005 0.369946875 0.37965312500000004 0.36398593749999997 0.346415625 0.3547734375 0.3395390625 0.349896875 0.3590234375 0.3564 0.3830921875 0.3564 0.42206093750000007 0.3564 0.4369609375
8 0.3905390625 0.3773609375 0.379159375 0.364753125 0.3759078125 0.3727765625 0.378075 0.4025765625 0.3802421875 0.4186234375 0.378075 0.44498437500000004 0.3894546875 0.45186093749999995 0.398125 0.439253125 0.39649843749999997 0.40830781250000003 0.3905390625 0.3773609375
1 0.501625 0.4667609375 0.49620625 0.4679078125 0.49458125 0.48051562499999995 0.49837499999999996 0.501146875 0.5070453125000001 0.50916875 0.5059609375 0.4919765625 0.50541875 0.4724921875 0.501625 0.4667609375
1 0.6067515625000001 0.4369609375 0.6018749999999999 0.40486875 0.5894109375000001 0.41289218749999995 0.5796578125 0.44727656250000003 0.5867015624999999 0.46561562500000003 0.6007906249999999 0.48280781250000004 0.608378125 0.48051562499999995 0.6110875 0.4667609375 0.6067515625000001 0.4369609375
8 0.6246343750000001 0.41174687499999996 0.6327625 0.42206093750000007 0.6322203125 0.38996875000000003 0.62571875 0.35214687499999997 0.6143390625 0.35214687499999997 0.6121703125 0.40486875 0.6246343750000001 0.41174687499999996
1 0.72581875 0.49003281249999997 0.7202390624999999 0.5148140625 0.7313984375 0.5289765625 0.7353046875 0.5348765625 0.746465625 0.52425625 0.7559515625000001 0.5183546875 0.7576265624999999 0.5053734375000001 0.7548359375 0.48413125 0.7481390625000001 0.47823125 0.732515625 0.47469062500000003 0.72581875 0.49003281249999997
6 0.77883125 0.621025 0.77883125 0.6033234375000001 0.7754828125000001 0.58208125 0.7648796875 0.5631999999999999 0.76320625 0.585621875 0.7654375 0.6068640624999999 0.765996875 0.6233859374999999 0.754278125 0.624565625 0.74758125 0.6269250000000001 0.7408859375 0.6163046875 0.743675 0.62810625 0.7459078124999999 0.6410875 0.7548359375 0.65406875 0.7626484375 0.650528125 0.7704609375 0.6481671875 0.774925 0.637546875 0.77883125 0.621025
1 0.6500796875 0.5571171875 0.6543765625 0.536346875 0.6506937500000001 0.5246640625000001 0.6402593750000001 0.5272609375 0.631665625 0.5337515625 0.631665625 0.54803125 0.6396453125 0.5584156250000001 0.6500796875 0.5571171875
1 0.31782499999999997 0.5600703125 0.31401249999999997 0.5657125 0.31210781249999997 0.575384375 0.31439374999999997 0.5890875 0.31820624999999997 0.5826390625 0.3208734375 0.573771875 0.3227796875 0.5657125 0.3216359375 0.5584578125 0.31782499999999997 0.5600703125
1 0.2568421875 0.5342765625 0.2587484375 0.5391125 0.26522812500000004 0.5366953125 0.2701828125 0.5254109375 0.2705640625 0.5133203125 0.26599062500000004 0.5044531250000001 0.2583671875 0.509290625 0.2557 0.5213796875 0.2568421875 0.5342765625
1 0.7050956765625 0.44635114531250003 0.707564184375 0.4353550640625 0.7066665453125001 0.42862276875000005 0.7041980375 0.420095196875 0.703300396875 0.420544015625 0.6974657421875 0.4292959984375 0.6936507749999999 0.43602829375 0.6938751843750001 0.4416385390625 0.695446053125 0.448819653125 0.700158659375 0.4521858015625 0.7050956765625 0.44635114531250003
1 0.718784675 0.43715034218750004 0.7190090859375 0.4292959984375 0.7165405781249999 0.42480780312500005 0.7131744296875 0.42346134218750003 0.709135053125 0.422114884375 0.70891064375 0.425256621875 0.7102571015625 0.4295204078125 0.7127256109375 0.4337841953125 0.7158673484375 0.43872121249999996 0.718784675 0.43715034218750004
5 0.356695753125 0.5585990093750001 0.3558544890625 0.5417737375 0.33398163593749997 0.549345109375 0.3247277375 0.5585990093750001 0.3247277375 0.5745830171875 0.33229910937499996 0.5771068078125 0.3541719625 0.56617038125 0.356695753125 0.5585990093750001
