2 0.40247838593749996 0.5855724140625 0.39129076875 0.667229128125 0.452177590625 0.6755696484375 0.4633646734375 0.5939134171875 0.40247838593749996 0.5855724140625
2 0.460813496875 0.6084028078125 0.47242589375 0.5151736796875 0.381144328125 0.5038049453125 0.36953131250000004 0.59703334375 0.460813496875 0.6084028078125
2 0.67521374375 0.584141115625 0.6228430234375 0.5890728703125 0.6304321984375 0.66965358125 0.6828029140625 0.664721865625 0.67521374375 0.584141115625
2 0.4604110140625 0.6163633109375 0.512198615625 0.6197254 0.5181527125 0.5280148046875001 0.4663659421875 0.52465274375 0.4604110140625 0.6163633109375
2 0.56728005625 0.5556542078125 0.5393940390624999 0.554886184375 0.5373948859375 0.6274655765625 0.565280903125 0.6282335953125 0.56728005625 0.5556542078125
2 0.56474785 0.6329128828125 0.5937813703125 0.63432663125 0.5973472578125001 0.561100271875 0.5683141234375 0.5596865328125 0.56474785 0.6329128828125
2 0.58885235 0.6092050343750001 0.6182617406250001 0.610047396875 0.620074509375 0.5467598031249999 0.5906654484375 0.5459174453125 0.58885235 0.6092050343750001
2 0.6181583078124999 0.604376540625 0.6530649625 0.60283143125 0.6500499546875 0.5347290421875 0.61514371875 0.5362741421874999 0.6181583078124999 0.604376540625
9 0.33355494218750004 0.47900373125 0.273049659375 0.45867594843750004 0.21942223749999998 0.6182836375 0.27992739218749996 0.6386111359375 0.33355494218750004 0.47900373125
9 0.7420650671875 0.40963108281249994 0.7080531109375 0.417914971875 0.7372155703125001 0.5376422015625 0.7712275 0.5293583875000001 0.7420650671875 0.40963108281249994
7 0.3925015609375 0.5146776656250001 0.399521109375 0.5154419296875 0.41452430781249994 0.3776504203125 0.40750489375 0.3768861640625 0.3925015609375 0.5146776656250001
7 0.46097124999999994 0.3501754078125 0.4538776140625 0.349944203125 0.44828223125 0.5216082328125 0.4553758671875 0.521839434375 0.46097124999999994 0.3501754078125
7 0.5489961109375 0.5552236875000001 0.5551758328124999 0.5556864453125 0.5648925218749999 0.4259379734375 0.5587129203125001 0.4254752203125 0.5489961109375 0.5552236875000001
7 0.43945334999999996 0.673498321875 0.43391462968749994 0.672748790625 0.42013852500000004 0.7745327609375 0.42567724218749997 0.775282284375 0.43945334999999996 0.673498321875
7 0.43429819375 0.6723968140625 0.42893384375 0.6721304546875 0.4246588421875 0.7582137953125 0.43002319218749996 0.7584801515625 0.43429819375 0.6723968140625
7 0.40412448593750006 0.6834017390625 0.40945629375000003 0.6608621140625 0.403291125 0.65940393125 0.39795930625 0.6819435406250001 0.40412448593750006 0.6834017390625
7 0.6620617671875 0.7545583171875 0.6700173546875 0.7532822 0.65617525 0.66700181875 0.6482198109375 0.6682779234375 0.6620617671875 0.7545583171875
7 0.6892660609375 0.7147518859375 0.6954495140625 0.7112755765625 0.66743675 0.6614554390625 0.66125335625 0.6649317265625 0.6892660609375 0.7147518859375
6 0.6684254953125001 0.787690203125 0.6981246156250001 0.77617306875 0.665202709375 0.6912931265625 0.6355041453125 0.7028101390625 0.6684254953125001 0.787690203125
6 0.6892614234375001 0.758764303125 0.723838934375 0.74580494375 0.695706775 0.6707568453125 0.6611298125 0.683716090625 0.6892614234375001 0.758764303125
6 0.591066771875 0.83147318125 0.6235512187500001 0.8298896703124999 0.62121965 0.7820730515625 0.588735584375 0.7836565515625 0.591066771875 0.83147318125
5 0.2821331046875 0.655109896875 0.35144376875 0.66240495625 0.366462575 0.51971876875 0.29715374687499996 0.512423809375 0.2821331046875 0.655109896875
5 0.6849329171874999 0.6739952328125 0.7416558515625 0.6429615828124999 0.703125 0.5725446421875 0.6464027734375 0.6035780515625 0.6849329171874999 0.6739952328125
