3 0.28677482187500003 0.657703125 0.335218915625 0.657703125 0.335218578125 0.5850296875 0.2867751578125 0.5850296875 0.28677482187500003 0.657703125
3 0.3751765625 0.5268890625 0.33309687499999996 0.5268890625 0.33309687499999996 0.60683125 0.3751765625 0.60683125 0.3751765625 0.5268890625
3 0.3762262984375 0.6081713890625 0.40755258281250006 0.604217953125 0.3989639796875 0.5361720859375 0.367638065625 0.5401254984375 0.3762262984375 0.6081713890625
3 0.3251734625 0.677497659375 0.375937265625 0.6857273171875 0.3862642890625 0.6220326203125001 0.335501125 0.6138030140625 0.3251734625 0.677497659375
3 0.40095998593750004 0.6401168234375 0.3716350671875 0.646357659375 0.38298870625000003 0.6996998171875 0.4123136140625 0.693459015625 0.40095998593750004 0.6401168234375
3 0.6048985578125 0.6879133687500001 0.6013815625000001 0.62973036875 0.567341090625 0.6317877843749999 0.570857878125 0.6899705843749999 0.6048985578125 0.6879133687500001
3 0.64485144375 0.5955980734375 0.5909548921875001 0.6094811578125 0.6064898765625 0.6697833796875 0.6603863984375 0.6559003796875 0.64485144375 0.5955980734375
3 0.575932925 0.5352192734375001 0.5428324328125 0.5400511531250001 0.5519361234375 0.6024094125 0.585036609375 0.597577559375 0.575932925 0.5352192734375001
3 0.605728125 0.532703125 0.573196875 0.532703125 0.573196875 0.59665625 0.605728125 0.59665625 0.605728125 0.532703125
3 0.6345875640624999 0.49349606718750005 0.6376195703125 0.562852665625 0.68240290625 0.5608948687499999 0.6793706625 0.49153851875 0.6345875640624999 0.49349606718750005
9 0.791967396875 0.55839174375 0.7148435953125001 0.54296871875 0.6950116578125 0.6421292015625 0.7721354171875 0.6575520828125 0.791967396875 0.55839174375
9 0.316009859375 0.5861067984375 0.2591139546875 0.55598925 0.20052083281250002 0.6666666671875 0.2574164921875 0.6967838546875 0.316009859375 0.5861067984375
