2 0.3797546875 0.4606265625 0.3620921875 0.45156718749999997 0.342390625 0.4529609375 0.3332203125 0.4801390625 0.33559843749999996 0.4975609375 0.341371875 0.5170734375 0.35258124999999996 0.5219515625 0.3556390625 0.5268296875 0.364809375 0.5296171875 0.372621875 0.5275265625000001 0.3777171875 0.5142859375 0.38247343749999996 0.4822296875 0.3797546875 0.4606265625
3 0.32808601249999997 0.48518733281250004 0.33173953125 0.4786109984375 0.3288167171875 0.4596127 0.32443249375 0.4406144 0.3127412328125 0.420885396875 0.293742934375 0.4340380671875 0.2900894140625 0.45011355000000003 0.2959350453125 0.4705732578125 0.310549121875 0.488840853125 0.32808601249999997 0.48518733281250004
3 0.34416149687500003 0.542912934375 0.3470843125 0.5209918203125 0.3288167171875 0.507108446875 0.311279825 0.503454928125 0.3032420828125 0.5107619671875 0.30543419374999997 0.52318393125 0.3090877140625 0.5312216734375 0.325163196875 0.542912934375 0.34416149687500003 0.542912934375
3 0.378498146875 0.5838259171875 0.39238151875 0.575057471875 0.3960350375 0.561904803125 0.39238151875 0.55167495 0.36607618125 0.5399836890625 0.355846328125 0.5355994671875 0.355846328125 0.5421758 0.35657703125 0.55167495 0.3609612546875 0.5772495828124999 0.378498146875 0.5838259171875
3 0.4245324859375 0.5830952140625 0.41868685625 0.5699425453125 0.40188066874999995 0.5721346578125 0.39968855625 0.5772495828124999 0.39968855625 0.5860180296874999 0.408457003125 0.603554921875 0.41941755937499997 0.6013628093750001 0.4245324859375 0.5830952140625
9 0.24260949062499998 0.606187703125 0.2704995015625 0.6159324046875 0.2799081796875 0.6176125265625 0.2983895125 0.6135802359375 0.3000696328125 0.6024914359375 0.2987255359375 0.5866982968750001 0.299733609375 0.5685529890625001 0.2987255359375 0.55544804375 0.2946932453125 0.5332704453125 0.2873007125 0.5228536953125 0.2825963734375 0.5262139375 0.27352371875000003 0.531590325 0.2567225078125 0.537974784375 0.24126539375 0.540999003125 0.23320081250000002 0.54469526875 0.23118466718750003 0.5534318984375 0.23017659375 0.55074370625 0.23152069062499997 0.5601523828125 0.2325287640625 0.57493745 0.23588900625 0.5927467328125 0.24260949062499998 0.606187703125
3 0.635421809375 0.581657934375 0.6448304890625 0.5702331109375 0.6458385609375 0.5594803359375 0.6458385609375 0.5520878031249999 0.6475186828124999 0.5399909296875001 0.6502068765625 0.5238617671875 0.6404621734375 0.5262139375 0.6344137375 0.5312543 0.6239969859375 0.53965490625 0.6145883078125001 0.5504076812500001 0.6108920421875 0.5581362375000001 0.6105560171875 0.5712411828125 0.6145883078125001 0.587034321875 0.6199646953125 0.58837841875 0.635421809375 0.581657934375
3 0.6448304890625 0.5077326046875 0.6619677234375 0.4929475375 0.6676801359375 0.481522715625 0.65860748125 0.4711059640625 0.6505429 0.46942584218750005 0.6371019312499999 0.4771544 0.63172554375 0.48488295781249996 0.630045421875 0.49093139218750004 0.6293733734375 0.4952997078125 0.6297093984375 0.5020201921874999 0.638446028125 0.508740678125 0.6448304890625 0.5077326046875
3 0.6243330109375 0.5174773078125 0.6176125265625 0.5090767015625 0.6041715578125 0.51243694375 0.6014833640624999 0.51781333125 0.60450758125 0.5265499609375001 0.613916259375 0.5339424937499999 0.6236609625 0.52856610625 0.6243330109375 0.5174773078125
3 0.600811315625 0.540999003125 0.597787096875 0.52856610625 0.589722515625 0.520501525 0.5786337171875 0.5252058640625 0.5793057640625 0.5255418875 0.5752734734375 0.5376387609375 0.5860262484375001 0.5467114140625 0.595434928125 0.5480555125000001 0.600811315625 0.540999003125
9 0.7157316 0.559816359375 0.7244682296875 0.573929378125 0.7318607625 0.5887144421875 0.744293659375 0.603163484375 0.7587427015625 0.6082038468750001 0.7678153546875001 0.5984591453125 0.7718476453124999 0.5887144421875 0.7752078874999999 0.5786337171875 0.776551984375 0.5685529890625001 0.776888009375 0.5567921421875 0.7741998156250001 0.5467114140625 0.7698315 0.5369667125 0.7641190890625 0.5258779125 0.7530302890625 0.5067245328125 0.746981853125 0.49093139218750004 0.7392532953125001 0.4711059640625 0.7321967875000001 0.4667376484375 0.72379618125 0.472786084375 0.7164036484375 0.49059536875000004 0.7150595515625 0.4993319984375 0.7096831640625 0.5094127265624999 0.7016185828125 0.532262371875 0.7046428 0.54469526875 0.7157316 0.559816359375
3 0.39924539375 0.5282674984375 0.398864796875 0.5191331906250001 0.3962006234375 0.51380484375 0.39163346875 0.5096182859375 0.3874469109375 0.5099988828125 0.37831260312500004 0.5145660359375 0.37831260312500004 0.522177959375 0.37831260312500004 0.530551075 0.3828797578125 0.5339764421875 0.3931558546875 0.5339764421875 0.39924539375 0.5282674984375
3 0.42626772187500006 0.529028690625 0.4152304328125 0.5237003437500001 0.409521490625 0.525603325 0.409521490625 0.532834653125 0.41332745156249995 0.5385435953125 0.42588712500000003 0.540827171875 0.4270289140625 0.5389241921875 0.42626772187500006 0.529028690625
