2 0.3169282953125 0.5754426203125 0.363801909375 0.580705871875 0.37232978437500003 0.504762546875 0.3254567578125 0.49949932812500003 0.3169282953125 0.5754426203125
2 0.392248834375 0.5202577640625 0.361804465625 0.5205793234375 0.36254785156249997 0.590954725 0.3929922203125 0.5906331671875 0.392248834375 0.5202577640625
2 0.7026300703125 0.601283846875 0.6849589265625 0.546476596875 0.62885123125 0.5645652250000001 0.6465220390625 0.619372190625 0.7026300703125 0.601283846875
9 0.3030697671875 0.5509323609375001 0.251642590625 0.5434255109375 0.22963416875 0.6941821953125 0.281061321875 0.7016889359375 0.3030697671875 0.5509323609375001
3 0.5751268281249999 0.6309963062499999 0.594571634375 0.6309963062499999 0.5945715921875 0.6085389718750001 0.57512686875 0.6085389718750001 0.5751268281249999 0.6309963062499999
3 0.6559020890625 0.5068688359375 0.6628298765625 0.5345779312500001 0.6987874203125 0.525588534375 0.6918595796875 0.49787952031250005 0.6559020890625 0.5068688359375
9 0.7155941203125 0.5184018499999999 0.6618854140625 0.5792647765625001 0.7481820796875 0.6554089265624999 0.8018901250000001 0.59454663125 0.7155941203125 0.5184018499999999
9 0.7151174625000001 0.32297915312500003 0.6697538078124999 0.3280934328125 0.6841488625000001 0.45577207656249996 0.7295125109375 0.45065783593750003 0.7151174625000001 0.32297915312500003
7 0.345756803125 0.478289246875 0.353009171875 0.478634578125 0.3568542140625 0.3978882015625 0.349601921875 0.3975428734375 0.345756803125 0.478289246875
7 0.33945311875 0.40340511718750005 0.33257805 0.4041416875 0.3401442234375 0.47475961718750004 0.347019290625 0.47402305 0.33945311875 0.40340511718750005
7 0.384615384375 0.41947115312500005 0.37860576875 0.41947115312500005 0.37860576875 0.5108173078125 0.384615384375 0.5108173078125 0.384615384375 0.41947115312500005
