2 0.3048 0.5016 0.304 0.5112 0.3036 0.5264 0.306 0.5336000000000001 0.3108 0.5432 0.3168 0.5464 0.32280000000000003 0.548 0.3268 0.5528 0.3312 0.5576 0.3372 0.5576 0.344 0.5576 0.3476 0.5568 0.3508 0.5456000000000001 0.352 0.5384 0.3524 0.5176000000000001 0.35 0.5112 0.3464 0.5056 0.33599999999999997 0.496 0.32599999999999996 0.49119999999999997 0.3148 0.49119999999999997 0.3084 0.492 0.3048 0.5016
3 0.41159999999999997 0.6104 0.40679999999999994 0.596 0.4024 0.5912 0.394 0.596 0.384 0.6056 0.3832 0.6304000000000001 0.3832 0.6488 0.3984 0.6632 0.40279999999999994 0.6616 0.4072 0.6544 0.41159999999999997 0.6456000000000001 0.4152 0.628 0.4144 0.6192 0.41159999999999997 0.6104
2 0.5764 0.5736 0.5852 0.5711999999999999 0.5940000000000001 0.5616 0.5952 0.5496000000000001 0.5940000000000001 0.536 0.5912 0.524 0.5864 0.5136000000000001 0.5796 0.5072 0.5684 0.5104 0.5612 0.5168 0.5596 0.5304 0.5584 0.5408000000000001 0.5608 0.5584 0.5656 0.5711999999999999 0.5700000000000001 0.5696 0.5764 0.5736
2 0.662 0.5192 0.6588 0.5024 0.6548 0.4896 0.646 0.488 0.632 0.4904 0.6176 0.4976 0.6088 0.508 0.6088 0.5224 0.6096 0.5488000000000001 0.6176 0.5528 0.6315999999999999 0.5536 0.6364 0.5519999999999999 0.6504 0.5432 0.6588 0.536 0.662 0.5192
3 0.7192000000000001 0.5864 0.7192000000000001 0.5671999999999999 0.7148 0.5416000000000001 0.7076 0.5328 0.704 0.5336000000000001 0.6972 0.5344 0.6912 0.5416000000000001 0.6884 0.5488000000000001 0.6804 0.5504 0.6744 0.5519999999999999 0.6716 0.5608 0.6679999999999999 0.572 0.6639999999999999 0.592 0.6708000000000001 0.6144000000000001 0.6812 0.6112 0.6948000000000001 0.6104 0.7116 0.6024 0.7192000000000001 0.5864
2 0.704 0.4952 0.6980000000000001 0.476 0.692 0.4688 0.6788000000000001 0.472 0.6628000000000001 0.488 0.6572 0.5056 0.6599999999999999 0.5328 0.6656 0.536 0.6748000000000001 0.54 0.6828000000000001 0.5328 0.6868000000000001 0.5312 0.7003999999999999 0.524 0.7043999999999999 0.508 0.704 0.4952
7 0.5904 0.52 0.5924 0.516 0.5940000000000001 0.5 0.5964 0.4664 0.5956 0.4408 0.5928 0.4128 0.5864 0.4048 0.5768 0.4192 0.5728 0.44560000000000005 0.5700000000000001 0.472 0.5656 0.48719999999999997 0.5636 0.5096 0.5656 0.5128 0.5732 0.5088 0.5828 0.5088 0.5884 0.512 0.5904 0.52
7 0.67 0.4824 0.6764 0.47519999999999996 0.6848 0.46959999999999996 0.6908000000000001 0.4688 0.6948000000000001 0.472 0.6984 0.46959999999999996 0.6968 0.44720000000000004 0.6924 0.4184 0.688 0.3976 0.6824 0.3816 0.6756 0.3744 0.6656 0.3704 0.6612 0.37679999999999997 0.6592 0.3952 0.6588 0.42160000000000003 0.6612 0.44560000000000005 0.6612 0.46799999999999997 0.6616 0.4888 0.666 0.488 0.67 0.4824
2 0.37679999999999997 0.5664 0.3792 0.5544 0.3796 0.5392 0.38 0.5224 0.372 0.5152 0.3632 0.5128 0.352 0.5152 0.3496 0.5304 0.3464 0.544 0.3476 0.5631999999999999 0.3536 0.576 0.3612 0.58 0.37120000000000003 0.576 0.3752 0.572 0.37679999999999997 0.5664
9 0.21754807656250003 0.6454326921875 0.278846153125 0.606971153125 0.23317307656250003 0.525240384375 0.19110576875000002 0.618990384375 0.21754807656250003 0.6454326921875
9 0.771634615625 0.638221153125 0.783653846875 0.584134615625 0.734375 0.52764423125 0.709134615625 0.62139423125 0.771634615625 0.638221153125
0 0.6045673078125 0.493990384375 0.6983173078125 0.46514423125000004 0.6923076921875 0.44951923125000004 0.578125 0.5 0.49639423125000004 0.516826921875 0.41105769218750005 0.518028846875 0.34735576875 0.48798076874999996 0.2764423078125 0.44471153750000003 0.3329326921875 0.490384615625 0.40625 0.5240384625 0.45552884687499995 0.52764423125 0.533653846875 0.516826921875 0.6045673078125 0.493990384375
0 0.3040865390625 0.631009615625 0.3762019234375 0.65985576875 0.443509615625 0.693509615625 0.4949021875 0.7037881296874999 0.453125 0.688701921875 0.3485576921875 0.64423076875 0.2584134609375 0.56610576875 0.3040865390625 0.631009615625
0 0.724759615625 0.6021634625 0.71875 0.594951921875 0.5384615390625 0.69951923125 0.497159090625 0.7042395109374999 0.49759615312500005 0.704326921875 0.5396634609375 0.70673076875 0.724759615625 0.6021634625
5 0.27764423125 0.69110576875 0.3425480765625 0.703125 0.356971153125 0.59375 0.314903846875 0.5673076921875 0.27764423125 0.69110576875
