3 0.5995765625 0.6388078125 0.6038140624999999 0.6540703125 0.610875 0.65625 0.622528125 0.6540703125 0.636653125 0.649709375 0.6426546875 0.646075 0.6472453125000001 0.646075 0.6475984375 0.6409890625 0.6475984375 0.631540625 0.6475984375 0.62790625 0.6472453125000001 0.6140984375 0.6451265625 0.6061046875 0.6415953125 0.6024703125 0.633121875 0.603925 0.627825 0.6046515625 0.6193500000000001 0.6075578125 0.6136999999999999 0.6075578125 0.610875 0.6075578125 0.6041671875 0.6090109375 0.5992234375 0.61191875 0.5963984375 0.618459375 0.5963984375 0.6300874999999999 0.5995765625 0.6388078125
3 0.6599578125 0.6504359375 0.6652546874999999 0.6504359375 0.673728125 0.6468015625 0.684675 0.644621875 0.692090625 0.6388078125 0.6949156249999999 0.6308140625 0.6949156249999999 0.6228203125 0.6945625 0.6097390625 0.69244375 0.59665625 0.689971875 0.5828484375 0.681496875 0.58066875 0.67690625 0.58066875 0.6705515625 0.5886625000000001 0.6627828124999999 0.5915703125 0.6574859375 0.5893890625 0.6504234375 0.59665625 0.6458328125 0.605378125 0.6458328125 0.6177328125 0.6472453125000001 0.63299375 0.6543078125 0.649709375 0.6599578125 0.6504359375
3 0.383828125 0.5712203125 0.378178125 0.5712203125 0.37570625 0.5712203125 0.372528125 0.5675874999999999 0.36934999999999996 0.563953125 0.36581874999999997 0.5632265624999999 0.36158125 0.5617734375000001 0.3580515625 0.5617734375000001 0.3545203125 0.5632265624999999 0.3524015625 0.563953125 0.3506359375 0.5675874999999999 0.3506359375 0.5734015625 0.3506359375 0.58066875 0.34992968750000003 0.5850296875 0.3506359375 0.5915703125 0.3538140625 0.595203125 0.3569921875 0.5988374999999999 0.361228125 0.600290625 0.3651125 0.603925 0.36723125 0.605378125 0.36934999999999996 0.6061046875 0.376059375 0.6097390625 0.3820625 0.6097390625 0.385240625 0.610465625 0.38983124999999996 0.6090109375 0.3919484375 0.6061046875 0.3933609375 0.60174375 0.3933609375 0.5959296875 0.3926546875 0.5886625000000001 0.388771875 0.5799421875 0.383828125 0.5712203125
7 0.363617259375 0.6203356171875 0.369449590625 0.6161665203125 0.37861466093749996 0.6115804875 0.35843749062499997 0.6021875 0.357368340625 0.6132481171874999 0.351536009375 0.63200905625 0.34528709062499996 0.6486854453124999 0.3473700625 0.6524376390625 0.3552853671875 0.6353443296875 0.363617259375 0.6203356171875
7 0.369033003125 0.6324259750000001 0.36570023281249997 0.6236708609375 0.3652836453125 0.6399303468750001 0.366116821875 0.6591081890625 0.35778492812499996 0.7237291984375 0.3669500296875 0.6695309328125 0.369033003125 0.647434734375 0.369033003125 0.6324259750000001
7 0.3419543515625 0.6657787374999999 0.3465368859375 0.654105284375 0.3438541578125 0.650625 0.3327892515625 0.69037641875 0.3419543515625 0.6657787374999999
7 0.3102931671875 0.7033668671875 0.31362590468749996 0.6912764953125 0.3157291578125 0.6709375 0.31237614062499997 0.6741831875 0.3102931671875 0.7033668671875
7 0.6377365375 0.6850228484375 0.6577330921875 0.7479762296875 0.6477347828125 0.7021161734375 0.6381531578125 0.6654280875 0.6323958234375 0.6730208328125 0.6377365375 0.6850228484375
7 0.6239889015625 0.699614690625 0.6245833234375 0.6782291671875 0.6189897796875 0.6766846546874999 0.6202395765625 0.699197771875 0.6214893734375 0.73630274375 0.633153971875 0.76381878125 0.624405521875 0.7338012921875 0.6239889015625 0.699614690625
7 0.6289880250000001 0.6712648156250001 0.6344037671875 0.6675126375 0.639402890625 0.6637604421875001 0.6444020781249999 0.6566729734375001 0.64398545625 0.6479178765625 0.636562490625 0.6443749999999999 0.61690680625 0.6487516984374999 0.60524214375 0.652503878125 0.606491940625 0.6633435390625 0.6164901859375 0.6737662828125 0.624405521875 0.6766846546874999 0.6289880250000001 0.6712648156250001
3 0.67647985 0.588650453125 0.6681479578125 0.5932364531250001 0.6593994453125 0.594487178125 0.656899915625 0.600740825 0.6544003218750001 0.6061606484375 0.6544003218750001 0.6115804875 0.6593994453125 0.615332665625 0.6618990390625 0.6199186828125 0.665648365625 0.625755409375 0.671897284375 0.628256878125 0.6719791578125001 0.6292708328125001 0.681062353125 0.6195017625 0.6781462031250001 0.6119974218750001 0.6877278921875 0.6078283265625 0.6873112734375 0.597822453125 0.6814789734375 0.5878166296875 0.67647985 0.588650453125
9 0.2573856296875 0.6386796218749999 0.2536362875 0.6582743828125001 0.2536362875 0.6745338671875001 0.2540528765625 0.686207321875 0.25613585 0.6991315171875 0.2632179609375 0.706219003125 0.2703000734375 0.7095542609375001 0.2807149390625 0.6982977109374999 0.28821363906249997 0.6828720625 0.30154465468749997 0.6470178 0.3032110390625 0.6149157625 0.30362762656250003 0.5869828078125 0.30654380937500003 0.565303496875 0.3094791578125 0.5402083328125 0.2894634203125 0.5252801671875 0.27113325 0.5277816203125 0.25821882343749997 0.5486271078125 0.2611349875 0.5769769671875 0.26030179531250003 0.614081971875 0.2573856296875 0.6386796218749999
6 0.26363455 0.6766184171875 0.2632179609375 0.6616096406249999 0.2565524375 0.6624434796875 0.25072012187500003 0.6878749671875 0.2528030953125 0.7012160671875 0.257802234375 0.709971196875 0.2632179609375 0.7133064546875 0.272799634375 0.7149741 0.28238130781250004 0.7137233578125 0.28904683124999997 0.707886646875 0.2911298046875 0.696630065625 0.2911298046875 0.692877871875 0.292812490625 0.6813541671875 0.287797034375 0.6991315171875 0.28154811562500004 0.7074697125 0.2748826078125 0.7108050031250001 0.27113325 0.7058020984375 0.265300934375 0.6870411609375 0.26363455 0.6766184171875
5 0.38082812499999996 0.521875 0.411515625 0.521875 0.411515625 0.3928125 0.38082812499999996 0.3928125 0.38082812499999996 0.521875
0 0.35278580625 0.4781031171875 0.38403040312500003 0.4889427640625 0.3965282421875 0.494362603125 0.41735797343750003 0.506869896875 0.434854934375 0.5143742671875 0.4444366234375 0.5197940921875001 0.44776939374999997 0.49561332968749994 0.4236068921875 0.48227221406250004 0.406874990625 0.47406249999999994 0.38278060625 0.4610098234375 0.363617259375 0.4576745328125 0.3415377640625 0.45725763124999996 0.3165420859375 0.45600690468750005 0.31570887812500004 0.468097278125 0.35278580625 0.4781031171875
0 0.6977261390625 0.657506796875 0.7006423515625 0.6516700703125 0.6981427578125 0.63624440625 0.67314708125 0.642498053125 0.65856626875 0.6458333281249999 0.6502343765624999 0.649168603125 0.61982295625 0.654588425 0.598993225 0.6587575218749999 0.6060753203125 0.678769203125 0.638986334375 0.6662619109375 0.6714807281249999 0.661258990625 0.6977261390625 0.657506796875
0 0.390279321875 0.6520869734375 0.41152564218750004 0.6658449921875 0.41364582343749995 0.6495833328125 0.386946553125 0.6237371140625 0.36028452187500004 0.6103959999999999 0.3432041171875 0.5916350609375 0.3448705015625 0.6062269031249999 0.36819979531249997 0.6295738421875 0.390279321875 0.6520869734375
