7 0.390237521875 0.534787496875 0.3902375 0.5641296890625 0.396246875 0.5641296875 0.39624688125 0.534787509375 0.390237521875 0.534787496875
1 0.3495973203125 0.667009578125 0.33975624843749996 0.6657 0.3378763125 0.6798251953125 0.347717384375 0.6811347718749999 0.3495973203125 0.667009578125
1 0.5259353796874999 0.632134896875 0.5391296 0.6391615828125 0.54840334375 0.6217500515625 0.535209165625 0.6147233812499999 0.5259353796874999 0.632134896875
2 0.6209701484375 0.6336984109375 0.6414905828124999 0.6353387265625 0.644258184375 0.6007191749999999 0.6237378828125 0.5990788640625 0.6209701484375 0.6336984109375
7 0.6318475515624999 0.54644328125 0.627941971875 0.5462093265625 0.6247765625 0.599046875 0.6286821406249999 0.599280828125 0.6318475515624999 0.54644328125
7 0.6303443828125 0.6031146078125 0.6332260875 0.6031636265625 0.63421465625 0.54505221875 0.63133298125 0.5450032 0.6303443828125 0.6031146078125
2 0.6752134234375 0.63724259375 0.6780387109375 0.6123798640625 0.6418307343749999 0.6082658046875 0.6390053734375 0.6331284484374999 0.6752134234375 0.63724259375
7 0.6454174625 0.5710967671875 0.6493609375 0.5730546875 0.6634537890625001 0.544672759375 0.6595103328125 0.5427148453124999 0.6454174625 0.5710967671875
7 0.685081765625 0.5642481921875 0.6799562031249999 0.5614281 0.6630203125 0.59220625 0.66814586875 0.5950263328125 0.685081765625 0.5642481921875
7 0.6804845 0.5888707484375 0.6868951765625 0.5902361968750001 0.6958000046875 0.5484328140625 0.689389371875 0.5470673703125 0.6804845 0.5888707484375
1 0.6782272125000001 0.6278890859375 0.6832343828125 0.6270890609374999 0.6804613578125001 0.609735415625 0.6754542046875 0.6105354390625 0.6782272125000001 0.6278890859375
7 0.6964497921875 0.58826301875 0.7018093750000001 0.5894703125 0.711217946875 0.5477065750000001 0.7058584015625 0.5464992859375 0.6964497921875 0.58826301875
1 0.48702967968750005 0.6399844906250001 0.5025602499999999 0.6376551859374999 0.4985832078125 0.6111418468750001 0.48305271562499996 0.6134711453125 0.48702967968750005 0.6399844906250001
