2 0.3610328125 0.521075 0.3447671875 0.5138078125 0.33769375 0.510175 0.329915625 0.5043609375 0.318246875 0.50290625 0.31365 0.529796875 0.31117343750000004 0.547965625 0.314003125 0.5719484375 0.330621875 0.5843015625 0.3380484375 0.5843015625 0.34865625 0.5777609375 0.355728125 0.5719484375 0.3589109375 0.5501453125 0.3610328125 0.521075
2 0.6439171875 0.5043609375 0.6520515625 0.498546875 0.6580625 0.49491250000000003 0.6658421875 0.49127968749999995 0.66973125 0.48110468749999996 0.6718531249999999 0.46220937500000003 0.672559375 0.43822656249999997 0.6707921875 0.427325 0.6683171875 0.41715156249999996 0.6661953125 0.409884375 0.6619515625 0.409884375 0.646746875 0.416425 0.633309375 0.42369218750000004 0.6227015625 0.4534890625 0.62199375 0.48255781249999996 0.6290671875 0.49491250000000003 0.6389671875 0.5058140625 0.6439171875 0.5043609375
2 0.6612453125 0.44404062499999997 0.6612453125 0.4527609375 0.6619515625 0.46366250000000003 0.6637203125 0.470203125 0.66478125 0.47747031250000005 0.66973125 0.480378125 0.6821078125 0.48619218750000004 0.687765625 0.48255781249999996 0.6920078125 0.47529062499999997 0.7061531249999999 0.4731109375 0.71075 0.4643890625 0.71145625 0.458575 0.7125171875 0.4418609375 0.71145625 0.427325 0.7096890625000001 0.41133749999999997 0.7047390625000001 0.40407031250000003 0.6994343749999999 0.402615625 0.6849359374999999 0.40552343750000003 0.670084375 0.40552343750000003 0.6615984375 0.407703125 0.6612453125 0.44404062499999997
7 0.6973095828125 0.35860134062500004 0.6973095828125 0.3390065875 0.6948099890625 0.322330196875 0.6939768125 0.34567714375 0.6939768125 0.367773365625 0.689394246875 0.395289403125 0.6889776890625 0.389452659375 0.6856449203125 0.364021171875 0.68481174375 0.3423418625 0.6831453265625 0.3185780125 0.680645796875 0.351930790625 0.6864780968749999 0.39278795 0.6827287703125 0.397790853125 0.6844791578125 0.41156249999999994 0.6939768125 0.4094643390625 0.6927270156249999 0.40487832187499995 0.6939768125 0.3915372078125 0.6968929625 0.3773622875 0.6973095828125 0.35860134062500004
0 0.4086094921875 0.453656765625 0.3727823609375 0.44281711875 0.34695347499999996 0.43572965 0.3302896890625 0.425723809375 0.3152083234375 0.4146875 0.30821019375 0.44740311874999994 0.342370940625 0.45865968593749995 0.366116821875 0.46658096093749996 0.384446990625 0.4682486375 0.4086094921875 0.47700370468750003 0.4086094921875 0.453656765625
0 0.7081410046875 0.3899358234375 0.68481174375 0.397023284375 0.6469016062499999 0.4170349578125 0.624062490625 0.4297916671875 0.5994098453125 0.44038190468750005 0.596077075 0.4653964890625 0.6202395765625 0.45372301875 0.6344037671875 0.447469371875 0.7085576234375 0.4228716921875 0.7081410046875 0.3899358234375
0 0.541503184375 0.6326435421875 0.56358268125 0.613882603125 0.5873285625 0.603459859375 0.6202395765625 0.5992907625 0.6631488359375 0.584282003125 0.7093908015625 0.5680225328125 0.7077244484375 0.53842193125 0.6768964078125 0.5409233984374999 0.66104165625 0.5485416671875 0.6348203875 0.5555152390625 0.6031591703125 0.5651041609375 0.5748307234375 0.5688563546875 0.5627495046875 0.5705239843750001 0.541086565625 0.5872003734375 0.541503184375 0.6326435421875
0 0.33820499375 0.5938709390625 0.36861641562499997 0.6051274890625 0.416524796875 0.6130488125 0.45235192812499997 0.617217909375 0.47734760625000006 0.6380633812500001 0.47568122031250004 0.5938709390625 0.443186828125 0.5838650984375 0.425273278125 0.578445275 0.396111653125 0.5767776296875 0.36486705625 0.5663548875 0.3465368859375 0.5651041609375 0.3136458234375 0.5516666671875 0.306960396875 0.5484277718749999 0.2998783015625 0.5563490625 0.2982119171875 0.5721916296875 0.309876546875 0.5792790984375 0.33820499375 0.5938709390625
4 0.3344556359375 0.58810045 0.314687490625 0.5751041671875 0.31362590468749996 0.5830975296875 0.3107097546875 0.6118642921874999 0.3077935734375 0.638963425 0.297795328125 0.7194270031250001 0.30821019375 0.7265144875 0.3344556359375 0.58810045
4 0.4973441296875 0.7498614265625 0.51275815 0.7473599734375 0.506874990625 0.5709375 0.49442797968749996 0.571007140625 0.4973441296875 0.7498614265625
4 0.51859048125 0.636878878125 0.509008790625 0.6397972484375 0.5215066296875001 0.754447428125 0.53358788125 0.7502783296875 0.5245833234374999 0.6417708328125 0.51859048125 0.636878878125
6 0.53108831875 0.763202525 0.5373372390625 0.7594503625 0.5390035921874999 0.7548643296875001 0.538587003125 0.7469430703125 0.5365624906249999 0.7391666671875 0.53108831875 0.74819378125 0.5231730156250001 0.7515290718750001 0.5160908875 0.7502783296875 0.517757271875 0.7573658140624999 0.523589603125 0.7615349124999999 0.53108831875 0.763202525
6 0.7549688234375 0.6238718578125 0.7414295453124999 0.617618228125 0.7226827546875 0.6118857078125 0.71539238125 0.6087589328125 0.7122678890625 0.619702765625 0.7185167921875 0.62908323125 0.738305053125 0.638463715625 0.76121780625 0.6436750875 0.7794438203125 0.6410694015625 0.7945453437500001 0.6353369015625 0.8018357187499999 0.617618228125 0.80235649375 0.600941875 0.80287726875 0.5884345343749999 0.8033979640625001 0.5759272546875 0.8033979640625001 0.5655045109375 0.7996093625 0.5606770828125 0.79506611875 0.5879134453125 0.79506611875 0.5998995578125 0.79090015625 0.6118857078125 0.7810059875 0.628040971875 0.7653836890625 0.6275198421875 0.7549688234375 0.6238718578125
9 0.7336183953125001 0.5248558156249999 0.725286471875 0.5436167453125 0.7232035296875 0.556645175 0.7174753218750001 0.5748849765624999 0.7159130765625 0.5926036484375 0.7190375671875 0.609280021875 0.7284109625 0.617618228125 0.742471015625 0.6191816765625 0.75236510625 0.6254352875 0.7648629921875 0.62908323125 0.7757985546875 0.6311677875 0.7893379109375 0.6191816765625 0.79871130625 0.5998995578125 0.7992320015625001 0.5827020734375 0.7992320015625001 0.5696736046875001 0.79871130625 0.556124046875 0.7961075890625 0.5493492468750001 0.776319328125 0.5363208171875 0.7648629921875 0.532672871875 0.7549688234375 0.5253769453125 0.7455955078125001 0.520686703125 0.7362221124999999 0.5159964796875001 0.7336183953125001 0.5248558156249999
