2 0.36450904687499996 0.5090759125 0.31735056093749997 0.5026483578125001 0.3066655828125 0.5810364140625001 0.353824059375 0.5874639265625 0.36450904687499996 0.5090759125
2 0.62117589375 0.5052901750000001 0.6705418453124999 0.50674381875 0.673387684375 0.410096165625 0.62402239375 0.40864253125000005 0.62117589375 0.5052901750000001
2 0.709930671875 0.4019356703125 0.658169875 0.40528875624999994 0.663489271875 0.487398296875 0.7152500671875 0.48404523125 0.709930671875 0.4019356703125
7 0.6506509968749999 0.3219132859375 0.6377365375 0.3219132859375 0.6377365375 0.43531273125 0.6506509968749999 0.43531273125 0.6506509968749999 0.3219132859375
7 0.680645734375 0.41156249999999994 0.697309640625 0.41156249999999994 0.6973095671875 0.3185780109375 0.6806458328125 0.3185780109375 0.680645734375 0.41156249999999994
4 0.3356816875 0.5775416859375 0.3145556359375 0.5750888578125 0.2971218203125 0.7252270968750001 0.31824786562499996 0.7276798875 0.3356816875 0.5775416859375
4 0.509878728125 0.5707552578125 0.49442797968749996 0.571007140625 0.4973440796875 0.749861428125 0.512794828125 0.7496095484375 0.509878728125 0.5707552578125
4 0.52398596875 0.6362908125 0.508806909375 0.6379452062500001 0.5215064828125 0.7544474421875 0.5366855390625 0.7527930703125 0.52398596875 0.6362908125
6 0.545395296875 0.755436915625 0.5365624578125 0.7391666078125 0.5144060859375 0.75119281875 0.5232388703125 0.7674630796875 0.545395296875 0.755436915625
6 0.8312927234374999 0.6143566500000001 0.8003873203125 0.5602319390625 0.7083234890625 0.6127948265625001 0.739228275 0.6669190046875 0.8312927234374999 0.6143566500000001
