2 0.3652267703125 0.5526614390625 0.39160033125 0.5519042546875 0.38968385625 0.48516081875 0.3633105703125 0.485918 0.3652267703125 0.5526614390625
2 0.3918513 0.555053078125 0.42103455 0.5520126609375 0.41395881250000005 0.48410416562499997 0.384775875 0.48714456874999995 0.3918513 0.555053078125
2 0.2954453859375 0.6347461671875 0.3414202484375 0.6335052234375 0.3393775578125 0.5578466515625 0.293403325 0.5590875859375 0.2954453859375 0.6347461671875
2 0.3910680828125 0.5761108734375 0.3407620140625 0.5740710953125 0.3383201359375 0.6342874453125 0.38862620312499996 0.6363272125 0.3910680828125 0.5761108734375
9 0.7797816203125 0.572003425 0.707883596875 0.5619258734375 0.694660215625 0.65625735625 0.7665582203125 0.66633481875 0.7797816203125 0.572003425
9 0.29685849375 0.53379034375 0.2538224734375 0.5324611953125 0.2494504328125 0.67400713125 0.292486453125 0.6753362625 0.29685849375 0.53379034375
5 0.661987925 0.4485777125 0.6126794046875 0.458552353125 0.627682615625 0.532713684375 0.67699111875 0.5227391015625 0.661987925 0.4485777125
7 0.373320953125 0.3983242484375 0.3665865390625 0.3990384609375 0.3751957265625 0.480211221875 0.381930140625 0.4794970140625 0.373320953125 0.3983242484375
7 0.396939196875 0.40342427187499996 0.390625 0.40384615312500005 0.3965421171875 0.4924011359375 0.4028563140625 0.49197925781249996 0.396939196875 0.40342427187499996
7 0.280528778125 0.6901443453125 0.28485576875 0.69110576875 0.296875 0.63701923125 0.2925480546875 0.6360578140625 0.280528778125 0.6901443453125
7 0.35926164531250004 0.6401852078125 0.3535155953125 0.63831378125 0.3334099640625 0.7000381 0.33915600625 0.7019095140625 0.35926164531250004 0.6401852078125
7 0.36854128125 0.64474875 0.36328125 0.64482420625 0.36425780625000004 0.712890625 0.3695178375 0.7128151703125 0.36854128125 0.64474875
7 0.3217108609375 0.648719928125 0.3112180109375 0.6440264234375 0.287109375 0.6979166671875 0.29760220937500004 0.7026101437500001 0.3217108609375 0.648719928125
