6 0.3576417203125 0.6917025078125 0.3555587390625 0.6765895421875 0.345664609375 0.6844066 0.345664609375 0.6859700078125 0.3409779515625 0.6854488578125 0.33577051875 0.6776318015625 0.33524974375 0.672941578125 0.3368119890625 0.6698147421875 0.329000840625 0.6786740796874999 0.32535565312500003 0.689096821875 0.326917859375 0.6974350296875 0.3310838203125 0.7010829734375 0.3404571765625 0.700561884375 0.3576417203125 0.6917025078125
6 0.5363518171874999 0.7708751625 0.5329869921875 0.764621503125 0.5283653734375 0.7543269234375 0.525296021875 0.7593299625000001 0.525296021875 0.7651025812500001 0.5276994515625 0.769913078125 0.5334677078125 0.774242496875 0.5363518171874999 0.7708751625
6 0.29697012031250003 0.7666221546875 0.3008156234375 0.7699895062500001 0.304661090625 0.7608495921875 0.310216334375 0.7513221156250001 0.302738375 0.7473801671875 0.29360533125 0.7430507125 0.2912019015625 0.7449749171875 0.29360533125 0.75603909375 0.29504736875000004 0.7622926999999999 0.29697012031250003 0.7666221546875
6 0.712763603125 0.7598874515625 0.7180511796875 0.7589253484375 0.7209352531250001 0.7387212765625 0.722377325 0.7238087234374999 0.7190125375 0.7175550828125 0.7113215312500001 0.7137066875 0.70324518125 0.7116586546875 0.687767940625 0.7214034765624999 0.6872872250000001 0.7372781125000001 0.68824865625 0.75074751875 0.6925748015625001 0.7642169062499999 0.699304378125 0.7680653375000001 0.712763603125 0.7598874515625
0 0.39503009375000003 0.4623694203125 0.3661889265625 0.46092627343750003 0.3440773734375 0.45803998281249997 0.32677268125 0.44168428593750003 0.308987271875 0.4335064375 0.304661090625 0.42532858906250004 0.30420671875 0.44543269218750003 0.3277340390625 0.4623694203125 0.345519409375 0.47006622656249997 0.38589704999999996 0.47391462031250003 0.41233478593750006 0.48064930468749995 0.4152188953125 0.461888378125 0.39503009375000003 0.4623694203125
0 0.6209526015625 0.4763198671875 0.6233560312499999 0.4532294875 0.5906693609375 0.46910412187499995 0.5603861218749999 0.48064930468749995 0.5329869921875 0.4864219046875 0.495493496875 0.48978925625 0.47674673125 0.48978925625 0.46665233125 0.4893082140625 0.4565579296875 0.48257351093749995 0.46045671875 0.5025240390625 0.48155359375 0.5037397046875001 0.5084720078125 0.5037397046875001 0.5435621078125 0.502777603125 0.5709612015625 0.4931566078125 0.6012444421875001 0.488827153125 0.6209526015625 0.4763198671875
1 0.6013984 0.510369565625 0.602570084375 0.504506771875 0.6021795625 0.5002073828125 0.598730459375 0.49521484375 0.5955400390625 0.5002073828125 0.596711721875 0.5037250625 0.5971023046874999 0.5119329671874999 0.5994456125000001 0.5150597875 0.6013984 0.510369565625
1 0.5916344640625 0.504506771875 0.5916344640625 0.49903482656250003 0.5889005734375 0.49551714375 0.5881194703125 0.49395374218750004 0.587011709375 0.4922851578125 0.5810894234374999 0.5002073828125 0.5806989031249999 0.5064610375 0.5838233140625 0.5127147078125 0.5881194703125 0.517014053125 0.5912439421875 0.5068519125 0.5916344640625 0.504506771875
1 0.3397249296875 0.49239032343750005 0.340896584375 0.4779287640625 0.33847655312499997 0.4747070328125 0.3303515453125 0.475583653125 0.32800820625 0.481446446875 0.3303515453125 0.49160861562499997 0.33191378125000004 0.4966897140625 0.33660045781250003 0.5013799375 0.3397249296875 0.49239032343750005
1 0.3526133078125 0.49160861562499997 0.35183220625 0.485745821875 0.35026997031249996 0.48418241875 0.3436305046875 0.490436059375 0.340896584375 0.5017707984374999 0.34206826874999996 0.509978703125 0.35026997031249996 0.502161646875 0.35222275625 0.5013799375 0.3526133078125 0.49160861562499997
7 0.5736688562500001 0.6172587218750001 0.5740593781250001 0.645009271875 0.5830422125 0.6446184234375 0.5885100515625 0.630938571875 0.586523428125 0.61484375 0.5736688562500001 0.6172587218750001
7 0.57718385 0.6614250953125 0.5896816765625 0.7837620578125 0.5869477859375001 0.7192713328125 0.5810894234374999 0.6454001171875 0.575781240625 0.6446289078125 0.57718385 0.6614250953125
7 0.3560204984375 0.636030903125 0.3485465046875 0.6305232562499999 0.34381329374999997 0.643302584375 0.33712840625 0.659009421875 0.34090682031249997 0.6816970875 0.3414881171875 0.66249983125 0.3449758890625 0.6456295203125 0.3560204984375 0.636030903125
7 0.3688089671875 0.652901203125 0.3676463953125 0.6636632921875 0.36444925625 0.672098446875 0.3612521390625 0.6837331375 0.3597989015625 0.693331778125 0.359217615625 0.7116563921875 0.364739921875 0.686060096875 0.3699715609375 0.6686080390625 0.3754938671875 0.6561007484375 0.378400340625 0.649410803125 0.36671510937499996 0.646875 0.361833446875 0.66279069375 0.3560204984375 0.681115328125 0.3586363078125 0.6878052734375 0.3627053765625 0.6697715125 0.36590249375 0.655809875 0.3688089671875 0.652901203125
6 0.348754303125 0.7067116578125 0.34933559999999997 0.70845685625 0.3551485484375 0.711947253125 0.358055021875 0.7128198640625001 0.3638679703125 0.7116563921875 0.36561184999999996 0.7081659921875 0.36851832500000004 0.700312575 0.367441853125 0.698110465625 0.3638679703125 0.70700251875 0.3615427828125 0.7093294671875 0.358055021875 0.709620328125 0.3525327171875 0.704093846875 0.3519514203125 0.703802984375 0.348754303125 0.7067116578125
6 0.2666889859375 0.7092943890625001 0.2735843390625 0.7110195390625 0.2873750609375 0.7084318140625 0.2925465671875 0.7006686703125 0.29556330625 0.6907491296875 0.29340850625 0.6868675171875 0.28952985937500003 0.69721841875 0.28306546093749996 0.6980809625 0.2778939375 0.6950619890625 0.2761700921875 0.6877300921875 0.2766010609375 0.681260803125 0.2778939375 0.675222809375 0.2735843390625 0.664009365625 0.2688437859375 0.6584026515625 0.2602245859375 0.67781051875 0.2593626625 0.693768103125 0.2623793859375 0.703256396875 0.2666889859375 0.7092943890625001
6 0.582582665625 0.391662346875 0.582582665625 0.392524921875 0.5912018640625 0.393818778125 0.594218571875 0.3989942125 0.595080478125 0.40244449531250004 0.5998210640625 0.40416964687499995 0.6028377703125 0.3882120625 0.6019758640624999 0.381742765625 0.5963733703125 0.37570476406250003 0.591632784375 0.37484219687500003 0.5860302921875 0.3856243375 0.582582665625 0.391662346875
