3 0.710037703125 0.49940852500000005 0.6992733046875 0.481482778125 0.6654286265625 0.5018049484375 0.6761929640625 0.519730640625 0.710037703125 0.49940852500000005
3 0.6160491765625 0.5374254046875 0.6395997921875 0.55657841875 0.6671067171875 0.5227586203125 0.6435562078125 0.5036056734375001 0.6160491765625 0.5374254046875
3 0.3569710625 0.557892471875 0.385514234375 0.536329165625 0.35969855 0.5021601875 0.331155509375 0.5237234203125001 0.3569710625 0.557892471875
3 0.32893049531249996 0.48398143281249995 0.300550603125 0.4855567578125 0.3022348953125 0.51589746875 0.3306147875 0.5143221484375 0.32893049531249996 0.48398143281249995
9 0.7097185265625 0.6517835437499999 0.766102090625 0.6424519296875 0.7439387453124999 0.5085545796875001 0.6875565203125 0.5178860796875 0.7097185265625 0.6517835437499999
6 0.3271878578125 0.7023904984375 0.358519803125 0.6980727140625 0.354292921875 0.667405728125 0.3229611765625 0.6717234984375 0.3271878578125 0.7023904984375
6 0.5304174390624999 0.7757143453124999 0.537125234375 0.7724776265625 0.5283653734375 0.7543269234375 0.5216576046875 0.7575636343750001 0.5304174390624999 0.7757143453124999
6 0.283097371875 0.7610683171875 0.300815640625 0.7699895140625 0.3102873484375 0.7511810999999999 0.2925691515625 0.742259925 0.283097371875 0.7610683171875
6 0.722727390625 0.71224851875 0.6880769375 0.7111994046875 0.686366784375 0.7676736281250001 0.7210172375 0.768722734375 0.722727390625 0.71224851875
7 0.5882832078125 0.6148189890625 0.5736374234375 0.6150250671874999 0.5740593765625001 0.6450092703125 0.5887051624999999 0.6448031921874999 0.5882832078125 0.6148189890625
7 0.5809887140625001 0.6441941015625 0.575781240625 0.64462890625 0.587415846875 0.7839512453124999 0.5926233187500001 0.783516446875 0.5809887140625001 0.6441941015625
6 0.371638178125 0.7088009421875 0.3676771578125 0.6980239578125 0.348139915625 0.7052036671875 0.35210090781250003 0.7159806265624999 0.371638178125 0.7088009421875
6 0.27509147968750003 0.719030875 0.30150032968749996 0.696243596875 0.2688437859375 0.6584026515625 0.2424351046875 0.681189809375 0.27509147968750003 0.719030875
