2 0.27713804531249997 0.588989775 0.3282819953125 0.5987471765625 0.34268757656250004 0.52324518125 0.291544271875 0.51348784375 0.27713804531249997 0.588989775
2 0.364982115625 0.650556896875 0.398025859375 0.6578278640625 0.41437501406250005 0.5835352484375 0.3813317265625 0.576264334375 0.364982115625 0.650556896875
2 0.42805659374999994 0.5961995531250001 0.43842468281249997 0.6690642625 0.539785884375 0.6546422375 0.52941720625 0.5817782359375 0.42805659374999994 0.5961995531250001
2 0.697945665625 0.6205226421875001 0.65205364375 0.5352788625 0.5399901421875 0.5956031375 0.5858810078125 0.6808459296875 0.697945665625 0.6205226421875001
5 0.4042845609375 0.5084638921875 0.43523442343749996 0.5078253796875 0.43415178593750003 0.45535714218749995 0.40320216562500005 0.4559956515625 0.4042845609375 0.5084638921875
5 0.4480477953125 0.49805956562500003 0.5224194984375 0.5348910625000001 0.54809679375 0.4830454640625 0.47372563437500004 0.446214128125 0.4480477953125 0.49805956562500003
5 0.7065257593750001 0.4805580546875 0.6808032140625 0.41964200937499996 0.550298171875 0.47474539687500006 0.576019975 0.535660809375 0.7065257593750001 0.4805580546875
6 0.7324202078125001 0.6822206015625001 0.7792608640625 0.650439571875 0.74609375 0.6015625 0.6992534781249999 0.6333433515625 0.7324202078125001 0.6822206015625001
8 0.43333950468750004 0.4949657328125 0.4536296484375 0.49526409843749997 0.455183415625 0.38959663906249997 0.4348935625 0.38929827499999997 0.43333950468750004 0.4949657328125
8 0.414482425 0.3829815296875 0.39732135 0.38169642187499997 0.38783482187499996 0.5083705359375 0.40499589687500004 0.50965563125 0.414482425 0.3829815296875
5 0.343467565625 0.5269893437500001 0.3984977265625 0.4898280609375 0.32889884999999996 0.386770040625 0.27386935156250003 0.42393101875 0.343467565625 0.5269893437500001
