2 0.30405028437500004 0.602026878125 0.336863525 0.5712671953124999 0.2881764703125 0.5193349609375 0.25536345 0.550094453125 0.30405028437500004 0.602026878125
2 0.7412518718750001 0.5366979015625 0.7120726328125 0.5107236796875 0.6646806562500001 0.5639587406250001 0.6938597484375 0.58993280625 0.7412518718750001 0.5366979015625
4 0.3575161671875 0.3302425203125 0.3355069359375 0.32904206875 0.3304825203125 0.4211566359375 0.3524917515625 0.4223570796875 0.3575161671875 0.3302425203125
2 0.36730639374999996 0.41748471406250004 0.31747889375 0.41392583125 0.3104693015625 0.5120602609375 0.36029680000000003 0.51561911875 0.36730639374999996 0.41748471406250004
9 0.7963901453125 0.5260300984375 0.75380619375 0.51603688125 0.722286728125 0.6503371203125 0.7648706375 0.6603302125 0.7963901453125 0.5260300984375
6 0.2771617046875 0.6543839218749999 0.24081777343750002 0.641805025 0.22816655468749997 0.6783530765625 0.2645104609375 0.6909319234375 0.2771617046875 0.6543839218749999
7 0.288096503125 0.5796056546874999 0.279670925 0.5757932578125 0.2529434421875 0.634855815625 0.26136900625 0.6386681890625 0.288096503125 0.5796056546874999
7 0.7371245546875 0.6369997374999999 0.7420172125 0.6352550671875 0.7162828234374999 0.5630951765625001 0.711390228125 0.5648398343750001 0.7371245546875 0.6369997374999999
7 0.4676448171875 0.63788656875 0.46351076406249997 0.6378738562499999 0.4632569109375 0.720410190625 0.46739096562500004 0.720422903125 0.4676448171875 0.63788656875
6 0.7126683859375 0.6754940765625 0.7379402609375 0.67732 0.74027454375 0.645015465625 0.7150028328125 0.6431895484375 0.7126683859375 0.6754940765625
6 0.32897988906250003 0.7333221453125 0.33519045625 0.7082908078125 0.3203726484375 0.704614915625 0.314162053125 0.7296462109374999 0.32897988906250003 0.7333221453125
5 0.6977477875 0.396903384375 0.6338963484375 0.407544675 0.6505630984375 0.5075450234375001 0.7144145187500001 0.49690380625 0.6977477875 0.396903384375
