2 0.4616480171875 0.54488123125 0.48119957031249994 0.545030540625 0.48178491718750005 0.46837098125 0.46223359375 0.468221671875 0.4616480171875 0.54488123125
2 0.48097804218749995 0.55121875 0.50509539375 0.55121875 0.5050952265624999 0.4620203125 0.4809782078125 0.4620203125 0.48097804218749995 0.55121875
2 0.5047816328125 0.5525397828124999 0.5300910156249999 0.5527208609375001 0.5308089046875 0.45235812031249995 0.50549991875 0.45217704375 0.5047816328125 0.5525397828124999
2 0.528519375 0.5532264171875 0.5491090187500001 0.55372726875 0.5512799796875 0.46448251718750005 0.530690621875 0.4639816703125 0.528519375 0.5532264171875
2 0.6633828125 0.4550515625 0.61820625 0.4550515625 0.61820625 0.5337984375 0.6633828125 0.5337984375 0.6633828125 0.4550515625
2 0.6945140546874999 0.5481625734375 0.6742735453125001 0.5293287703125 0.634397515625 0.5721791953124999 0.654637934375 0.591012903125 0.6945140546874999 0.5481625734375
2 0.5342567 0.5786792859375 0.5170184390625 0.58077971875 0.524161796875 0.639398746875 0.5414000546875 0.6372983249999999 0.5342567 0.5786792859375
2 0.50866488125 0.6512983625000001 0.5250730171875 0.649643021875 0.5182415687499999 0.581937246875 0.5018336421875 0.5835925750000001 0.50866488125 0.6512983625000001
2 0.5040765625 0.583275 0.486753125 0.583275 0.486753125 0.628571875 0.5040765625 0.628571875 0.5040765625 0.583275
2 0.489809375 0.5735187500000001 0.46535312500000003 0.5735187500000001 0.46535312500000003 0.6634140625 0.489809375 0.6634140625 0.489809375 0.5735187500000001
6 0.6410071515625 0.7151591125000001 0.650747334375 0.7117245234375 0.6446198265625 0.694350165625 0.634879678125 0.6977847484375 0.6410071515625 0.7151591125000001
1 0.380676640625 0.43895126875 0.3744759421875 0.43944691249999995 0.3766492921875 0.4666347625 0.38284999218750004 0.46613912031250004 0.380676640625 0.43895126875
1 0.669205878125 0.45141750312499995 0.6612068859375 0.4516163796875 0.6620141828125 0.48408457031249996 0.670013175 0.48388569531250003 0.669205878125 0.45141750312499995
1 0.381549859375 0.59354565625 0.3716179234375 0.5909729546875 0.3669037578125 0.609170040625 0.376835690625 0.6117427375 0.381549859375 0.59354565625
1 0.3519708515625 0.602011584375 0.3607965078125 0.60433960625 0.3654094734375 0.5868534484375 0.3565838453125 0.5845254296875 0.3519708515625 0.602011584375
1 0.6590946390625 0.58674316875 0.6522972203124999 0.588102153125 0.65478500625 0.600544321875 0.6615824234375001 0.5991853390624999 0.6590946390625 0.58674316875
1 0.6811148499999999 0.5766529984375001 0.6853831593749999 0.5768235953125 0.6861441187499999 0.5577862609375 0.6818758234375 0.557615665625 0.6811148499999999 0.5766529984375001
6 0.640606471875 0.33624115 0.6085536265625 0.3356588453125 0.6071318859375 0.4139149953125 0.6391847312500001 0.41449729687500003 0.640606471875 0.33624115
1 0.45457452031249995 0.64953250625 0.4630062890625 0.64982410625 0.46346981718749997 0.6364224140625 0.4550380703125 0.6361308140624999 0.45457452031249995 0.64953250625
