2 0.46603281250000006 0.5421609375 0.4704484375 0.5449484375 0.4758828125 0.5449484375 0.478940625 0.5435546875 0.4813171875 0.5296171875 0.4813171875 0.5094078125 0.4813171875 0.4898953125 0.48165781250000006 0.4850171875 0.4769015625 0.4759578125 0.47146718749999994 0.4682921875 0.467390625 0.4731703125 0.4656921875 0.47665468750000006 0.46365468749999994 0.4822296875 0.462296875 0.4905921875 0.46195624999999996 0.5045296875 0.462296875 0.5240421875 0.462296875 0.5351921875000001 0.46603281250000006 0.5421609375
2 0.48165781250000006 0.4759578125 0.4813171875 0.4850171875 0.48097812500000003 0.5066203125000001 0.48165781250000006 0.5233453124999999 0.48097812500000003 0.5372828125 0.481996875 0.5463421875 0.485734375 0.5498265625000001 0.48947031250000006 0.5498265625000001 0.493546875 0.55121875 0.49728281250000006 0.55121875 0.5003390624999999 0.55121875 0.502378125 0.5491296875 0.5037359375 0.5435546875 0.5050953125000001 0.5247390625 0.5050953125000001 0.5080140625 0.503396875 0.4871078125 0.5030578125 0.4752609375 0.50101875 0.46898906250000005 0.4962640625 0.4627171875 0.490828125 0.4620203125 0.486753125 0.4668984375 0.48165781250000006 0.4759578125
2 0.526834375 0.46620156250000006 0.5251359375 0.4578390625 0.522078125 0.4550515625 0.5176624999999999 0.4522640625 0.5139265625 0.45853593750000005 0.510190625 0.4675953125 0.5081515624999999 0.4752609375 0.5061140625 0.48432031249999996 0.5057750000000001 0.5003484375 0.5050953125000001 0.5087109375 0.505434375 0.5240421875 0.5057750000000001 0.5337984375 0.5061140625 0.5421609375 0.506453125 0.5470390625 0.5078125 0.5498265625000001 0.5125671875 0.551915625 0.5149453125 0.5526125000000001 0.522078125 0.5526125000000001 0.52445625 0.551915625 0.5261546874999999 0.550521875 0.529890625 0.5442515625000001 0.53023125 0.5331015625 0.53023125 0.5080140625 0.5305703125 0.48571406250000004 0.53023125 0.47874531249999996 0.526834375 0.46620156250000006
2 0.5360046875 0.4641109375 0.5309109375000001 0.47665468750000006 0.53023125 0.48432031249999996 0.529890625 0.4968640625 0.529890625 0.5108015625 0.5292125000000001 0.5296171875 0.53023125 0.5414640625 0.53023125 0.5456453125 0.5319296875 0.553309375 0.5349859375 0.553309375 0.537703125 0.553309375 0.5410999999999999 0.553309375 0.5427984375 0.5526125000000001 0.5451765625 0.551915625 0.5472140624999999 0.5477359374999999 0.548234375 0.5379796875 0.5495921874999999 0.5240421875 0.550271875 0.5059234375 0.5506109375 0.49198593749999997 0.5499328125 0.48083593750000003 0.546875 0.47107968749999996 0.5417796874999999 0.4655046875 0.5360046875 0.4641109375
2 0.6246609375000001 0.47107968749999996 0.619565625 0.4829265625 0.61820625 0.4926828125 0.61820625 0.5101046874999999 0.620584375 0.5226484375 0.6270374999999999 0.5317078125 0.6358703125 0.5324046874999999 0.6402859375000001 0.5337984375 0.6464000000000001 0.5289203125 0.6521734375 0.5268296875 0.65523125 0.5261328125 0.6603265625 0.5233453124999999 0.6623640625 0.5177703124999999 0.6633828125 0.5073171875 0.6633828125 0.49128906250000004 0.6613453125000001 0.48153281249999996 0.6582874999999999 0.4745640625 0.6521734375 0.4648078125 0.6457203125000001 0.4578390625 0.6365484375 0.4550515625 0.629415625 0.4564453125 0.6246609375000001 0.47107968749999996
2 0.684103125 0.5491296875 0.6824046874999999 0.5435546875 0.678328125 0.5331015625 0.6735734375 0.5324046874999999 0.6688171875 0.5351921875000001 0.6610046875 0.5442515625000001 0.6545515625 0.550521875 0.6453796875 0.560975 0.64741875 0.5811843750000001 0.650815625 0.58745625 0.65625 0.583275 0.661684375 0.579790625 0.671875 0.5707312499999999 0.6793484375000001 0.564459375 0.683084375 0.5554 0.684103125 0.5491296875
2 0.535665625 0.63205625 0.5387234375000001 0.6223 0.53804375 0.60975625 0.536684375 0.59860625 0.5353265625 0.588153125 0.53125 0.5811843750000001 0.5251359375 0.579790625 0.5203796875 0.588153125 0.5193609375 0.5972125 0.5203796875 0.6083624999999999 0.522078125 0.6223 0.524796875 0.6334500000000001 0.5285328125000001 0.6383281249999999 0.5329484375 0.6383281249999999 0.535665625 0.63205625
2 0.5047546875 0.61254375 0.5061140625 0.622996875 0.5078125 0.6369343749999999 0.5108703125 0.6501734375 0.5129078125000001 0.6508703125 0.515625 0.648084375 0.5183421874999999 0.6418125 0.520040625 0.631359375 0.5214000000000001 0.624390625 0.5214000000000001 0.613240625 0.5193609375 0.59303125 0.51460625 0.583971875 0.5118890625 0.5825781250000001 0.50679375 0.58885 0.5040765625 0.59303125 0.5040765625 0.6034843750000001 0.5047546875 0.61254375
2 0.486753125 0.60139375 0.486753125 0.60696875 0.48777187499999997 0.6139375 0.48879062500000003 0.6195125 0.49320624999999996 0.628571875 0.49660312500000003 0.628571875 0.5006796875 0.62648125 0.503396875 0.62090625 0.5040765625 0.6111500000000001 0.5040765625 0.597909375 0.5040765625 0.59303125 0.5003390624999999 0.58745625 0.49728281250000006 0.585365625 0.493546875 0.583275 0.4904890625 0.585365625 0.4884515625 0.5916375 0.486753125 0.60139375
2 0.4769015625 0.5735187500000001 0.47214687499999997 0.5735187500000001 0.4704484375 0.575609375 0.467390625 0.586759375 0.4656921875 0.59860625 0.46535312500000003 0.61533125 0.46535312500000003 0.632753125 0.466371875 0.648084375 0.470109375 0.6592328125 0.475203125 0.6634140625 0.47927968749999994 0.6620203124999999 0.48335625000000004 0.6606265625 0.486753125 0.6557484375 0.48947031250000006 0.6383281249999999 0.489809375 0.6250875 0.489809375 0.616725 0.489809375 0.604878125 0.489809375 0.596515625 0.4884515625 0.5860624999999999 0.48165781250000006 0.5777 0.4769015625 0.5735187500000001
7 0.46861031875 0.39899672656249996 0.469935334375 0.46831896562499997 0.4737818234375 0.4718840390625 0.46861031875 0.39899672656249996
7 0.49188212968749995 0.3903710078125 0.490948265625 0.46077586249999997 0.49489886875 0.4619644671875 0.49188212968749995 0.3903710078125
7 0.5181707140625 0.38476429218749997 0.517349128125 0.45053879375 0.5211874203125 0.45549517812499996 0.5181707140625 0.38476429218749997
7 0.640563315625 0.361043575 0.6392704546875 0.40546601562499995 0.636422403125 0.45323275937499996 0.637546609375 0.45506389687500004 0.6431491015625 0.45549517812499996 0.641856209375 0.44040016875 0.641856209375 0.42271745312500003 0.640563315625 0.361043575
7 0.6326508515625 0.45269396562499997 0.63280605625 0.439968890625 0.6332370093749999 0.4244425875 0.63065125625 0.40589729375 0.63065125625 0.43651860625000005 0.6326508515625 0.45269396562499997
7 0.6487515609375001 0.42918674218749997 0.6465967609375001 0.4537700421875 0.6491825140625 0.4589454625 0.6500444546875 0.44126274375 0.6530611609375 0.418835871875 0.654354053125 0.39468386718750004 0.6487515609375001 0.42918674218749997
7 0.6336679625 0.691976928125 0.6440110078125 0.704484228125 0.635391809375 0.683782521875 0.632375103125 0.6678249218750001 0.6315131625 0.6570427734375001 0.6315131625 0.6458293453125 0.6315131625 0.633322046875 0.6319441171875 0.6182270390625 0.6345299015625 0.6104638953125 0.63711565625 0.612620325 0.6470277140625 0.6397913359375 0.6590946390625 0.6816260921875 0.6470277140625 0.6264214781249999 0.6401939546875 0.6024784484375 0.6228939640625 0.6100326171875 0.623755903125 0.62297119375 0.6272035640625 0.6441041953125 0.6289274093749999 0.673431653125 0.6336679625 0.691976928125
7 0.6401323624999999 0.5776861703125 0.6263416562499999 0.583292884375 0.6172915046874999 0.5897621734375 0.6190153171875 0.610895175 0.6401939546875 0.6008620687499999 0.6401323624999999 0.5776861703125
7 0.6784482656249999 0.566918103125 0.6599565468749999 0.5837241640624999 0.663835159375 0.6001130265625 0.6694376531249999 0.6027007531249999 0.6759020515625 0.5949376078124999 0.6784878375 0.5845867390625 0.6784482656249999 0.566918103125
7 0.6715924515625 0.6242650484375 0.6789187578125 0.6510047796875 0.6728853453125 0.614345475 0.6720234390625001 0.601406896875 0.668211196875 0.6014008625 0.6715924515625 0.6242650484375
7 0.6896927578125001 0.6259901828125 0.68452125 0.6096013203124999 0.6773706796875001 0.5949353453125 0.6741782390625 0.5983878921875 0.6789187578125 0.608307465625 0.684090265625 0.6182270390625 0.6853831578125 0.6337533421875 0.68883085 0.6596304828124999 0.6896927578125001 0.6259901828125
6 0.6431491015625 0.7144038171875 0.6504754078125 0.710953515625 0.6478896546875 0.7036216671875 0.642349128125 0.6951508625 0.6474587015625 0.704484228125 0.6453039015625001 0.707934528125 0.6388395015625 0.705778096875 0.6366847015625 0.7027590765625 0.6401323624999999 0.7126786671875001 0.6431491015625 0.7144038171875
7 0.4530957328125 0.6601303171875 0.4552505328125 0.63209673125 0.4565434265625 0.6027692734375 0.4569743796875 0.582067553125 0.4526939546875 0.582543103125 0.4522338265625 0.6230397156249999 0.4500790265625 0.650210728125 0.4479242265625 0.6834197468750001 0.43887407500000003 0.7330176296875 0.4479242265625 0.695064503125 0.4530957328125 0.6601303171875
3 0.3927613390625 0.5405270484375 0.3789706328125 0.54742765 0.37379911093749996 0.5538969390624999 0.3707823875 0.5745986281250001 0.368196634375 0.590556228125 0.3712133578125 0.5996132249999999 0.38026354375000004 0.5866746468749999 0.3811254328125 0.5767550578125 0.3885775765625 0.5642241375 0.40008767812499996 0.57287349375 0.406552078125 0.5655416296875 0.41172358437499995 0.5551907609375 0.40008767812499996 0.55303433125 0.3927613390625 0.5405270484375
7 0.3357758515625 0.55506465625 0.3358746375 0.573804590625 0.3393223140625 0.583292884375 0.349665359375 0.5932124578125 0.356991665625 0.5940750328125 0.3608703109375 0.58588059375 0.3357758515625 0.55506465625
7 0.3470905078125 0.5922413796875 0.34880343593749996 0.606582315625 0.3479415125 0.6147767875000001 0.3444938359375 0.6441041953125 0.3509582359375 0.6199521890625 0.351820159375 0.5936437375 0.3470905078125 0.5922413796875
1 0.377262921875 0.4392241375 0.37552295625 0.44521284687499996 0.37552295625 0.45254471093750004 0.3763848640625 0.46332685937500007 0.38026354375000004 0.46634586406249995 0.38241832656249997 0.46073915000000004 0.377262921875 0.4392241375
1 0.6694376531249999 0.468070996875 0.6694376531249999 0.46073915000000004 0.6659899593749999 0.45340728593749996 0.6612068859375 0.4516163796875 0.662111346875 0.459014 0.661680359375 0.47065872343750004 0.664266146875 0.48402858125000003 0.6685757453125001 0.47669671718749995 0.6694376531249999 0.468070996875
1 0.3763848640625 0.6061510359375 0.3794015859375 0.6018381765624999 0.38026354375000004 0.5932124578125 0.3750919875 0.5958001671875001 0.3699204640625 0.5975253171875 0.3669037578125 0.609170040625 0.3729371875 0.609170040625 0.3763848640625 0.6061510359375
1 0.3654094734375 0.5868534484375 0.3578535890625 0.5897621734375 0.3544059125 0.592781178125 0.3531130359375 0.5983878921875 0.3578535890625 0.603563328125 0.3625941578125 0.5975253171875 0.3654094734375 0.5868534484375
1 0.6547850078125 0.600544321875 0.658663653125 0.5966627421874999 0.6590946390625 0.58674316875 0.652586196875 0.5895474140625 0.6547850078125 0.600544321875
1 0.6853831578125 0.5768235953125 0.6858141437499999 0.566041446875 0.6854525765624999 0.5577586218749999 0.68150454375 0.566904021875 0.6853831578125 0.5768235953125
6 0.61255091875 0.4080537234375 0.6168605171875 0.4140917328125 0.6241868562499999 0.41322915781249997 0.63065125625 0.40115315625000003 0.636253715625 0.389077153125 0.637546609375 0.3748447125 0.6401323624999999 0.36233741249999996 0.6348060249999999 0.346551725 0.6289274093749999 0.336028978125 0.6147057171875 0.33775411875 0.60824131875 0.352849128125 0.607810365625 0.376569853125 0.607810365625 0.39252743749999996 0.61255091875 0.4080537234375
0 0.5802289218750001 0.6242650484375 0.5604047703124999 0.6264214781249999 0.5440283109374999 0.6294404828125 0.5263589265624999 0.6324594718750001 0.5186016671875 0.6328907671875 0.5224803125 0.6397913359375 0.541011571875 0.6557489359375 0.565576309375 0.656180215625 0.5922958125 0.6570427734375001 0.62203205625 0.6501422046875 0.6392704546875 0.63763490625 0.6578017468749999 0.6177957593750001 0.673316265625 0.5958001671875001 0.6918475578125001 0.5802738796875 0.683836196875 0.55991379375 0.664266146875 0.5819990296875 0.6491825140625 0.597956596875 0.626772609375 0.6057197578125 0.6138438109375 0.6156393296875 0.59574350625 0.621246078125 0.5802289218750001 0.6242650484375
0 0.38241832656249997 0.6234025078125 0.41301647656249996 0.635047196875 0.425945275 0.6441041953125 0.4591291796875 0.6678249218750001 0.4880035171875 0.6699813515625 0.492313115625 0.6384975140625 0.46602453125 0.6402226328125 0.4462003796875 0.6199521890625 0.4160331828125 0.6070136125000001 0.394485184375 0.600544321875 0.37250623437499997 0.5923498828125 0.3509582359375 0.5845867390625 0.329849128125 0.562607759375 0.32510063906250003 0.5798426 0.3332888671875 0.5863118890625 0.3509582359375 0.6001130265625 0.363456065625 0.612620325 0.38241832656249997 0.6234025078125
0 0.43542638125 0.47360919062500006 0.436719275 0.4537700421875 0.40956878437500005 0.44902588750000005 0.3828492796875 0.43953759375 0.361301265625 0.430480596875 0.3497844734375 0.42467672500000003 0.3444938359375 0.452476171875 0.3643179875 0.454632603125 0.3811254328125 0.46368961718749996 0.397932878125 0.4645521921875 0.41430933750000004 0.46800247656250005 0.43542638125 0.47360919062500006
0 0.6849522375 0.4222861578125 0.6655590390625 0.44212532031249996 0.6483206078125 0.4429878953125 0.6147057171875 0.44945718437500004 0.6000531062500001 0.4516136140625 0.5910029203125 0.453338746875 0.5879862140625 0.453338746875 0.5911637828125 0.4860991375 0.6121199640625 0.47662819531249995 0.6289274093749999 0.469727609375 0.6517683015625 0.46584604687500003 0.663835159375 0.46757117968750006 0.6875379578125 0.46843375624999994 0.6849522375 0.4222861578125
6 0.47248893125 0.3701005640625 0.471196071875 0.3752759921875 0.471196071875 0.3817452875 0.4764008515625 0.391271553125 0.48757252968750003 0.3839017171875 0.4888654234375 0.37182572343750003 0.48843446874999996 0.36233741249999996 0.48067717656250003 0.3593184171875 0.47550567031249996 0.3636312765625 0.47248893125 0.3701005640625
1 0.46346981718749997 0.6364224140625 0.4569743796875 0.636409590625 0.45481957968750003 0.6424475828125 0.4569743796875 0.6454665875 0.4617149328125 0.649779446875 0.46300782500000004 0.649779446875 0.46346981718749997 0.6364224140625
