3 0.364692240625 0.6721299640625 0.398243634375 0.6375070140625 0.3491463609375 0.5899353046875 0.3155951796875 0.624558025 0.364692240625 0.6721299640625
2 0.6415402984374999 0.5977158203124999 0.591799703125 0.6105704546874999 0.6079712203125001 0.6731380390624999 0.6577117859375 0.6602834843750001 0.6415402984374999 0.5977158203124999
9 0.2965119671875 0.557003559375 0.254737759375 0.5501984515625 0.2348916328125 0.6720137234375 0.2766658234375 0.6788187531250001 0.2965119671875 0.557003559375
3 0.6914614625 0.5862615515625 0.67687875625 0.5686784171875 0.638050346875 0.600877671875 0.6526329671875 0.6184607265625 0.6914614625 0.5862615515625
9 0.6999748140625 0.668237284375 0.7485926593750001 0.6622185921875 0.7347442734375 0.5503716328125 0.686127440625 0.5563902625 0.6999748140625 0.668237284375
3 0.6709296328125001 0.5221496828125 0.6404890859375 0.5227030984375001 0.641099246875 0.556262 0.6715397921874999 0.5557085859375 0.6709296328125001 0.5221496828125
3 0.6456439078125 0.5689211265624999 0.6403350031249999 0.537955915625 0.59801991875 0.5452100328125 0.603328696875 0.5761751312500001 0.6456439078125 0.5689211265624999
9 0.6517613578125 0.4757388953125 0.6947253015625 0.46935271093750003 0.6726522125 0.320863415625 0.6296890359375 0.3272495421875 0.6517613578125 0.4757388953125
7 0.6574625000000001 0.6910444578125 0.6509369546875 0.693132290625 0.6706729515625 0.7548077328125 0.677198490625 0.7527199140625 0.6574625000000001 0.6910444578125
7 0.6416807343750001 0.7773654234375 0.648437784375 0.7760416109375 0.6295572921875 0.6796875 0.622800384375 0.6810112984375001 0.6416807343750001 0.7773654234375
