2 0.646028753125 0.581484978125 0.6352497875 0.541313309375 0.5910731499999999 0.5531657703125 0.6018519312499999 0.5933372796875 0.646028753125 0.581484978125
3 0.6347978046875 0.5710388359375 0.65953494375 0.579541425 0.6733250546875 0.539424559375 0.6485880796875 0.530922 0.6347978046875 0.5710388359375
9 0.6906307390624999 0.3871717375 0.6522638 0.389074115625 0.65842080625 0.5132407156250001 0.6967877437500001 0.5113383546875 0.6906307390624999 0.3871717375
3 0.6300757156250001 0.6386675453125 0.622495128125 0.620350140625 0.5923209828125 0.632836065625 0.5999015015625 0.6511534125 0.6300757156250001 0.6386675453125
3 0.646069271875 0.63916564375 0.674584571875 0.619039465625 0.6589266765625 0.59685763125 0.630411478125 0.6169837578124999 0.646069271875 0.63916564375
9 0.740572584375 0.5912072875 0.6788508140625 0.5892324359375001 0.675934065625 0.680381434375 0.737655834375 0.68235626875 0.740572584375 0.5912072875
3 0.365372046875 0.6266830890625 0.368676496875 0.607592425 0.33430031875 0.6016428265625 0.33099582031249997 0.620733428125 0.365372046875 0.6266830890625
3 0.4123066890625 0.6687608515625 0.4160727171875 0.6273377578125 0.3804667078125 0.6241009921875 0.3767005484375 0.665523940625 0.4123066890625 0.6687608515625
3 0.3640020421875 0.54664718125 0.35722615625 0.575441325 0.40004929218749996 0.5855174078125 0.40682505156250004 0.5567233734375 0.3640020421875 0.54664718125
1 0.3437820421875 0.6875191296875001 0.3579865828125 0.6595194 0.3321095703125 0.646393540625 0.317905015625 0.6743931875 0.3437820421875 0.6875191296875001
7 0.6148204953125 0.505691665625 0.615056834375 0.5056818187500001 0.6122159093749999 0.4375 0.6119795734375 0.437509846875 0.6148204953125 0.505691665625
7 0.6363516437500001 0.43222674687499996 0.6321022375 0.431818178125 0.625 0.5056818187500001 0.62924940625 0.506090384375 0.6363516437500001 0.43222674687499996
