2 0.4599613234375 0.6033305890625 0.4369697546875 0.6029168734375 0.435397396875 0.6902873015625001 0.4583889640625 0.6907010140625001 0.4599613234375 0.6033305890625
2 0.5171345578125 0.5891672046875 0.49922878125 0.5903551859375 0.5041584171875 0.6646482109375 0.5220641921875 0.6634602390625 0.5171345578125 0.5891672046875
2 0.5006577953125 0.596952334375 0.4872060953125 0.5978238171875 0.49185718593749994 0.66960683125 0.5053088859375 0.66873535625 0.5006577953125 0.596952334375
2 0.49080625 0.5995640625 0.47241875 0.5995640625 0.47241875 0.6816859375 0.49080625 0.6816859375 0.49080625 0.5995640625
2 0.45838646406250005 0.6870804390624999 0.476130965625 0.6865783328124999 0.47382545625 0.6051181796875 0.45608123906250003 0.6056202828125 0.45838646406250005 0.6870804390624999
6 0.24503531406249998 0.61063896875 0.2718220234375 0.5849480734375 0.236300396875 0.5479152453125 0.209513815625 0.5736060234375 0.24503531406249998 0.61063896875
3 0.31975261875 0.51630983125 0.3029127046875 0.5281262203125 0.32935465 0.5658061140624999 0.34619452812499996 0.5539897703125 0.31975261875 0.51630983125
9 0.307699740625 0.49135677031249997 0.25290788750000004 0.48277903125000005 0.2311602359375 0.6216840718750001 0.2859520625 0.6302617109375 0.307699740625 0.49135677031249997
3 0.5983287140625 0.5791845109375 0.624329253125 0.5999828265625 0.648276621875 0.5700484703125 0.62227619375 0.549250225 0.5983287140625 0.5791845109375
7 0.3169290640625 0.6702359125 0.32320644375 0.6730449234375 0.3459133234375 0.6223077 0.3396360046875 0.619498703125 0.3169290640625 0.6702359125
7 0.3634676671875 0.622434434375 0.3576201234375 0.6213554734375 0.3418539578125 0.7067907234375 0.3477014984375 0.707869675 0.3634676671875 0.622434434375
