2 0.41207656249999997 0.572675 0.36193437500000003 0.572675 0.36193437500000003 0.6359015625 0.41207656249999997 0.6359015625 0.41207656249999997 0.572675
2 0.434616503125 0.5919270859375 0.40891484531250005 0.59053963125 0.4051251234375 0.660733490625 0.43082677968749994 0.6621209359375 0.434616503125 0.5919270859375
2 0.6000510421875 0.48622217343749996 0.5716283421874999 0.49225987812499994 0.5852639984375 0.5564449625 0.6136866875 0.550407290625 0.6000510421875 0.48622217343749996
2 0.6427395796875001 0.4737841484375 0.5969172031250001 0.4765673953125 0.600675278125 0.53843429375 0.646497653125 0.535651059375 0.6427395796875001 0.4737841484375
7 0.4823887734375 0.5199554453124999 0.487135446875 0.5197903546875 0.4830729171875 0.4029947921875 0.4783263203125 0.40315988281250004 0.4823887734375 0.5199554453124999
7 0.5092966328124999 0.4132877234375 0.5032713125 0.413364965625 0.5045572890625001 0.513671875 0.5105826109375 0.5135946328125 0.5092966328124999 0.4132877234375
7 0.3534454921875 0.700502290625 0.35795454531250004 0.7017045453125 0.37500009375 0.6377841156249999 0.37049109687500004 0.63658186875 0.3534454921875 0.700502290625
7 0.39323990000000003 0.6401211124999999 0.3841145140625 0.6393229109375 0.37642045468749996 0.7272727265625 0.3855458390625 0.7280709203125 0.39323990000000003 0.6401211124999999
7 0.4003055171875 0.7494727296875 0.4049434640625 0.7502606765625 0.4199219203125 0.6621093828125 0.4152840609375 0.6613214421875 0.4003055171875 0.7494727296875
7 0.6243947734375 0.3950275953125 0.6178977203125 0.3948863640625 0.6164772734375 0.46022727343750003 0.6229743265625001 0.4603685046875 0.6243947734375 0.3950275953125
7 0.5918771671874999 0.46744715625 0.595170465625 0.46732954531250004 0.592733059375 0.3990825890625 0.5894397921875 0.3992001984375 0.5918771671874999 0.46744715625
