1 0.727401584375 0.4149703171875 0.7274015546875 0.38226716875 0.7097453140625001 0.38226719375 0.7097453078125 0.41497030625000003 0.727401584375 0.4149703171875
1 0.7049259578125 0.39581540937500004 0.6945656296875 0.3964865609375 0.6966226453125001 0.42823836406250004 0.706982971875 0.4275672140625 0.7049259578125 0.39581540937500004
1 0.71518235 0.49669676718750005 0.7319344703125 0.49447684374999995 0.728066140625 0.46528773437500004 0.711314090625 0.46750765312500003 0.71518235 0.49669676718750005
1 0.6775627828124999 0.5528182859374999 0.6937470765625 0.5549627187499999 0.6988576 0.5163961203125 0.6826734078125 0.5142516953125 0.6775627828124999 0.5528182859374999
1 0.282835521875 0.4890305328125 0.3148504046875 0.49778003593750003 0.32805928125 0.449451 0.296044615625 0.44070152812499996 0.282835521875 0.4890305328125
3 0.3940671859375 0.52325625 0.39724531406249997 0.52325625 0.3972453125 0.51308125 0.3940671890625 0.51308125 0.3940671859375 0.52325625
9 0.3110293375 0.5843011484375 0.2911978 0.48148317343749997 0.21415833750000002 0.4963413046875 0.233989128125 0.5991586328125 0.3110293375 0.5843011484375
3 0.3278152765625 0.5412431843750001 0.33501907656249996 0.52333231875 0.2962428140625 0.507737684375 0.2890389921875 0.5256484890625 0.3278152765625 0.5412431843750001
3 0.37348207968749997 0.52693664375 0.34176616718749997 0.5294239359375 0.3451455140625 0.5725106734375001 0.376861425 0.5700233890625 0.37348207968749997 0.52693664375
9 0.7688742078125 0.463773825 0.697417684375 0.462602503125 0.6958225234375 0.559907996875 0.7672790468749999 0.561079309375 0.7688742078125 0.463773825
3 0.6146502234375 0.478004446875 0.6186248875 0.49901210156250003 0.651334925 0.49282372499999993 0.647360221875 0.4718161203125 0.6146502234375 0.478004446875
