2 0.32213488749999997 0.5959418265624999 0.340597696875 0.54930451875 0.286587971875 0.5279251859375 0.26812507343749997 0.5745622609375001 0.32213488749999997 0.5959418265624999
2 0.6391310265625 0.54702660625 0.6552641218749999 0.5813188734375 0.709881015625 0.5556261203124999 0.693747878125 0.5213340296875 0.6391310265625 0.54702660625
9 0.251416421875 0.400377596875 0.30300507187500003 0.3761963328125 0.26219066875 0.2891261265625 0.210602471875 0.313307265625 0.251416421875 0.400377596875
9 0.7168326171875 0.687219359375 0.7690228140625 0.6814210515625 0.7503562640625 0.513429675 0.6981676171875 0.5192278984375001 0.7168326171875 0.687219359375
9 0.7345519031250001 0.2855383953125 0.7029734546874999 0.2905005390625 0.7181030015625 0.38677989375 0.74968144375 0.38181777656250004 0.7345519031250001 0.2855383953125
7 0.6655729218750001 0.37097965 0.660511340625 0.370738634375 0.65625 0.46022727343750003 0.66131158125 0.4604682859375 0.6655729218750001 0.37097965
7 0.2694600921875 0.6745740140625001 0.27414772656249997 0.6761363640625 0.2926137203125 0.6207386640625 0.2879261359375 0.6191763234375001 0.2694600921875 0.6745740140625001
7 0.30800847343750004 0.6260437921875 0.302556734375 0.624999984375 0.28977272656249997 0.6917613640625 0.2952244640625 0.692805165625 0.30800847343750004 0.6260437921875
7 0.6887932421875 0.678818525 0.6932142921875 0.67784256875 0.6783854171875 0.6106770828125 0.673964425 0.6116530328125 0.6887932421875 0.678818525
7 0.69276820625 0.6005369671875 0.6858418953125 0.6024414625000001 0.7045453703125 0.67045456875 0.7114716765625 0.6685500875 0.69276820625 0.6005369671875
7 0.6519610109375 0.45617922499999997 0.6562501015625 0.45572915625 0.6451822921875 0.3502604171875 0.6408932593750001 0.3507104828125 0.6519610109375 0.45617922499999997
