8 0.6627361453125 0.68433035625 0.6864964125 0.6788680312500001 0.67209864375 0.616248684375 0.6483386640625 0.6217109749999999 0.6627361453125 0.68433035625
8 0.692424290625 0.617482090625 0.6735350765625 0.6218903921875001 0.688347715625 0.6853533265625 0.7072369203125 0.6809450531250001 0.692424290625 0.617482090625
8 0.2662264296875 0.6385460734375 0.2979651125 0.62747670625 0.27775803906249996 0.5695450609375 0.2460196890625 0.5806143640625 0.2662264296875 0.6385460734375
6 0.75210861875 0.685179471875 0.7425925437500001 0.664467490625 0.7122006984375 0.678428990625 0.721716690625 0.6991409 0.75210861875 0.685179471875
6 0.3315753125 0.7573256234375 0.340953325 0.7487489671875001 0.325056953125 0.731370284375 0.31567896875 0.7399469187500001 0.3315753125 0.7573256234375
6 0.6590024140625 0.767647125 0.6434802953125 0.7514449328125 0.618752346875 0.775130715625 0.6342743984375 0.7913328421875 0.6590024140625 0.767647125
6 0.6893112218749999 0.6713616499999999 0.6645298765625001 0.669406959375 0.660998615625 0.7141694375000001 0.685779959375 0.7161241203125 0.6893112218749999 0.6713616499999999
1 0.359560315625 0.5119228890625 0.36689277656249997 0.5102694 0.3623842578125 0.490277778125 0.35505181874999997 0.4919312640625 0.359560315625 0.5119228890625
6 0.2623651296875 0.59662634375 0.231496515625 0.60269370625 0.2468706734375 0.680902521875 0.2777392734375 0.67483520625 0.2623651296875 0.59662634375
6 0.6783867906250001 0.7563096140625001 0.664325025 0.750347534375 0.6487934515625 0.7869727140625 0.6628552 0.7929347671875 0.6783867906250001 0.7563096140625001
