2 0.394539725 0.55425833125 0.343858725 0.542433934375 0.3298173015625 0.6026115109375 0.3804982796875 0.6144358421875 0.394539725 0.55425833125
3 0.561304546875 0.6639673734375 0.58879369375 0.660219303125 0.5801525296875 0.596852103125 0.5526637125 0.6006001515625 0.561304546875 0.6639673734375
1 0.6902690140625001 0.58443535625 0.702295596875 0.5836336640625001 0.7003805203125 0.55490799375 0.688354 0.555709684375 0.6902690140625001 0.58443535625
9 0.25342617343749996 0.3896167140625 0.2949800375 0.395825703125 0.315437621875 0.2589160875 0.2738843046875 0.25270713906250003 0.25342617343749996 0.3896167140625
3 0.2835012578125 0.5068985171875 0.309927584375 0.5003828718750001 0.2968953890625 0.447530734375 0.2704692625 0.454046353125 0.2835012578125 0.5068985171875
3 0.31442119375 0.49673438125 0.33429855 0.5232355281250001 0.3595003984375 0.504334096875 0.3396230671875 0.4778330125 0.31442119375 0.49673438125
6 0.48121064843749994 0.7548205109375 0.5147135390625001 0.757179490625 0.5185679046875 0.70244471875 0.4850654203125 0.700085753125 0.48121064843749994 0.7548205109375
3 0.6736867265625001 0.5506820578125 0.6645838515625 0.581297503125 0.6841725671875001 0.5871211781250001 0.693275378125 0.5565057875 0.6736867265625001 0.5506820578125
3 0.64592066875 0.5132424453125 0.63357101875 0.541739009375 0.6589813328125 0.5527501359375 0.6713309078125 0.5242536359375001 0.64592066875 0.5132424453125
9 0.70242818125 0.4095852640625 0.7473877953125 0.400912215625 0.719356009375 0.255606821875 0.6743970203125 0.264279809375 0.70242818125 0.4095852640625
7 0.35101403593749997 0.6212997812500001 0.3444066171875 0.6188997875 0.3181728296875 0.691114775 0.3247802390625 0.6935147515625 0.35101403593749997 0.6212997812500001
7 0.3579864671875 0.6246806640625 0.352288178125 0.6244696421875 0.349499134375 0.6997735234375 0.355197425 0.6999845437500001 0.3579864671875 0.6246806640625
