2 0.5909906781250001 0.52142559375 0.560392765625 0.5230646078125 0.5649191703125 0.6075578640625 0.5955170828125 0.6059188625 0.5909906781250001 0.52142559375
3 0.5344247234374999 0.616821990625 0.567229084375 0.614892521875 0.56174195625 0.521615253125 0.5289381234375 0.5235447062499999 0.5344247234374999 0.616821990625
2 0.645690621875 0.6490904765625001 0.70370960625 0.65090336875 0.70665785 0.5565455015625 0.6486398796875 0.5547326265625 0.645690621875 0.6490904765625001
3 0.7287777281250001 0.4909992984375 0.7021857828125 0.48264247656250003 0.6907665734374999 0.5189763828125 0.7173585078125 0.5273331796875 0.7287777281250001 0.4909992984375
3 0.77211058125 0.47135786093750004 0.7425336375 0.4612401515625 0.7318454796875 0.49248252968750006 0.7614224109375 0.5026002140625 0.77211058125 0.47135786093750004
9 0.33318025156250003 0.5488556734375 0.2872188203125 0.5478673749999999 0.2842095515625 0.6877997312499999 0.3301709828125 0.6887880171874999 0.33318025156250003 0.5488556734375
3 0.3393775765625 0.5593258999999999 0.36006578437500003 0.548568965625 0.3366021265625 0.503446753125 0.315914059375 0.5142036421875 0.3393775765625 0.5593258999999999
6 0.7835209890625 0.670559084375 0.76806640625 0.6507483296875 0.736139571875 0.6756514171875 0.751594065625 0.695462090625 0.7835209890625 0.670559084375
7 0.34779093906249997 0.6343667515625 0.33879048749999996 0.6308444984375 0.3191360703125 0.68106115 0.32813651093749996 0.6845833828125001 0.34779093906249997 0.6343667515625
7 0.3350703265625 0.69509640625 0.33979178125 0.6966674625 0.3552613171875 0.650183715625 0.3505399078125 0.6486126671875 0.3350703265625 0.69509640625
6 0.3411424703125 0.7109389890625 0.3489178109375 0.6893917187499999 0.3264337765625 0.68127954375 0.3186584109375 0.7028267593749999 0.3411424703125 0.7109389890625
7 0.567804334375 0.52368828125 0.5756204390625 0.523761465625 0.5766583390625 0.41291315468749995 0.5688423593749999 0.412839971875 0.567804334375 0.52368828125
5 0.43070614999999995 0.703277690625 0.441050346875 0.6343209921875 0.3592326015625 0.6220491499999999 0.34888793281249997 0.6910052656250001 0.43070614999999995 0.703277690625
