3 0.374 0.612 0.3728 0.608 0.37 0.604 0.3688 0.5976 0.3668 0.592 0.3652 0.588 0.3612 0.5856 0.3556 0.5824 0.3524 0.5791999999999999 0.3492 0.5784 0.3468 0.576 0.3432 0.5728 0.34199999999999997 0.5736 0.3404 0.5768 0.33799999999999997 0.5824 0.3368 0.5928 0.3352 0.6032 0.33399999999999996 0.6128 0.33599999999999997 0.6216 0.3404 0.6312 0.346 0.6392 0.3516 0.6472 0.3548 0.6504 0.358 0.6519999999999999 0.3612 0.6504 0.3644 0.6472 0.3668 0.6456000000000001 0.36960000000000004 0.6408 0.37120000000000003 0.6352 0.37320000000000003 0.6248 0.374 0.62 0.374 0.612
2 0.5728 0.5224 0.5692 0.5232 0.5668 0.5256000000000001 0.5656 0.528 0.5636 0.5352 0.5624 0.5408000000000001 0.562 0.5488000000000001 0.5624 0.5559999999999999 0.5628 0.568 0.564 0.5904 0.5671999999999999 0.5992 0.5716 0.6072 0.5791999999999999 0.6064 0.5836 0.6048 0.5871999999999999 0.6008 0.5924 0.5944 0.5936 0.5864 0.5940000000000001 0.5776 0.592 0.5648 0.5908 0.5559999999999999 0.5896 0.548 0.5884 0.5408000000000001 0.5868 0.5352 0.5836 0.5296000000000001 0.5808 0.5256000000000001 0.5784 0.5232 0.5728 0.5224
2 0.7048 0.616 0.7048 0.6032 0.7051999999999999 0.592 0.706 0.5776 0.706 0.5711999999999999 0.7051999999999999 0.5656 0.7011999999999999 0.5599999999999999 0.6968 0.5591999999999999 0.6892 0.5559999999999999 0.6812 0.5559999999999999 0.6764 0.5584 0.6724 0.5631999999999999 0.6672 0.5751999999999999 0.6656 0.5751999999999999 0.6592 0.5776 0.6556 0.5791999999999999 0.6532 0.5808 0.6496000000000001 0.5824 0.6484 0.5896 0.6472 0.6008 0.6484 0.6104 0.65 0.6192 0.6519999999999999 0.624 0.6616 0.6392 0.6639999999999999 0.6424000000000001 0.67 0.6464000000000001 0.6759999999999999 0.6464000000000001 0.6799999999999999 0.6488 0.6876 0.6504 0.692 0.6496000000000001 0.6968 0.6464000000000001 0.6984 0.6424000000000001 0.7 0.636 0.7028 0.628 0.7048 0.616
3 0.7552 0.54 0.752 0.5352 0.7496 0.5312 0.7416 0.5304 0.7372 0.5272 0.7304 0.5328 0.7252 0.5416000000000001 0.7203999999999999 0.54 0.7108 0.5384 0.708 0.5384 0.7048 0.5432 0.7036 0.5448000000000001 0.7024 0.5544 0.7024 0.568 0.7036 0.576 0.7072 0.5864 0.7132 0.5976 0.7172 0.6064 0.7248 0.6048 0.7312000000000001 0.6024 0.7384000000000001 0.5992 0.7456 0.5944 0.7524 0.5888 0.7548 0.5856 0.756 0.5808 0.7572 0.5664 0.7572 0.5576 0.7564 0.5472 0.7552 0.54
7 0.5616 0.528 0.5616 0.5472 0.5660000000000001 0.5344 0.5696 0.528 0.576 0.524 0.5788 0.5248 0.5848 0.5384 0.5844 0.5344 0.5836 0.516 0.5812 0.4968 0.5804 0.47919999999999996 0.5804 0.4584 0.5816 0.43600000000000005 0.5812 0.4184 0.5780000000000001 0.40800000000000003 0.5748 0.4048 0.5700000000000001 0.4072 0.5656 0.4144 0.5648 0.4248 0.5624 0.44960000000000006 0.5624 0.48319999999999996 0.5616 0.528
7 0.3424 0.696 0.3488 0.6864 0.354 0.6792 0.358 0.6712 0.3624 0.6607999999999999 0.36360000000000003 0.6527999999999999 0.36360000000000003 0.6456000000000001 0.358 0.64 0.3484 0.6376000000000001 0.3396 0.6296 0.33799999999999997 0.628 0.3352 0.62 0.3336 0.62 0.3296 0.6312 0.32799999999999996 0.6384000000000001 0.3256 0.6488 0.3216 0.6576 0.31880000000000003 0.6664 0.31720000000000004 0.6744 0.316 0.6816 0.31720000000000004 0.6872 0.31880000000000003 0.6912 0.3268 0.6912 0.33039999999999997 0.6872 0.3352 0.6784 0.33999999999999997 0.6696 0.3436 0.6639999999999999 0.33799999999999997 0.6776 0.3344 0.6816 0.3332 0.6864 0.3324 0.6928 0.3352 0.6984 0.3368 0.7 0.3424 0.696
3 0.5124 0.6152 0.5224 0.616 0.5276 0.6136 0.532 0.6112 0.5336000000000001 0.6024 0.5347999999999999 0.5888 0.5347999999999999 0.5736 0.5347999999999999 0.5591999999999999 0.5324 0.5472 0.5267999999999999 0.5416000000000001 0.5164 0.5408000000000001 0.5132 0.5408000000000001 0.5084 0.5472 0.5048 0.5648 0.5032 0.5856 0.5048 0.6032 0.5067999999999999 0.6112 0.5124 0.6152
3 0.706192590625 0.5238241734375 0.71179729375 0.5242553046875 0.717401996875 0.52253078125 0.7217133062500001 0.5134770296875 0.7251623546875 0.5005431 0.7217133062500001 0.49019595625 0.7152463421874999 0.48674690781249996 0.706192590625 0.48760916875 0.6988633640625 0.493213871875 0.6980011015625001 0.5018364921875 0.694120921875 0.5083034578125 0.694120921875 0.5143392921875 0.6967077078125 0.5190817328125 0.706192590625 0.5238241734375
9 0.7596528359375 0.63376258125 0.7669820625 0.639798415625 0.773017896875 0.64454085625 0.784658434375 0.6462653796875 0.7962989703125001 0.6449719875000001 0.810957425 0.639798415625 0.8260470109375 0.6346248421875 0.8338073687499999 0.6199663890625 0.8351007609375 0.606601328125 0.8312205828125 0.5971164453125 0.8264781421875 0.5893560875 0.8144064734375001 0.573835371875 0.7919876609375 0.54322506875 0.7825027796875 0.53503358125 0.776898075 0.5341713171875 0.773449028125 0.5406382828125 0.773017896875 0.5483986421875 0.7635330140625001 0.581164596875 0.7635330140625001 0.58892495625 0.7613773593750001 0.594529659375 0.7583594421875001 0.6147928171875 0.7574971796875001 0.6255710921875 0.7596528359375 0.63376258125
5 0.39836505 0.6320380578125 0.41043671875000004 0.6376427609374999 0.4250951734375 0.6428163328125 0.42595743593749996 0.6307446640625 0.41690368437499997 0.628589009375 0.3992273125 0.62298430625 0.3867245140625 0.62212204375 0.37810189375 0.6238465671875 0.3858622515625 0.628589009375 0.39836505 0.6320380578125
9 0.31903694531250004 0.5574523921875 0.31084545625 0.55572786875 0.30610301562500003 0.5540033453125 0.2918756921875 0.5479675109375 0.28713325 0.5518476890625 0.28713325 0.62298430625 0.28454646562499997 0.672133240625 0.2905822984375 0.6859294328125001 0.295324740625 0.6872228265625 0.2974803953125 0.6880850875 0.30092944374999997 0.6880850875 0.3125699796875 0.6816181218749999 0.32033033906249997 0.65445686875 0.33240200625 0.585044778125 0.3306774828125 0.5647816203125 0.32636617343749996 0.5591769171875 0.31903694531250004 0.5574523921875
3 0.36646135625 0.573835371875 0.3737905828125 0.5785778125000001 0.37810189375 0.582889121875 0.3884490375 0.585044778125 0.39664052656250004 0.5785778125000001 0.3893113 0.561332571875 0.37810189375 0.5548656078125 0.372497190625 0.550554296875 0.36430570156250003 0.548829771875 0.35611421249999997 0.5475363796875 0.3587009984375 0.5479675109375 0.3582698671875 0.5574523921875 0.3587009984375 0.5626259640625 0.36128778437500003 0.5690929296875 0.36646135625 0.573835371875
6 0.7745807578125 0.6713379109375001 0.776655990625 0.6666686375 0.7745807578125 0.6604429374999999 0.7719867171875 0.6557736625 0.7662798265624999 0.6521420046874999 0.762129359375 0.656292471875 0.75953531875 0.661480553125 0.76109174375 0.667706253125 0.75797889375 0.672375528125 0.7564224687500001 0.6713379109375001 0.75175319375 0.666149828125 0.7403394125 0.672375528125 0.7372265625 0.677044803125 0.7455274953125001 0.6832705015625 0.7522720031250001 0.6874209671875 0.7605729343750001 0.688458584375 0.766798634375 0.6832705015625 0.7714679078125 0.678601228125 0.7730243328124999 0.673931953125 0.7745807578125 0.6713379109375001
0 0.7709814546875 0.4125346671875 0.6939749843749999 0.4207853609375 0.583048996875 0.50695926875 0.50695926875 0.5078760124999999 0.4803737015625 0.5042090375 0.4281193109375 0.49412485781250004 0.37219794375 0.47762347031249996 0.3272775015625 0.45287139062500004 0.319026809375 0.49320811249999996 0.5307946046875001 0.5665476093749999 0.6518047734375 0.5216271671875 0.760897275 0.4721230078125 0.7709814546875 0.4125346671875
0 0.6252192062499999 0.6765568531249999 0.6536382609375 0.6628056984375 0.677473596875 0.6646391859375 0.7040591640625 0.680223828125 0.699475446875 0.6316364125 0.7260610140625 0.62613595 0.7563135562500001 0.6178852578125 0.7544800687500001 0.5509629671875 0.690308009375 0.5885494578125 0.6059675890625 0.622468975 0.5335448359375 0.6536382609375 0.445537440625 0.6499712875 0.3630305078125 0.629802925 0.3529463265625 0.681140571875 0.43637000312499996 0.7013089328125 0.48862439375 0.709559628125 0.5115429875 0.6958084718750001 0.547295990625 0.683890803125 0.5857992265624999 0.688474521875 0.6252192062499999 0.6765568531249999
