9 0.21841750000000001 0.6510308640625 0.2934694828125 0.649973909375 0.2919570421875 0.5426357640624999 0.2169064859375 0.5436927093749999 0.21841750000000001 0.6510308640625
3 0.3893284640625 0.596400553125 0.4082196734375 0.603191803125 0.4130541984375 0.589745003125 0.3941630328125 0.5829537625000001 0.3893284640625 0.596400553125
3 0.6036751859375 0.6036050687500001 0.597868853125 0.59025204375 0.5761113203125 0.5997118875 0.58191761875 0.6130648843750001 0.6036751859375 0.6036050687500001
6 0.6136190640625 0.6786612078125 0.5696112828125 0.69396588125 0.58943295625 0.750953221875 0.633440690625 0.7356486484375 0.6136190640625 0.6786612078125
7 0.6760770140625 0.47745993281250004 0.6809425578125 0.4775552875 0.68189920625 0.428743934375 0.6770336953125 0.4286485796875 0.6760770140625 0.47745993281250004
7 0.670218746875 0.399523540625 0.6639260890625 0.3997885578125 0.6672064734375 0.4776748484375 0.67349913125 0.47740983281249993 0.670218746875 0.399523540625
6 0.67587185625 0.6618550890625 0.656267475 0.66009164375 0.653769721875 0.6878555937499999 0.6733741015625 0.6896190328125 0.67587185625 0.6618550890625
3 0.69933531875 0.559901040625 0.6806909046875 0.5459154374999999 0.6562919171875 0.57843895 0.6749362890625 0.5924245046875 0.69933531875 0.559901040625
3 0.6816451703124999 0.476843265625 0.6661655875 0.4772303375 0.6673043703125 0.5227684125 0.6827839531250001 0.522381340625 0.6816451703124999 0.476843265625
3 0.64843819375 0.58835974375 0.6414930140624999 0.57313361875 0.6050125984375 0.5897718750000001 0.611957715625 0.6049979453125001 0.64843819375 0.58835974375
3 0.43312758437500004 0.6185062343750001 0.4383977328125 0.6089308250000001 0.41948783437500003 0.5985243046875001 0.41421768437499995 0.6080996953125 0.43312758437500004 0.6185062343750001
3 0.3427400453125 0.5870034078125 0.3873011078125 0.6081146000000001 0.3975839734375 0.5864118828125 0.35302307499999996 0.5653007359375 0.3427400453125 0.5870034078125
3 0.6112273015625 0.5260957312500001 0.5938294421875 0.5243556640625 0.59156129375 0.547031528125 0.6089591515625 0.5487715921875 0.6112273015625 0.5260957312500001
3 0.56397915 0.5529506515625 0.5839220921875 0.5506491453125 0.5793197328125 0.5107730453125 0.5593769203125001 0.51307454375 0.56397915 0.5529506515625
3 0.31508908125 0.5307464484375 0.3295101609375 0.5051041515625 0.30503978125 0.49134325624999997 0.2906186984375 0.5169854968750001 0.31508908125 0.5307464484375
3 0.3494725484375 0.515106071875 0.34946856249999997 0.5385303984375 0.37506823125 0.5385347078125 0.37507216875 0.5151104296875 0.3494725484375 0.515106071875
3 0.30909755 0.5357532390624999 0.29365999062500003 0.547630259375 0.32176736875 0.5841602406249999 0.3372048875 0.5722832671875 0.30909755 0.5357532390624999
