9 0.2726525453125 0.4432386984375 0.3073980890625 0.4409224421875 0.299517365625 0.322715653125 0.2647723 0.3250318921875 0.2726525453125 0.4432386984375
3 0.33309868125 0.5568315171875 0.3477691515625 0.5437922281249999 0.3220478640625 0.51485585625 0.3073774484375 0.5278951046875 0.33309868125 0.5568315171875
9 0.298145465625 0.5693768375 0.2546912546875 0.5672744734374999 0.2483828046875 0.6976501328125 0.291837015625 0.6997524703125 0.298145465625 0.5693768375
3 0.706700459375 0.5824485140625 0.6939663281249999 0.56383913125 0.6553555984375 0.590257140625 0.6680896421875 0.608866446875 0.706700459375 0.5824485140625
9 0.701533059375 0.5460774453125 0.7116512203124999 0.6447224109375 0.7914653484375 0.6365360843750001 0.781346559375 0.5378918421875001 0.701533059375 0.5460774453125
3 0.7185324046875 0.48346659062499997 0.7046510171875 0.47902488437499996 0.6911373359375 0.521255190625 0.705018715625 0.5256968828125 0.7185324046875 0.48346659062499997
9 0.7130927078125 0.29779015625 0.6669664015625 0.3024765828125 0.6800343546875001 0.43109354375000003 0.7261606546875 0.4264071515625 0.7130927078125 0.29779015625
6 0.7387870203125 0.6787216171875 0.7222980484375 0.67359109375 0.710998228125 0.709902284375 0.727487190625 0.7150327875 0.7387870203125 0.6787216171875
3 0.6480707078125 0.5481150359375 0.657118684375 0.55641048125 0.6739759484375 0.53802563125 0.66492799375 0.5297302046875 0.6480707078125 0.5481150359375
3 0.6695220625 0.616203625 0.652026653125 0.5953728296875 0.6166629859375 0.6250707015625 0.6341582984375 0.6459014062499999 0.6695220625 0.616203625
