2 0.31641410468750003 0.5672898484375 0.27566795312500003 0.5836996109375 0.30108965312499997 0.64681575 0.3418357484375 0.630406090625 0.31641410468750003 0.5672898484375
9 0.298733765625 0.3958391 0.2563492953125 0.3878925125 0.23500455312500002 0.5017317828125 0.2773890046875 0.50967830625 0.298733765625 0.3958391
3 0.30127861562499997 0.5023791640625 0.27205897968750004 0.5153645671875 0.28982816875 0.555345221875 0.3190477765625 0.5423598625 0.30127861562499997 0.5023791640625
9 0.77450125625 0.6611991125000001 0.830824271875 0.6320127249999999 0.77444045 0.5232176046875 0.718118465625 0.5524036703124999 0.77450125625 0.6611991125000001
3 0.67896861875 0.5277079015624999 0.69466148125 0.5420148874999999 0.7198565453125 0.51438150625 0.7041637359374999 0.5000745625 0.67896861875 0.5277079015624999
3 0.6783896890625 0.548866034375 0.6681346109375 0.5353457171875 0.6418750046875 0.5552616312499999 0.652130040625 0.5687819109375 0.6783896890625 0.548866034375
7 0.27412500781250004 0.720988125 0.2793510015625 0.722088178125 0.2926136390625 0.6590909093749999 0.2873877125 0.6579908640625 0.27412500781250004 0.720988125
7 0.30681818125000004 0.6590909093749999 0.30539772656249997 0.6590909093749999 0.30539772656249997 0.689867425 0.30681818125000004 0.689867425 0.30681818125000004 0.6590909093749999
7 0.31130240468750003 0.6932013046875001 0.30539762656249997 0.68986736875 0.28267045468749996 0.7301136359375 0.2885752203125 0.73344755625 0.31130240468750003 0.6932013046875001
3 0.36019423125 0.6717540843750001 0.3745331765625 0.626236559375 0.33867198125 0.6149409546875 0.3243329453125 0.6604583125000001 0.36019423125 0.6717540843750001
