2 0.3820625 0.48255781249999996 0.37853125 0.4781984375 0.37146875 0.47383749999999997 0.362640625 0.47092968749999997 0.3569921875 0.46947656249999997 0.3506359375 0.46947656249999997 0.3485171875 0.472384375 0.3453390625 0.48110468749999996 0.3439265625 0.48546562499999996 0.3428671875 0.49127968749999995 0.34180781250000003 0.501453125 0.34180781250000003 0.5087203125 0.3432203125 0.5152609375 0.3467515625 0.5218015625 0.3513421875 0.5261625000000001 0.3566390625 0.5254359375 0.3587578125 0.524709375 0.36193437500000003 0.529796875 0.364053125 0.5305234375000001 0.368996875 0.5334296875 0.373234375 0.5334296875 0.3764125 0.529796875 0.380296875 0.52325625 0.38135625 0.514534375 0.381709375 0.5058140625 0.381709375 0.49709375 0.3820625 0.4905515625 0.3820625 0.48255781249999996
2 0.40430781250000003 0.49127968749999995 0.40254218750000004 0.48619218750000004 0.40042343750000003 0.4840109375 0.39971718749999996 0.48183125000000004 0.3972453125 0.478925 0.3930078125 0.48183125000000004 0.388771875 0.48546562499999996 0.385946875 0.4905515625 0.383828125 0.49345937500000003 0.381003125 0.496365625 0.378884375 0.5094484375 0.378178125 0.516715625 0.37711875 0.5261625000000001 0.37853125 0.5348843750000001 0.38065000000000004 0.5421515625 0.38241562500000004 0.545784375 0.385240625 0.5486921875 0.39018437499999997 0.5501453125 0.3954796875 0.547965625 0.3968921875 0.5450578125 0.40042343750000003 0.5421515625 0.4018359375 0.53924375 0.40254218750000004 0.52834375 0.4046609375 0.51816875 0.4060734375 0.5094484375 0.4053671875 0.5007265624999999 0.40430781250000003 0.49127968749999995
2 0.41913906250000005 0.506540625 0.4149015625 0.5058140625 0.4110171875 0.5050874999999999 0.4085453125 0.50290625 0.4057203125 0.5043609375 0.40430781250000003 0.5087203125 0.4028953125 0.5123546875 0.39971718749999996 0.52834375 0.3993640625 0.5356109375 0.39971718749999996 0.53924375 0.4011296875 0.5465109375 0.4032484375 0.5530515625 0.4074859375 0.5581390625 0.41207656249999997 0.5617734375000001 0.41560781249999995 0.561046875 0.41878593750000004 0.5588656249999999 0.42266875 0.5537796875 0.42584687499999996 0.5501453125 0.42867187500000004 0.537790625 0.43114375000000005 0.5254359375 0.43114375000000005 0.5203484375 0.43079062500000004 0.5152609375 0.42937812500000005 0.5123546875 0.42761250000000006 0.5094484375 0.42125781250000005 0.506540625 0.41913906250000005 0.506540625
2 0.5755656250000001 0.5123546875 0.5734468749999999 0.511628125 0.570621875 0.51308125 0.56461875 0.516715625 0.560028125 0.5239828125 0.559675 0.5290703125 0.561440625 0.5406984375 0.563559375 0.5486921875 0.565325 0.5574125000000001 0.567796875 0.5625 0.572740625 0.5675874999999999 0.5780375 0.5734015625 0.5861578125 0.574128125 0.5911015625 0.57049375 0.5971046875 0.5603203125 0.5985171874999999 0.54941875 0.5967515624999999 0.5356109375 0.5928671875 0.5218015625 0.5907484375000001 0.5109015625 0.5886296875 0.5094484375 0.5840390625 0.5094484375 0.5801546875 0.510175 0.5755656250000001 0.5123546875
2 0.5946328125 0.5370640625 0.5985171874999999 0.547965625 0.6041671875 0.5530515625 0.6091109375 0.555959375 0.613346875 0.5552328125 0.616171875 0.5515984375 0.61864375 0.542878125 0.62005625 0.53415625 0.619703125 0.5203484375 0.61723125 0.510175 0.6126406249999999 0.49782031250000003 0.6094625 0.496365625 0.6045203124999999 0.4941859375 0.5992234375 0.48909843750000004 0.5946328125 0.48183125000000004 0.5907484375000001 0.48619218750000004 0.5889828125000001 0.49927343750000003 0.5886296875 0.51308125 0.5900421875 0.5159890625 0.5946328125 0.5370640625
2 0.6444203125 0.47965156249999996 0.6348874999999999 0.480378125 0.62429375 0.480378125 0.6175843750000001 0.4840109375 0.6122875 0.48909843750000004 0.6101687499999999 0.496365625 0.611228125 0.506540625 0.611228125 0.510175 0.614759375 0.5334296875 0.6179375 0.5406984375 0.62288125 0.5436046875 0.628178125 0.5436046875 0.633475 0.541425 0.63700625 0.5385171875 0.640184375 0.5370640625 0.6447734374999999 0.53415625 0.6497171875000001 0.5334296875 0.6511296875 0.5319765624999999 0.6539546875 0.5268890625 0.6553671875 0.5203484375 0.6553671875 0.5152609375 0.6553671875 0.5072671875 0.6536015625 0.5007265624999999 0.6521890625 0.4941859375 0.6493640625 0.48546562499999996 0.6468921875 0.48110468749999996 0.6444203125 0.47965156249999996
4 0.6139328125 0.7356765625 0.6028640625 0.65234375 0.5970046875 0.65234375 0.5859375 0.6575515625 0.595703125 0.7200515625 0.60546875 0.7421875 0.6139328125 0.7356765625
4 0.388671875 0.734375 0.3932296875 0.748046875 0.4029953125 0.71875 0.4153640625 0.6412765625 0.4075515625 0.640625 0.3997390625 0.6360671875 0.392578125 0.697265625 0.388671875 0.734375
2 0.4192703125 0.6334640625 0.423828125 0.611328125 0.4231765625 0.5963546875 0.4075515625 0.591796875 0.4010421875 0.6087234375 0.3977859375 0.6354171875 0.4173171875 0.6399734375 0.4192703125 0.6334640625
2 0.5774734375 0.6067703125 0.578125 0.6302078125 0.580078125 0.6569015625 0.6015625 0.6497390625 0.599609375 0.6028640625 0.591796875 0.5970046875 0.5774734375 0.6067703125
6 0.29591134375 0.69808398125 0.29924689843749996 0.7004665203125 0.3040119765625 0.7061846140625 0.309730071875 0.70713763125 0.317354196875 0.7057081078125 0.321166259375 0.7033255671875 0.328790384375 0.69808398125 0.3326024484375 0.691412871875 0.3335554640625 0.6871243015624999 0.332125940625 0.67759414375 0.3306964171875 0.6733055734375 0.3273608625 0.6704465265625 0.3206897515625 0.669017003125 0.31973673593749996 0.6761646203125 0.319260228125 0.6833122375 0.3121126109375 0.6861712859375 0.3068710234375 0.68521826875 0.3040119765625 0.680453190625 0.2973408671875 0.6742585890624999 0.296864359375 0.670923034375 0.29448185 0.6652049546875001 0.291146265625 0.6694935109375 0.289240234375 0.676641128125 0.2887637265625 0.6809296984375 0.291146265625 0.6871243015624999 0.2935288046875 0.6942719187499999 0.29591134375 0.69808398125
6 0.31401864218750003 0.743828734375 0.3225957828125 0.7466877828125 0.33641451093749997 0.7428757187499999 0.33879705000000004 0.73143953125 0.3411795890625 0.7223858828124999 0.3273608625 0.7228623890625 0.32211927500000004 0.72047985 0.319260228125 0.7142852468750001 0.31687768906249997 0.7114262015625 0.3083005484375 0.7147617562499999 0.3068710234375 0.723338896875 0.30496499374999997 0.7300100078125 0.3068710234375 0.736204609375 0.3083005484375 0.7385871484375001 0.31401864218750003 0.743828734375
