2 0.34017422656249996 0.608527415625 0.3512859921875 0.5549578625 0.29669944375 0.543636271875 0.2855874875 0.5972055640625 0.34017422656249996 0.608527415625
2 0.319880175 0.5551935328125001 0.3682999328125 0.5604403703124999 0.3756971921875 0.492179246875 0.3272779609375 0.4869324375 0.319880175 0.5551935328125001
2 0.4704484375 0.5254359375 0.443953125 0.5254359375 0.443953125 0.595121875 0.4704484375 0.595121875 0.4704484375 0.5254359375
2 0.6675422734375001 0.60587104375 0.6542778546875 0.5638492140625 0.5992684875000001 0.581211371875 0.6125326484375 0.6232329828125 0.6675422734375001 0.60587104375
2 0.7004078125000001 0.5463421875 0.6504749999999999 0.5463421875 0.6504749999999999 0.60418125 0.7004078125000001 0.60418125 0.7004078125000001 0.5463421875
3 0.4007586109375 0.528914778125 0.373677246875 0.5227411375 0.36460705781249997 0.562525015625 0.391688415625 0.5686986359375 0.4007586109375 0.528914778125
3 0.3347022609375 0.5733444640625 0.3612823890625 0.607077403125 0.39194469375 0.582919184375 0.3653646234375 0.5491863625 0.3347022609375 0.5733444640625
3 0.6686049984375 0.5361175703125001 0.648848171875 0.5173886671875 0.6183979484375 0.5495073234375 0.6381547078125 0.5682361578124999 0.6686049984375 0.5361175703125001
3 0.32193482812499996 0.535650965625 0.328817746875 0.5012386640625001 0.28291698125 0.4920586046875 0.27603396875 0.5264707796875 0.32193482812499996 0.535650965625
9 0.7452118265625 0.33210434375000003 0.6965126484375 0.3362533484375 0.7130504609375 0.530356896875 0.7617496328125 0.5262079453124999 0.7452118265625 0.33210434375000003
7 0.3126459953125 0.6191226140625 0.30539755468749996 0.617897696875 0.28835227343750003 0.71875 0.295600709375 0.719974903125 0.3126459953125 0.6191226140625
7 0.641717090625 0.7251378359375 0.6463069859374999 0.7244317921875 0.6321022734375 0.6321022734375 0.6275124640625 0.632808309375 0.641717090625 0.7251378359375
7 0.652907875 0.6272560656249999 0.6502340265625 0.6279244359375 0.6727105296875 0.7178308171875 0.6753843765624999 0.717162453125 0.652907875 0.6272560656249999
7 0.4518431875 0.5247114875000001 0.4609376078125 0.52421874375 0.45454545468749996 0.40625 0.44545119218749996 0.4067427390625 0.4518431875 0.5247114875000001
7 0.34398450937499997 0.4872693984375 0.350781346875 0.4867187421875 0.34263392812500004 0.38616071406249997 0.3358371828125 0.3867113671875 0.34398450937499997 0.4872693984375
7 0.5311875406250001 0.399177284375 0.5246138609375001 0.3995565109375 0.52968749375 0.4875 0.5362611734375 0.48712077656249997 0.5311875406250001 0.399177284375
7 0.32825640312500004 0.61982738125 0.318631884375 0.618675890625 0.30703125 0.715625 0.3166557671875 0.7167764796875 0.32825640312500004 0.61982738125
