3 0.27 0.5072 0.274 0.5136000000000001 0.27559999999999996 0.5144 0.2764 0.5208 0.27999999999999997 0.5272 0.2884 0.532 0.29359999999999997 0.5336000000000001 0.298 0.5336000000000001 0.3024 0.5312 0.3044 0.52 0.3064 0.4968 0.3056 0.4888 0.304 0.4824 0.2952 0.472 0.28359999999999996 0.45999999999999996 0.27440000000000003 0.45519999999999994 0.26480000000000004 0.4768 0.266 0.4968 0.27 0.5072
3 0.3012 0.568 0.2944 0.5616 0.2892 0.5576 0.286 0.5559999999999999 0.2824 0.5568 0.2772 0.5671999999999999 0.2732 0.5816 0.27080000000000004 0.604 0.2716 0.6064 0.274 0.6128 0.27480000000000004 0.6144000000000001 0.27959999999999996 0.6176 0.2868 0.6224000000000001 0.2944 0.6264000000000001 0.3 0.6312 0.3076 0.6384000000000001 0.31 0.6376000000000001 0.314 0.6328 0.3168 0.6256 0.32 0.6192 0.3216 0.6104 0.3216 0.5976 0.3196 0.5896 0.3168 0.5856 0.3124 0.5791999999999999 0.3064 0.58 0.3044 0.576 0.3012 0.568
3 0.3364 0.5976 0.33199999999999996 0.5944 0.32480000000000003 0.5928 0.3204 0.6056 0.3184 0.6304000000000001 0.32 0.636 0.32120000000000004 0.6392 0.3292 0.6416000000000001 0.33799999999999997 0.648 0.344 0.6527999999999999 0.3504 0.6576 0.3552 0.6592 0.358 0.6592 0.36160000000000003 0.6576 0.36560000000000004 0.6544 0.3672 0.6432 0.368 0.6344000000000001 0.36560000000000004 0.6232 0.3604 0.6192 0.358 0.62 0.3552 0.6128 0.3516 0.612 0.348 0.604 0.3448 0.6 0.3364 0.5976
3 0.4516 0.588 0.45359999999999995 0.5736 0.4516 0.5584 0.4492 0.54 0.446 0.5368 0.438 0.5304 0.4332 0.532 0.4272 0.5368 0.42560000000000003 0.5536 0.4276 0.5744 0.43200000000000005 0.588 0.43879999999999997 0.5992 0.4408 0.5992 0.4452 0.5968 0.4516 0.588
3 0.6364 0.5608 0.6436 0.5568 0.6496000000000001 0.5511999999999999 0.6544 0.5456000000000001 0.6644 0.5472 0.6688 0.532 0.67 0.5128 0.6672 0.4952 0.662 0.4816 0.6564 0.4824 0.6384000000000001 0.49119999999999997 0.6188 0.4992 0.6164 0.5176000000000001 0.6188 0.544 0.6208 0.5504 0.6264000000000001 0.5551999999999999 0.6364 0.5608
3 0.6676 0.5128 0.6708000000000001 0.528 0.6799999999999999 0.5288 0.6856 0.5288 0.6916 0.5232 0.6972 0.5128 0.7043999999999999 0.5064 0.7091999999999999 0.5008 0.7128 0.4952 0.7136 0.4808 0.7136 0.47359999999999997 0.7104 0.46399999999999997 0.7036 0.44960000000000006 0.7003999999999999 0.44480000000000003 0.6904 0.45199999999999996 0.6808 0.4608 0.674 0.4688 0.666 0.4824 0.666 0.4928 0.6676 0.5128
2 0.6604 0.572 0.6556 0.5751999999999999 0.6516 0.5791999999999999 0.6488 0.5904 0.6496000000000001 0.5976 0.6504 0.6048 0.6527999999999999 0.608 0.6559999999999999 0.6136 0.6592 0.6192 0.6604 0.6208 0.6632 0.624 0.6664 0.6232 0.6748000000000001 0.6192 0.6839999999999999 0.6112 0.6912 0.6008 0.6964 0.5904 0.7064 0.5791999999999999 0.7064 0.5688 0.7048 0.5616 0.6976 0.5496000000000001 0.6912 0.5496000000000001 0.6852 0.5544 0.6759999999999999 0.5631999999999999 0.6704 0.5688 0.6652 0.5711999999999999 0.6604 0.572
7 0.45 0.508 0.44800000000000006 0.472 0.4464 0.4368 0.44320000000000004 0.4064 0.4396 0.3912 0.43479999999999996 0.3912 0.4316 0.4064 0.42960000000000004 0.4224 0.4288 0.44000000000000006 0.4288 0.46319999999999995 0.4288 0.47519999999999996 0.42800000000000005 0.5136000000000001 0.4272 0.5344 0.43479999999999996 0.5288 0.4408 0.5296000000000001 0.44720000000000004 0.5376000000000001 0.45199999999999996 0.5464 0.45 0.508
7 0.5328 0.45359999999999995 0.5336000000000001 0.4232 0.5272 0.3976 0.5208 0.3976 0.5184 0.4088 0.5164 0.42800000000000005 0.5156 0.45039999999999997 0.5144 0.46719999999999995 0.5128 0.4856 0.5124 0.4944 0.5084 0.524 0.5152 0.5176000000000001 0.5267999999999999 0.5176000000000001 0.5328 0.5304 0.5347999999999999 0.508 0.5328 0.476 0.5328 0.45359999999999995
7 0.7072 0.5912 0.706 0.5776 0.7003999999999999 0.5856 0.6936 0.5976 0.6839999999999999 0.6088 0.6748000000000001 0.6208 0.6616 0.6224000000000001 0.6684 0.6392 0.6788000000000001 0.6696 0.6848 0.6776 0.6924 0.6896 0.6972 0.6936 0.702 0.6952 0.7051999999999999 0.6944 0.7083999999999999 0.6912 0.7083999999999999 0.6832 0.7028 0.6696 0.6980000000000001 0.6559999999999999 0.6980000000000001 0.6416000000000001 0.7043999999999999 0.6567999999999999 0.7116 0.6736 0.7156 0.6799999999999999 0.7248 0.6799999999999999 0.7256 0.6648 0.726 0.6552 0.7184 0.632 0.714 0.6112 0.7072 0.5912
0 0.6497395828125 0.6419270828125 0.7083333328125 0.6080729171875 0.71484375 0.58203125 0.671875 0.6223958328125 0.6315104171875 0.6497395828125 0.5846354171875 0.6770833328125 0.5169270828125 0.69921875 0.4427083328125 0.7083333328125 0.3684895828125 0.6640625 0.2799479171875 0.6028645828125 0.2630208328125 0.6158854171875 0.3385416671875 0.6666666671875 0.4375 0.7252604171875 0.4817708328125 0.7083333328125 0.5260416671875 0.703125 0.5638020828125 0.6979166671875 0.6002604171875 0.6809895828125 0.6497395828125 0.6419270828125
0 0.4826729703125 0.5230345453125 0.5 0.5234375 0.5403645828125 0.5169270828125 0.609375 0.49609375 0.6809895828125 0.453125 0.6927083328125 0.4244791671875 0.60546875 0.4895833328125 0.5963541671875 0.4934895828125 0.5338541671875 0.5130208328125 0.4826729703125 0.5230345453125
9 0.2630208328125 0.5677083328125 0.21484375 0.5677083328125 0.1979166671875 0.5872395828125 0.2109375 0.63671875 0.24479166718749998 0.6536458328125 0.26953125 0.6484375 0.2630208328125 0.5677083328125
