2 0.3776 0.5751999999999999 0.37639999999999996 0.568 0.3752 0.5608 0.374 0.5559999999999999 0.3728 0.5536 0.3652 0.5528 0.36 0.5536 0.3512 0.5544 0.3456 0.5551999999999999 0.3364 0.5616 0.3352 0.5664 0.3336 0.572 0.3324 0.58 0.3316 0.588 0.33199999999999996 0.5952 0.3332 0.5992 0.3352 0.6048 0.3376 0.6104 0.3424 0.6128 0.3476 0.6136 0.3524 0.6136 0.3552 0.6136 0.3588 0.6136 0.36160000000000003 0.612 0.3648 0.6136 0.36960000000000004 0.6128 0.37360000000000004 0.6096 0.376 0.6048 0.378 0.6008 0.378 0.5912 0.3776 0.5831999999999999 0.3776 0.5751999999999999
2 0.3748 0.568 0.3744 0.5784 0.3748 0.5856 0.376 0.5976 0.37839999999999996 0.5992 0.3828 0.6 0.38839999999999997 0.6008 0.3936 0.6008 0.3984 0.5984 0.4004 0.5928 0.40199999999999997 0.5848 0.40279999999999994 0.5776 0.40279999999999994 0.5696 0.4024 0.5648 0.3996 0.5624 0.3932 0.5591999999999999 0.3848 0.5568 0.3796 0.5568 0.3752 0.5568 0.3752 0.5608 0.3748 0.568
2 0.516 0.5871999999999999 0.5156 0.5808 0.5152 0.572 0.5147999999999999 0.5656 0.5128 0.5551999999999999 0.5104 0.5464 0.5067999999999999 0.5408000000000001 0.5032 0.54 0.49800000000000005 0.5432 0.49400000000000005 0.5472 0.49160000000000004 0.5528 0.4904 0.5576 0.4888 0.564 0.48719999999999997 0.5728 0.4864 0.58 0.48600000000000004 0.5896 0.4856 0.5976 0.4856 0.6064 0.4864 0.6088 0.4888 0.6056 0.4908 0.604 0.4936 0.608 0.4976 0.6112 0.5024 0.612 0.5067999999999999 0.6088 0.5096 0.6032 0.5132 0.5984 0.5156 0.6 0.5164 0.6008 0.5168 0.5944 0.516 0.5871999999999999
2 0.6324 0.5584 0.6315999999999999 0.5536 0.6315999999999999 0.548 0.6176 0.5488000000000001 0.6115999999999999 0.5472 0.606 0.5472 0.6008 0.5511999999999999 0.5972000000000001 0.5559999999999999 0.5944 0.5576 0.5936 0.5608 0.5928 0.5671999999999999 0.5928 0.5751999999999999 0.5944 0.5824 0.5996 0.588 0.604 0.5888 0.6064 0.5871999999999999 0.608 0.5896 0.6104 0.5888 0.6115999999999999 0.592 0.6132 0.596 0.6172 0.5928 0.6212 0.5888 0.6264000000000001 0.5864 0.6308 0.5856 0.6344000000000001 0.5856 0.636 0.5864 0.6364 0.5791999999999999 0.6368 0.5736 0.6368 0.568 0.6364 0.5624 0.6348 0.5591999999999999 0.6324 0.5584
2 0.3436 0.6744 0.3432 0.6784 0.3444 0.6824 0.3468 0.688 0.3508 0.692 0.35760000000000003 0.6952 0.362 0.6976 0.3684 0.7 0.37320000000000003 0.7016 0.37639999999999996 0.7 0.38 0.6984 0.3848 0.7008 0.3872 0.6952 0.3892 0.6888 0.3912 0.6816 0.392 0.6759999999999999 0.39239999999999997 0.6672 0.3916 0.6592 0.39 0.6559999999999999 0.3868 0.6544 0.38039999999999996 0.6567999999999999 0.37639999999999996 0.6559999999999999 0.37320000000000003 0.6544 0.36920000000000003 0.6527999999999999 0.3644 0.6512 0.3608 0.6496000000000001 0.3564 0.6488 0.354 0.6488 0.352 0.6512 0.3488 0.6536 0.3476 0.6584 0.3464 0.6632 0.3452 0.6679999999999999 0.3436 0.6744
2 0.35 0.6472 0.3488 0.6416000000000001 0.3468 0.6392 0.3448 0.6344000000000001 0.3404 0.6328 0.3372 0.6296 0.33399999999999996 0.6272 0.3296 0.6264000000000001 0.3268 0.6264000000000001 0.324 0.6256 0.3216 0.6216 0.3176 0.6184000000000001 0.3108 0.6168 0.3068 0.6184000000000001 0.304 0.6224000000000001 0.3012 0.628 0.3 0.6336 0.3008 0.6368 0.3032 0.6392 0.3064 0.6416000000000001 0.31 0.6472 0.3124 0.6567999999999999 0.3136 0.6624 0.31720000000000004 0.6672 0.322 0.6688 0.32639999999999997 0.6688 0.3292 0.6696 0.3316 0.6719999999999999 0.3324 0.6768 0.3364 0.6799999999999999 0.3396 0.6792 0.34199999999999997 0.6752 0.3432 0.6719999999999999 0.3448 0.6672 0.3456 0.6639999999999999 0.3472 0.6576 0.3484 0.6527999999999999 0.35 0.6472
1 0.6949352421875 0.66535535625 0.69724016875 0.664971203125 0.7006975578125 0.6611296578125 0.70607571875 0.6561356515625001 0.711069725 0.6488367187499999 0.70607571875 0.640385321875 0.702234175 0.6380803968750001 0.6987767859375 0.6396170140625 0.694166934375 0.63884870625 0.6884046171875 0.644995175 0.6864838468750001 0.651909953125 0.6864838468750001 0.6576722687500001 0.690325390625 0.6630504296875 0.6949352421875 0.66535535625
6 0.301244109375 0.7753940859374999 0.3004187828125 0.7716801171875 0.29175285624999997 0.7617762015625 0.287626225 0.759300221875 0.2793729625 0.7613635375000001 0.2826742671875 0.760950875 0.281436278125 0.7667281578125 0.281436278125 0.7745687593749999 0.2822616046875 0.7852980015625 0.289689540625 0.7890119703125 0.2983554671875 0.786535990625 0.301244109375 0.7753940859374999
0 0.64324185625 0.5537991875 0.69019925625 0.545600278125 0.6931806796875 0.5299478093750001 0.6857271234375 0.4934253875 0.639515078125 0.5068417875 0.611936921875 0.5142953421875001 0.58808554375 0.5180221203125 0.5582713218750001 0.5180221203125 0.5359106546875 0.5172767656249999 0.5128046312500001 0.5172767656249999 0.4844811203125 0.5217488984374999 0.44348656406250003 0.5292024546875 0.38385811875 0.5284570984375 0.34808105 0.5210035421875 0.28696189375 0.501624296875 0.2899433171875 0.55454454375 0.3294471609375 0.5619980984375 0.4263433859375 0.5776505671875001 0.5396374328125 0.5709423671875 0.64324185625 0.5537991875
0 0.5605073875000001 0.682000346875 0.44274120781250004 0.687217834375 0.38236740625 0.6812549906250001 0.2988875828125 0.6372790125 0.290688671875 0.673801434375 0.3898209625 0.73193916875 0.4904439640625 0.7364113031249999 0.5828680546875 0.7237402578125 0.6506954125 0.6842364125 0.6313161671875 0.6492047015625 0.5605073875000001 0.682000346875
