2 0.3322602328125 0.614413409375 0.378551571875 0.613256246875 0.377032509375 0.5525042171875 0.330741671875 0.553661371875 0.3322602328125 0.614413409375
2 0.40354465937499995 0.5574941765625 0.3752131484375 0.5564449671875 0.37359068125 0.6002515640625 0.4019221921875 0.6013007703125 0.40354465937499995 0.5574941765625
2 0.519239578125 0.540728996875 0.4882490546875 0.53932048125 0.4849814390625 0.6112083328125 0.5159719609375 0.612616840625 0.519239578125 0.540728996875
2 0.6368 0.5472 0.5928 0.5472 0.5928 0.596 0.6368 0.596 0.6368 0.5472
2 0.6995229203125 0.6484788796875 0.6800380140625 0.6019374890625 0.6318335421875 0.622116259375 0.6513181718750001 0.6686574140625 0.6995229203125 0.6484788796875
3 0.63320000625 0.6392000046875 0.6331999984375 0.6231999953125 0.6248000015625 0.623200003125 0.624799996875 0.6391999984375001 0.63320000625 0.6392000046875
2 0.38703567968749997 0.7041542578125 0.3959115234375 0.6560819265625 0.34859507968750003 0.647346853125 0.339719053125 0.6954189453125 0.38703567968749997 0.7041542578125
2 0.33824604062499997 0.6812306875 0.36187885625 0.6457857171875 0.3110159265625 0.611877390625 0.2873831546875 0.6473221484375 0.33824604062499997 0.6812306875
1 0.713934990625 0.6477524390625 0.698970421875 0.6337249593750001 0.6802936500000001 0.653646878125 0.69525818125 0.6676743203125 0.713934990625 0.6477524390625
9 0.7005068546875 0.727317809375 0.7595012624999999 0.716622434375 0.7359558765624999 0.5867714234375 0.676962953125 0.5974666625 0.7005068546875 0.727317809375
6 0.2991341625 0.7579115875 0.2792459859375 0.76031144375 0.2828100234375 0.7898421015625 0.302698196875 0.7874422531249999 0.2991341625 0.7579115875
7 0.32241425 0.699503153125 0.3167297546875 0.698364371875 0.30362748281249996 0.7637570078125 0.309311975 0.76489578125 0.32241425 0.699503153125
7 0.3535473921875 0.6990415375000001 0.3488820203125 0.697533003125 0.327329878125 0.7641756359375 0.33199524375 0.765684159375 0.3535473921875 0.6990415375000001
7 0.3826161890625 0.5461379375 0.39051946718749997 0.5457571859375 0.386526728125 0.46288730312500004 0.37862355000000003 0.463268053125 0.3826161890625 0.5461379375
7 0.3532871859375 0.4486851578125 0.34415411093750004 0.4491963640625 0.3499560859375 0.5528454515625 0.3590891609375 0.55233425 0.3532871859375 0.4486851578125
7 0.6439223265625 0.47448626093749996 0.6372782406249999 0.47264445000000005 0.6236010000000001 0.5219796421875 0.63024508125 0.5238214453125 0.6439223265625 0.47448626093749996
7 0.6779500265625 0.756018903125 0.685265325 0.7550195234375 0.673650559375 0.6700152796875 0.6663353953125 0.6710146499999999 0.6779500265625 0.756018903125
7 0.6679345296875 0.7505330328125 0.6752871328125 0.74918158125 0.6632943578125 0.68394538125 0.6559418578125 0.6852968234375 0.6679345296875 0.7505330328125
7 0.3694752046875 0.7118445015625 0.3652853828125 0.7114070609375001 0.3580686421875 0.7805179875 0.36225846562499997 0.7809554249999999 0.3694752046875 0.7118445015625
7 0.352609209375 0.772087078125 0.3570385296875 0.772679953125 0.364539896875 0.71664728125 0.36011063125 0.716054409375 0.352609209375 0.772087078125
6 0.688262778125 0.745651903125 0.6667124390625 0.7539814234375 0.6774997296875 0.7818856171874999 0.699050053125 0.7735561265625 0.688262778125 0.745651903125
