2 0.5583453125 0.4781984375 0.5562234375 0.48909843750000004 0.5551625 0.5072671875 0.5551625 0.5218015625 0.5562234375 0.532703125 0.5615281249999999 0.5399703125 0.5675390625000001 0.545784375 0.5721359374999999 0.550871875 0.57779375 0.53924375 0.5838046875 0.5319765624999999 0.5862796875 0.519621875 0.5880484375 0.50799375 0.5880484375 0.488371875 0.5869875 0.478925 0.5838046875 0.47165625 0.5813296875 0.4614828125 0.5781468750000001 0.45566874999999996 0.5749640625 0.45421562499999996 0.5678921875 0.45784843750000004 0.5625890625000001 0.4629359375 0.5586984375 0.46802343750000003 0.5583453125 0.4781984375
3 0.697113934375 0.46986399062500006 0.69628073125 0.483622009375 0.697113934375 0.48862492968750004 0.705862715625 0.4686132484375 0.7104453578125 0.4573566984375 0.717527671875 0.4473508578125 0.719194140625 0.4448494140625 0.719610709375 0.43776192968750005 0.7193749984375 0.42770833281250004 0.7162779015625 0.434426671875 0.7133615984375 0.44318176249999996 0.706279284375 0.445683221875 0.7012800078125 0.4494354078125 0.6975305671875 0.4573566984375 0.697113934375 0.46986399062500006
3 0.3546626265625 0.5002983984375 0.356329046875 0.501549125 0.3634113765625 0.504050578125 0.359661903125 0.49863075312499994 0.3525795890625 0.49279402812499995 0.34716368124999997 0.4936278328125 0.3438308234375 0.4811205421875 0.33966474999999996 0.4890418328125 0.33239583125 0.4959375 0.335498675 0.499047671875 0.3400813671875 0.504050578125 0.34674707968749996 0.5061351265625 0.34716368124999997 0.500715303125 0.3546626265625 0.5002983984375
3 0.3650778125 0.5649194078125 0.36716085 0.5603333921875 0.36757745000000003 0.5532459390625 0.36257815781249997 0.5490768421875 0.35757886562499996 0.54824301875 0.3513297546875 0.5461584703125 0.346330478125 0.5461584703125 0.34177083124999996 0.5459375 0.34299760625000003 0.55491356875 0.349663334375 0.5599165203124999 0.354246009375 0.559082665625 0.3559124453125 0.5632517625 0.35757886562499996 0.5678377796875 0.3650778125 0.5649194078125
3 0.6421217343750001 0.55491356875 0.6437881703125 0.5611672140625 0.64753764375 0.5665870375 0.6525369203125 0.5603333921875 0.650104165625 0.5547916671875 0.6421217343750001 0.55491356875
9 0.7400245109375 0.651636646875 0.765854159375 0.6420477109375 0.7858513281249999 0.633709515625 0.7908506046875 0.6199514828125 0.7929336421875 0.600773640625 0.7912672374999999 0.57575905625 0.7858513281249999 0.5528290203124999 0.7733531046875 0.549493778125 0.7512728984375 0.5553304875 0.741690915625 0.554496665625 0.7333587671874999 0.5515783265625 0.72710965625 0.561584134375 0.728359490625 0.591184734375 0.728359490625 0.6111963828125 0.7279428578125 0.62954041875 0.732525565625 0.6487182609375 0.7400245109375 0.651636646875
9 0.22634753437500002 0.61174579375 0.2346796828125 0.6234192625 0.2571764828125 0.6380111046875 0.27759025312499996 0.6442647499999999 0.2880054390625 0.635509653125 0.289671859375 0.605075228125 0.286339003125 0.5817282890625 0.282172928125 0.5650519 0.2825895296875 0.55296151875 0.2838393640625 0.5408711296875001 0.279673290625 0.53878658125 0.263008984375 0.5404542265625001 0.2400955765625 0.5408711296875001 0.22551431718749998 0.5525446078125 0.2250977078125 0.5746408203125 0.22551431718749998 0.5942355828125 0.22634753437500002 0.61174579375
0 0.3779926359375 0.5907678 0.34508064374999997 0.58409725 0.330916 0.572840684375 0.3255001078125 0.594103090625 0.33883153125 0.5966045421875 0.3634113765625 0.6061934796874999 0.381742109375 0.60869493125 0.3779926359375 0.5907678
7 0.568854165625 0.4573958328125 0.5750479453125 0.4572242078125 0.577547584375 0.34257401249999997 0.5746313437499999 0.3371541890625 0.56963206875 0.43762944687500005 0.568854165625 0.4573958328125
6 0.577547584375 0.3229792671875 0.5762977796875 0.33090054375 0.5724999984375 0.3329166671875 0.5792140203125 0.3346527375 0.5842133281249999 0.3400725609375 0.584629928125 0.35591512812500004 0.58754616875 0.3400725609375 0.5842133281249999 0.32339617187499997 0.577547584375 0.3229792671875
