2 0.322034375 0.53125 0.32026875 0.537790625 0.31815000000000004 0.550871875 0.319209375 0.5617734375000001 0.3195625 0.5777609375 0.324859375 0.5886625000000001 0.3312140625 0.5930234375000001 0.33721718749999996 0.600290625 0.3460453125 0.6075578125 0.3541671875 0.60174375 0.360521875 0.595203125 0.366525 0.5893890625 0.37040937500000004 0.5784890625 0.374646875 0.563953125 0.375 0.5486921875 0.371821875 0.5421515625 0.3679375 0.537790625 0.36440625 0.5334296875 0.3587578125 0.5261625000000001 0.3538140625 0.529796875 0.3481640625 0.5290703125 0.3432203125 0.52325625 0.3389828125 0.521075 0.3326265625 0.5239828125 0.3287421875 0.529796875 0.32591875 0.5305234375000001 0.322034375 0.53125
3 0.4600984375 0.506540625 0.4583328125 0.511628125 0.4583328125 0.51816875 0.4604515625 0.52325625 0.4622171875 0.5268890625 0.4636296875 0.51816875 0.46327656250000004 0.5043609375 0.4600984375 0.506540625
1 0.68679375 0.4433140625 0.69103125 0.4433140625 0.6913843749999999 0.42950625000000003 0.690325 0.41133749999999997 0.688559375 0.39244218750000004 0.685734375 0.4018890625 0.68396875 0.41497031250000005 0.6832625 0.42659843750000004 0.6832625 0.433865625 0.68679375 0.4433140625
3 0.3246668890625 0.476534540625 0.318834378125 0.47361616875 0.3192509953125 0.4619427 0.319667596875 0.4506861328125 0.314251703125 0.43692811562499995 0.30633615625 0.439429575 0.3013368640625 0.4536045046875 0.2963375875 0.47361616875 0.29967044375 0.491960203125 0.3067527734375 0.49779693125 0.3134184859375 0.491960203125 0.3180011609375 0.49446165625000005 0.3250834890625 0.48862492968750004 0.3379983296875 0.49029255781250003 0.344247440625 0.48862492968750004 0.34674707968749996 0.483205090625 0.34091456875000004 0.480286734375 0.3329990375 0.47945291250000005 0.3246668890625 0.476534540625
9 0.7250266187500001 0.3967722796875 0.737941475 0.398023021875 0.7512728984375 0.388851003125 0.7583552124999999 0.37676061562499996 0.76002168125 0.3567489515625 0.7654375265625 0.34090638281249996 0.750856265625 0.3067197828125 0.7421075484374999 0.28629120625 0.737108271875 0.26377807343750004 0.7366916390625 0.243349496875 0.734608603125 0.234594396875 0.719194140625 0.24043113906250002 0.7167708312500001 0.2626041671875 0.7112785609375 0.2996323125 0.7133615984375 0.324646896875 0.719610709375 0.3475769328125 0.721693746875 0.366754790625 0.7233602140625 0.390935553125 0.7250266187500001 0.3967722796875
9 0.2346796828125 0.37592679218749997 0.2425952234375 0.3809297125 0.252177190625 0.3905186328125 0.2575930921875 0.3967722796875 0.2663418421875 0.39135245625000004 0.27217434375 0.3725915171875 0.27217434375 0.359667321875 0.2725909609375 0.34841075625 0.2725909609375 0.3313174625 0.2738407796875 0.320060896875 0.2771736359375 0.2975477640625 0.278006853125 0.28629120625 0.2763404171875 0.2754515515625 0.27092452499999997 0.261276621875 0.268424878125 0.25627370156249996 0.25800969218750003 0.255439878125 0.2490624984375 0.263125 0.24342843281249998 0.29296175625 0.233013246875 0.3138072421875 0.22593092499999998 0.33090054375 0.22634753437500002 0.3504953046875 0.22676413593750003 0.36383641875 0.2346796828125 0.37592679218749997
9 0.20760019999999998 0.5641518390625 0.2096832375 0.5733238421875 0.20635037343749998 0.5833296812500001 0.19926804843749998 0.5845804078125 0.1967684015625 0.5845804078125 0.1951019734375 0.594169328125 0.2051005546875 0.60542589375 0.21551574062499998 0.6166824921875 0.231763428125 0.6229361375 0.2413453953125 0.6283559296875 0.250094153125 0.6346095765624999 0.2588429109375 0.62960665625 0.267175059375 0.6125133953125 0.2696747046875 0.5995891671875 0.26509202187500003 0.5829127781250001 0.26425880468749996 0.5704054859375 0.268424878125 0.5449739828125 0.268424878125 0.5395541578125 0.261759165625 0.5274637703125 0.2571764828125 0.52287776875 0.246979165625 0.5230208328125 0.23259664687499998 0.5237115921875 0.21093305624999997 0.5237115921875 0.189269471875 0.5274637703125 0.1909359 0.54705853125 0.2026009078125 0.5574812734375 0.20760019999999998 0.5641518390625
0 0.632956384375 0.47701769687500006 0.64802083125 0.47562499999999996 0.65670299375 0.4515862015625 0.6396220968749999 0.4549214765625 0.6108761781250001 0.46701186562499997 0.6121260125 0.48285444687499995 0.632956384375 0.47701769687500006
0 0.382991928125 0.45318760156250004 0.346330478125 0.4469339625 0.317584559375 0.43192519531249995 0.300104165625 0.4282291671875 0.3000870453125 0.44443248750000003 0.315501521875 0.4473508578125 0.3359152921875 0.45485523125 0.3504965515625 0.458607425 0.3834085296875 0.4711147171875 0.382991928125 0.45318760156250004
0 0.4600643015625 0.6424646140625 0.4792282375 0.6470506140625 0.49880880625 0.6491351625 0.5438023875 0.6491351625 0.577547584375 0.6470506140625 0.600044390625 0.637461709375 0.621707996875 0.629123515625 0.6392054953125 0.6170331265625 0.6896149874999999 0.5853479921875 0.682116040625 0.5749252328125001 0.6562863937500001 0.5932692828125 0.6300401453125 0.607861125 0.6208747625 0.616616221875 0.6025440296875 0.624120578125 0.5887960031249999 0.629123515625 0.57671438125 0.6349602578125 0.56129991875 0.6387124203125001 0.5317207671874999 0.6412139031249999 0.4900600234375 0.6395462578125 0.463397175 0.6345433218750001 0.43673429218750004 0.6324587734375 0.420486596875 0.625788225 0.4104880125 0.6182838671875001 0.400104165625 0.6068749999999999 0.3913240765625 0.622452965625 0.4034056828125 0.6270389671875 0.41798695781250006 0.632875709375 0.429235346875 0.6399631625 0.44381660624999997 0.6407969687499999 0.4600643015625 0.6424646140625
7 0.3334156390625 0.6020906187499999 0.3304993828125 0.594586246875 0.3250834890625 0.60876116875 0.3092524109375 0.647950721875 0.3013368640625 0.6817203890625 0.3134184859375 0.6475337875 0.3238336703125 0.622519203125 0.3334156390625 0.6020906187499999
7 0.348413515625 0.605008990625 0.34177083124999996 0.6068749999999999 0.34299760625000003 0.6158486375 0.34299760625000003 0.632525028125 0.33258242031249996 0.7125717171875 0.3434142234375 0.6708807421875 0.34799689843750004 0.6275221078125 0.348413515625 0.605008990625
