2 0.2986750171875 0.4888903671875 0.26022703593749996 0.52090216875 0.31631437500000004 0.5882600906250001 0.3547621453125 0.5562485203125 0.2986750171875 0.4888903671875
2 0.317096178125 0.6039705765625001 0.3828537765625 0.62165629375 0.4032017953125 0.5460063234375 0.337445046875 0.5283207265625001 0.317096178125 0.6039705765625001
2 0.676340265625 0.45858877187499997 0.6249306625 0.45513098281250003 0.6197593984374999 0.5320106015625 0.671169 0.5354683703124999 0.676340265625 0.45858877187499997
9 0.22728525312499998 0.6278054734375 0.2943705046875 0.6167880671875 0.2748626140625 0.498019859375 0.207778709375 0.509037153125 0.22728525312499998 0.6278054734375
9 0.251347021875 0.4286614828125 0.3027315015625 0.4369383015625 0.323526721875 0.3078400640625 0.2721429859375 0.2995633078125 0.251347021875 0.4286614828125
9 0.7306111046875 0.32400234375000003 0.6814738265625 0.33513187499999997 0.7071414671875 0.448450484375 0.75627871875 0.43732102968750003 0.7306111046875 0.32400234375000003
9 0.717389509375 0.589590834375 0.7797959624999999 0.5966390875 0.7937914015625 0.4727267859375 0.7313862062500001 0.4656786046875 0.717389509375 0.589590834375
7 0.2943338734375 0.5901274703125 0.289576046875 0.58893815625 0.27573529375 0.6443014703125 0.28049311875 0.645490778125 0.2943338734375 0.5901274703125
7 0.31334836718750003 0.584205121875 0.30137139999999996 0.5809390734375001 0.2803308828125 0.6580882359375 0.29230784062500004 0.6613542609375 0.31334836718750003 0.584205121875
7 0.7169378578125001 0.645585421875 0.724264890625 0.6443014375 0.70863970625 0.5551470593750001 0.7013127921875 0.5564310328125 0.7169378578125001 0.645585421875
7 0.7319515109375 0.6385256859374999 0.7389707828125001 0.6369484859375001 0.7205882359375 0.5551470593750001 0.7135690671875 0.5567242484375 0.7319515109375 0.6385256859374999
7 0.6433069312499999 0.35286966249999996 0.6377838921875 0.3530169359375 0.6407268796875 0.4633796265625 0.6462499187499999 0.4632323546875 0.6433069312499999 0.35286966249999996
