2 0.3209504078125 0.451747475 0.2933059546875 0.5067715765624999 0.3980634515625 0.5593975015625 0.425707325 0.504373896875 0.3209504078125 0.451747475
2 0.5587195703125001 0.6703868703125 0.5876350312499999 0.668225771875 0.5825254625 0.5998707265625 0.5536103828125001 0.6020318109375 0.5587195703125001 0.6703868703125
2 0.6077867953125 0.58914551875 0.5785755828125 0.5935171578125 0.5879054890625001 0.6558522265625 0.6171166968749999 0.6514806140625 0.6077867953125 0.58914551875
2 0.712326075 0.567960959375 0.6873865328125001 0.5276761265625 0.6340801125 0.5606739546874999 0.659019409375 0.600958571875 0.712326075 0.567960959375
2 0.5650727578125 0.5012418140625 0.6011148765625001 0.562614090625 0.7042758421875 0.502034915625 0.6682337453125 0.44066321249999996 0.5650727578125 0.5012418140625
2 0.37497982812499997 0.6247040187499999 0.3995317546875 0.5756048875 0.3491118375 0.5503951109375 0.32455986718749996 0.599494 0.37497982812499997 0.6247040187499999
3 0.347995321875 0.5449877609375 0.33304234843749997 0.5442401828125 0.3311268234375 0.5825507390625 0.346079796875 0.5832983140625 0.347995321875 0.5449877609375
7 0.7069772640624999 0.67664819375 0.7152257984375 0.6740550703125 0.6907997796875 0.5963677765625001 0.68255136875 0.5989608796875 0.7069772640624999 0.67664819375
7 0.6878428421875 0.6895681453125 0.6971761234375 0.687247428125 0.679769721875 0.6172533546875 0.67043656875 0.6195740578125 0.6878428421875 0.6895681453125
7 0.6061653109375 0.6503434296874999 0.599340778125 0.651594634375 0.6120094968750001 0.720684828125 0.6188340265625001 0.71943363125 0.6061653109375 0.6503434296874999
7 0.6001589609375 0.395594653125 0.5955557421875 0.3958653015625 0.6006622312500001 0.48271248437500003 0.60526545 0.48244183906250004 0.6001589609375 0.395594653125
7 0.6215285609375 0.433809984375 0.6298809640624999 0.4330815796875 0.6234530453125 0.35937853125 0.6151007140625 0.3601069328125 0.6215285609375 0.433809984375
7 0.65454124375 0.370994459375 0.647107884375 0.3717104578125 0.654201515625 0.445351621875 0.6616348750000001 0.4446356265625 0.65454124375 0.370994459375
7 0.6648214796875 0.3860556640625 0.65711426875 0.3867870265625 0.66263673125 0.44498060781250004 0.6703439421875 0.4442492484375 0.6648214796875 0.3860556640625
7 0.5851866015625 0.752626978125 0.592795621875 0.7515575484375 0.58041819375 0.6635062359375 0.57280931875 0.6645756546875 0.5851866015625 0.752626978125
7 0.40058687187500003 0.38417883750000004 0.3964362703125 0.3840755859375 0.3944216078125 0.465058346875 0.39857220937500004 0.4651615984375 0.40058687187500003 0.38417883750000004
7 0.3251816390625 0.44939311875000004 0.3351615734375 0.45118800468750003 0.3520178625 0.35746819375 0.34203804375 0.35567331874999997 0.3251816390625 0.44939311875000004
7 0.351350028125 0.38064468281249997 0.34678233125 0.3798249234375 0.334229240625 0.44976720468750003 0.3387969375 0.450586959375 0.351350028125 0.38064468281249997
6 0.317571484375 0.3465770578125 0.33001667968750004 0.3671371921875 0.369097325 0.3434822125 0.35665213125 0.3229221265625 0.317571484375 0.3465770578125
