2 0.3285100296875 0.621479234375 0.37804361875 0.6174622921874999 0.3716714828125 0.538899021875 0.322138575 0.5429159359375 0.3285100296875 0.621479234375
9 0.26815008281249997 0.2620131609375 0.2439436921875 0.2628987328125 0.24701797343749998 0.3469293671875 0.27122436250000004 0.3460437984375 0.26815008281249997 0.2620131609375
9 0.302688925 0.5516820234375001 0.24227819843749998 0.5158244953125 0.177276134375 0.625325584375 0.2376865546875 0.6611827031249999 0.302688925 0.5516820234375001
4 0.6589704671875001 0.751026021875 0.6857145250000001 0.7478860640625 0.6733466234375001 0.6425624484375 0.646603146875 0.6457023734375 0.6589704671875001 0.751026021875
7 0.33870083281249996 0.6133155968749999 0.333593575 0.6117186953125 0.3098958328125 0.6875 0.315003084375 0.6890968890625 0.33870083281249996 0.6133155968749999
3 0.29995174687500004 0.5569469 0.3022050640625 0.5512733921875 0.2915686171875 0.547049359375 0.289315296875 0.5527228625 0.29995174687500004 0.5569469
3 0.3126753640625 0.5622893546875 0.3123028140625 0.55631603125 0.30150845625 0.5569891984375 0.301881 0.562962515625 0.3126753640625 0.5622893546875
3 0.39770145 0.563475478125 0.3814094609375 0.563475478125 0.3814094609375 0.586922634375 0.39770145 0.586922634375 0.39770145 0.563475478125
3 0.40545015937500006 0.579342559375 0.4014441390625 0.5763315890625 0.399133721875 0.5794052265625 0.4031397421875 0.582416196875 0.40545015937500006 0.579342559375
3 0.402535334375 0.5835849859375 0.39770145 0.5835849859375 0.39770145 0.5915762625000001 0.402535334375 0.5915762625000001 0.402535334375 0.5835849859375
3 0.2785774921875 0.46182020156250003 0.27176016718749996 0.4617582109375 0.27156704375 0.4829955390625 0.27838436875 0.48305752812499997 0.2785774921875 0.46182020156250003
3 0.302858840625 0.461576025 0.2811524734375 0.4617975671875 0.281472209375 0.4931224078125 0.303178575 0.4929008640625 0.302858840625 0.461576025
3 0.6115681625 0.5253753062500001 0.60116913125 0.5143105578125 0.5782454890625 0.5358531640625 0.5886444921875 0.546917884375 0.6115681625 0.5253753062500001
3 0.6051451515624999 0.523494215625 0.6283781375 0.5253049109375 0.6308687515625 0.49334964843750007 0.6076358796875 0.491538959375 0.6051451515624999 0.523494215625
3 0.5868130234375 0.614134228125 0.59134875625 0.614109590625 0.591262153125 0.5981689390625 0.5867264328124999 0.5981935765624999 0.5868130234375 0.614134228125
3 0.5976597625 0.5784975125 0.5924437078125 0.5783078109375 0.59196283125 0.591528671875 0.5971788859375 0.5917183734375 0.5976597625 0.5784975125
