7 0.31294218749999997 0.300871875 0.3101125 0.29869218750000004 0.3079921875 0.3037796875 0.3058703125 0.30959375 0.3041015625 0.30886562500000003 0.2998578125 0.30450625 0.298090625 0.3074125 0.2973828125 0.3132265625 0.2973828125 0.32558125000000004 0.2987984375 0.34011562500000003 0.3016265625 0.36191874999999996 0.3041015625 0.3844484375 0.302334375 0.41133749999999997 0.3012734375 0.43095937500000003 0.30091875 0.43822656249999997 0.303040625 0.43677343750000003 0.3104671875 0.436046875 0.32284375 0.43822656249999997 0.3320375 0.4433140625 0.3362796875 0.4469484375 0.334865625 0.43677343750000003 0.3320375 0.425871875 0.3320375 0.41133749999999997 0.3320375 0.40116250000000003 0.33309687499999996 0.38808125000000004 0.3362796875 0.3742734375 0.3362796875 0.36191874999999996 0.33592656249999997 0.3546515625 0.33274375 0.3430234375 0.32779375 0.3364828125 0.3249640625 0.329215625 0.3217828125 0.319040625 0.3178921875 0.311046875 0.31470937499999996 0.30450625 0.31294218749999997 0.300871875
2 0.31365 0.436046875 0.3058703125 0.43677343750000003 0.300565625 0.438953125 0.2987984375 0.44985468749999996 0.29596875 0.4643890625 0.2987984375 0.48183125000000004 0.30091875 0.48909843750000004 0.3051625 0.4927328125 0.31082031250000003 0.49127968749999995 0.3157703125 0.489825 0.31753906249999997 0.4927328125 0.3203671875 0.496365625 0.3249640625 0.49927343750000003 0.3320375 0.498546875 0.3380484375 0.496365625 0.339815625 0.49200625000000003 0.339815625 0.4847390625 0.3394625 0.47165625 0.3387546875 0.4593015625 0.3384015625 0.449128125 0.336634375 0.44549374999999997 0.3320375 0.4433140625 0.325671875 0.43822656249999997 0.31365 0.436046875
3 0.6089109374999999 0.59665625 0.603253125 0.5886625000000001 0.5983031249999999 0.5879359375 0.5944125 0.5886625000000001 0.59123125 0.5893890625 0.5873406250000001 0.5879359375 0.582390625 0.592296875 0.5785 0.6010171875 0.5781468750000001 0.6177328125 0.582390625 0.631540625 0.5873406250000001 0.649709375 0.5926453125 0.654796875 0.6018390625000001 0.657703125 0.609971875 0.64825625 0.610325 0.631540625 0.6113859374999999 0.61700625 0.6089109374999999 0.59665625
3 0.6216406250000001 0.5763078125 0.6181046875 0.5843015625 0.6135078125 0.583575 0.6060828125 0.5813953125 0.6021921875 0.58575625 0.6007781249999999 0.592296875 0.6018390625000001 0.610465625 0.6060828125 0.625 0.6092640625 0.6373546875 0.6128 0.646075 0.6156296875 0.6518890625 0.61951875 0.6540703125 0.6283593749999999 0.654796875 0.63790625 0.6540703125 0.6435640625 0.6453484375 0.6516968750000001 0.635175 0.653465625 0.6242734375000001 0.6531125 0.6140984375 0.6531125 0.5988374999999999 0.6520515625 0.583575 0.6499296875 0.57558125 0.6456859374999999 0.5697671875 0.6432109374999999 0.5697671875 0.6368453125 0.572675 0.6318953125 0.5712203125 0.6248234375 0.5712203125 0.6216406250000001 0.5763078125
3 0.6665484375 0.6337203125 0.674328125 0.6337203125 0.683875 0.623546875 0.6927156250000001 0.6155515625 0.6983734375 0.60683125 0.6997875 0.59665625 0.69908125 0.57558125 0.697665625 0.5646796875 0.6941296875 0.5537796875 0.6884718750000001 0.5486921875 0.683875 0.5465109375 0.679278125 0.5450578125 0.6753890625000001 0.545784375 0.6707921875 0.5552328125 0.66725625 0.55959375 0.6605375 0.5632265624999999 0.6552328125 0.56540625 0.65134375 0.5683140625 0.6499296875 0.579215625 0.6492218750000001 0.5893890625 0.65134375 0.6061046875 0.6591234375 0.62209375 0.6665484375 0.6337203125
3 0.6541718750000001 0.43532031250000003 0.649575 0.45203437500000004 0.648515625 0.47165625 0.6502828125 0.48255781249999996 0.6531125 0.489825 0.6570015625 0.4956390625 0.6601843749999999 0.50290625 0.6640734375 0.50290625 0.6729140625000001 0.49927343750000003 0.6778640625000001 0.4905515625 0.681046875 0.4905515625 0.685290625 0.4927328125 0.6888265625 0.48546562499999996 0.6927156250000001 0.4760171875 0.6927156250000001 0.46366250000000003 0.6927156250000001 0.45421562499999996 0.6909484375 0.4447671875 0.6895328125 0.43459375 0.6821078125 0.4316859375 0.6736203125 0.42877968749999995 0.66230625 0.4302328125 0.6541718750000001 0.43532031250000003
9 0.7713068171875 0.5198863625000001 0.7002840906250001 0.5454545453125 0.7159090906250001 0.6448863625000001 0.8082386359375 0.600852271875 0.7713068171875 0.5198863625000001
9 0.26278409062499997 0.711647728125 0.29971590937500003 0.7144886374999999 0.3167613640625 0.5482954546875 0.26420454531250004 0.5582386374999999 0.26278409062499997 0.711647728125
0 0.6661931828125 0.6392045453125 0.7173295453125 0.6065340906250001 0.7045454546875 0.602272728125 0.6036931828125 0.649147728125 0.568655303125 0.6534206390625 0.6264204546875 0.6548295453125 0.6661931828125 0.6392045453125
0 0.43892045468749996 0.6690340906250001 0.475852271875 0.65625 0.4990530296875 0.65553613125 0.453125 0.6548295453125 0.39346590937500003 0.6420454546875 0.303977271875 0.5965909093749999 0.37642045468749996 0.6434659093749999 0.43892045468749996 0.6690340906250001
0 0.46306818281249995 0.446022728125 0.5269886359375 0.444602271875 0.6860795453125 0.43323863749999997 0.6875 0.42045454531250004 0.5568181828125 0.43892045468749996 0.46306818281249995 0.44176136250000003 0.42418323906250005 0.44176136250000003 0.46306818281249995 0.446022728125
