1 0.29413818593749996 0.4824787890625 0.28005603125 0.48110865625 0.2748996375 0.5341017906250001 0.28898179062499996 0.535471915625 0.29413818593749996 0.4824787890625
9 0.3111934375 0.5022928125 0.26141716875 0.4395795203125 0.1720706625 0.510489684375 0.22184634375 0.57320243125 0.3111934375 0.5022928125
6 0.6888146546875 0.5024319296875001 0.6573253015625 0.5279230265625 0.7012133921875 0.5821333234375 0.7327026140624999 0.556642375 0.6888146546875 0.5024319296875001
8 0.7108209640625 0.5618119734375 0.7330193406250001 0.5574596890625 0.715625 0.46875 0.6934269343749999 0.473102253125 0.7108209640625 0.5618119734375
8 0.7015201234374999 0.48364391093750003 0.681871340625 0.4842578859375 0.684093290625 0.555360334375 0.7037420734375 0.5547463625 0.7015201234374999 0.48364391093750003
6 0.4915969546875 0.6490553125 0.51640810625 0.6505582109375 0.519714134375 0.595984128125 0.4949032390625 0.5944812374999999 0.4915969546875 0.6490553125
6 0.48784743906249994 0.6534804140625 0.5004537921875001 0.6411276953125 0.4794705 0.6197162484375001 0.466864184375 0.63206893125 0.48784743906249994 0.6534804140625
6 0.2633917578125 0.6103628484375 0.2796768515625 0.6094668796875 0.277930584375 0.57773115 0.26164558437499996 0.578627115625 0.2633917578125 0.6103628484375
6 0.2765955453125 0.6222470796875 0.2860696546875 0.6235410140625001 0.2897937203125 0.5962765609375 0.28031965937500003 0.5949826296875 0.2765955453125 0.6222470796875
6 0.6075523203125 0.7061825328125 0.6378316671875 0.7103362328125 0.644036584375 0.6651096062499999 0.613757521875 0.660955925 0.6075523203125 0.7061825328125
