2 0.43258620312499996 0.45989077968750003 0.40273424999999996 0.45885479843750004 0.39866889375 0.5759895734375 0.42852084531249995 0.5770255468750001 0.43258620312499996 0.45989077968750003
2 0.3198516171875 0.63983080625 0.38116508125 0.6617738953125001 0.4041134484375 0.597658034375 0.342800703125 0.5757150859375 0.3198516171875 0.63983080625
2 0.5221194046875001 0.624643165625 0.547990953125 0.6250692546875001 0.549378253125 0.5408312515625 0.5235070921875 0.540405165625 0.5221194046875001 0.624643165625
2 0.5982063640625 0.5946515375 0.6372181875 0.5851744296875 0.624055340625 0.530996571875 0.585043875 0.540473634375 0.5982063640625 0.5946515375
2 0.6811405890625 0.5621637640625 0.6641796515625 0.5086121593749999 0.612681903125 0.5249211984375 0.629642559375 0.5784725625 0.6811405890625 0.5621637640625
2 0.61809431875 0.582732228125 0.6046126609375 0.6481997921875 0.6587615078125 0.6593489499999999 0.672242775 0.5938817296875001 0.61809431875 0.582732228125
3 0.728090590625 0.58591245625 0.707389909375 0.5554067421875 0.6609190734375 0.58693783125 0.681619584375 0.61744339375 0.728090590625 0.58591245625
9 0.7446031890625 0.6584535515625001 0.8002604703125 0.5940908968749999 0.7356430890625 0.5382197546875 0.679986153125 0.602581903125 0.7446031890625 0.6584535515625001
3 0.3279997421875 0.5381386265625 0.29762512343749997 0.5468729671875 0.3138761359375 0.6033820734375 0.3442507359375 0.5946477796875 0.3279997421875 0.5381386265625
9 0.24287251250000003 0.480403709375 0.284262709375 0.48212270156250003 0.2900730609375 0.3422184078125 0.24868359375 0.3404994328125 0.24287251250000003 0.480403709375
7 0.649750490625 0.7652962890625 0.6618306265625 0.76227671875 0.639771565625 0.674041653125 0.627691659375 0.67706119375 0.649750490625 0.7652962890625
7 0.6612919515625 0.670916040625 0.6538593781250001 0.6736812249999999 0.6812826671875001 0.7473815328125 0.6887152265625 0.7446163718750001 0.6612919515625 0.670916040625
7 0.6098146468750001 0.53546374375 0.6183036265624999 0.534970234375 0.6128234625 0.44071261875 0.60433460625 0.4412061234375 0.6098146468750001 0.53546374375
7 0.353347053125 0.6572231640624999 0.343386596875 0.6533430109375 0.3182511703125 0.7178572453125 0.3282116109375 0.721737371875 0.353347053125 0.6572231640624999
7 0.3400296328125 0.74032735 0.35212564375 0.7432592703124999 0.37082416875 0.6661275843750001 0.358728353125 0.6631956875 0.3400296328125 0.74032735
7 0.5380243499999999 0.4411738703125 0.5303038140624999 0.4412415890625 0.5312893812499999 0.5535971875000001 0.5390099171875 0.5535294687500001 0.5380243499999999 0.4411738703125
7 0.647495496875 0.41139845937499997 0.6363015109375 0.4121284515625 0.643046209375 0.5155479187500001 0.6542401953125 0.5148179328125 0.647495496875 0.41139845937499997
7 0.6442385015625 0.504965215625 0.653273809375 0.5074404765625 0.6704301906250001 0.44481979374999997 0.6613949625 0.44234454375 0.6442385015625 0.504965215625
5 0.42451261249999994 0.6152838078125 0.3866184359375 0.6077059625000001 0.372529271875 0.6781522546875001 0.4104234328125 0.685730046875 0.42451261249999994 0.6152838078125
