2 0.3184 0.5511999999999999 0.2712 0.5511999999999999 0.2712 0.6304000000000001 0.3184 0.6304000000000001 0.3184 0.5511999999999999
2 0.3687772734375 0.5825969125 0.3197985125 0.5769461421875001 0.3100670859375 0.661284984375 0.3590458390625 0.666935709375 0.3687772734375 0.5825969125
2 0.6595425515625 0.624882225 0.635258234375 0.5605363390625 0.572880515625 0.58407536875 0.59716436875 0.648420859375 0.6595425515625 0.624882225
2 0.7093369593750001 0.5413125515625 0.674531584375 0.516661090625 0.6289596953125 0.5809980640625 0.6637649296875 0.605649359375 0.7093369593750001 0.5413125515625
3 0.27440427968750003 0.514485453125 0.290585021875 0.5153402375 0.2919131046875 0.49020157031249995 0.275732425 0.48934678906249995 0.27440427968750003 0.514485453125
3 0.33470453125 0.5196962 0.31202556875 0.5070329 0.299488159375 0.5294845640625 0.322167103125 0.5421478375000001 0.33470453125 0.5196962
3 0.6574565453125001 0.5090782328125 0.6522444796875 0.49449623281250005 0.6289587015625 0.50281865625 0.6341707343749999 0.517400628125 0.6574565453125001 0.5090782328125
3 0.701023384375 0.481574815625 0.694549459375 0.46791845781249997 0.67437165 0.477483275 0.6808455484375 0.49113960937499995 0.701023384375 0.481574815625
9 0.67461721875 0.64777508125 0.7332820203125 0.688420928125 0.8098040390625 0.5779872562499999 0.75114028125 0.5373419140625 0.67461721875 0.64777508125
6 0.683728115625 0.7322619031250001 0.665037540625 0.7049767453125 0.6276361671874999 0.7305929234375 0.6463265875 0.75787794375 0.683728115625 0.7322619031250001
6 0.315455253125 0.77690206875 0.33141361406250003 0.773222675 0.3226602203125 0.735264259375 0.306701996875 0.7389436359375 0.315455253125 0.77690206875
3 0.53141055 0.6477125671875 0.5617248499999999 0.644450709375 0.5568648109375001 0.5992898875 0.5265507703125001 0.60255173125 0.53141055 0.6477125671875
