3 0.3539751984375 0.5090529 0.3094922453125 0.507448428125 0.3068070421875 0.5818873921875001 0.3512899953125 0.5834918546875 0.3539751984375 0.5090529
3 0.3787392390625 0.5218662953125001 0.34752906875 0.52431629375 0.3526043234375 0.5889632796875001 0.38381449375 0.58651329375 0.3787392390625 0.5218662953125001
2 0.63970440625 0.5142041328125 0.607144371875 0.512565175 0.6040131718749999 0.5747651296875 0.6365732046875 0.576404078125 0.63970440625 0.5142041328125
3 0.3858310328125 0.578767253125 0.4068986953125 0.57798704375 0.4056546984375 0.5444010609375 0.3845871578125 0.5451812687500001 0.3858310328125 0.578767253125
3 0.2863282109375 0.6180799984375 0.32741470625 0.6211231046875 0.3306858890625 0.5769600984375 0.28959972343749996 0.5739170046875001 0.2863282109375 0.6180799984375
9 0.200281234375 0.6532097625 0.281199796875 0.651500434375 0.2790470703125 0.54963395625 0.198129996875 0.55134326875 0.200281234375 0.6532097625
3 0.5561454515625 0.622649534375 0.5605028109375 0.6375873203125 0.5802995234375 0.631813271875 0.5759421453125 0.616875515625 0.5561454515625 0.622649534375
3 0.6702181421875 0.5584913609375 0.6737347921875 0.5294804890625 0.634541253125 0.5247299234375 0.631024521875 0.5537407015625 0.6702181421875 0.5584913609375
3 0.6767943187500001 0.543938265625 0.6973096484375 0.5561181859375 0.718604359375 0.52025330625 0.6980891390624999 0.5080734265625 0.6767943187500001 0.543938265625
9 0.74513353125 0.3282094109375 0.691170225 0.3354479734375 0.7097670468749999 0.47408042031250003 0.7637303421875 0.46684192031249994 0.74513353125 0.3282094109375
7 0.32163663124999997 0.48803741718750004 0.327405146875 0.486695984375 0.3135416671875 0.4270833328125 0.3077731984375 0.428424759375 0.32163663124999997 0.48803741718750004
7 0.33039358124999996 0.392641375 0.3291666671875 0.3927083328125 0.3319746671875 0.444158565625 0.33320158125 0.4440916078125 0.33039358124999996 0.392641375
7 0.3293300875 0.48619126718750005 0.3364583609375 0.48541666406250006 0.3319746765625 0.444158565625 0.324846446875 0.444933165625 0.3293300875 0.48619126718750005
7 0.34151579062500004 0.42303272343750004 0.3380279921875 0.422823259375 0.334375 0.4836458203125 0.3378627984375 0.48385528281249995 0.34151579062500004 0.42303272343750004
7 0.361813578125 0.50760788125 0.369791715625 0.5062499921875 0.35645759843749997 0.42791237187500003 0.34847955 0.429270253125 0.361813578125 0.50760788125
7 0.621875 0.4322916671875 0.61875 0.4322916671875 0.61875 0.4992708203125 0.621875 0.4992708203125 0.621875 0.4322916671875
