2 0.6842296875 0.563953125 0.679278125 0.5719484375 0.6715 0.57049375 0.663365625 0.579215625 0.65381875 0.5763078125 0.6428578125 0.5893890625 0.63790625 0.587209375 0.6375531249999999 0.6097390625 0.644625 0.625 0.663365625 0.639534375 0.6775109375 0.639534375 0.6895328125 0.62209375 0.6951906250000001 0.6075578125 0.6927156250000001 0.59084375 0.69059375 0.57049375 0.6842296875 0.563953125
3 0.28307295312499997 0.601061109375 0.285850346875 0.5973552484375 0.29325669374999996 0.5945758390625 0.29834855625 0.5890170390625 0.2960340703125 0.574193596875 0.29001641093749997 0.5677083265625 0.285850346875 0.5612230578124999 0.2793697796875 0.5602966046875 0.2691860390625 0.5561275 0.265482865625 0.552884865625 0.2616898125 0.5533564828124999 0.261316784375 0.5700244921875 0.2622425828125 0.58206854375 0.26964894687499996 0.5890170390625 0.2765924046875 0.5941126140625 0.2793697796875 0.6015243359375 0.28307295312499997 0.601061109375
9 0.76263441875 0.6436785359375 0.7843905703125 0.6362668140625 0.80290645625 0.6297815625000001 0.805220940625 0.6158845703125 0.801980675 0.6080096046875 0.789945321875 0.5982817015624999 0.7802245234375 0.5894802828125 0.769577875 0.574193596875 0.764023125 0.5667818578125 0.7570601828125 0.558564815625 0.7441185328125 0.5704877171875 0.74643301875 0.5973552484375 0.741341121875 0.6144948578125 0.73856378125 0.632097728125 0.7445813875 0.6418256328124999 0.76263441875 0.6436785359375
9 0.197899890625 0.6413623703125 0.2187302625 0.6464579625 0.239097725 0.649237353125 0.2529846390625 0.6362668140625 0.24696697968749998 0.6149581015625001 0.24326380625000002 0.5982817015624999 0.242338009375 0.586700875 0.24187511874999998 0.5723406578125 0.24002352343750002 0.563075996875 0.23678323906249998 0.555664275 0.22986110937499998 0.5504629624999999 0.20530623750000002 0.574193596875 0.1928080109375 0.5885538140625 0.183087178125 0.6038405015625 0.177532409375 0.6182007359374999 0.175680821875 0.6353403625 0.197899890625 0.6413623703125
0 0.473786596875 0.4847160078125 0.4524933 0.48517923281249997 0.42888555312500004 0.4874953984375 0.431662928125 0.5083408859375 0.45388200625 0.5041717984375 0.48026712812500005 0.5013923890624999 0.529334253125 0.4958335890625 0.5552564859375 0.492590971875 0.5830303140625 0.492127728125 0.589236109375 0.4758101859375 0.57284655625 0.4782307375 0.5594225671874999 0.4745248765625 0.5483130296875001 0.4745248765625 0.529334253125 0.475451346875 0.5038749109375 0.4782307375 0.473786596875 0.4847160078125
0 0.3464898828125 0.5041717984375 0.35111885468750004 0.5060247203125 0.36778314375 0.5069511890625 0.3770410875 0.5083408859375 0.3738007859375 0.49444389375000003 0.3455640671875 0.4939806671875 0.319641834375 0.4819365984375 0.3015888390625 0.475451346875 0.3015888390625 0.4907380328125 0.32334500781250003 0.4930541984375 0.3464898828125 0.5041717984375
0 0.629320028125 0.48286306718749994 0.6482988390625 0.48656892812499997 0.6793129343750001 0.47081901562499995 0.68949665625 0.46942932031250006 0.69736589375 0.4504367546875 0.6751468171874999 0.46062788593750004 0.65709385625 0.4666499125 0.633486075 0.46850285156249993 0.6121928125 0.470355771875 0.610341253125 0.4842527625 0.629320028125 0.48286306718749994
0 0.56219994375 0.6571859156250001 0.5358147843750001 0.6581123859375 0.50017171875 0.661818246875 0.46962051562499996 0.661355003125 0.43305163437500005 0.6608917765625 0.40620358593750006 0.65950208125 0.388150625 0.65950208125 0.36130257656250003 0.6534800546875 0.3381577203125 0.648847725 0.30945809375 0.63309779375 0.2951082890625 0.6256860718749999 0.28492455 0.6358771859375 0.3113096890625 0.64375215 0.344175396875 0.6599653078125 0.35945098125 0.6645976375 0.38768769999999997 0.6687667421875 0.4177760140625 0.6743255421875001 0.46313994843749995 0.6743255421875001 0.5172988984375 0.67525199375 0.5677546953125 0.6692299671875 0.6015462 0.6604285515625 0.6320974390625 0.6534800546875 0.6742210359375 0.640509515625 0.6996803796875 0.6340242625 0.7084754671875 0.62753899375 0.6962962953125 0.6158564828124999 0.6807016390625 0.6284654625 0.653390665625 0.635413959375 0.627931321875 0.646068315625 0.5996946046875 0.6497741765625 0.5830303140625 0.6534800546875 0.56219994375 0.6571859156250001
7 0.6714436953125 0.63819335 0.6656249984375 0.6390046296875 0.6672775796875 0.6544065078125 0.6691292109375 0.6803475671875 0.6714436953125 0.710457715625 0.6714436953125 0.6696932125 0.6723694765625 0.6507006468750001 0.6714436953125 0.63819335
7 0.6818287015625 0.636689815625 0.6871821703125 0.65394328125 0.699217525 0.7123106546875 0.692736921875 0.66506088125 0.6881079515625 0.64282568125 0.6853306109374999 0.6266125234375 0.6818287015625 0.636689815625
1 0.743192753125 0.5844583234375 0.7436556078125001 0.57426719375 0.733934809375 0.577046603125 0.734397665625 0.591870046875 0.73810085625 0.5965023765625 0.7450443140624999 0.6039141156250001 0.7441185328125 0.5914068203125 0.743192753125 0.5844583234375
