3 0.6353990125 0.597410440625 0.6583316499999999 0.6090333265625001 0.6818989328125 0.5625383984375001 0.658966471875 0.550915565625 0.6353990125 0.597410440625
3 0.682517259375 0.5592099562499999 0.705776340625 0.569733759375 0.7253056796874999 0.526574971875 0.70204675625 0.516051209375 0.682517259375 0.5592099562499999
3 0.7310732468750001 0.45890635937499996 0.716424859375 0.45113051562499995 0.700058528125 0.48195990625 0.7147069015625 0.48973573125 0.7310732468750001 0.45890635937499996
3 0.6801222499999999 0.48424349843750003 0.670209525 0.485104771875 0.6719034234375 0.504599025 0.6818161468749999 0.5037377515625 0.6801222499999999 0.48424349843750003
3 0.6537289328125 0.5082172593750001 0.6589454171875 0.5148261546875 0.6694538765625 0.5065323390625001 0.6642373953125 0.4999234515625 0.6537289328125 0.5082172593750001
9 0.7327314953124999 0.6236934046875 0.7996746046875 0.6314111109375 0.8118349578125 0.525938740625 0.7448930546875 0.5182211031249999 0.7327314953124999 0.6236934046875
9 0.7156243546875001 0.42799245468749997 0.7482532546875 0.43136529062499995 0.7626514203125 0.29208069999999997 0.7300230109375 0.2887078890625 0.7156243546875001 0.42799245468749997
1 0.7256180156250001 0.59321774375 0.736993778125 0.5920947890625 0.7339120359375 0.5608796296875 0.7225363359375 0.5620025828124999 0.7256180156250001 0.59321774375
3 0.3052920125 0.568634796875 0.32387893125 0.5525392265625 0.29761687812500004 0.5222150171875 0.27903003125 0.538310534375 0.3052920125 0.568634796875
3 0.3039060140625 0.49717512812500003 0.3142310078125 0.487925565625 0.28725075312500004 0.45781047656249996 0.2769257921875 0.4670600125 0.3039060140625 0.49717512812500003
