3 0.763962425 0.6200671421874999 0.7440258796875 0.5439549171875 0.68301085625 0.559935384375 0.7029468999999999 0.636047178125 0.763962425 0.6200671421874999
3 0.5810458281249999 0.6756901203125001 0.61842678125 0.6731983609375 0.613628290625 0.601224915625 0.57624785625 0.6037166578125001 0.5810458281249999 0.6756901203125001
3 0.3946194234375 0.6842641 0.4258162234375 0.683346665625 0.42383054218750005 0.6158402984375 0.39263416093750003 0.616757725 0.3946194234375 0.6842641
9 0.262701378125 0.6686084265625001 0.3099148703125 0.666612875 0.30489703437500004 0.5479202812499999 0.25768457968749997 0.5499158093750001 0.262701378125 0.6686084265625001
9 0.7617733890625 0.6611331953125 0.8252731640625001 0.6488059484375001 0.8055288234375 0.5471153859375 0.74203023125 0.559442515625 0.7617733890625 0.6611331953125
7 0.604497040625 0.764992759375 0.6151833296875 0.7643642484375001 0.609375 0.665625 0.5986889375 0.6662535046875 0.604497040625 0.764992759375
7 0.633288221875 0.7490745578125 0.6437500953125 0.74895833125 0.64270781875 0.6551620484375 0.632246153125 0.6552782734375 0.633288221875 0.7490745578125
6 0.65886828125 0.7197068796874999 0.64687498125 0.7177083296875 0.6398085484375 0.760107034375 0.651801846875 0.7621055734375 0.65886828125 0.7197068796874999
6 0.7340641953125 0.73263691875 0.7510676015625 0.7317421421875 0.749159740625 0.6954938375 0.73215646875 0.696388609375 0.7340641953125 0.73263691875
7 0.4849695828125 0.5231320078125 0.4930230671875 0.52244665 0.484375 0.42083333281249996 0.4763216375 0.42151868593749997 0.4849695828125 0.5231320078125
