2 0.5291165953125 0.5158280671875 0.46788976875 0.517955990625 0.47106435468749996 0.6092900171875 0.53229118125 0.6071621125 0.5291165953125 0.5158280671875
3 0.342236646875 0.5201881171875 0.3268111890625 0.524862078125 0.3367059859375 0.5575149781250001 0.35213143750000003 0.5528410296875 0.342236646875 0.5201881171875
3 0.316985340625 0.585282790625 0.2965430359375 0.59412169375 0.3101840109375 0.6256665406249999 0.3306263 0.616827665625 0.316985340625 0.585282790625
9 0.29907840937499997 0.568559653125 0.25560440624999997 0.561829003125 0.23682173281250002 0.6831345125 0.2802957171875 0.6898650828124999 0.29907840937499997 0.568559653125
3 0.6359710515625 0.6470108031249999 0.6480816625 0.6475372859374999 0.6489921265625 0.6265960203125001 0.636881565625 0.6260695390625 0.6359710515625 0.6470108031249999
3 0.7143458109374999 0.5970789187500001 0.695382109375 0.5771923484375 0.6661188546875 0.6050945859375 0.68508248125 0.6249810828125 0.7143458109374999 0.5970789187500001
3 0.7011539796874999 0.52493901875 0.72163599375 0.5219418765625 0.7150478859375 0.47692373281249995 0.6945660109375 0.4799208640625 0.7011539796874999 0.52493901875
3 0.6088776890625 0.55807401875 0.5904736703125 0.560979628125 0.59311980625 0.577738509375 0.611523825 0.574832903125 0.6088776890625 0.55807401875
6 0.7394884140625 0.74409203125 0.758471153125 0.7341935234375 0.74011315 0.6989934421874999 0.721130546875 0.70889190625 0.7394884140625 0.74409203125
6 0.7428652062500001 0.7409400078124999 0.7291161796875001 0.7263179671875 0.71290858125 0.741555365625 0.7266575703125 0.7561773703125 0.7428652062500001 0.7409400078124999
6 0.37896748593749996 0.8184098093750001 0.38063024687499997 0.7735364640625 0.3489271859375 0.7723619671875 0.34726426093749996 0.8172351390625 0.37896748593749996 0.8184098093750001
