2 0.359165184375 0.5101771015625001 0.29668961718750003 0.49942575937499994 0.2856931328125 0.5633204609375 0.3481686859375 0.5740717453124999 0.359165184375 0.5101771015625001
3 0.34718039218749996 0.5842370234375001 0.3941260265625 0.5792512390625 0.386187234375 0.5045096890625 0.33924218125 0.50949544375 0.34718039218749996 0.5842370234375001
2 0.362863928125 0.652016034375 0.384195459375 0.5885767046875 0.31420554218749996 0.5650452078125 0.2928737953125 0.6284841 0.362863928125 0.652016034375
3 0.40437315468749996 0.5945032796875 0.35786260625 0.59766970625 0.36264628125 0.6679270953125 0.40915682656249996 0.6647606890625 0.40437315468749996 0.5945032796875
2 0.7537934984375 0.6394493 0.7312280921875 0.5749235390625 0.6639843640625 0.5984368156250001 0.686549259375 0.66296214375 0.7537934984375 0.6394493
9 0.17541665312500002 0.6401240390625 0.2570125796875 0.60786843125 0.22365616406250002 0.5234982015625 0.14206142500000002 0.555753546875 0.17541665312500002 0.6401240390625
9 0.20175031250000003 0.445851971875 0.2561897640625 0.4724371828125 0.3182843234375 0.3452899015625 0.263845696875 0.318704934375 0.20175031250000003 0.445851971875
7 0.7379930609375001 0.5718165374999999 0.7428160234375001 0.593862359375 0.7862463546875 0.5843619671875 0.78142333125 0.56231623125 0.7379930609375001 0.5718165374999999
9 0.767684596875 0.32196281875 0.7164653515625 0.35529765625 0.7870338046875001 0.46372135625000005 0.8382528421875 0.43038678125 0.767684596875 0.32196281875
7 0.3035844 0.433533090625 0.299176621875 0.4349925234375 0.316666615625 0.4878125046875 0.3210743921875 0.48635307812499995 0.3035844 0.433533090625
7 0.3197873578125 0.47846709374999996 0.3270833328125 0.4791666671875 0.33437500625 0.403125 0.3270791078125 0.4024254296875 0.3197873578125 0.47846709374999996
7 0.360798284375 0.4972768328125 0.36770833281250004 0.49822915468750006 0.379779715625 0.410644715625 0.37286975 0.40969239999999996 0.360798284375 0.4972768328125
7 0.37919715 0.6716718921875 0.368749975 0.6701041515624999 0.3626736109375 0.710590278125 0.3731207859375 0.7121580125 0.37919715 0.6716718921875
7 0.31591551875 0.63917025625 0.3126899796875 0.6369007484375 0.2770833328125 0.6875 0.280308859375 0.68976949375 0.31591551875 0.63917025625
7 0.324522765625 0.6490982468750001 0.31666665 0.6451041453124999 0.3026480234375 0.67267416875 0.31050413125 0.6766682578125 0.324522765625 0.6490982468750001
7 0.7052374968749999 0.7027949312499999 0.7125000234375001 0.7031250015625 0.7145833328125 0.6572916671875 0.707320875 0.6569616 0.7052374968749999 0.7027949312499999
7 0.72984601875 0.6425994765625 0.723424071875 0.6450691156249999 0.745333934375 0.7020348828125 0.7517558734375 0.6995652609375 0.72984601875 0.6425994765625
