2 0.383316459375 0.4578253859375 0.3412023125 0.4563041859375 0.338851034375 0.5213942687500001 0.3809651796875 0.5229154609375 0.383316459375 0.4578253859375
2 0.600543565625 0.5491296875 0.6497970578125 0.5491296875 0.649796703125 0.4627171875 0.600543875 0.4627171875 0.600543565625 0.5491296875
3 0.667974740625 0.5598290984375 0.6463743953125001 0.55773718125 0.6417899453125 0.605069709375 0.6633902890625001 0.6071616171875001 0.667974740625 0.5598290984375
3 0.6754237953125 0.5078095953124999 0.6618540109375 0.5090421953125001 0.663498378125 0.527143675 0.6770681625 0.5259110765624999 0.6754237953125 0.5078095953124999
3 0.331593375 0.5430126765625001 0.320564765625 0.5443091 0.3233841109375 0.5682908890625 0.33441271875 0.56699446875 0.331593375 0.5430126765625001
3 0.326079053125 0.4928671015625 0.3210458921875 0.49250786875 0.3199632 0.5076761515625 0.3249963609375 0.5080353843750001 0.326079053125 0.4928671015625
3 0.30947075625 0.4937895078125 0.305822278125 0.4962958171875 0.31213045156249997 0.5054780359375 0.31577892812499997 0.502971728125 0.30947075625 0.4937895078125
7 0.3459934359375 0.3925850328125 0.34486607187499996 0.3928571421875 0.349058140625 0.41022430468750004 0.3501855046875 0.40995219531249993 0.3459934359375 0.3925850328125
7 0.35115769218750004 0.41001436093750004 0.3490581453125 0.41022430312499997 0.3526785640625 0.44642857343750003 0.3547781109375 0.44621863125 0.35115769218750004 0.41001436093750004
7 0.3571664578125 0.356024778125 0.351366890625 0.3565183328125 0.3582589140625 0.4375000015625 0.36405848125 0.4370064484375 0.3571664578125 0.356024778125
7 0.3659655796875 0.38606406875 0.362674896875 0.3862136375 0.3649553578125 0.436383928125 0.368246040625 0.43623435937500005 0.3659655796875 0.38606406875
