6 0.2975539171875 0.8361223796875 0.303744359375 0.8526302250000001 0.312410978125 0.8641857171874999 0.32272838125000003 0.8749158171874999 0.33676005 0.8831697390625 0.349140934375 0.8844078281250001 0.3569821609375 0.8745031203125 0.361109121875 0.863773021875 0.3623472109375 0.8567571875000001 0.34749015 0.839011253125 0.33345848125 0.8295192421875001 0.312410978125 0.8196145328125001 0.3082840171875 0.8154875718750001 0.299617396875 0.8142494843750001 0.2975539171875 0.8361223796875
3 0.6102538625 0.5924696125 0.6072051328125 0.5950102187499999 0.6194000484375 0.602632040625 0.6229568984375 0.6036482828125 0.6280381125 0.605172646875 0.6336274484375 0.6041564046875 0.64074115 0.601615796875 0.6432817562500001 0.5995833125 0.6483629703125 0.594502096875 0.653444184375 0.5884046390625 0.650903578125 0.5817990609375 0.6382005421875 0.575701603125 0.6300705984375 0.576717846875 0.6265137484375 0.5807828171875 0.62194065625 0.5858640328125 0.6178756828124999 0.5878965171874999 0.6102538625 0.5924696125
9 0.71277671875 0.6020908406250001 0.732443003125 0.6303296078125 0.7339557937500001 0.633607321875 0.7463102546875 0.64596178125 0.7531178140625 0.6555427921875 0.7599253734375 0.6615939562500001 0.771019175 0.6673929875 0.7742968890624999 0.6666365921875 0.7816087125 0.626043365625 0.7793395265624999 0.605116421875 0.761438165625 0.5577156375000001 0.7543784734375001 0.538301484375 0.7498401 0.530485396875 0.7412676171875 0.52897260625 0.7372335078125001 0.530233265625 0.729921684375 0.532502453125 0.7251311796875 0.5393100125 0.7226098609375 0.5468739671875 0.7208449390625 0.551664471875 0.7195842796874999 0.5549421859375 0.719332146875 0.557211371875 0.7142895109375 0.5657838546875 0.7097511375 0.570070096875 0.71277671875 0.6020908406250001
3 0.6375211171874999 0.515755546875 0.641861275 0.5225069062500001 0.64451359375 0.5254003453125 0.6536761515625 0.5239536265625 0.6606686296875 0.5220246671875 0.66717886875 0.514549946875 0.66597326875 0.5051462703125 0.662597590625 0.4959837125 0.6592219109374999 0.4923669140625 0.6490948734375 0.48971459375000004 0.641861275 0.4865800359375 0.6353510375 0.4873033953125 0.6358332765625 0.4923669140625 0.6358332765625 0.4938136328125 0.63679775625 0.4998416328125 0.6387267171875 0.5077985890625001 0.6375211171874999 0.515755546875
3 0.682369425 0.485133315625 0.686709584375 0.49212579375 0.6903263828124999 0.49718931250000004 0.6973188609375 0.4986360328125 0.7033468593750001 0.4974304328125 0.7062402984375 0.490196834375 0.7127505375000001 0.483927715625 0.7100982171875 0.47910531718750005 0.7067225390625 0.4759707578125 0.7019001406250001 0.472595078125 0.6973188609375 0.4658437203125 0.69514878125 0.4602979625 0.6939431828125 0.4549933234375 0.68984414375 0.45185876406250003 0.6862273437499999 0.45354660312500006 0.6821283046875 0.45523444218750003 0.683575025 0.4593334828125 0.683575025 0.461021321875 0.6814049453125001 0.46391476093749995 0.6782703859375 0.4689782796875 0.682369425 0.485133315625
0 0.6263020828125 0.6588541671875 0.6182292296874999 0.6283083140625 0.545312484375 0.6626627640625 0.5494791671875 0.7001403390625 0.5807291671875 0.6949351171875 0.6263020828125 0.6588541671875
0 0.31927085 0.6532933515625 0.35989586562500003 0.6845246765625 0.4375 0.6940104171875 0.4369792140625 0.672032178125 0.38489588124999996 0.6595396 0.3015625484375 0.6106105546875 0.29739586562500003 0.633513534375 0.31927085 0.6532933515625
0 0.3484375484375 0.49817779218749997 0.357812484375 0.5096292625000001 0.43281253125 0.5148344828125 0.4635416671875 0.5078125 0.4609375 0.482562128125 0.373437484375 0.48984940625 0.30677088124999996 0.45757705312499997 0.32239588124999996 0.48672628281249997 0.3484375484375 0.49817779218749997
0 0.5817708171875 0.5023419437500001 0.64453125 0.48046875 0.6328125 0.45445392812499996 0.5859375 0.46798749375000004 0.5515625484375 0.4846441859375 0.5526041984375001 0.518998675 0.5817708171875 0.5023419437500001
0 0.663020928125 0.6501703062499999 0.6875 0.6276041671875 0.6598958968749999 0.60748743125 0.663020928125 0.6501703062499999
