2 0.6087685296875 0.5066658312500001 0.6587171671875 0.5042282953125 0.6550663359375 0.429427959375 0.605118228125 0.43186548281250003 0.6087685296875 0.5066658312500001
6 0.6140622921875 0.758176703125 0.633480771875 0.747293378125 0.6118750000000001 0.70875 0.592456675 0.7196332703125 0.6140622921875 0.758176703125
7 0.6232330828125 0.35124999375 0.6232330562499999 0.41294231562499994 0.6277338640625 0.412942309375 0.6277338734375 0.351250003125 0.6232330828125 0.35124999375
7 0.644488025 0.366555634375 0.6407440421875 0.36597762500000003 0.6310093125 0.429030275 0.63475329375 0.42960828125 0.644488025 0.366555634375
7 0.6183853375 0.3752626078125 0.6229284796875 0.37483978906250004 0.6171067265625 0.3122881421875 0.6125636140624999 0.31271095937500004 0.6183853375 0.3752626078125
6 0.6784257078125 0.7172990984375 0.6843821046875 0.694483425 0.6631877187499999 0.6889511265625 0.6572312874999999 0.711766746875 0.6784257078125 0.7172990984375
3 0.3109911140625 0.4389193546875 0.285548284375 0.4626399640625 0.31728788125 0.4966816640625 0.3427306328125 0.4729611328125 0.3109911140625 0.4389193546875
3 0.3311944875 0.49734222343749995 0.344667990625 0.49650031562499997 0.3433868125 0.47599881093749996 0.32991335 0.47684071875 0.3311944875 0.49734222343749995
3 0.6504593953125 0.5509141171875 0.6803016015625001 0.5512397140624999 0.6807254421875 0.5123877265625 0.650883425 0.5120621296875 0.6504593953125 0.5509141171875
3 0.6599779125 0.48265183437500003 0.7012126796875 0.4633714578125 0.6861846453125 0.431233371875 0.64495005 0.45051370156250004 0.6599779125 0.48265183437500003
