2 0.629415625 0.5421609375 0.620584375 0.5498265625000001 0.627378125 0.585365625 0.6436828125 0.6 0.6514953125 0.5958187500000001 0.6613453125000001 0.583971875 0.6657609375 0.5707312499999999 0.6646633875 0.5402644046875 0.6616585796875001 0.5366586359375 0.663461465625 0.5324519046875 0.6511546874999999 0.5268296875 0.6453796875 0.5317078125 0.636209375 0.5351921875000001 0.629415625 0.5421609375
2 0.5900140625 0.5470390625 0.5906921875 0.568640625 0.597146875 0.59303125 0.6086953125 0.6083624999999999 0.6209234375 0.60696875 0.627378125 0.589546875 0.631453125 0.5749125 0.627378125 0.5477359374999999 0.62398125 0.5337984375 0.613790625 0.5303140625 0.605978125 0.5331015625 0.5995250000000001 0.5365859375 0.5900140625 0.5470390625
2 0.4123640625 0.39581875 0.4001359375 0.39303125 0.3875671875 0.3804875 0.380775 0.39442499999999997 0.37601874999999996 0.371428125 0.364809375 0.3372828125 0.3576765625 0.3331015625 0.352921875 0.351915625 0.3468078125 0.37351875 0.3410328125 0.39024375 0.3301625 0.379790625 0.317934375 0.37909375 0.308084375 0.37909375 0.298234375 0.39024375 0.296875 0.40975625000000004 0.2999328125 0.428571875 0.3097828125 0.4362375 0.3155578125 0.441115625 0.323709375 0.4446 0.3298234375 0.44320624999999997 0.339334375 0.43484375000000003 0.3488453125 0.448084375 0.3573375 0.439025 0.3671875 0.44878125 0.378396875 0.439025 0.38179375000000004 0.44529687500000004 0.39164374999999996 0.4501734375 0.399796875 0.4446 0.40285312500000003 0.4550515625 0.41134531250000006 0.4668984375 0.4188171875 0.46341406249999995 0.42527187499999997 0.45574843749999994 0.431046875 0.41742187499999994 0.4259515625 0.40696875 0.4123640625 0.39581875
2 0.3899453125 0.5337984375 0.3858703125 0.5198609375000001 0.379415625 0.5128921875 0.3688859375 0.5149828125 0.3542796875 0.5052265625000001 0.3454484375 0.5080140625 0.3406921875 0.5177703124999999 0.337296875 0.5337984375 0.340353125 0.5581875000000001 0.352921875 0.564459375 0.3576765625 0.5783968749999999 0.369565625 0.58188125 0.3756796875 0.575609375 0.38247343749999996 0.56794375 0.386209375 0.5560968749999999 0.3899453125 0.5337984375
3 0.3197115015625 0.5096153671875 0.313100925 0.506009596875 0.30889419375 0.5072115203124999 0.305288425 0.5084134421875001 0.30168265625 0.5114182515625 0.30108169375 0.5288461359375 0.314903809375 0.5384615203124999 0.3251201546875 0.5414663281250001 0.3311297703125 0.5246394046875 0.3251201546875 0.5150240203124999 0.3197115015625 0.5096153671875
3 0.41105765625 0.5420672890625 0.41105765625 0.5384615203124999 0.4074518859375 0.5336538281250001 0.399038425 0.5324519046875 0.39483169375 0.5288461359375 0.3942307328125 0.5420672890625 0.39483169375 0.5438701734375 0.401442271875 0.5468749828125 0.40324515468750005 0.5468749828125 0.4056490015625 0.5468749828125 0.41105765625 0.5420672890625
3 0.6838941578125 0.5546874828125 0.6989181953125 0.545072096875 0.702523965625 0.5228365203124999 0.7031249265625 0.5144230578125 0.69651435 0.506009596875 0.6917066578125 0.5036057515625 0.6796874265625 0.5048076734375 0.6760816578125 0.5084134421875001 0.6700720421875 0.5126201734375 0.66887011875 0.5156249828125 0.663461465625 0.5228365203124999 0.6592547343749999 0.5300480578125 0.663461465625 0.5348557515625 0.6676681953125 0.5432692125 0.6724758875 0.5540865203124999 0.6838941578125 0.5546874828125
4 0.6826922343749999 0.685697096875 0.6676681953125 0.6129807515625 0.6640624265625 0.5973557515625 0.655048003125 0.5913461359375 0.6508412734375 0.5943509421875001 0.6466345421875 0.6021634421875001 0.6514422343749999 0.6189903671875 0.6514422343749999 0.6219951734375 0.6562499265625 0.646634596875 0.6742787734375 0.6947115203124999 0.6826922343749999 0.685697096875
3 0.6977162734375 0.4332932515625 0.70432685 0.4170672890625 0.7067306953125 0.4050480578125 0.70072108125 0.39663459687499997 0.6874999265625 0.38942305781250003 0.68449511875 0.3924278671875 0.6724758875 0.400841328125 0.6646634609375 0.405048078125 0.6760816578125 0.4236778671875 0.6754806953125 0.432091328125 0.6778845421875 0.4405047890625 0.686898965625 0.44290863593749996 0.6977162734375 0.4332932515625
7 0.6995191578125 0.3323317125 0.6953124265625 0.3161057515625 0.6977162734375 0.30228363593749996 0.6977162734375 0.2890624828125 0.6959133875 0.2746394046875 0.6959133875 0.2614182515625 0.678485503125 0.2692307515625 0.6772835796875001 0.2740384421875 0.670673003125 0.27223555781250003 0.6676681953125 0.2626201734375 0.6664662734375 0.260216328125 0.6616586171875001 0.27223555781250003 0.66105765625 0.328124990625 0.664663425 0.3840144046875 0.66887011875 0.4002403671875 0.6736778109375 0.3996394046875 0.679086465625 0.39603363593749996 0.701923003125 0.3876201734375 0.701923003125 0.3786057328125 0.70072108125 0.37019227187500003 0.6995191578125 0.35637015625 0.6995191578125 0.3473557328125 0.6995191578125 0.3323317125
0 0.3787485859375 0.32404051875 0.372015328125 0.3181488734375 0.3610736984375 0.31309889062499996 0.34929040625 0.32488218281250003 0.3290904765625 0.345923778125 0.30384056406250004 0.3492904328125 0.2996322453125 0.3812736546875 0.43177340312499995 0.41830683437499994 0.4309317390625 0.3543404140625 0.39137354375 0.334140484375 0.3787485859375 0.32404051875
0 0.48732321093750003 0.40399857656249993 0.446923453125 0.402315275 0.45113166875 0.4502900578125 0.5546563109375 0.4502900578125 0.5470813375 0.3913736203125 0.5302480625 0.40147358437499997 0.48732321093750003 0.40399857656249993
0 0.42588175625 0.6203061609375 0.45533998750000004 0.65060605625 0.515939778125 0.6632310125 0.5857978703125 0.6413477546874999 0.632931040625 0.621147825 0.680905875 0.598422903125 0.6741725640625 0.564756353125 0.6535518031249999 0.573172990625 0.5942145078125 0.590006265625 0.5386647 0.6051562125000001 0.48395655625 0.6093645328124999 0.45197333281249996 0.60852286875 0.41662345624999997 0.5740146546875 0.3955818625 0.5588647078125 0.33834877812499997 0.553814725 0.3375071140625 0.553814725 0.3282488125 0.587481275 0.372015328125 0.5925312578125 0.40904848125 0.598422903125 0.42588175625 0.6203061609375
