2 0.28948224375 0.502178725 0.3366089359375 0.5056541078125 0.3416707859375 0.43701645312500004 0.29454455625 0.4335410875 0.28948224375 0.502178725
2 0.7098013140625 0.505614759375 0.7032340796875001 0.41941729062500005 0.6463770421875 0.4237489046875 0.65294390625 0.509946028125 0.7098013140625 0.505614759375
9 0.27685624999999997 0.48667812499999996 0.20319531249999997 0.48667812499999996 0.20319531249999997 0.5849609375 0.27685624999999997 0.5849609375 0.27685624999999997 0.48667812499999996
9 0.7494274640625 0.40165238125 0.7995311578125001 0.3756739296875 0.730004115625 0.241584909375 0.6799010437499999 0.26756316406249997 0.7494274640625 0.40165238125
9 0.743779065625 0.663247696875 0.8238717156250001 0.5917441890624999 0.7628393796874999 0.5233885968750001 0.6827475078125 0.5948915046875001 0.743779065625 0.663247696875
7 0.3090646078125 0.4147480484375 0.31224110625 0.4143408234375 0.30603392500000004 0.36592490781250003 0.30285744375 0.36633213124999997 0.3090646078125 0.4147480484375
7 0.3119364546875 0.41004083593749996 0.31831210312499997 0.4097372453125 0.3143382359375 0.3262867640625 0.30796264375 0.326590353125 0.3119364546875 0.41004083593749996
7 0.33038269374999996 0.348434259375 0.3235293796875 0.347426465625 0.3143382359375 0.40992647031249996 0.3211915484375 0.4109342609375 0.33038269374999996 0.348434259375
7 0.671875 0.3272058828125 0.6681985296875 0.3272058828125 0.6681985296875 0.4071691171875 0.671875 0.4071691171875 0.671875 0.3272058828125
7 0.691503059375 0.3263487875 0.687499996875 0.3262867640625 0.686646534375 0.381368171875 0.6906495968749999 0.3814301953125 0.691503059375 0.3263487875
