2 0.5740481 0.5763484796875 0.6086895734375 0.5746628640625 0.6051998140625 0.5029546765624999 0.57055875625 0.50464028125 0.5740481 0.5763484796875
2 0.6796001578124999 0.4877235046875 0.62788331875 0.4902400015625 0.631760378125 0.5699113671875 0.683477215625 0.5673948859375 0.6796001578124999 0.4877235046875
7 0.285701753125 0.7052173265625 0.291321240625 0.707384553125 0.3175466828125 0.6393930046875 0.3119272703125 0.63722579375 0.285701753125 0.7052173265625
7 0.3124811390625 0.7296754546875001 0.319547890625 0.73148296875 0.33705304062499997 0.66305401875 0.3299863890625 0.66124651875 0.3124811390625 0.7296754546875001
7 0.34991125312500004 0.7629931765625 0.3566647140625 0.764324646875 0.376250021875 0.6650000046875 0.369496703125 0.6636685484375 0.34991125312500004 0.7629931765625
7 0.632880746875 0.6559017375 0.6253597078124999 0.65750793125 0.6488027328125 0.767264159375 0.656323765625 0.765657984375 0.632880746875 0.6559017375
7 0.670640671875 0.6987267234375001 0.6737500375 0.6981249921875 0.6627106375 0.641088284375 0.6596013078125 0.6416900125 0.670640671875 0.6987267234375001
7 0.6780573953125 0.632480140625 0.6745102890625 0.634414675 0.6947411390625 0.6715046328125001 0.6982882390625 0.6695701078125 0.6780573953125 0.632480140625
7 0.3273933890625 0.4654373625 0.330000021875 0.46499999687500004 0.32376329843749996 0.427832446875 0.3211566796875 0.42826981249999996 0.3273933890625 0.4654373625
7 0.348596140625 0.35560034687500003 0.3424999609375 0.354999996875 0.33171669062500003 0.46449201406249996 0.33781287031249996 0.4650923609375 0.348596140625 0.35560034687500003
7 0.3927214859375 0.505270865625 0.39738919375 0.5049664671875 0.390625 0.40125 0.385957359375 0.40155439531250003 0.3927214859375 0.505270865625
7 0.4004761421875 0.4219174609375 0.39375 0.4225 0.40077430625000005 0.5035992375 0.40750044843750005 0.5030167015625 0.4004761421875 0.4219174609375
7 0.58463329375 0.501270771875 0.5895470359375 0.5012351671874999 0.58875 0.39125 0.5838363328125 0.3912856046875 0.58463329375 0.501270771875
3 0.27972380625 0.52067040625 0.26485761874999997 0.5340046875 0.2982827984375 0.571266471875 0.3131489328125 0.5579322453125 0.27972380625 0.52067040625
3 0.7179934765625 0.487913559375 0.6763877984375 0.49277117812500004 0.68177193125 0.5388828343750001 0.7233776062499999 0.5340252328124999 0.7179934765625 0.487913559375
3 0.6759321171875 0.54978314375 0.6848553203125001 0.56151744375 0.7218693828125 0.53337301875 0.7129461984375001 0.5216387640625 0.6759321171875 0.54978314375
