2 0.381842234375 0.49452649531250004 0.3384418171875 0.49653905781249996 0.34189572031250004 0.5710153640625 0.3852961375 0.5690028125000001 0.381842234375 0.49452649531250004
2 0.611778390625 0.5766811453125 0.6567989734374999 0.575708975 0.655269421875 0.5048958390625 0.610249365625 0.5058680015625 0.611778390625 0.5766811453125
3 0.314794590625 0.5007581390625 0.30234140468750004 0.5089652453125 0.31837009374999997 0.5332846515624999 0.3308232640625 0.525077565625 0.314794590625 0.5007581390625
9 0.3004670546875 0.565913025 0.243476834375 0.5473795124999999 0.203228353125 0.67112945625 0.26021846875 0.689662740625 0.3004670546875 0.565913025
7 0.35645519531250003 0.47160578124999997 0.3602941296875 0.471507353125 0.358642478125 0.4070936359375 0.35480357812499996 0.40719206406249997 0.35645519531250003 0.47160578124999997
7 0.3605208578125 0.4713702125 0.36527758593750004 0.47177501718750003 0.37132352968750004 0.40073529375000005 0.3665668453125 0.40033049062500004 0.3605208578125 0.4713702125
7 0.36447636875 0.476300371875 0.3695099625 0.4771886 0.3809002390625 0.41264367812499997 0.3758666890625 0.41175545468749997 0.36447636875 0.476300371875
7 0.6282364484375 0.42736741250000004 0.625230715625 0.4274153375 0.6261833171875 0.48715745000000005 0.6291890515625 0.48710952656249995 0.6282364484375 0.42736741250000004
7 0.632517475 0.48258353749999994 0.636718784375 0.4824218734375 0.6339231 0.40977328437500005 0.6297218328125 0.4099349484375 0.632517475 0.48258353749999994
7 0.6531503390625 0.4223060046875 0.6479779156250001 0.4218749984375 0.6424632359375 0.48805147031249996 0.647635659375 0.48848247499999997 0.6531503390625 0.4223060046875
