2 0.460749925 0.5617734375000001 0.4954032 0.5617734375000001 0.49540300937500004 0.47747031250000005 0.4607502078125 0.47747031250000005 0.460749925 0.5617734375000001
3 0.7368472109375 0.4435008546875 0.7112134984375 0.42791379999999996 0.682679940625 0.4748358 0.7083136078125001 0.49042279375 0.7368472109375 0.4435008546875
2 0.6627587 0.54181066875 0.68426759375 0.5682056656250001 0.7328211515625 0.5286434343749999 0.7113123328125 0.5022485750000001 0.6627587 0.54181066875
9 0.74891554375 0.6164631171875 0.7947814671875 0.60324869375 0.757480159375 0.47379383906249994 0.711615190625 0.48700811718750003 0.74891554375 0.6164631171875
4 0.3054676703125 0.70237866875 0.32435092656250003 0.7052494515625 0.34115077031249996 0.5947579890625 0.32226791875 0.5918872359375 0.3054676703125 0.70237866875
9 0.30894685312500003 0.5165537437500001 0.24811961249999998 0.46630990624999996 0.155973996875 0.5778556859374999 0.21680068125 0.6280989140625 0.30894685312500003 0.5165537437500001
9 0.2628474140625 0.28695654843749996 0.2248921578125 0.2890361984375 0.2324625015625 0.42719589375 0.2704177578125 0.425116259375 0.2628474140625 0.28695654843749996
3 0.2853009171875 0.42575149999999995 0.25946285156250004 0.428915146875 0.2665535375 0.48682247187499994 0.2923916015625 0.48365883906249996 0.2853009171875 0.42575149999999995
7 0.47444002812499997 0.47726112187499997 0.47977944375000003 0.47702205781250007 0.47520935781249996 0.3749577046875 0.4698700140625 0.3751967671875 0.47444002812499997 0.47726112187499997
7 0.6280404109375 0.698138596875 0.633678609375 0.697353628125 0.6204044125 0.6020220593750001 0.61476631875 0.6028070203125 0.6280404109375 0.698138596875
7 0.7054520671875 0.632523434375 0.7063383046875 0.6324325484375 0.703125 0.6011029406249999 0.7022387671875 0.6011938265625 0.7054520671875 0.632523434375
7 0.709806653125 0.6471661375 0.7106028421875 0.64693199375 0.70633829375 0.63243255 0.70554210625 0.63266669375 0.709806653125 0.6471661375
7 0.7282956656249999 0.645801865625 0.73161768125 0.64522058125 0.7210636906250001 0.5849122625 0.7177417125 0.58549354375 0.7282956656249999 0.645801865625
