3 0.316660084375 0.42829043437500003 0.2729540203125 0.47558058281250004 0.3889529921875 0.5827791265625 0.43265845937499997 0.53548955625 0.316660084375 0.42829043437500003
3 0.587605709375 0.6075508046875 0.6222828625 0.65435475625 0.6852231671875 0.607726971875 0.650546140625 0.5609233546875 0.587605709375 0.6075508046875
4 0.7008526578125001 0.591857528125 0.6720557609375 0.5958442515625 0.687499884375 0.7073863796875 0.716296771875 0.7033997000000001 0.7008526578125001 0.591857528125
9 0.37633518593750004 0.376048121875 0.3252838203125 0.3281247453125 0.252926190625 0.40520191875 0.30397727343750003 0.453125 0.37633518593750004 0.376048121875
9 0.34390705781249997 0.5317706 0.2826700765625 0.50426119375 0.225191228125 0.6321989703125 0.28642800625 0.659708034375 0.34390705781249997 0.5317706
7 0.541289446875 0.4601276453125 0.53349899375 0.4600337921875 0.5321180562500001 0.574652778125 0.5399085078125 0.5747466296875 0.541289446875 0.4601276453125
7 0.6030266328125 0.52978056875 0.6093750046874999 0.5303819437499999 0.6132134640625 0.4898647171875 0.6068651328125 0.48926334374999997 0.6030266328125 0.52978056875
7 0.6102154109375 0.4516319703125 0.605902778125 0.45225694375 0.6145832953125 0.5121527828125 0.6188959281249999 0.5115278125 0.6102154109375 0.4516319703125
7 0.6357236921875 0.504207509375 0.64409735 0.5026041421875 0.628472221875 0.42100694375 0.6200986609375 0.4226103 0.6357236921875 0.504207509375
7 0.6592985953125 0.446340203125 0.653645803125 0.4453124953125 0.644965278125 0.49305555625 0.65061806875 0.4940832609375 0.6592985953125 0.446340203125
