2 0.352290325 0.613049140625 0.369039134375 0.532866359375 0.29808191875 0.51804605625 0.2813327484375 0.5982283359375 0.352290325 0.613049140625
3 0.7959362234375 0.5846384015625 0.7711096125 0.5201235343749999 0.703927734375 0.54597401875 0.728753878125 0.6104884937499999 0.7959362234375 0.5846384015625
9 0.1582315421875 0.375362934375 0.20862598437500002 0.41430243125 0.2806531546875 0.32108995625 0.23025913281250002 0.2821507046875 0.1582315421875 0.375362934375
6 0.7798184406249999 0.696432990625 0.772143928125 0.6916828171875 0.762531840625 0.707210059375 0.770206346875 0.7119602234375 0.7798184406249999 0.696432990625
3 0.6984360765625001 0.5528404484375 0.68234636875 0.5722341875 0.7172705234375 0.6012054546875001 0.7333601468750001 0.5818117953125 0.6984360765625001 0.5528404484375
3 0.826572984375 0.519681359375 0.8093361890624999 0.4879320265625 0.7702169265625 0.5091683078125 0.7874535921875 0.5409175296875001 0.826572984375 0.519681359375
9 0.8541433171874999 0.5944916124999999 0.9182940343749999 0.5793985687500001 0.887239296875 0.44741855781249995 0.8230898890624999 0.46251144218749995 0.8541433171874999 0.5944916124999999
3 0.8368540718749999 0.4394938921875 0.8180496265625001 0.40972190937499997 0.78517046875 0.43048773906250004 0.8039748281250001 0.460259646875 0.8368540718749999 0.4394938921875
3 0.7646447078125 0.4620455234375 0.7306270765625 0.471569921875 0.7397838203125 0.5042721203125 0.7738014421875 0.4947477453125 0.7646447078125 0.4620455234375
3 0.271179984375 0.42250924687499997 0.22377998593749998 0.4139622125 0.21577375468749999 0.4583605015625 0.263173746875 0.46690750937500003 0.271179984375 0.42250924687499997
3 0.24405122812500002 0.497796509375 0.23829440000000002 0.5332932171875 0.2835707234375 0.5406353390625 0.28932740625000003 0.5051387593750001 0.24405122812500002 0.497796509375
7 0.268275440625 0.6653992921875 0.27414772656249997 0.6690340906250001 0.3110797265625 0.6093751125 0.3052075015625 0.6057403375 0.268275440625 0.6653992921875
7 0.312763365625 0.6968072421875 0.31618180625000003 0.6973328765625 0.327256521875 0.625318603125 0.32383812968750003 0.6247929734375 0.312763365625 0.6968072421875
7 0.7843243453125 0.6554519875 0.789772784375 0.65340906875 0.769189803125 0.598521290625 0.76374141875 0.6005641984375 0.7843243453125 0.6554519875
6 0.7969122734375 0.6477008625 0.7797271718750001 0.6598775671875 0.7982954343750001 0.686079559375 0.815480503125 0.6739028953124999 0.7969122734375 0.6477008625
6 0.3162656875 0.73143695 0.3272929375 0.701915675 0.290573478125 0.6882017203124999 0.279546175 0.7177228703125 0.3162656875 0.73143695
