2 0.3434258234375 0.40409547031250004 0.2868051328125 0.4059365203125 0.289951090625 0.5026832906250001 0.34657178125 0.500842253125 0.3434258234375 0.40409547031250004
2 0.6554591578125 0.5249109046875 0.7180592765625 0.52956341875 0.7260350375 0.422249521875 0.663435890625 0.41759704375 0.6554591578125 0.5249109046875
1 0.2452721625 0.526528446875 0.258837478125 0.485929025 0.20858586406250001 0.469139921875 0.1950204640625 0.509739178125 0.2452721625 0.526528446875
9 0.27172185781249997 0.5005379999999999 0.20446248906250003 0.47139490625 0.1485256828125 0.600480475 0.21578485 0.6296232234375 0.27172185781249997 0.5005379999999999
6 0.1715143703125 0.607027125 0.1956965984375 0.57415745 0.15989454375 0.547820578125 0.13571236250000002 0.5806901250000001 0.1715143703125 0.607027125
6 0.31804783593749997 0.6450950828125 0.281021315625 0.640158921875 0.270502040625 0.71905391875 0.307528553125 0.7239900375 0.31804783593749997 0.6450950828125
6 0.7027849046875 0.7996269500000001 0.7527757515625 0.7800136046875 0.7176675312499999 0.6905462328125 0.6676776671875 0.7101593609375 0.7027849046875 0.7996269500000001
3 0.7337433437499999 0.574934425 0.742093259375 0.5471036890625001 0.7024442546875 0.5352090781250001 0.694094284375 0.5630397171875 0.7337433437499999 0.574934425
9 0.8125112968750001 0.67463416875 0.8826363109375001 0.627345146875 0.7928119640625 0.49415989375 0.72268840625 0.5414482406250001 0.8125112968750001 0.67463416875
9 0.8128544249999999 0.280283359375 0.7601028515625 0.2835884453125 0.7722559921875 0.47755375625 0.8250075625 0.474248709375 0.8128544249999999 0.280283359375
7 0.6930582171874999 0.39379204843750004 0.6960227265625 0.393892028125 0.7002035171875 0.269931553125 0.6972390453124999 0.26983157343749997 0.6930582171874999 0.39379204843750004
7 0.32417365 0.2615027453125 0.3188351375 0.26126705625 0.31392045468749996 0.372585209375 0.319258965625 0.37282089531249996 0.32417365 0.2615027453125
7 0.3034881515625 0.292455340625 0.30018288437499996 0.29301712343749997 0.312499978125 0.36548294062500003 0.3158052453125 0.3649211609375 0.3034881515625 0.292455340625
7 0.7227320859375 0.366314775 0.7187499609375 0.3636363375 0.6974431812499999 0.3953124828125 0.7014253015625 0.3979909140625 0.7227320859375 0.366314775
