2 0.2857140625 0.4446 0.2857140625 0.4179515625 0.2835921875 0.4053296875 0.28005625 0.38569375 0.23833125000000002 0.3702671875 0.2305515625 0.39971875 0.22842968749999998 0.431978125 0.23338125 0.4431984375 0.25176875 0.45301562500000003 0.25813281250000003 0.4572234375 0.2722765625 0.45862499999999995 0.27793437499999996 0.4544171875 0.282178125 0.4474046875 0.2857140625 0.4446
2 0.2970296875 0.48948125 0.287128125 0.48807812500000003 0.27510625 0.481065625 0.2659125 0.4782609375 0.25813281250000003 0.48527343749999996 0.2510609375 0.495090625 0.2489390625 0.51051875 0.250353125 0.539971875 0.29420156249999996 0.5694250000000001 0.2998578125 0.5582046875 0.30622343750000003 0.5455828125 0.31188125 0.525946875 0.31188125 0.511921875 0.3083453125 0.497896875 0.2970296875 0.48948125
2 0.3769453125 0.5301546874999999 0.3755296875 0.51753125 0.36775156249999996 0.5091171875 0.35785 0.50350625 0.34299843750000003 0.511921875 0.3288546875 0.497896875 0.321075 0.504909375 0.31470937499999996 0.504909375 0.31188125 0.504909375 0.31188125 0.5133234375 0.3104671875 0.5357640625 0.309759375 0.568021875 0.36138593750000003 0.58345 0.36775156249999996 0.5736328125 0.373409375 0.5624125 0.3762375 0.5483875 0.3769453125 0.5301546874999999
1 0.44908125 0.4053296875 0.4462515625 0.42356249999999995 0.4455453125 0.446003125 0.4462515625 0.4572234375 0.4575671875 0.45862499999999995 0.468175 0.4656375 0.47312656249999996 0.46844374999999994 0.475246875 0.46844374999999994 0.475246875 0.4474046875 0.475246875 0.430575 0.47312656249999996 0.40813437500000005 0.44908125 0.4053296875
2 0.538896875 0.48948125 0.541725 0.48807812500000003 0.54596875 0.4866765625 0.5466765625 0.46984531250000006 0.5466765625 0.4572234375 0.5466765625 0.43478281250000006 0.54596875 0.41655 0.5445546875 0.401121875 0.543140625 0.39270625 0.51414375 0.39270625 0.5134375 0.4039265625 0.5120218750000001 0.424965625 0.5127296875 0.4488078125 0.5127296875 0.4656375 0.5134375 0.4866765625 0.5261671875 0.48807812500000003 0.538896875 0.48948125
2 0.672559375 0.481065625 0.6775109375 0.47545624999999997 0.68316875 0.45862499999999995 0.6824609374999999 0.44179531250000004 0.6803390625 0.4277703125 0.6782171875 0.415146875 0.6506359374999999 0.4193546875 0.6456859374999999 0.4333796875 0.6428578125 0.45021093749999996 0.644271875 0.467040625 0.6492218750000001 0.4782609375 0.6541718750000001 0.4838703125 0.6584156250000001 0.4838703125 0.6626593749999999 0.48527343749999996 0.672559375 0.481065625
2 0.7121640625000001 0.5820484375 0.7121640625000001 0.5652171874999999 0.7121640625000001 0.5525953125 0.71145625 0.539971875 0.71145625 0.5301546874999999 0.71145625 0.5231421875 0.70650625 0.5133234375 0.7029703125 0.511921875 0.6994343749999999 0.5077140625000001 0.6951906250000001 0.504909375 0.6803390625 0.51051875 0.6753890625000001 0.5161296875 0.672559375 0.5133234375 0.6626593749999999 0.5133234375 0.653465625 0.5217390625 0.6456859374999999 0.5343625000000001 0.644978125 0.5427765625000001 0.6471 0.5582046875 0.653465625 0.5792421875 0.6598296875 0.597475 0.7121640625000001 0.5820484375
7 0.2713218828125 0.333917521875 0.2650727671875 0.29066313125 0.2650727671875 0.302128153125 0.26819733437500004 0.324537046875 0.2655935375 0.33912889375 0.2635104921875 0.3531995921875 0.25986517343750004 0.34955163749999996 0.2614274484375 0.3250581859375 0.2593444234375 0.30317043125 0.25778215000000004 0.29066313125 0.25778215000000004 0.30890293281250003 0.2556991046875 0.3360020890625 0.253616059375 0.35059390625 0.25205378437500003 0.3240159171875 0.2510122625 0.3042126984375 0.24684619218749998 0.29691678125 0.2478877140625 0.3490305171875 0.24684619218749998 0.367270309375 0.24557291406249998 0.37838541718749996 0.26038594531250003 0.38342555312500004 0.2687180859375 0.39072148281249997 0.2676765640625 0.3730028109375 0.269759609375 0.3552841375 0.2713218828125 0.333917521875
7 0.46296129375 0.317241128125 0.45983674687500004 0.289099721875 0.45827445312500004 0.36310119687500003 0.46041666406250004 0.42395833281249995 0.467127384375 0.42928562187499997 0.4640028359375 0.40687672812500003 0.4640028359375 0.38238327656250004 0.46348204531250004 0.35372073125000003 0.46296129375 0.317241128125
7 0.5254524078125 0.36987599531250004 0.5248697890625 0.3927083328125 0.5322222953125 0.3943694265625 0.5322222953125 0.3683125671875 0.53170154375 0.34955163749999996 0.5254524078125 0.3521573234375 0.5254524078125 0.36987599531250004
3 0.6802756421875 0.457046903125 0.6816147515625001 0.46508726874999995 0.6874175109375 0.471340921875 0.707503940625 0.47044757343750004 0.711607140625 0.46607142812499996 0.7092893734375 0.45481345781250004 0.6963448140625 0.4507932171875 0.68920294375 0.44409288281250003 0.68429296875 0.43337235625000003 0.6767047078124999 0.43783924687500003 0.6802756421875 0.457046903125
3 0.62537275625 0.4695541578125 0.62983640625 0.4691074765625 0.636085525 0.45213329687500003 0.6338537 0.440966071875 0.6173381703125 0.440966071875 0.6173381703125 0.45749355312500006 0.6200163546875 0.46687403125 0.62537275625 0.4695541578125
3 0.3919237953125 0.438732628125 0.3870137859375 0.44409288281250003 0.38388920937500004 0.4507932171875 0.3847819609375 0.45615348750000007 0.387906503125 0.460173696875 0.39464285625 0.4537946421875 0.40129745625 0.4588336328125 0.4053147484375 0.45749355312500006 0.40799293125 0.448559771875 0.4053147484375 0.4414127546875 0.3968338046875 0.440072690625 0.3919237953125 0.438732628125
6 0.7115212 0.68953809375 0.7106284828125 0.703832128125 0.7155385265625 0.7123192281249999 0.7182166765625 0.714552671875 0.7258048687499999 0.7167861171875 0.7289294796875 0.71097918125 0.7311613046875001 0.6980251749999999 0.7307149125 0.6917715390625 0.7289294796875 0.6841778578125 0.725558034375 0.673102678125 0.7262512609375 0.6832844421875001 0.7249121515625 0.6904314765625 0.72312671875 0.6944516671875001 0.717323959375 0.694004984375 0.7146457421875 0.691324840625 0.7115212 0.68953809375
3 0.2834570796875 0.5550847015625 0.2839034375 0.54570423125 0.27542249375 0.5376638234375 0.26917339375 0.53453700625 0.2640624984375 0.5330357140624999 0.26069244999999996 0.549724446875 0.2624779171875 0.563571790625 0.267387925 0.5675919984375 0.27319066875 0.5707188078125001 0.2816716125 0.565358553125 0.2834570796875 0.5550847015625
7 0.326308121875 0.5800992875000001 0.320982140625 0.5732142859375 0.316041728125 0.587693003125 0.3088998765625 0.609134071875 0.3080071609375 0.6238748078125 0.3151489953125 0.6010936734375 0.32050537968750004 0.587693003125 0.326308121875 0.5800992875000001
7 0.3401454328125 0.5917131953125 0.3401454328125 0.6037738015625 0.3379136078125 0.63370196875 0.342823634375 0.6127075828125 0.34371636875 0.596180084375 0.34550181874999997 0.5814393515625 0.3399913875 0.5826002890625 0.3401454328125 0.5917131953125
6 0.688310228125 0.7216996890625 0.6941129875 0.717679515625 0.695452096875 0.7149993546875 0.6945593125 0.7029387640625 0.6945593125 0.7123192281249999 0.6905420531249999 0.7136593078125 0.6838465765625 0.706958971875 0.67982931875 0.7024920828125001 0.6847392937500001 0.718126196875 0.688310228125 0.7216996890625
4 0.6633137546875 0.3037615578125 0.6512619109375 0.3046549390625 0.6490300859375 0.31314203749999997 0.6508155875 0.375678496875 0.6546874984375 0.380133928125 0.6740265578125 0.3761251796875 0.6740265578125 0.37210497187499997 0.6695629078125 0.33234966093749996 0.66777740625 0.3109085921875 0.6633137546875 0.3037615578125
6 0.23971328593750002 0.30242149375 0.241498753125 0.30063473125 0.24596240468750002 0.295721159375 0.249533321875 0.2943810953125 0.25042605625 0.2952744765625 0.2534598203125 0.2953125 0.2531042390625 0.2885741421875 0.2513187890625 0.28544731562500003 0.24908696406250003 0.2845539328125 0.2423914875 0.2903608875 0.24105239531249997 0.2943810953125 0.23971328593750002 0.30242149375
0 0.6771511 0.41059120625 0.713753025 0.4025508078125 0.7347321703125 0.3998706796875 0.7383928562500001 0.380133928125 0.7043793984375 0.3922769625 0.68429296875 0.3940637265625 0.6619747140625 0.38959683749999996 0.6450128265624999 0.3909369 0.6441201109375 0.415058096875 0.6771511 0.41059120625
0 0.447273075 0.4043375703125 0.47985770624999996 0.407911078125 0.5111032625 0.404784253125 0.5427952125 0.40344418906249996 0.5700234765625 0.40121074375 0.5793971375 0.4043375703125 0.5838607875 0.39183028124999997 0.5843749984375 0.387946428125 0.5593107078124999 0.385129946875 0.5410097453125 0.3891501375 0.512442371875 0.395850471875 0.48432135781249996 0.395403790625 0.43879213124999994 0.38557662812500004 0.447273075 0.4043375703125
9 0.780707790625 0.584941890625 0.7860641578124999 0.6063829593750001 0.7932060265625 0.6211237281249999 0.7994551109375 0.63050415625 0.8106142375 0.6336309828125 0.823112475 0.6197836296875 0.8271298015624999 0.6037028156249999 0.8302543437500001 0.5844951921875 0.8302543437500001 0.5702011406249999 0.8293616265624999 0.5585872328125 0.8284688421874999 0.5425064359375 0.8284688421874999 0.529105765625 0.827576125 0.508111378125 0.8257906921875 0.4973908359375 0.8173097140625 0.48979711875 0.7909742 0.49873089843749996 0.7753514218750001 0.5112382046875 0.7726732046875 0.5255322390625 0.770887771875 0.54607994375 0.778029640625 0.5688610765625 0.780707790625 0.584941890625
