2 0.3665953125 0.33623125 0.3651796875 0.320290625 0.3347484375 0.320290625 0.32908750000000003 0.3405796875 0.324840625 0.36231874999999997 0.32625625 0.3753625 0.3361640625 0.3898546875 0.343240625 0.3956515625 0.3559796875 0.3898546875 0.3651796875 0.38260937500000003 0.370134375 0.369565625 0.3694265625 0.35217343749999996 0.3665953125 0.33623125
2 0.6808203125000001 0.3333328125 0.6560515625 0.330434375 0.65534375 0.33768125000000004 0.64968125 0.35507187500000004 0.6475578125 0.3724640625 0.6475578125 0.3913046875 0.653928125 0.40434843750000005 0.6610046875 0.41304375000000004 0.6709125 0.4086953125 0.6808203125000001 0.4 0.685775 0.3913046875 0.6956828125000001 0.3956515625 0.7048828125 0.3956515625 0.7105453125000001 0.394203125 0.7247 0.392753125 0.7353156249999999 0.379709375 0.738853125 0.368115625 0.738853125 0.35362343749999997 0.7367296875 0.33623125 0.7331921875 0.320290625 0.7303609375 0.3101453125 0.6878984375 0.3159421875 0.687190625 0.3246375 0.6836515624999999 0.3289859375 0.6808203125000001 0.3333328125
3 0.330395115625 0.33571755312499996 0.3178969046875 0.3482248625 0.3061798203125 0.3490065578125 0.288994728125 0.350569975 0.276562496875 0.3146484375 0.2741531359375 0.34353461093750004 0.279621084375 0.3685492015625 0.302274125 0.375584565625 0.31867803125 0.3802747875 0.330395115625 0.34978828125 0.330395115625 0.33571755312499996
3 0.288994728125 0.4138881296875 0.288994728125 0.3966906265625 0.2694662546875 0.386528428125 0.25306235 0.3748028421875 0.2475944015625 0.40450768437500007 0.2608737390625 0.41857838281250004 0.27805883124999997 0.41779665781249997 0.2835267796875 0.4365576671875 0.28508903281250003 0.43812102656249996 0.288994728125 0.4138881296875
3 0.33898763125000003 0.44124783125 0.341331071875 0.4498466125 0.348361334375 0.44437472656250004 0.3499235875 0.4248320828125 0.33195736875000004 0.40685279531249996 0.3202402859375 0.4029442671875 0.303906246875 0.3976562515625 0.288994728125 0.4123247421875 0.288994728125 0.43577591406250005 0.2905570421875 0.4459380828125 0.306960946875 0.43499419218749996 0.3249271671875 0.437339303125 0.33898763125000003 0.44124783125
3 0.739711921875 0.424050328125 0.753772446875 0.4138881296875 0.7568969546875 0.4091979078125 0.758459209375 0.39356379218750004 0.7209645765625 0.4076344890625 0.7170588828125 0.4084162125 0.7201834500000001 0.42874061093750004 0.73111940625 0.4420295546875 0.73814966875 0.4310856625 0.739711921875 0.424050328125
3 0.657421871875 0.4406250015625 0.64050724375 0.4475015015625 0.6514432 0.4561003125 0.657421871875 0.4406250015625
7 0.352267028125 0.18641176406249998 0.340039059375 0.3175781265625 0.352267028125 0.32164685625 0.352267028125 0.18641176406249998
0 0.36398411249999996 0.3114846875 0.334300809375 0.296632265625 0.299930684375 0.2817798734375 0.279621084375 0.2817798734375 0.24212639375 0.2528567546875 0.23743957187500003 0.2817798734375 0.29211929531249997 0.293505459375 0.3311762421875 0.3169566328125 0.3585161046875 0.3279004953125 0.39757305 0.334154165625 0.44444138593750004 0.341971221875 0.491309721875 0.34431633437500003 0.53192898125 0.3466614453125 0.5686424859375 0.3490065578125 0.6061371796875 0.3466614453125 0.649880946875 0.3396260828125 0.692062459375 0.3279004953125 0.724870271875 0.31617490937500004 0.776425428125 0.2997591 0.771738665625 0.2786530375 0.7272137125 0.2997591 0.701436103125 0.3083578515625 0.684251071875 0.313048103125 0.649880946875 0.325555384375 0.5787973171874999 0.33102733125 0.522555278125 0.3302456375 0.46631330000000004 0.3271188015625 0.41397695624999997 0.32164685625 0.36398411249999996 0.3114846875
0 0.515525015625 0.5280171890625 0.47021899375 0.5280171890625 0.44756595312499997 0.52020013125 0.41085244843749996 0.5076928515625 0.3811691453125 0.49440381718750004 0.35773497656250003 0.48189653750000006 0.328051675 0.4693892578125 0.30461750625 0.45922708749999996 0.2811833390625 0.4459380828125 0.27805883124999997 0.47017095 0.341331071875 0.4998757921875 0.3897616609375 0.5233269671875 0.42178834531250003 0.5366159406250001 0.4561584703125 0.5459964453125 0.491309721875 0.5452146921875001 0.5288044140625 0.544432996875 0.5670802328125 0.5405244687499999 0.6053559921875 0.537397634375 0.6233222109375001 0.535834246875 0.6490998203125 0.5233269671875 0.685813325 0.503002628125 0.7233080171874999 0.485805065625 0.744398803125 0.47720631406249997 0.772519734375 0.465480728125 0.7920482062499999 0.4514100296875 0.7818933765625 0.42952224531249994 0.73111940625 0.46313561718749996 0.6725339875 0.49205873593750005 0.6295713468749999 0.5131647671875 0.59988804375 0.5233269671875 0.5553631484375 0.525672046875 0.515525015625 0.5280171890625
9 0.14214061718749998 0.42874061093750004 0.1429217734375 0.4521917828125 0.1585445515625 0.47876973281249996 0.18432213125000002 0.4936221234375 0.22103566562500002 0.5100379328125 0.23743957187500003 0.4998757921875 0.23509619062499998 0.47329778593749994 0.234315003125 0.43499419218749996 0.231640621875 0.3996093765625 0.2147865609375 0.385746734375 0.21009970937500003 0.384965040625 0.166355940625 0.3966906265625 0.15385770000000001 0.4037259609375 0.14214061718749998 0.42874061093750004
