2 0.31400300625 0.5072671875 0.3624470171875 0.5072671875 0.362446740625 0.42659843750000004 0.3140032875 0.42659843750000004 0.31400300625 0.5072671875
3 0.3967822859375 0.5397592640625 0.3416339640625 0.5279209546875 0.3247871578125 0.6063936828125 0.379935453125 0.618231909375 0.3967822859375 0.5397592640625
2 0.6213699546875 0.622728046875 0.6696681734375 0.6179067140625001 0.6632429328125 0.5535508453125 0.61494526875 0.5583721500000001 0.6213699546875 0.622728046875
3 0.6997279562500001 0.5718664953125 0.692951509375 0.5418596421874999 0.6639339609375 0.54841205625 0.6707103203125 0.5784188328125001 0.6997279562500001 0.5718664953125
3 0.726013153125 0.4850640890625 0.711491609375 0.47228607968749997 0.6864318218750001 0.500763171875 0.70095333125 0.5135411421875 0.726013153125 0.4850640890625
3 0.6110123453125 0.5400078296874999 0.6173613734375001 0.518140603125 0.5930701484374999 0.5110883687500001 0.5867210953125 0.5329555515625 0.6110123453125 0.5400078296874999
3 0.3413379109375 0.5301741265625 0.31112063125 0.501736671875 0.289975503125 0.5242033984375001 0.3201927140625 0.5526407843750001 0.3413379109375 0.5301741265625
7 0.3319096328125 0.3754159203125 0.3246398390625 0.37762835625 0.33774037031250004 0.42067308125 0.3450101625 0.4184606515625 0.3319096328125 0.3754159203125
7 0.35452514687500003 0.354840815625 0.34433428906249997 0.35454966250000003 0.3425480765625 0.41706730781249995 0.352738934375 0.4173584609375 0.35452514687500003 0.354840815625
7 0.661346675 0.6313666890625 0.6552734375 0.6328125 0.6699217859375 0.694335959375 0.6759950203125 0.6928901578125 0.661346675 0.6313666890625
