2 0.350801728125 0.6216008734375 0.318555559375 0.6630542078125 0.37543567968749997 0.70729441875 0.40768152031250005 0.6658413859375 0.350801728125 0.6216008734375
2 0.4373128984375 0.635285678125 0.4620982484375 0.634159196875 0.4591364609375 0.5690029515624999 0.4343514078125 0.570129425 0.4373128984375 0.635285678125
2 0.46119991875000005 0.6352 0.48600013124999997 0.6352 0.48599996093750003 0.5624 0.4612000765625 0.5624 0.46119991875000005 0.6352
2 0.4850791734375 0.6254191875 0.509616034375 0.626400553125 0.5123858578125 0.5571513968749999 0.4878493046875 0.5561700375 0.4850791734375 0.6254191875
2 0.6170339359375 0.544967278125 0.5821273859375 0.5443209265625 0.5805565968749999 0.6291436906250001 0.6154631453125 0.6297900375000001 0.6170339359375 0.544967278125
2 0.6554970703125 0.545482665625 0.6089261718750001 0.5466468203125 0.6107073062499999 0.6178922859375 0.6572782046875 0.6167281390625 0.6554970703125 0.545482665625
9 0.2190723828125 0.74934044375 0.269709428125 0.7586330640625001 0.2962847296875 0.613837628125 0.245649178125 0.6045451468749999 0.2190723828125 0.74934044375
7 0.44507084687500004 0.5807722078124999 0.4520251078125 0.5803379140625 0.4447343484375 0.46360321718749997 0.43778021718750004 0.46403750625000006 0.44507084687500004 0.5807722078124999
7 0.6079298515625 0.4636738078125 0.6016871828125 0.4634234421875 0.5977864562499999 0.560677084375 0.6040291234375 0.5609274484375 0.6079298515625 0.4636738078125
7 0.6417663390625 0.43553865312499995 0.6352112984375 0.43522968281249996 0.63016210625 0.5423449703125 0.6367171468749999 0.5426539375 0.6417663390625 0.43553865312499995
7 0.6334918843749999 0.542699034375 0.6395089281249999 0.5446428578125 0.66294653125 0.472098246875 0.656929553125 0.4701544359375 0.6334918843749999 0.542699034375
7 0.325876175 0.7837981765625 0.3318249734375 0.7848602828125 0.3455999984375 0.7077203234375 0.339651303125 0.7066582265625 0.325876175 0.7837981765625
7 0.4714856296875 0.48016001875000003 0.4684160484375 0.4803873765625 0.47188067968749997 0.5271600656250001 0.4749502609375 0.526932709375 0.4714856296875 0.48016001875000003
