2 0.37679999999999997 0.6472 0.3672 0.6376000000000001 0.3568 0.6368 0.3476 0.6432 0.3408 0.6408 0.33399999999999996 0.6432 0.3356 0.6719999999999999 0.3496 0.6872 0.364 0.6984 0.37679999999999997 0.7024 0.3892 0.6896 0.3932 0.6736 0.3916 0.6584 0.3868 0.6496000000000001 0.37679999999999997 0.6472
2 0.4356 0.5976 0.4404 0.632 0.44560000000000005 0.6344000000000001 0.4568 0.6344000000000001 0.4596 0.6248 0.4608 0.6056 0.45999999999999996 0.588 0.45359999999999995 0.5751999999999999 0.446 0.5696 0.438 0.5791999999999999 0.4356 0.5976
2 0.4612 0.5976 0.4624 0.6208 0.46559999999999996 0.6336 0.4808 0.6352 0.4856 0.6208 0.48600000000000004 0.6056 0.48600000000000004 0.5791999999999999 0.4756 0.5624 0.466 0.564 0.462 0.5751999999999999 0.4612 0.5976
2 0.48600000000000004 0.6024 0.4896 0.6256 0.496 0.6256 0.5075999999999999 0.6232 0.51 0.6168 0.5107999999999999 0.5968 0.5112 0.5728 0.5035999999999999 0.5568 0.4932 0.5591999999999999 0.48840000000000006 0.5751999999999999 0.48600000000000004 0.6024
2 0.6136 0.5544 0.608 0.5448000000000001 0.5936 0.5464 0.5852 0.5591999999999999 0.5816 0.5728 0.5812 0.5944 0.5888 0.612 0.5956 0.6128 0.6052 0.6296 0.6123999999999999 0.6232 0.6144000000000001 0.6048 0.6164 0.5791999999999999 0.6136 0.5544
2 0.6456000000000001 0.5472 0.6344000000000001 0.5464 0.6188 0.5464 0.6092 0.5576 0.61 0.5896 0.6152 0.612 0.6224000000000001 0.6176 0.6332 0.6152 0.6476 0.6104 0.6564 0.6032 0.6564 0.5816 0.6527999999999999 0.5599999999999999 0.6456000000000001 0.5472
9 0.734797253125 0.7180009421875 0.7488578171875 0.7232123125000001 0.7587522124999999 0.7242545921875 0.7676051046875 0.7070571078125 0.7623975109375001 0.689859546875 0.7498993203125 0.6570279078125 0.7394841343749999 0.63670355 0.7269858640625 0.6158580625 0.7259443609375 0.6054353203125 0.7212575593749999 0.60178735625 0.7169270812499999 0.604296875 0.7009479 0.6221117125 0.690012003125 0.64712629375 0.686887415625 0.6737042828125 0.6946988046875 0.689859546875 0.709800871875 0.7013245671874999 0.734797253125 0.7180009421875
7 0.45202498750000003 0.580337921875 0.44473434999999994 0.46360321718749997 0.44108905 0.46464547500000003 0.44479166406250004 0.5763020828125 0.45202498750000003 0.580337921875
7 0.50826700625 0.509984403125 0.511391553125 0.4797584515625 0.5051424171875001 0.5058153109375 0.5059895812499999 0.5170572921875001 0.50826700625 0.509984403125
7 0.60408668125 0.5594924359375 0.6061697265625 0.46360321718749997 0.5988790890625 0.5334355765625001 0.5977864562499999 0.5606770828125 0.60408668125 0.5594924359375
7 0.6441851703125 0.5271819265625 0.6368945312500001 0.539168096875 0.6368945312500001 0.5214494265625 0.6374152828125 0.48340640625000003 0.637936034375 0.43494065312499997 0.6342907359375001 0.48757550937499994 0.6296038937499999 0.5188437390625 0.6257812484375 0.5489583328125 0.642102125 0.5615769921875 0.642102125 0.5449005984374999 0.6488720125 0.5230128328125 0.6598079484375 0.4797584515625 0.6441851703125 0.5271819265625
7 0.35932981875 0.7128723875 0.36193361562500004 0.7206894453125 0.36245440625 0.7274642234375001 0.356205271875 0.7952120578125 0.3629751578125 0.7493519890625 0.3655789546875 0.7259008171875 0.3671412078125 0.7107878296875 0.356726021875 0.70818214375 0.3463108359375 0.7113089796875001 0.3374579453125 0.7378869671875 0.32339745937500003 0.7873949984374999 0.3364164421875 0.7556056390625 0.34422783125 0.7253796875 0.3520392203125 0.7139146656250001 0.35932981875 0.7128723875
0 0.45254573750000004 0.7174798531250001 0.427028525 0.7180009421875 0.399949059375 0.7086204765625 0.3754733875 0.7023668265625 0.3817224828125 0.7148741671875001 0.40932274218750003 0.71956436875 0.43536070625 0.7232123125000001 0.4619194203125 0.7232123125000001 0.48535358906250003 0.720606628125 0.5093085078125 0.71956436875 0.523889784375 0.720606628125 0.5415955671875 0.7258180000000001 0.5624259390625 0.7305082828125 0.577007215625 0.73207165 0.579090259375 0.73207165 0.5759657125000001 0.7200855374999999 0.5572183468749999 0.7190432203125 0.5317011734375 0.7174798531250001 0.5233689921875 0.7049725125 0.5051424171875001 0.7107050328125 0.47233460625 0.714352996875 0.45254573750000004 0.7174798531250001
