3 0.3366170109375 0.5581875000000001 0.38247356875 0.5581875000000001 0.38247330156250003 0.47874531249999996 0.33661732031249997 0.47874531249999996 0.3366170109375 0.5581875000000001
3 0.356208896875 0.5757423421875 0.3448882796875 0.6529782984375 0.39497227968750004 0.6603180140625 0.4062924875 0.583082425 0.356208896875 0.5757423421875
3 0.52345835625 0.5173348468750001 0.4933615609375 0.5185018859375 0.49669375625 0.604428021875 0.5267905500000001 0.6032609921875001 0.52345835625 0.5173348468750001
3 0.553328125 0.5101046874999999 0.525815625 0.5101046874999999 0.525815625 0.586759375 0.553328125 0.586759375 0.553328125 0.5101046874999999
3 0.6609210156249999 0.5249840406249999 0.7051461156250001 0.5198517218750001 0.6952955203125 0.4349779640625 0.6510709671875 0.44011025000000004 0.6609210156249999 0.5249840406249999
3 0.5995248234375 0.642509375 0.6501361953125 0.642509375 0.6501358453125 0.560975 0.599525228125 0.560975 0.5995248234375 0.642509375
3 0.6538364875 0.6205417859375 0.7101321484375 0.6092481171874999 0.694514096875 0.5314063078125 0.6382191875000001 0.5426999 0.6538364875 0.6205417859375
9 0.31656932968749996 0.3160110765625 0.278598996875 0.32026528593750003 0.29285368749999996 0.4474880828125 0.3308240140625 0.44323390468749996 0.31656932968749996 0.3160110765625
9 0.25117614375 0.6328791093749999 0.3144136890625 0.6208301406250001 0.29820153125000004 0.5357536234375 0.23496494218750003 0.5478024968749999 0.25117614375 0.6328791093749999
7 0.49389721093750005 0.42248525625 0.5034722234375 0.5182291890624999 0.512152778125 0.5173611109375 0.5025777109375 0.42161723906250004 0.49389721093750005 0.42248525625
