2 0.53295625625 0.6003659703124999 0.45288787968750005 0.599714765625 0.452020775 0.7063156890625 0.5320891515625 0.7069668874999999 0.53295625625 0.6003659703124999
1 0.2994051953125 0.5724717375 0.2775776578125 0.5670015734375 0.2583830609375 0.64358524375 0.2802105828125 0.6490553671875 0.2994051953125 0.5724717375
1 0.69845904375 0.643667396875 0.7286971234374999 0.6439881703125 0.729660065625 0.5532034015625 0.6994224859375 0.5528826312499999 0.69845904375 0.643667396875
6 0.6909997328124999 0.8269110015625 0.7085232859375 0.8122576734375 0.670854365625 0.7672192109375 0.6533309640625 0.7818724359375 0.6909997328124999 0.8269110015625
6 0.7494711234375 0.7080577921875 0.7198660718750001 0.7126116078125 0.7274332671875 0.76179905 0.7570383125 0.757245259375 0.7494711234375 0.7080577921875
9 0.7308043718749999 0.6442301234375 0.8384294390625 0.6255146671875 0.8203050984375 0.5213042859375 0.71268196875 0.540019571875 0.7308043718749999 0.6442301234375
7 0.4645525015625 0.7055384984375 0.46105354218750005 0.7055738171875 0.461635340625 0.7632020390625 0.4651343 0.7631667203125 0.4645525015625 0.7055384984375
7 0.5179860374999999 0.7534619265625 0.5212366703125 0.7534619265625 0.521236659375 0.699305321875 0.5179860640625 0.699305321875 0.5179860374999999 0.7534619265625
6 0.2521302015625 0.749582059375 0.26828228906249996 0.7574228953125 0.2866688828125 0.719552759375 0.270516925 0.7117119609375 0.2521302015625 0.749582059375
6 0.2432364421875 0.7671631203125 0.2624743484375 0.7627081062500001 0.2539041390625 0.7257064296875 0.2346663921875 0.730161425 0.2432364421875 0.7671631203125
6 0.3472282984375 0.7751398984375 0.337353759375 0.7683586484375 0.3101596734375 0.807949959375 0.32003417968750003 0.8147311687500001 0.3472282984375 0.7751398984375
6 0.3234850875 0.77736428125 0.3172976421875 0.7680885625 0.30505915156249996 0.7762508578125 0.3112465765625 0.7855265609375001 0.3234850875 0.77736428125
