7 0.326625 0.47165625 0.3361578125 0.46802343750000003 0.34922343749999996 0.47674374999999997 0.3548734375 0.48110468749999996 0.3513421875 0.457121875 0.3485171875 0.43241250000000003 0.34745781249999996 0.409884375 0.3421609375 0.39316874999999996 0.3368640625 0.3844484375 0.3315671875 0.363371875 0.32733124999999996 0.3495640625 0.324153125 0.3488375 0.320621875 0.35683125000000004 0.3195625 0.373546875 0.3167375 0.3822671875 0.315678125 0.402615625 0.3167375 0.42441874999999996 0.3139125 0.470203125 0.313559375 0.47529062499999997 0.326625 0.47165625
7 0.262359375 0.5973843750000001 0.256709375 0.6257265624999999 0.253884375 0.644621875 0.24858750000000002 0.666425 0.249646875 0.68459375 0.251765625 0.6911343750000001 0.260240625 0.6867734375000001 0.2662421875 0.66933125 0.2800140625 0.6337203125 0.2835453125 0.63299375 0.2796609375 0.657703125 0.2768359375 0.672965625 0.27295156249999997 0.6882265624999999 0.2711859375 0.702034375 0.2733046875 0.7078484375 0.2821328125 0.708575 0.2955515625 0.6802328125 0.29766875000000004 0.6540703125 0.300846875 0.6257265624999999 0.30508437499999996 0.610465625 0.2930796875 0.610465625 0.2736578125 0.6024703125 0.262359375 0.5973843750000001
7 0.3139125 0.636628125 0.30967500000000003 0.66424375 0.30190625 0.6875 0.29908125 0.7129359375 0.30190625 0.720203125 0.30896875 0.7136625000000001 0.321328125 0.6838656249999999 0.3308609375 0.6606109375 0.3343921875 0.654796875 0.3333328125 0.6838656249999999 0.3315671875 0.7049421875 0.3326265625 0.7223843750000001 0.33827656250000004 0.73183125 0.3442796875 0.7274703125 0.3488703125 0.699128125 0.3527546875 0.6555234375000001 0.36016875000000004 0.6177328125 0.34569218749999997 0.6286343750000001 0.3301546875 0.6242734375000001 0.321328125 0.6140984375 0.3167375 0.610465625 0.3139125 0.636628125
7 0.68538125 0.45566874999999996 0.6818500000000001 0.4375 0.67973125 0.4106109375 0.677259375 0.3844484375 0.6751406249999999 0.3677328125 0.673021875 0.3561046875 0.6663140624999999 0.3343015625 0.6638421875 0.3343015625 0.6620765625 0.34084375 0.6585453125 0.3524703125 0.6553671875 0.37136562500000003 0.6511296875 0.3859015625 0.6493640625 0.42005781249999996 0.6433609375 0.46220937500000003 0.6493640625 0.458575 0.6631359375 0.45203437500000004 0.6747875 0.45203437500000004 0.68538125 0.45566874999999996
2 0.687146875 0.46220937500000003 0.678671875 0.45130781249999996 0.6603109375 0.45203437500000004 0.6423015624999999 0.465115625 0.639125 0.489825 0.639478125 0.510175 0.6479515625000001 0.5159890625 0.6574859375 0.5174421875 0.6645484374999999 0.5094484375 0.6751406249999999 0.5087203125 0.68396875 0.501453125 0.6889125 0.4847390625 0.687146875 0.46220937500000003
2 0.34745781249999996 0.541425 0.3562859375 0.5370640625 0.3594625 0.5174421875 0.3580515625 0.49782031250000003 0.3545203125 0.48328437500000004 0.3439265625 0.47383749999999997 0.3308609375 0.46947656249999997 0.310028125 0.47674374999999997 0.30967500000000003 0.48619218750000004 0.30684999999999996 0.5138078125 0.30896875 0.521075 0.3167375 0.5370640625 0.3301546875 0.5334296875 0.3386296875 0.541425 0.34745781249999996 0.541425
3 0.319209375 0.5675874999999999 0.31603125 0.552325 0.30967500000000003 0.545784375 0.30331874999999997 0.5465109375 0.2966109375 0.5465109375 0.28742968750000003 0.545784375 0.2761296875 0.542878125 0.2704796875 0.5370640625 0.264478125 0.54433125 0.262359375 0.55959375 0.2627125 0.5915703125 0.2715390625 0.6031984375 0.2824859375 0.6111921875 0.29766875000000004 0.614825 0.30684999999999996 0.608284375 0.314971875 0.5864828125 0.319209375 0.5675874999999999
2 0.3531078125 0.555959375 0.34569218749999997 0.555959375 0.33721718749999996 0.5515984375 0.326625 0.5515984375 0.318503125 0.5574125000000001 0.315678125 0.5828484375 0.315678125 0.6097390625 0.33545156249999997 0.6293609375 0.3548734375 0.6242734375000001 0.36158125 0.614825 0.368996875 0.5959296875 0.37040937500000004 0.57558125 0.36723125 0.563953125 0.36158125 0.5574125000000001 0.3531078125 0.555959375
9 0.23231110156249998 0.683238109375 0.24499183906250002 0.63910914375 0.2632521 0.5787488359374999 0.2607159515625 0.555923509375 0.25412196875 0.545271690625 0.242455690625 0.5401993968750001 0.233832790625 0.5351271015625 0.22013759375 0.5249825125 0.21354361093750002 0.523460821875 0.212021921875 0.5249825125 0.204920709375 0.5401993968750001 0.201370103125 0.5528801328124999 0.199848415625 0.5670825578125 0.1957905796875 0.5929512625 0.1886893671875 0.6396163734375 0.18412430156249998 0.656354946875 0.194268890625 0.663456159375 0.20441348124999997 0.65889109375 0.20644239843749998 0.6624417 0.21050023437499998 0.65889109375 0.2160797578125 0.6685284546875 0.21709421718750002 0.68577425625 0.23231110156249998 0.683238109375
3 0.36823836718749997 0.5860790125 0.3675639375 0.5941721624999999 0.36688950781249996 0.6012536703125 0.3709360828125 0.6032769578125 0.3753198734375 0.60091645625 0.3850990984375 0.5982187390625 0.39116896093750003 0.5958582375 0.3952155375 0.592486090625 0.397913253125 0.58506736875 0.399936540625 0.5783230765625 0.3985876828125 0.573602071875 0.3942038921875 0.5688810671875 0.38982010312500004 0.568543853125 0.384087453125 0.5698927109375 0.3763315171875 0.5698927109375 0.3753198734375 0.570229925 0.371947728125 0.5719159984375 0.37059886875000003 0.5729276421875 0.36857558125 0.576637003125 0.36857558125 0.5800091484375 0.36823836718749997 0.5860790125
9 0.7434423578125 0.3234786765625 0.7383642 0.3077363859375 0.73176259375 0.2869159375 0.7251609890624999 0.2742205421875 0.7241453578125 0.2737127265625 0.71449685625 0.27828306875000003 0.7099265140625 0.285392490625 0.704340540625 0.31179891249999997 0.710942146875 0.3407444140625 0.7170359359375 0.362072678125 0.7150046718749999 0.3742602578125 0.713481225 0.39203381249999997 0.7150046718749999 0.4082839171875 0.721606278125 0.4225027609375 0.72973133125 0.43570597187500004 0.7343016734375001 0.4397684984375 0.7424267265625 0.4382450515625 0.7566455703125 0.41590115625 0.7647706234375 0.39355725937499997 0.7652784390625 0.3767993375 0.7657862546875001 0.37476807343749996 0.7586768328125 0.35902578281249997 0.7571533859375 0.35090073125 0.753598675 0.3402365984375 0.7434423578125 0.3234786765625
