2 0.3425407171875 0.5295687890624999 0.2920468859375 0.5239857640625 0.28328811875 0.603194134375 0.33378194375 0.608777121875 0.3425407171875 0.5295687890624999
2 0.45922167500000005 0.4821132859375 0.46561991562499994 0.571869609375 0.5787358203124999 0.5638059609375 0.5723368328125 0.47405044375000005 0.45922167500000005 0.4821132859375
2 0.6517551703125 0.5421921828125 0.597472971875 0.5516249359375001 0.6116165265625 0.633007803125 0.6658987078124999 0.6235751203125 0.6517551703125 0.5421921828125
2 0.6955736375 0.5107403578125 0.6433084390625 0.5215463359375 0.6555761375 0.5808760921875 0.70784131875 0.5700701687499999 0.6955736375 0.5107403578125
9 0.2433634765625 0.49482927343750005 0.1824673203125 0.52589554375 0.2583830484375 0.6746905390625 0.31927889062500003 0.643624728125 0.2433634765625 0.49482927343750005
5 0.40899887812499996 0.584404509375 0.3394096578125 0.5607638671874999 0.31911843281249996 0.620487303125 0.3887075875 0.6441278078125 0.40899887812499996 0.584404509375
7 0.47564170624999996 0.3797630328125 0.47098097968749997 0.37999900468750003 0.4760717859375 0.48054303750000005 0.48073251250000004 0.4803070671875 0.47564170624999996 0.3797630328125
7 0.30417078750000004 0.5892667859375 0.2961413625 0.5870102203124999 0.2759917234375 0.6586993859375 0.284021140625 0.6609559359375 0.30417078750000004 0.5892667859375
7 0.318620284375 0.6002213578125 0.311860340625 0.5988603015625 0.2966951828125 0.67417183125 0.3034551234375 0.6755328781250001 0.318620284375 0.6002213578125
7 0.6470838171875 0.617341615625 0.6421801953124999 0.6188617859375001 0.6634614062499999 0.687500040625 0.6683650234375 0.68597988125 0.6470838171875 0.617341615625
7 0.69341533125 0.6692499328125 0.6999129046875 0.6672885187500001 0.6790085734375 0.598047546875 0.6725110828124999 0.600008946875 0.69341533125 0.6692499328125
6 0.6930447734375 0.6889377421875 0.71722075 0.6852203640625001 0.7125477546875 0.654834175 0.688371928125 0.6585515390625 0.6930447734375 0.6889377421875
6 0.7117705640625 0.661334121875 0.72396795 0.662386571875 0.7260406390624999 0.6383680140625 0.7138433109375 0.63731556875 0.7117705640625 0.661334121875
6 0.30538208125 0.67443920625 0.29219448593749997 0.6663281859375 0.2769542515625 0.6911036015625001 0.290141828125 0.6992145984375 0.30538208125 0.67443920625
6 0.26310425 0.6954975921875 0.2777387421875 0.6972388515625 0.2812959015625 0.6673463859375001 0.2666615 0.6656051328125 0.26310425 0.6954975921875
6 0.6304732984375 0.7200083453125 0.607320115625 0.716057621875 0.5997401390625 0.7604727109375 0.6228933171875 0.7644234156249999 0.6304732984375 0.7200083453125
5 0.573720484375 0.5545505609375 0.602606490625 0.5553007890625 0.605034721875 0.46180555625 0.576149134375 0.46105533281250005 0.573720484375 0.5545505609375
5 0.6736111109375 0.43055555625 0.619591715625 0.4381366796875 0.6310763640625 0.51996528125 0.6850957484375 0.5123842046875 0.6736111109375 0.43055555625
