2 0.3699046875 0.4871078125 0.3264265625 0.4871078125 0.3264265625 0.570034375 0.3699046875 0.570034375 0.3699046875 0.4871078125
2 0.38369324374999997 0.59637669375 0.33112599375 0.593985134375 0.32740204687499996 0.6758290203125 0.3799692953125 0.6782205593749999 0.38369324374999997 0.59637669375
2 0.44904834843749997 0.5860624999999999 0.47486416093750006 0.5860624999999999 0.474864 0.5073171875 0.44904852812499996 0.5073171875 0.44904834843749997 0.5860624999999999
2 0.567306934375 0.4913437421875 0.4934225546875 0.49648853437499996 0.5005437140625 0.5987465984375 0.5744280875000001 0.59360185 0.567306934375 0.4913437421875
2 0.6182063234374999 0.48710770156249994 0.6182061359375 0.5567937875 0.666440675 0.55679369375 0.666440596875 0.48710787499999997 0.6182063234374999 0.48710770156249994
2 0.724141034375 0.62966551875 0.68217840625 0.5499071718749999 0.565593778125 0.6112379453125001 0.6075552546874999 0.6909953062499999 0.724141034375 0.62966551875
1 0.2927599703125 0.5524922859375 0.2753913421875 0.5490439984375 0.2659311953125 0.596688996875 0.28329981875 0.60013726875 0.2927599703125 0.5524922859375
6 0.2530578484375 0.65812748125 0.26919970625 0.6377770421875 0.23716528124999997 0.612370671875 0.2210234640625 0.6327210296875 0.2530578484375 0.65812748125
3 0.36757881718749996 0.6227673453125 0.377997615625 0.6513490625 0.4090891 0.6400166734375 0.398670259375 0.6114350484375 0.36757881718749996 0.6227673453125
7 0.46087703593749996 0.407412303125 0.4554539765625 0.4076094109375 0.45799987499999995 0.477651271875 0.46342293437500004 0.47745416562500004 0.46087703593749996 0.407412303125
7 0.352489753125 0.675069971875 0.34677049375 0.6735989234375 0.33114901093750004 0.73432444375 0.336868265625 0.73579548125 0.352489753125 0.675069971875
7 0.3148298578125 0.7123243859375 0.3362818328125 0.6677942828125001 0.3302563453125 0.66489198125 0.3088043640625 0.7094220531250001 0.3148298578125 0.7123243859375
7 0.5101310875 0.5017517796875001 0.514669096875 0.5014006156249999 0.5100742687500001 0.442027228125 0.5055362984375 0.44237839062499995 0.5101310875 0.5017517796875001
7 0.569030853125 0.383954821875 0.562499934375 0.38333332656249997 0.5525761359375 0.4876106734375 0.5591070546875 0.48823216562500005 0.569030853125 0.383954821875
7 0.63991498125 0.475170434375 0.64375001875 0.4749999984375 0.6399930140625 0.3904679109375 0.6361580203125 0.390638346875 0.63991498125 0.475170434375
7 0.66130361875 0.42238032968750006 0.65624998125 0.4218749984375 0.6510416671875 0.4739583328125 0.6560953031250001 0.4744636625 0.66130361875 0.42238032968750006
6 0.32474094062500003 0.709057396875 0.3009983375 0.70048849375 0.28804536875000003 0.7363727984375 0.31178795312499996 0.7449416656250001 0.32474094062500003 0.709057396875
6 0.326339178125 0.7366403609375001 0.31232615468749997 0.7398233015625 0.3189399625 0.7689358546875 0.33295298125 0.7657529249999999 0.326339178125 0.7366403609375001
