2 0.341371875 0.4871078125 0.331521875 0.4975609375 0.3264265625 0.5282234375 0.3264265625 0.5435546875 0.33559843749999996 0.55958125 0.3444296875 0.561671875 0.35258124999999996 0.570034375 0.3634515625 0.568640625 0.3699046875 0.5484328125 0.3699046875 0.5052265625000001 0.353940625 0.48919843749999997 0.341371875 0.4871078125
2 0.35438635 0.59718178125 0.3401191625 0.5943942812499999 0.33094885 0.59787865625 0.329589475 0.6285411562500001 0.328570725 0.65014428125 0.3448754125 0.67662396875 0.3601597875 0.67523021875 0.37238947499999997 0.65850521875 0.3789756171875 0.6410800453125 0.38257853750000004 0.6208755312500001 0.3771441625 0.60763490625 0.36559572500000004 0.60763490625 0.3615191625 0.60554428125 0.35438635 0.59718178125
2 0.4724859375 0.5219515625 0.4650140625 0.5073171875 0.4561828125 0.5087109375 0.4500671875 0.5233453124999999 0.4490484375 0.5470390625 0.450746875 0.56794375 0.454484375 0.58188125 0.4578796875 0.5860624999999999 0.4718078125 0.5860624999999999 0.474184375 0.5783968749999999 0.4748640625 0.5581875000000001 0.4748640625 0.5379796875 0.4724859375 0.5219515625
2 0.5207203125000001 0.4975609375 0.5095109375 0.5003484375 0.5006796875 0.5254359375 0.49660312500000003 0.5421609375 0.4983015625 0.56655 0.502378125 0.596515625 0.5125671875 0.597909375 0.5217390625 0.595121875 0.528871875 0.595121875 0.5360046875 0.59303125 0.5465359375000001 0.590940625 0.548234375 0.5735187500000001 0.556046875 0.586759375 0.5645374999999999 0.58188125 0.5682750000000001 0.55679375 0.568953125 0.5149828125 0.5652171874999999 0.5017421875 0.558084375 0.49198593749999997 0.5489124999999999 0.4954703125 0.5407609375 0.5017421875 0.5360046875 0.5003484375 0.528871875 0.5052265625000001 0.5234375 0.5108015625 0.5207203125000001 0.4975609375
2 0.6610046875 0.4940765625 0.6491171875 0.4871078125 0.630434375 0.4871078125 0.6219421875 0.49198593749999997 0.61820625 0.5149828125 0.6199046874999999 0.5449484375 0.6280578125 0.55679375 0.638246875 0.55679375 0.6487765624999999 0.551915625 0.6565890624999999 0.5498265625000001 0.6644015624999999 0.5386765625 0.666440625 0.5135890625 0.6610046875 0.4940765625
2 0.6015625 0.596515625 0.595109375 0.6 0.58695625 0.6 0.5811828125 0.6111500000000001 0.588315625 0.6362375 0.5934109375000001 0.6641109375 0.6063171875 0.6787453125 0.6165078125 0.6794421875000001 0.6199046874999999 0.6627171875 0.620584375 0.649478125 0.6321328125 0.6606265625 0.6399453125 0.6710796875 0.6467390625 0.6703828125 0.6504749999999999 0.634146875 0.662703125 0.62926875 0.6756109375 0.6160281249999999 0.682065625 0.5993031249999999 0.690896875 0.58466875 0.6858015625 0.55679375 0.6796875 0.55121875 0.6698375000000001 0.5581875000000001 0.6579484375 0.563065625 0.6480984375000001 0.570034375 0.6385875000000001 0.579790625 0.629415625 0.589546875 0.6188859375 0.589546875 0.608015625 0.596515625 0.6015625 0.596515625
1 0.279890625 0.59860625 0.28872343749999996 0.572821875 0.28872343749999996 0.560278125 0.2863453125 0.55121875 0.2734375 0.558884375 0.2697015625 0.5777 0.272078125 0.597909375 0.279890625 0.59860625
6 0.259201928125 0.6463760828125 0.2638554640625 0.6445146671875001 0.265251525 0.6398611328125 0.26478617031249996 0.634276890625 0.262459403125 0.637534365625 0.259201928125 0.6403264875 0.25454839218749997 0.640791840625 0.25268697812499996 0.6403264875 0.2508255640625 0.638465071875 0.248498796875 0.6366036578125 0.24710273593749998 0.634276890625 0.2466373828125 0.631950121875 0.245706675 0.62822729375 0.2433799078125 0.6245044656250001 0.24198384687500002 0.6203162828125001 0.2401224328125 0.615662746875 0.2377956640625 0.612870628125 0.23639960312500002 0.61333598125 0.2345381890625 0.622177696875 0.235468896875 0.6338115375 0.2373303109375 0.6431186078125 0.2405877859375 0.648237496875 0.24710273593749998 0.6496335578125 0.2503602109375 0.6500989109375 0.259201928125 0.6463760828125
0 0.331148125 0.5023348671875 0.3949923609375 0.5423252125 0.49251267656250003 0.5437283828125 0.5802108031250001 0.524084003125 0.6615946640625 0.5093507171875 0.7001818390625 0.4812873171875 0.6924644046874999 0.44761123593749996 0.624410659375 0.48058573281249994 0.566179103125 0.48479524218750003 0.5240840015625 0.4749730515625 0.477779390625 0.49602060156250005 0.43077319531249997 0.49181109218749997 0.41253198593749996 0.47988414687500003 0.401306625 0.5016332828125 0.3718400546875 0.48479524218750003 0.33746238906250003 0.4637476921875 0.3101005734375 0.44620806718750006 0.3093989890625 0.444804896875 0.3129069140625 0.44270014062499996 0.3051894796875 0.44620806718750006 0.29396411875 0.48269048750000004 0.331148125 0.5023348671875
0 0.710705615625 0.6131852984374999 0.6889564796875 0.5830171421875 0.6307249234375 0.6209027328125 0.5879282375 0.64265186875 0.507947546875 0.660893078125 0.46094135156249993 0.6622962484375 0.3788559046875 0.6405471140625 0.3269386140625 0.6131852984374999 0.2911577796875 0.5689854421875 0.2723864828125 0.6105504578125001 0.323079896875 0.661243871875 0.373243225 0.68825489375 0.41674149531250004 0.698077084375 0.47216671093749996 0.693867575 0.5570584984375 0.6833437984375 0.620902734375 0.670013684375 0.6791342890625 0.6482645484375 0.710705615625 0.6131852984374999
