2 0.325671875 0.6031984375 0.3709328125 0.6162796875 0.373409375 0.61191875 0.378359375 0.6046515625 0.3811875 0.5959296875 0.38437031250000003 0.5893890625 0.3864921875 0.5719484375 0.38437031250000003 0.5603203125 0.37800625 0.5566859375 0.37022656249999997 0.5566859375 0.364921875 0.555959375 0.3567890625 0.5515984375 0.35113125 0.5472390625 0.3447671875 0.54433125 0.3380484375 0.545784375 0.33026875 0.5472390625 0.32779375 0.5537796875 0.3263796875 0.5683140625 0.3263796875 0.579215625 0.3263796875 0.5879359375 0.325671875 0.6031984375
2 0.5788546875 0.563953125 0.5841578125 0.5668609375 0.5901703125 0.5632265624999999 0.5947671875 0.5581390625 0.5983031249999999 0.5537796875 0.600425 0.54941875 0.6039609375 0.541425 0.603253125 0.5261625000000001 0.601484375 0.50799375 0.600425 0.5021796875 0.5983031249999999 0.49345937500000003 0.5979484375 0.489825 0.57355 0.5050874999999999 0.57284375 0.5138078125 0.57284375 0.53125 0.573196875 0.5406984375 0.57531875 0.55450625 0.5788546875 0.563953125
2 0.5993640625000001 0.511628125 0.5997171875 0.5225296875 0.6046671875 0.5290703125 0.609971875 0.5356109375 0.6163359374999999 0.532703125 0.6202265625 0.5261625000000001 0.62199375 0.5239828125 0.6244703125 0.514534375 0.6248234375 0.5036343750000001 0.6241156250000001 0.49345937500000003 0.6237625 0.4847390625 0.6237625 0.4781984375 0.623409375 0.47165625 0.6227015625 0.46584375 0.6007781249999999 0.472384375 0.5993640625000001 0.48255781249999996 0.5983031249999999 0.489825 0.59865625 0.501453125 0.5993640625000001 0.511628125
7 0.5881001312499999 0.39994035625 0.5840828734375 0.3865396859375 0.58586830625 0.4115542625 0.5863146984375 0.43612216718749997 0.5814046562499999 0.4830245125 0.5804687484375 0.501227678125 0.59077835 0.4941917375 0.588546525 0.46158344375000004 0.588546525 0.433442021875 0.589439240625 0.41557447031250005 0.5881001312499999 0.39994035625
6 0.583190121875 0.377981609375 0.5881001312499999 0.3824485 0.5889928828125 0.38378856250000004 0.5921874984375 0.38683035781249997 0.592117425 0.3793216734375 0.59077835 0.3690478296875 0.58586830625 0.3645809390625 0.5840828734375 0.3677077671875 0.5818510484375 0.377534928125 0.583190121875 0.377981609375
9 0.21002890624999998 0.5701998374999999 0.20958253125 0.5934276703125 0.21181435781250002 0.6211224265624999 0.22208076718749997 0.631842934375 0.2359180796875 0.6367565234375 0.2609145171875 0.6537306859375 0.28635733124999996 0.643456859375 0.2876964234375 0.620675709375 0.28635733124999996 0.6045948953125 0.281447321875 0.5831538265625 0.27743002968749997 0.5567991671875 0.276983671875 0.554565721875 0.274751846875 0.5478653875 0.258236334375 0.5483120875 0.24127446406250003 0.5500988328124999 0.21002890624999998 0.5701998374999999
6 0.36571737656250003 0.317058925 0.368098 0.3361176375 0.374049534375 0.34981611875 0.3794058796875 0.362918978125 0.38357198124999997 0.3724483578125 0.3892857125 0.378869046875 0.40678297499999994 0.361132228125 0.40856840937500005 0.3402867390625 0.40856840937500005 0.32063242812500004 0.40083144062500004 0.30574279375 0.3847622703125 0.29680901406250004 0.36571737656250003 0.317058925
1 0.36571737656250003 0.486800746875 0.36571737656250003 0.4999036296875 0.36571737656250003 0.5094329875 0.3675028109375 0.515388840625 0.3752398234375 0.5100285625 0.378215590625 0.5016903578125 0.378215590625 0.4915654265625 0.3752398234375 0.48084489374999995 0.3728592 0.48144051718750003 0.36571737656250003 0.486800746875
1 0.36452704375 0.47846258906249994 0.36571737656250003 0.4659552609375 0.355004596875 0.46476408593749996 0.354409453125 0.47667579218749995 0.355004596875 0.486800746875 0.3603609875 0.49573450625 0.36095613125 0.496330128125 0.3639318984375 0.48858750000000006 0.36452704375 0.47846258906249994
0 0.5650937875 0.6901792625 0.5972320843750001 0.6586132421875 0.635917059375 0.619900196875 0.6662698781249999 0.5960767828125 0.6734117015625001 0.5930988562499999 0.6690476171874999 0.58125 0.64543950625 0.6038193875 0.624609134375 0.618113421875 0.597827228125 0.6437236093750001 0.5817580578125 0.6556353171875 0.56925984375 0.6675470234375 0.5650937875 0.6901792625
0 0.41094903125000004 0.662186746875 0.43237454687500004 0.673502878125 0.40618778593749993 0.6389589078125 0.3877380375 0.627047203125 0.3752398234375 0.6127531671875001 0.3811011875 0.6139880953125 0.35262397343749996 0.6067973140625 0.32227115624999997 0.5907165046875 0.31870024531249996 0.61334874375 0.36095613125 0.63538540625 0.39368957187500003 0.6526573890625 0.41094903125000004 0.662186746875
