3 0.3892696625 0.5706478421875001 0.370585146875 0.492257890625 0.3014576671875 0.5087332953125 0.3201416546875 0.5871227875 0.3892696625 0.5706478421875001
3 0.3995279703125 0.5250434796875 0.3628008796875 0.5279444484375 0.36802747187499996 0.5941084359375 0.40475456093749995 0.5912074828125 0.3995279703125 0.5250434796875
3 0.6094496875 0.543607346875 0.604977403125 0.5987226828125001 0.6435873562500001 0.6018551796875 0.648059440625 0.5467400312499999 0.6094496875 0.543607346875
3 0.2694291015625 0.44555274375 0.321513803125 0.43618817343750005 0.3057980265625 0.3487848953125 0.253713878125 0.3581494140625 0.2694291015625 0.44555274375
3 0.36602582968749997 0.4064574125 0.31051955468750003 0.39608899062499997 0.29782451718749997 0.46404682812500003 0.35333078125 0.47441520312499996 0.36602582968749997 0.4064574125
3 0.3598965765625 0.4924504328125 0.3992491859375 0.48436534218749994 0.3865307890625 0.4224660125 0.34717851718750004 0.4305510671875 0.3598965765625 0.4924504328125
3 0.377700434375 0.4949339515625 0.4146899421875 0.5032491671875 0.4280758953125 0.44370625781250006 0.3910867015625 0.435391078125 0.377700434375 0.4949339515625
3 0.6912651203125 0.4328794375 0.7364183515625 0.4578576359375 0.782389984375 0.37475841249999997 0.7372371828125 0.3497803625 0.6912651203125 0.4328794375
3 0.7177783921875001 0.570791146875 0.6944098515625 0.510777434375 0.627379725 0.5368757203125 0.6507478390625 0.596889071875 0.7177783921875001 0.570791146875
3 0.603860259375 0.51257903125 0.6415991625 0.50894466875 0.63526655 0.4431940671875 0.5975280093750001 0.44682841250000005 0.603860259375 0.51257903125
3 0.67267619375 0.4350777671875 0.6350522062499999 0.4320265421875 0.6296872078125 0.49817690312499996 0.66731119375 0.5012281140625 0.67267619375 0.4350777671875
9 0.8360412374999999 0.5183950281249999 0.7670367437500001 0.513793265625 0.7595953984375 0.6253674265625 0.8285998890625 0.6299691453125 0.8360412374999999 0.5183950281249999
7 0.7146944484375 0.2757242671875 0.69692045625 0.2800475140625 0.7212170921875 0.3799342140625 0.7389910765625001 0.3756109890625 0.7146944484375 0.2757242671875
