2 0.41612538906249996 0.5732371046875 0.3770173625 0.572262746875 0.3752937390625 0.641436621875 0.414401765625 0.642410975 0.41612538906249996 0.5732371046875
2 0.6699713843749999 0.5877104953125001 0.7108543765625 0.602175778125 0.7430351390625 0.5112317046875 0.7021527546875 0.49676654062500003 0.6699713843749999 0.5877104953125001
3 0.6859308562499999 0.49707848437499996 0.7215521671875 0.5109441484375 0.7492895921875 0.4396903015625 0.7136686250000001 0.42582471093749996 0.6859308562499999 0.49707848437499996
3 0.2903227015625 0.4577344375 0.273407365625 0.4661914421875 0.297119809375 0.5136166515625 0.3140351234375 0.5051596796875 0.2903227015625 0.4577344375
9 0.1902917625 0.6180805765625 0.272602209375 0.61271300625 0.26561218593749997 0.50554273125 0.183303209375 0.5109102546875001 0.1902917625 0.6180805765625
9 0.80625315625 0.4854235015625 0.732572075 0.49617591406250006 0.74892585 0.608230603125 0.822606909375 0.597478290625 0.80625315625 0.4854235015625
9 0.7581632203125 0.2974510359375 0.719991978125 0.298130209375 0.7224211078125 0.43464793593750006 0.7605923484375 0.4339687671875 0.7581632203125 0.2974510359375
7 0.39037461093750003 0.6439337890625 0.3837890390625 0.6425781203125001 0.36865350625 0.716093515625 0.375239075 0.7174491734374999 0.39037461093750003 0.6439337890625
7 0.7200984453125 0.6071247265624999 0.71484375 0.6083984375 0.7261660734375 0.6551031046875 0.731420765625 0.6538294 0.7200984453125 0.6071247265624999
7 0.7323233390625 0.5969058656249999 0.7275390625 0.59765625 0.7353515265625 0.64746094375 0.740135803125 0.6467105625 0.7323233390625 0.5969058656249999
