2 0.3615896328125 0.528627334375 0.2933139359375 0.523818559375 0.2874887390625 0.60651781875 0.35576443125 0.6113265578125 0.3615896328125 0.528627334375
3 0.2798890625 0.42437031249999996 0.23013124999999998 0.42437031249999996 0.23013124999999998 0.5042015625 0.2798890625 0.5042015625 0.2798890625 0.42437031249999996
3 0.3266538921875 0.5173411015625 0.3442380515625 0.45660394687499994 0.2869262203125 0.4400126125 0.26934190468749997 0.5007495046875 0.3266538921875 0.5173411015625
3 0.3310296046875 0.5196078125 0.3655845 0.5196078125 0.3655843359375 0.46078437499999997 0.33102974375 0.46078437499999997 0.3310296046875 0.5196078125
3 0.3597421140625 0.5296709328125 0.39736769375000003 0.5323210078125 0.40202225 0.4662381328125 0.36439704375000004 0.46358807031250004 0.3597421140625 0.5296709328125
2 0.7174014718749999 0.42409033906250004 0.66060998125 0.43156207812499997 0.6690270921875 0.49553516406250003 0.725818575 0.4880634578125 0.7174014718749999 0.42409033906250004
3 0.724279609375 0.509904746875 0.778944015625 0.497130953125 0.7622671875 0.42577031249999997 0.7076033359375 0.4385440390625 0.724279609375 0.509904746875
7 0.3405626765625 0.46382642656249995 0.3528183203125 0.46374190937500004 0.351973684375 0.3412828953125 0.3397182296875 0.3413674125 0.3405626765625 0.46382642656249995
7 0.6841980640624999 0.39238488125000004 0.685478165625 0.3922083234375 0.678453946875 0.3412828953125 0.677173853125 0.34145945312500003 0.6841980640624999 0.39238488125000004
7 0.6833881468749999 0.3848684203125 0.689967115625 0.3848684203125 0.6899670890625 0.304276315625 0.6833881765625 0.304276315625 0.6833881468749999 0.3848684203125
7 0.6999883546875 0.323030515625 0.6932565796875 0.3231907890625 0.69482396875 0.3890212625 0.7015557453125 0.3888609890625 0.6999883546875 0.323030515625
