3 0.3005019078125 0.490357078125 0.26512840937500004 0.5046090328124999 0.2969822625 0.583663715625 0.3323557078125 0.5694118609375 0.3005019078125 0.490357078125
3 0.3498983171875 0.61462460625 0.3715254796875 0.5597041968750001 0.3179184 0.538596384375 0.29629112812499997 0.5935165140625001 0.3498983171875 0.61462460625
3 0.3965700703125 0.625277696875 0.3394703078125 0.6067814296875 0.3224098640625 0.65944231875 0.37950958125 0.6779384859375 0.3965700703125 0.625277696875
3 0.4960917171875 0.5615041875 0.468514475 0.5618869984375 0.46956423750000004 0.63750269375 0.4971414796875 0.6371198859375 0.4960917171875 0.5615041875
3 0.60108690625 0.67242975625 0.64817855625 0.679522475 0.658454465625 0.6113029234375 0.611363446875 0.604210253125 0.60108690625 0.67242975625
3 0.6962185640625 0.5694648171875001 0.6725884390625 0.5314373234375 0.62097875625 0.5635043296875 0.6446086546875 0.601531621875 0.6962185640625 0.5694648171875001
9 0.20489022499999998 0.700859009375 0.2868703828125 0.7025205640625 0.2888838890625 0.6031431703125001 0.20690531562499997 0.6014816328125 0.20489022499999998 0.700859009375
9 0.325346578125 0.3288127328125 0.2715427453125 0.3250629578125 0.261104515625 0.47482951562500003 0.3149083453125 0.47857925625000003 0.325346578125 0.3288127328125
9 0.7822122640625 0.5864238546875 0.705877571875 0.5896906796875 0.71025815625 0.692038096875 0.786592846875 0.6887713046874999 0.7822122640625 0.5864238546875
7 0.47692271562500005 0.47366856406249996 0.47245132187500005 0.4744137390625 0.4788602875 0.5128676484375 0.48333168125 0.5121224734375 0.47692271562500005 0.47366856406249996
