2 0.39647225 0.5002939515625 0.3597960265625 0.5023949953125 0.3634134375 0.5655358796875001 0.40008966093750004 0.563434846875 0.39647225 0.5002939515625
2 0.4246813234375 0.5683141093749999 0.42468121718749996 0.5079936984375 0.39250314531249997 0.5079937796875 0.3925030921875 0.5683140328125 0.4246813234375 0.5683141093749999
2 0.559801571875 0.6584601796875 0.587983075 0.6592655703125 0.5893896421875 0.6100502765625 0.56120840625 0.6092448890625 0.559801571875 0.6584601796875
2 0.588184121875 0.6570577109375 0.6176007515624999 0.65527126875 0.61417295 0.598836478125 0.5847566375000001 0.6006229125 0.588184121875 0.6570577109375
2 0.6679637265625 0.644621971875 0.659195665625 0.5863295390625 0.6093212234375 0.5938305640625 0.618088975 0.6521227203125 0.6679637265625 0.644621971875
7 0.37501050625 0.49930973281249996 0.3828125859375 0.499023434375 0.37890625 0.392578125 0.371104284375 0.39286442187500004 0.37501050625 0.49930973281249996
7 0.579812296875 0.6814329921875 0.574454690625 0.6820922796875 0.5859374453124999 0.77539063125 0.59129505 0.7747313515625 0.579812296875 0.6814329921875
7 0.6156307421875 0.76817705625 0.622070359375 0.7675781203125001 0.6142976046874999 0.6840216390625 0.6078581062499999 0.68462056875 0.6156307421875 0.76817705625
7 0.63891430625 0.7587687171875 0.65039079375 0.7578124859375001 0.642578125 0.6640625 0.6311018703125 0.665018721875 0.63891430625 0.7587687171875
7 0.6552109749999999 0.6631309937500001 0.6494140625 0.6640625 0.6604679531250001 0.7328425562499999 0.6662648625 0.73191105625 0.6552109749999999 0.6631309937500001
7 0.7135008359375 0.7189235953125 0.7198748953125 0.7172077375 0.6969625765624999 0.6321054203124999 0.690588625 0.6338212609375 0.7135008359375 0.7189235953125
7 0.7016051234375 0.717641778125 0.711914315625 0.7138670953124999 0.6865234375 0.64453125 0.6762143890625001 0.6483059046874999 0.7016051234375 0.717641778125
