2 0.6508463859375 0.5862316921875 0.5895383984375 0.5984918296874999 0.603323046875 0.6674151609375001 0.6646310093750001 0.65515510625 0.6508463859375 0.5862316921875
2 0.36920000000000003 0.44480000000000003 0.32080000000000003 0.44480000000000003 0.32080000000000003 0.5384 0.36920000000000003 0.5384 0.36920000000000003 0.44480000000000003
2 0.33850130156249997 0.55101794375 0.320129709375 0.6134734703125 0.37877541875 0.63072216875 0.3971466078125 0.568266984375 0.33850130156249997 0.55101794375
7 0.3163229953125 0.68544506875 0.32485472187500003 0.6887109359375 0.350868253125 0.62076224375 0.3423366375 0.6174964015625 0.3163229953125 0.68544506875
7 0.35685716562500003 0.6467101625 0.3511718625 0.64658203125 0.349581890625 0.7171210609374999 0.3552671953125 0.717249190625 0.35685716562500003 0.6467101625
6 0.33211018281250004 0.7466703984375 0.3543533625 0.7490181687499999 0.3599609359375 0.6958984375 0.3377180171875 0.69355068125 0.33211018281250004 0.7466703984375
6 0.33415622031250003 0.70556858125 0.32882323750000003 0.6932761453125 0.3093699875 0.70171451875 0.3147029375 0.714006928125 0.33415622031250003 0.70556858125
9 0.7884924828125001 0.5724185078125 0.7109525624999999 0.5748779765625 0.7144168093750001 0.6840830234374999 0.791956728125 0.6816235796875 0.7884924828125001 0.5724185078125
9 0.288551165625 0.5225286312499999 0.21382452187499998 0.5145855 0.2023677875 0.6223569796875 0.27709441875 0.6303000375 0.288551165625 0.5225286312499999
7 0.304924953125 0.5925299515625 0.2944977484375 0.5891785734375 0.2733172421875 0.6550703015625 0.2837444359375 0.65842165625 0.304924953125 0.5925299515625
7 0.3162088625 0.5982213234375 0.30644790781250003 0.5973624578125001 0.300584 0.663997584375 0.3103449546875 0.66485644375 0.3162088625 0.5982213234375
6 0.67113741875 0.768976921875 0.6568345296875 0.7489644765625 0.641686790625 0.759788675 0.6559896296875001 0.7798010750000001 0.67113741875 0.768976921875
6 0.627219671875 0.7958162390625 0.64038518125 0.7878231375 0.6182226515625 0.7513258781250001 0.6050572453124999 0.7593189390624999 0.627219671875 0.7958162390625
6 0.3037701640625 0.692791165625 0.310914071875 0.6703508499999999 0.292494946875 0.6644879203125 0.2853510140625 0.686928190625 0.3037701640625 0.692791165625
7 0.338867159375 0.4228515625 0.3486328484375 0.4228515625 0.3486328125 0.3505859375 0.3388672078125 0.3505859375 0.338867159375 0.4228515625
7 0.36537554375000003 0.36947820937500003 0.3583984265625 0.369140625 0.35546875 0.4296875 0.3624458671875 0.430025084375 0.36537554375000003 0.36947820937500003
7 0.614297478125 0.7577286953125 0.6230468828125 0.7587890640625 0.630877065625 0.69418999375 0.622127784375 0.6931296328125 0.614297478125 0.7577286953125
7 0.6560352546875 0.7577392749999999 0.6652743437499999 0.7552758875000001 0.6435546875 0.673828125 0.6343157578125 0.6762914906249999 0.6560352546875 0.7577392749999999
