9 0.273162471875 0.1881317546875 0.2062493796875 0.1753546359375 0.1727952109375 0.3505491015625 0.239708275 0.363326128125 0.273162471875 0.1881317546875
9 0.2311492265625 0.42740258906250006 0.1558528171875 0.4392906328125 0.1767637890625 0.5717269171875 0.2520601703125 0.5598389921875 0.2311492265625 0.42740258906250006
3 0.2648716640625 0.4259500671875 0.3085137375 0.43218432812499996 0.314095146875 0.3931136875 0.27045328125 0.38687944218750003 0.2648716640625 0.4259500671875
3 0.38079170156250003 0.4191017625 0.3550926984375 0.42629705781249994 0.364566859375 0.46013337187500003 0.39026585625 0.45293809375 0.38079170156250003 0.4191017625
3 0.4220486484375 0.45444475312500004 0.43825575624999996 0.4556023359375 0.441215865625 0.41416013593749995 0.42500884531249994 0.41300255625000004 0.4220486484375 0.45444475312500004
3 0.29336091249999996 0.44641885937500003 0.251014925 0.44641885937500003 0.251014925 0.4836629484375 0.29336091249999996 0.4836629484375 0.29336091249999996 0.44641885937500003
3 0.3539714671875 0.4936629109375 0.36938025625000004 0.524478103125 0.3912164703125 0.5135599515625 0.37580767187499997 0.4827448171875 0.3539714671875 0.4936629109375
3 0.5727195140625 0.5157839828124999 0.548569028125 0.5203117953125 0.55508991875 0.55508996875 0.5792403984375001 0.55056216875 0.5727195140625 0.5157839828124999
3 0.6038741640625 0.515232896875 0.641312609375 0.53876381875 0.66892351875 0.49483723749999997 0.6314852984375 0.471306409375 0.6038741640625 0.515232896875
6 0.2956994609375 0.6592863234374999 0.28945472968749997 0.7073426578124999 0.3364644984375 0.7134502687500001 0.3427089671875 0.6653941734375 0.2956994609375 0.6592863234374999
