2 0.3516999578125 0.4578802609375 0.3094470640625 0.449755246875 0.29761244375 0.51129515 0.3398653265625 0.519420125 0.3516999578125 0.4578802609375
2 0.3711379328125 0.55009204375 0.3941015 0.49906550312500003 0.3495938171875 0.47903727968750004 0.326630196875 0.5300636234375 0.3711379328125 0.55009204375
2 0.3320643671875 0.5332452734375 0.3045142046875 0.55934256875 0.356480978125 0.614196721875 0.384030971875 0.5880995984374999 0.3320643671875 0.5332452734375
2 0.3767387984375 0.5702406375 0.414538890625 0.566905628125 0.409128890625 0.5055945765625001 0.3713291734375 0.5089295703125 0.3767387984375 0.5702406375
2 0.391446059375 0.6569869875000001 0.40933279375 0.5999787390625 0.36597636875 0.5863769703124999 0.3480895 0.643384975 0.391446059375 0.6569869875000001
2 0.581928059375 0.5070962140625 0.5481039921875 0.51192779375 0.5579679609375 0.580975684375 0.5917920234375 0.576144134375 0.581928059375 0.5070962140625
2 0.5876587984375 0.5697587546875 0.6229492140625 0.5651377734375 0.61109953125 0.47465135312499995 0.5758096234375001 0.47927230156249995 0.5876587984375 0.5697587546875
2 0.612590846875 0.5551916359375 0.65060616875 0.553538934375 0.6480467453125 0.49467627031249994 0.610031778125 0.4963289640625 0.612590846875 0.5551916359375
2 0.68460679375 0.467423321875 0.6468472609375 0.46597113749999997 0.6445683875 0.525221890625 0.68232791875 0.5266740671875 0.68460679375 0.467423321875
4 0.3179931171875 0.4332104359375 0.3399302359375 0.4361055578125 0.34972176875 0.361915353125 0.3277848390625 0.35902024374999997 0.3179931171875 0.4332104359375
4 0.380250025 0.3920138765625 0.35866008125 0.3911281859375 0.355753921875 0.461966153125 0.3773438640625 0.46285183906249994 0.380250025 0.3920138765625
4 0.3482176546875 0.7760006890625 0.3657665578125 0.77723199375 0.37211035 0.6868312375000001 0.3545617984375 0.6855999453125 0.3482176546875 0.7760006890625
9 0.21111524531249998 0.5836851125 0.251681475 0.6572038734375 0.3312368046875 0.6133109671875 0.290670534375 0.539792803125 0.21111524531249998 0.5836851125
4 0.6499720984375 0.44984536875 0.6712388109375 0.45064283125 0.674648578125 0.35971311250000004 0.653382103125 0.3589156546875 0.6499720984375 0.44984536875
7 0.31206551562499996 0.6846340328125 0.3299632421875 0.61305144375 0.32261029375 0.6112132359375 0.30471253125 0.682795771875 0.31206551562499996 0.6846340328125
7 0.339510278125 0.6135728453125 0.33203111875 0.6119791390625 0.3151041671875 0.69140625 0.3225833234375 0.6929999437500001 0.339510278125 0.6135728453125
7 0.622602096875 0.495552246875 0.63111085 0.4947014203125 0.6185540406250001 0.3691342125 0.6100454296875 0.36998503125000004 0.622602096875 0.495552246875
7 0.6268381765625 0.48261338125000003 0.63440564375 0.48319545937499997 0.64059435625 0.40274201249999997 0.633026971875 0.4021599375 0.6268381765625 0.48261338125000003
7 0.3930034515625 0.3934984828125 0.388020825 0.3932291671875 0.384515734375 0.45807349999999997 0.3894983609375 0.458342815625 0.3930034515625 0.3934984828125
