2 0.346 0.46719999999999995 0.3404 0.4648 0.3344 0.4624 0.3292 0.45999999999999996 0.3204 0.4568 0.3156 0.45439999999999997 0.3128 0.45039999999999997 0.3084 0.45519999999999994 0.3064 0.46559999999999996 0.3052 0.4744 0.3044 0.4848 0.3052 0.4896 0.306 0.4952 0.308 0.4992 0.3108 0.5024 0.3136 0.5024 0.31520000000000004 0.5032 0.3184 0.5056 0.3224 0.5096 0.3276 0.5144 0.33039999999999997 0.5176000000000001 0.33799999999999997 0.516 0.3404 0.512 0.34199999999999997 0.5072 0.3436 0.4984 0.3456 0.4896 0.3468 0.4784 0.346 0.46719999999999995
2 0.37839999999999996 0.492 0.374 0.492 0.3688 0.4888 0.3624 0.4848 0.3564 0.48319999999999996 0.3524 0.4808 0.3492 0.484 0.3448 0.4904 0.3416 0.4968 0.3392 0.504 0.3396 0.5088 0.33999999999999997 0.5168 0.3408 0.5248 0.3432 0.5288 0.346 0.5352 0.3512 0.54 0.35760000000000003 0.544 0.3632 0.5456000000000001 0.3708 0.5448000000000001 0.37320000000000003 0.5424 0.37639999999999996 0.5376000000000001 0.38 0.5304 0.3828 0.5224 0.3832 0.516 0.3828 0.5048 0.3812 0.4936 0.37839999999999996 0.492
2 0.3376 0.5504 0.3344 0.5496000000000001 0.3328 0.5496000000000001 0.3288 0.5456000000000001 0.32599999999999996 0.5424 0.3224 0.5424 0.3204 0.5448000000000001 0.31920000000000004 0.548 0.3176 0.5568 0.318 0.5616 0.31880000000000003 0.572 0.3256 0.5816 0.3336 0.588 0.3404 0.5968 0.3456 0.6016 0.3512 0.608 0.3544 0.612 0.3588 0.612 0.3632 0.6056 0.3664 0.5968 0.36760000000000004 0.592 0.3684 0.584 0.3672 0.5768 0.366 0.5728 0.3612 0.564 0.3584 0.5631999999999999 0.3544 0.5631999999999999 0.3508 0.564 0.3476 0.5599999999999999 0.3464 0.5551999999999999 0.344 0.5536 0.3408 0.5519999999999999 0.3376 0.5504
2 0.394 0.5072 0.386 0.5088 0.38239999999999996 0.5136000000000001 0.3796 0.5144 0.3776 0.5184 0.3748 0.528 0.374 0.5392 0.3752 0.5488000000000001 0.376 0.5559999999999999 0.37839999999999996 0.564 0.384 0.5696 0.3916 0.5688 0.3984 0.5664 0.4 0.5616 0.4024 0.5551999999999999 0.40599999999999997 0.5528 0.4088 0.548 0.4112 0.5392 0.41159999999999997 0.5336000000000001 0.4104 0.52 0.40919999999999995 0.5136000000000001 0.40519999999999995 0.5096 0.4 0.5064 0.394 0.5072
2 0.3628 0.5968 0.3612 0.6016 0.36 0.6112 0.3604 0.6216 0.3584 0.6376000000000001 0.364 0.6448 0.3708 0.6496000000000001 0.3756 0.6519999999999999 0.38079999999999997 0.6527999999999999 0.3832 0.6544 0.3892 0.6488 0.3932 0.6432 0.3964 0.6376000000000001 0.3984 0.632 0.40279999999999994 0.6208 0.40279999999999994 0.6088 0.4024 0.6048 0.3992 0.5968 0.3928 0.5968 0.3888 0.5968 0.3868 0.5984 0.3816 0.5936 0.37879999999999997 0.5904 0.3748 0.5896 0.3708 0.5896 0.3652 0.5944 0.3628 0.5968
2 0.5836 0.5232 0.5796 0.516 0.5740000000000001 0.5128 0.5676 0.5104 0.5644 0.5096 0.5604 0.5128 0.5564 0.5184 0.5536 0.528 0.5532 0.5384 0.5528 0.5448000000000001 0.5544 0.5559999999999999 0.558 0.5648 0.5644 0.5696 0.5704 0.5751999999999999 0.5751999999999999 0.5768 0.5816 0.5776 0.5852 0.5736 0.5884 0.5671999999999999 0.588 0.5591999999999999 0.588 0.5496000000000001 0.5860000000000001 0.5376000000000001 0.5844 0.5264 0.5836 0.5232
2 0.618 0.5456000000000001 0.6184000000000001 0.5304 0.6152 0.5176000000000001 0.6136 0.5016 0.614 0.4968 0.61 0.484 0.608 0.47919999999999996 0.6043999999999999 0.47759999999999997 0.6008 0.476 0.5956 0.48 0.592 0.4864 0.5884 0.4984 0.5856 0.5048 0.5831999999999999 0.512 0.5824 0.5216000000000001 0.5824 0.5296000000000001 0.5864 0.5384 0.5896 0.5496000000000001 0.5912 0.5568 0.5932000000000001 0.5631999999999999 0.6003999999999999 0.5671999999999999 0.6072 0.5671999999999999 0.6112 0.5648 0.6148 0.5624 0.6172 0.5528 0.618 0.5456000000000001
2 0.62 0.4992 0.6132 0.5008 0.6112 0.508 0.6112 0.5232 0.614 0.5368 0.6176 0.5456000000000001 0.6228 0.5519999999999999 0.6264000000000001 0.5544 0.6308 0.5544 0.6344000000000001 0.5496000000000001 0.6384000000000001 0.5456000000000001 0.6412 0.5424 0.6452 0.5384 0.6484 0.536 0.6496000000000001 0.5304 0.6492 0.5232 0.6488 0.512 0.648 0.5024 0.646 0.5 0.642 0.4976 0.636 0.4952 0.6264000000000001 0.496 0.62 0.4992
2 0.6496000000000001 0.4768 0.6464000000000001 0.4808 0.646 0.488 0.6456000000000001 0.4984 0.6456000000000001 0.5056 0.6464000000000001 0.5168 0.6512 0.5216000000000001 0.6544 0.5256000000000001 0.6592 0.524 0.6668000000000001 0.5152 0.6692 0.5064 0.6759999999999999 0.5 0.6804 0.4968 0.6832 0.4896 0.6839999999999999 0.48319999999999996 0.6839999999999999 0.476 0.6788000000000001 0.46719999999999995 0.6736 0.4688 0.67 0.4704 0.6639999999999999 0.4704 0.6564 0.47519999999999996 0.6496000000000001 0.4768
7 0.3816 0.46159999999999995 0.3816 0.4768 0.382 0.4904 0.38039999999999996 0.5096 0.384 0.5104 0.39 0.5072 0.398 0.5088 0.404 0.5072 0.40359999999999996 0.4992 0.4032 0.4808 0.4032 0.4688 0.4032 0.4568 0.40279999999999994 0.44400000000000006 0.4008 0.43200000000000005 0.3996 0.4224 0.3992 0.40800000000000003 0.3964 0.392 0.3944 0.3832 0.3876 0.38079999999999997 0.3852 0.3888 0.38439999999999996 0.4016 0.3832 0.42000000000000004 0.382 0.4344 0.382 0.4464 0.3816 0.46159999999999995
7 0.3392 0.6616 0.34199999999999997 0.6544 0.3452 0.6416000000000001 0.3492 0.6344000000000001 0.3544 0.6216 0.3592 0.6112 0.3608 0.6088 0.3572 0.6088 0.3464 0.604 0.3432 0.5992 0.3396 0.5936 0.3336 0.5864 0.3276 0.5791999999999999 0.3236 0.5768 0.31720000000000004 0.5728 0.31720000000000004 0.588 0.31520000000000004 0.5984 0.312 0.6152 0.30920000000000003 0.6264000000000001 0.30720000000000003 0.6424000000000001 0.3056 0.6527999999999999 0.3048 0.6616 0.3048 0.6704 0.3044 0.6792 0.3056 0.6888 0.3068 0.6944 0.31 0.6984 0.3116 0.7 0.3128 0.7032 0.3136 0.7064 0.3168 0.7072 0.32120000000000004 0.704 0.3256 0.6968 0.32999999999999996 0.6912 0.3324 0.6832 0.3368 0.6719999999999999 0.3392 0.6616
7 0.6352 0.4008 0.6336 0.4056 0.6308 0.4144 0.628 0.42400000000000004 0.6272 0.4112 0.6252 0.4008 0.6208 0.3856 0.6184000000000001 0.37360000000000004 0.612 0.3672 0.608 0.3648 0.6048 0.3664 0.6016 0.37360000000000004 0.6003999999999999 0.37839999999999996 0.6024 0.4 0.6043999999999999 0.4168 0.6043999999999999 0.4312 0.6056 0.44880000000000003 0.6092 0.46559999999999996 0.6112 0.4864 0.612 0.5008 0.6155999999999999 0.5016 0.6188 0.5008 0.6256 0.4984 0.63 0.4968 0.636 0.4968 0.6412 0.4984 0.6452 0.5016 0.6444 0.496 0.6436 0.49119999999999997 0.642 0.4824 0.642 0.4728 0.6424000000000001 0.4648 0.6436 0.45759999999999995 0.6448 0.44880000000000003 0.6452 0.43920000000000003 0.6452 0.4312 0.644 0.42560000000000003 0.6408 0.41200000000000003 0.6396 0.40800000000000003 0.6368 0.4024 0.6352 0.4008
4 0.33495559375 0.36181836875 0.33329739687500004 0.36413984374999997 0.32998100625000004 0.374752296875 0.3240115 0.3996252375 0.3213583859375 0.419523590625 0.3187052734375 0.42781457031250003 0.3399301828125 0.43610555 0.3432465734375 0.40725293906250004 0.3485528015625 0.370772628125 0.34457313125 0.3621500078125 0.33893526406249996 0.3604918125 0.33495559375 0.36181836875
4 0.36181836875 0.3919975375 0.3585019765625 0.3949822890625 0.3578386984375 0.42781457031250003 0.356180503125 0.4520242328125 0.3558488625 0.4596519328125 0.372099184375 0.46263668750000003 0.3754155765625 0.4603152125 0.3784003296875 0.4371004671875 0.37740541250000004 0.3973037625 0.3717675453125 0.39166589687500003 0.36181836875 0.3919975375
4 0.363144925 0.771724421875 0.3687827921875 0.7342491921875001 0.37143590625 0.6964423234375 0.36911443125 0.6927942921875 0.3578386984375 0.68582986875 0.356180503125 0.6878197046875 0.35186919375 0.723968378125 0.350210996875 0.77106114375 0.3581703375 0.7766990109374999 0.363144925 0.771724421875
9 0.2948079515625 0.6334098375 0.30513335 0.6241525828125 0.3118982671875 0.615607425 0.3129664125 0.6063501703124999 0.309761978125 0.593176384375 0.30406520625 0.5817828421875 0.30014867500000003 0.565404621875 0.296944240625 0.5511626921875 0.2930277109375 0.544753821875 0.2883990828125 0.5422614859375 0.285550696875 0.5426175328125 0.2823462625 0.544753821875 0.2738011046875 0.5515187390625 0.266324090625 0.5589957531249999 0.261339415625 0.5657606703125 0.254930546875 0.5757300203125 0.249233775 0.58391913125 0.2414007140625 0.596024771875 0.23712813437500002 0.6081304125 0.23534789374999998 0.6209481484375 0.238552328125 0.6334098375 0.24460514843749998 0.644091284375 0.2503019203125 0.654416684375 0.2535063546875 0.6561969249999999 0.26062731875 0.651924346875 0.26596804218750003 0.648007815625 0.281634165625 0.640530803125 0.2948079515625 0.6334098375
4 0.666478853125 0.3594067609375 0.6595429328125 0.3594067609375 0.6544986265625 0.3619289125 0.6526070125000001 0.3795839828125 0.6538680890624999 0.430657575 0.65323755 0.4445294140625 0.6595429328125 0.45020425781249995 0.6677399281249999 0.4483126421875 0.6690010046875 0.445790490625 0.6721536953125 0.42624380781250004 0.6740453109375 0.375800753125 0.666478853125 0.3594067609375
