3 0.6234507609375 0.5660093093749999 0.6596349921875 0.5641879109375 0.6562853828125 0.49765410625 0.620101546875 0.49947549375 0.6234507609375 0.5660093093749999
9 0.71964734375 0.3365591796875 0.6825281249999999 0.33877812500000004 0.6909234359374999 0.4792108328125 0.7280426531249999 0.47699190781249995 0.71964734375 0.3365591796875
3 0.345628603125 0.5805693640625 0.36476210625 0.60532784375 0.3875828578125 0.587693615625 0.3684493828125 0.5629351984375 0.345628603125 0.5805693640625
1 0.68776910625 0.5935658625 0.6467900156249999 0.6002555328125 0.6555814125 0.6541029421875 0.6965604937500001 0.647413309375 0.68776910625 0.5935658625
3 0.6858308265625 0.5004735140625 0.6616736999999999 0.5059633109375 0.668439984375 0.535735040625 0.6925971078125001 0.53024525625 0.6858308265625 0.5004735140625
7 0.6307598578125 0.6688726703125 0.6258578499999999 0.67009799375 0.6357230296874999 0.7095587984375 0.6406250359375 0.7083334796874999 0.6307598578125 0.6688726703125
7 0.655983409375 0.6949075609375 0.6593353953125 0.6934503734375 0.6427083328125 0.6552083328125 0.639356371875 0.6566655140625001 0.655983409375 0.6949075609375
7 0.34303160625 0.45237067499999994 0.34791669375 0.45208333125 0.3440481296875 0.386318253125 0.33916308125 0.3866055953125 0.34303160625 0.45237067499999994
7 0.350655078125 0.3842031875 0.346071740625 0.384411509375 0.3490098734375 0.44905068125 0.353593209375 0.4488423609375 0.350655078125 0.3842031875
7 0.6364583265625 0.475 0.64062500625 0.475 0.640624990625 0.4145833328125 0.6364583453125 0.4145833328125 0.6364583265625 0.475
9 0.3486089765625 0.5614966796874999 0.2987051140625 0.5587245390625 0.29070183906249997 0.7027823390625 0.3406057 0.7055544406250001 0.3486089765625 0.5614966796874999
