2 0.33050291249999997 0.446456959375 0.3758825390625 0.448209703125 0.380166565625 0.337291578125 0.3347875421875 0.3355388453125 0.33050291249999997 0.446456959375
1 0.19575930156250002 0.3263015625 0.22897508125 0.3263015625 0.22897499375 0.26582343750000004 0.19575939375 0.26582343750000004 0.19575930156250002 0.3263015625
1 0.226448890625 0.3302289015625 0.24078781093749999 0.3354679046875 0.250854225 0.30791739218749997 0.23651534062500001 0.30267839687500003 0.226448890625 0.3302289015625
1 0.228975 0.38818593749999997 0.1844515625 0.38818593749999997 0.1844515625 0.457103125 0.228975 0.457103125 0.228975 0.38818593749999997
1 0.7489779859375 0.53052229375 0.7809604109375 0.5198079828125 0.7610441421874999 0.46036252343750006 0.7290619921875 0.471076784375 0.7489779859375 0.53052229375
7 0.3679163 0.20519736718749998 0.36064790625 0.20487879375 0.35468748906249997 0.34086538437499997 0.3619558828125 0.34118395625 0.3679163 0.20519736718749998
7 0.7732661359375 0.6272201359375 0.7801914531249999 0.625724040625 0.7591040421875 0.52812234375 0.7521788390624999 0.5296184265625 0.7732661359375 0.6272201359375
7 0.7572371296875 0.6325694000000001 0.766489375 0.630454684375 0.7442677484375 0.5332420531250001 0.7350156609375 0.5353567499999999 0.7572371296875 0.6325694000000001
9 0.131730603125 0.50074280625 0.2259876859375 0.49635098125 0.21952482812500002 0.357671296875 0.1252694296875 0.3620630828125 0.131730603125 0.50074280625
6 0.685012434375 0.7620733296875 0.710342221875 0.75136681875 0.6947653921875 0.71452105 0.6694358046875 0.7252275125 0.685012434375 0.7620733296875
1 0.66393435625 0.5322916671875 0.6521308640625 0.5322916671875 0.6521308640625 0.566675153125 0.66393435625 0.566675153125 0.66393435625 0.5322916671875
6 0.781187353125 0.595174609375 0.73446275625 0.6200802125 0.774475203125 0.695136653125 0.821199653125 0.6702312609375001 0.781187353125 0.595174609375
6 0.688376628125 0.705239665625 0.723694584375 0.7165852890625 0.7365879718749999 0.676454715625 0.7012703078125 0.6651091421875 0.688376628125 0.705239665625
6 0.7453278296875 0.6395626984375 0.721417315625 0.6500176625 0.734510465625 0.6799577328125 0.758420959375 0.669502803125 0.7453278296875 0.6395626984375
6 0.3084554453125 0.7309514671875 0.3247928828125 0.7329266671875 0.3286466640625 0.7010554625000001 0.31230934062500004 0.6990802703125001 0.3084554453125 0.7309514671875
