2 0.3505296875 0.33614687499999996 0.339221875 0.3558375 0.3328625 0.3853734375 0.3328625 0.4289734375 0.34205 0.4458515625 0.3512375 0.4472578125 0.36537031249999996 0.43459843749999993 0.375971875 0.42756718749999995 0.3780921875 0.3909984375 0.37879843750000003 0.3727140625 0.37667812500000003 0.3502109375 0.3505296875 0.33614687499999996
1 0.195759375 0.27848125 0.1971734375 0.3080171875 0.204946875 0.32208125 0.21766718749999997 0.3263015625 0.22544218749999997 0.3136421875 0.228975 0.29676562500000003 0.228975 0.27848125 0.228975 0.2700421875 0.214134375 0.26582343750000004 0.2028265625 0.2700421875 0.195759375 0.27848125
1 0.2310953125 0.33192656249999997 0.24310937500000002 0.3291140625 0.2487625 0.3136421875 0.2395765625 0.303796875 0.23250937500000002 0.3136421875 0.2310953125 0.33192656249999997
1 0.2162546875 0.38818593749999997 0.2070671875 0.38818593749999997 0.1922265625 0.40365624999999994 0.1844515625 0.41350156250000003 0.1844515625 0.4500703125 0.1978796875 0.457103125 0.20989375 0.457103125 0.22120156249999998 0.4500703125 0.22544218749999997 0.43881875 0.228975 0.41350156250000003 0.22756249999999997 0.3994375 0.2162546875 0.38818593749999997
1 0.77031875 0.4880453125 0.7646640625 0.47116718750000003 0.7547703125 0.464134375 0.7455828125 0.4655421875 0.737103125 0.48241875 0.737103125 0.49507812500000004 0.7434624999999999 0.5133609375 0.7498234375 0.5302390625 0.7738515625 0.504921875 0.77031875 0.4880453125
0 0.5567479750000001 0.33788705 0.5406792515625 0.333717946875 0.5150885109375001 0.3408649765625 0.486521959375 0.3384826265625 0.46688252500000005 0.336695875 0.44367224531250005 0.3372914515625 0.4204619640625 0.336100275 0.4008225296875 0.332526771875 0.37642195156249997 0.32895328125 0.36273386875 0.3259753546875 0.3419041375 0.3170415734375 0.33119168593750004 0.30870335781249997 0.32166953125000003 0.3009607421875 0.30203005312500003 0.288453459375 0.29845925 0.278328503125 0.29012735 0.2693947234375 0.27227329375 0.27237265 0.2532289859375 0.265821209375 0.24668250781249998 0.2646300453125 0.23418467812500002 0.281306453125 0.2591803375 0.29083579843749996 0.2806051953125 0.3051298671875 0.2972689984375 0.3164459625 0.3192889828125 0.32657091875 0.3383333359375 0.33550469843749997 0.37047059843749996 0.342651728125 0.3865392765625 0.3456296546875 0.418676584375 0.35575460937500003 0.44248199218749995 0.36468839062499997 0.4650971015625 0.3640927921875 0.49663928437499993 0.3617104625 0.5359182437500001 0.3605192875 0.559128478125 0.36885746875000003 0.59424141875 0.37123982031249997 0.6222128453125 0.37064424375 0.657325784375 0.3771956734375 0.67458466875 0.3736221703125 0.7025560937499999 0.3587325375 0.7311225109375 0.3343135234375 0.7241071296875 0.316369046875 0.6954144 0.336695875 0.6692284875000001 0.3480119828125 0.644827909375 0.353372259375 0.6293544484375 0.3587325375 0.5734116859375 0.3480119828125 0.5567479750000001 0.33788705
0 0.7096976984375 0.565589928125 0.7305274296875 0.551891446875 0.722790653125 0.5352150625000001 0.7013657515625 0.54831794375 0.6710139109375 0.5697590078125 0.6299495296875001 0.5876265671875001 0.6287592765625 0.609067653125 0.668633315625 0.586435415625 0.7096976984375 0.565589928125
0 0.35975819375 0.5804795625 0.3817781765625 0.585244240625 0.3817781765625 0.5685678546874999 0.3567825171875 0.5560605484375001 0.3335722359375 0.5435532671875001 0.30203005312500003 0.5250901078125 0.2836309390625 0.4986607140625 0.2692976171875 0.52449453125 0.2829857453125 0.5358106625 0.2972689984375 0.5507002953125 0.32345495625 0.563207578125 0.3401187140625 0.5739281093749999 0.35975819375 0.5804795625
6 0.6889299703125 0.7473360671875 0.6972619484375 0.7487257453125 0.708371075 0.75219999375 0.7062880796875 0.7417772499999999 0.7042051921875 0.7376081625 0.6986505765625 0.723711171875 0.6946180390625 0.714583334375 0.6924015921875 0.7292699890625001 0.686152715625 0.7320493453125 0.6792094718749999 0.72649058125 0.6708776000000001 0.72649058125 0.6764322171875 0.7417772499999999 0.6889299703125 0.7473360671875
1 0.6632399906249999 0.5597266578125 0.66393435625 0.551388484375 0.66393435625 0.543050284375 0.65729165 0.5322916671875 0.6521308625 0.5395760375 0.6521308625 0.5465245328125 0.6542137515625 0.553473028125 0.6569911125 0.5604215234375001 0.6618513625 0.566675153125 0.6632399906249999 0.5597266578125
