2 0.351705415625 0.4891723453125 0.30799799375000003 0.48587233124999996 0.3026759421875 0.5563551375 0.3463833609375 0.5596551328125 0.351705415625 0.4891723453125
2 0.40558742187499996 0.5901156249999999 0.437057896875 0.5901156249999999 0.437057728125 0.5218015625 0.4055876203125 0.5218015625 0.40558742187499996 0.5901156249999999
2 0.43912071875 0.614011009375 0.4089298265625 0.61267466875 0.4061518609375 0.6754273234375 0.4363427515625 0.67676365625 0.43912071875 0.614011009375
2 0.3635079078125 0.5973842578124999 0.363507628125 0.66061098125 0.41690315624999996 0.6606109 0.4169031140625 0.5973844984375 0.3635079078125 0.5973842578124999
2 0.6530307718749999 0.5759277671875 0.6474037640625 0.5217331749999999 0.6055310406250001 0.5260804640625001 0.6111578390625 0.5802748625 0.6530307718749999 0.5759277671875
2 0.584835334375 0.5952618843749999 0.6134433703125 0.5939674953125 0.6105988984375 0.531109646875 0.5819911734375001 0.532404028125 0.584835334375 0.5952618843749999
9 0.6933356749999999 0.3115949046875 0.6504275640625 0.3180061140625 0.6766341 0.49338967499999997 0.7195421953125 0.4869785359375 0.6933356749999999 0.3115949046875
5 0.6217065374999999 0.6980315187499999 0.6768515921875 0.7020054499999999 0.6843154234375 0.598439228125 0.6291714765624999 0.5944653375 0.6217065374999999 0.6980315187499999
9 0.28884775937499996 0.46496510156250004 0.3212070171875 0.46223064843749995 0.30906667187500003 0.3185734859375 0.2767079703125 0.321307915625 0.28884775937499996 0.46496510156250004
7 0.41924411250000004 0.5111926812500001 0.4246323765625 0.5110294125 0.4215853046875 0.41047710000000004 0.41619711718749997 0.41064036875000004 0.41924411250000004 0.5111926812500001
7 0.37997715312499997 0.65574690625 0.3749999609375 0.654411753125 0.3506167703125 0.745294421875 0.35559395625 0.7466295625 0.37997715312499997 0.65574690625
7 0.602168040625 0.4191096609375 0.59801135625 0.419034090625 0.5960233828125 0.5283729484374999 0.6001800671875 0.52844851875 0.602168040625 0.4191096609375
7 0.6215776328125 0.4229082796875 0.6164772734375 0.42329545468749996 0.6229672875000001 0.5087848593750001 0.628067646875 0.5083976875 0.6215776328125 0.4229082796875
7 0.6518499984374999 0.443769228125 0.6464939390625 0.4426049484375 0.6314689437500001 0.5117201062500001 0.6368250015625 0.5128843796875 0.6518499984374999 0.443769228125
7 0.6129100859375 0.757140728125 0.6187925421875 0.75640553125 0.6082154984375 0.6717901703125 0.60233315 0.672525359375 0.6129100859375 0.757140728125
7 0.6417387828125001 0.7440103203125 0.6484292984375 0.7422023375 0.6286764703125 0.669117646875 0.62198605625 0.6709256156250001 0.6417387828125001 0.7440103203125
7 0.40259239999999996 0.6582309515625 0.3895907890625 0.6557360812499999 0.37132352968750004 0.7509191171875 0.3843251328125 0.7534139609375 0.40259239999999996 0.6582309515625
