3 0.615892290625 0.6543229828125 0.6202184359375 0.659614540625 0.6226218671875 0.6658681828125 0.6259866546875 0.66827343125 0.6274287281250001 0.6677923875 0.6298321578125 0.6610576859374999 0.6303128734375 0.6576903328125 0.6341583765625 0.653841940625 0.6384845234375 0.6485504 0.6423300265624999 0.6413346546875001 0.6428106687499999 0.6370052 0.6371394125000001 0.6311298078124999 0.6288708 0.6355620546875 0.62117979375 0.6374862421875 0.615892290625 0.641815696875 0.6106047140624999 0.647588296875 0.6106047140624999 0.6519177328125 0.615892290625 0.6543229828125
3 0.34478531874999996 0.5547457171875 0.34815010625 0.5552267515625 0.35151489375 0.555707803125 0.3563217546875 0.557632 0.3582445078125 0.5600372484375 0.3620900109375 0.565328796875 0.3654547984375 0.566290890625 0.36881962343749997 0.5629235484375 0.3721844125 0.556669896875 0.37266509062500003 0.55089730625 0.37314576875 0.5427194765625 0.37314576875 0.5350226609375001 0.37314576875 0.5330984828124999 0.36978098125000003 0.5364658140625 0.366896871875 0.5412763125 0.3640127625 0.5412763125 0.360167259375 0.540314228125 0.35872518593749997 0.5345416171874999 0.35872518593749997 0.5330984828124999 0.35728315 0.5287690171875 0.35487971875 0.5278069140625 0.35108171875 0.5277644234375 0.345746675 0.5335795140624999 0.3390170625 0.5355037296875 0.3366136328125 0.540314228125 0.3366136328125 0.54801100625 0.3390170625 0.55234046875 0.34478531874999996 0.5547457171875
3 0.643291384375 0.5921911359375 0.6500209609375001 0.5912290328124999 0.6538664640625 0.5859374921875 0.6601153984375 0.580645953125 0.659154040625 0.5743922921875 0.6553085375000001 0.5681386500000001 0.6476175296875 0.571506003125 0.64136866875 0.5638092140625 0.6365618078125 0.5642902578125 0.6356003765625 0.575354396875 0.63704245 0.584494346875 0.643291384375 0.5921911359375
3 0.689917921875 0.5618850078125 0.6913599953125 0.55659346875 0.6942441406250001 0.55274505625 0.695686140625 0.5488966625 0.696647571875 0.543605121875 0.69280206875 0.537832521875 0.6889565640625 0.5387946265625 0.6831883453125001 0.5368704203125 0.6774201265625 0.5335030671875 0.67560095 0.5349759625 0.6754973390625 0.546010371875 0.6769394125 0.5561124078125 0.6769394125 0.5609229046875 0.6803041999999999 0.5647712984375 0.684149703125 0.5676576078125 0.689917921875 0.5618850078125
1 0.310656575 0.4618266734375 0.3036057578125 0.45985577031249997 0.2991201375 0.47240977968750003 0.30152356875 0.473371865625 0.307772465625 0.473371865625 0.310656575 0.47048556562500005 0.310656575 0.4618266734375
0 0.5279267187500001 0.7183026078125 0.501969696875 0.7144541953125 0.47264781562499997 0.7134921109375 0.450055546875 0.7043521953125 0.4269826359375 0.6913638125 0.4140040890625 0.6831859640625 0.39718007499999997 0.671159721875 0.382759490625 0.661538728125 0.3654547984375 0.6543229828125 0.3476694265625 0.6413346546875001 0.3409398140625 0.6432588421875 0.3380557046875 0.6519177328125 0.35872518593749997 0.661538728125 0.3842015640625 0.6745270734375 0.397660790625 0.6812617765625 0.4140040890625 0.6928069578125 0.4303474234375 0.7053142625000001 0.4582272328125 0.7158973578125 0.47985810781250005 0.7221510015625 0.505815128125 0.7235941828125 0.5207164265625 0.7235941828125 0.5404245859375 0.7235941828125 0.57455325625 0.715416296875 0.6226218671875 0.7000227031249999 0.662518828125 0.6726028859375 0.654567296875 0.6623798078124999 0.6341583765625 0.6802996734375 0.615892290625 0.6860722734375 0.596664846875 0.6956932671875 0.5803214750000001 0.7024279531250001 0.5577292421875 0.711567940625 0.5279267187500001 0.7183026078125
0 0.529368790625 0.5493777234375 0.5091799890625001 0.553707159375 0.49524004843749997 0.5541882203124999 0.47264781562499997 0.5503398078124999 0.4534203703125 0.53735148125 0.4457294 0.5349462328125 0.44717143750000005 0.55659346875 0.4654375234375 0.5546692625 0.47216713749999994 0.55851765625 0.493797975 0.565733403125 0.5173516390625 0.5642902578125 0.53465629375 0.56236605 0.5428280171875 0.56236605 0.5582099578124999 0.5618850078125 0.58560905 0.559960803125 0.603394421875 0.55851765625 0.6235832234375 0.5546692625 0.64954031875 0.5407188140625 0.66444154375 0.529654675 0.695686140625 0.5056021890625 0.6888221046874999 0.49831730781249994 0.672613265625 0.5137800375 0.6553085375000001 0.5238820750000001 0.631754946875 0.540237771875 0.587531765625 0.5513019109374999 0.5553258125 0.55082086875 0.529368790625 0.5493777234375
1 0.372716334375 0.503125 0.36641619375 0.5022348375 0.365935478125 0.5075263953125 0.364493440625 0.5123368921875 0.36785822968750004 0.5176284328125 0.3717037328125 0.5224389281249999 0.372716334375 0.503125
0 0.3000814953125 0.47240977968750003 0.31642482968749996 0.47914445624999996 0.3313260921875 0.4911706984375 0.341901171875 0.5003106500000001 0.354399040625 0.50993164375 0.3693003015625 0.5171473890625 0.3774719515625 0.5224389281249999 0.3793269125 0.512740384375 0.3707423390625 0.5075263953125 0.35007285781249997 0.49453804999999995 0.33517159531249996 0.482992859375 0.322673728125 0.4752960625 0.3034462828125 0.46134562187499994 0.3000814953125 0.47240977968750003
9 0.71779773125 0.7095672703125 0.7403899640625 0.7278471718749999 0.7509650437500001 0.709086228125 0.7519264734375 0.685995828125 0.7432741093749999 0.6677159609375 0.7384672484375 0.6455876625 0.733179671875 0.620573075 0.7269307375 0.6104710203125 0.7182692203125 0.6004807703124999 0.7067419359375 0.615762578125 0.6918407109375 0.63452350625 0.68799520625 0.6571328453125 0.69953164375 0.6773369546875 0.7153943 0.7009083609375 0.71779773125 0.7095672703125
6 0.6091626406249999 0.839122503125 0.6149309328125 0.846819328125 0.6202184359375 0.8482624546875 0.625025296875 0.846338246875 0.6259866546875 0.8420088296875001 0.6275240265625001 0.8354567312500001 0.6231025828125001 0.8405656671875 0.6178150062500001 0.8415277515625 0.6139695015625 0.836717253125 0.6134888593750001 0.8285394234375 0.6106047140624999 0.8299825875 0.6091626406249999 0.839122503125
