3 0.38110625 0.5848093750000001 0.38618125000000003 0.5796640625 0.3912546875 0.5722328125 0.393228125 0.56365625 0.392946875 0.5493640625 0.390690625 0.5379296874999999 0.382515625 0.5276390625 0.3782875 0.5282109375 0.3712390625 0.5293546874999999 0.36672812499999996 0.53106875 0.36672812499999996 0.5487921874999999 0.36672812499999996 0.5762343750000001 0.3698296875 0.5825234375 0.3723671875 0.585953125 0.374621875 0.586525 0.38110625 0.5848093750000001
3 0.40225 0.5825234375 0.409015625 0.57680625 0.4123984375 0.575090625 0.416909375 0.5670875 0.4140890625 0.55508125 0.40817031249999997 0.5345 0.40450468749999996 0.520778125 0.39999375000000004 0.5190640625 0.392946875 0.52478125 0.3870265625 0.53335625 0.38448906250000003 0.5482203125 0.3870265625 0.5699453125 0.389 0.575090625 0.3921 0.5802359375 0.395484375 0.5819515625 0.40225 0.5825234375
7 0.3864484375 0.39806718750000003 0.392246875 0.4582515625 0.396340625 0.5170515625000001 0.400434375 0.51981875 0.405209375 0.5191265625 0.3994109375 0.4762375 0.3956578125 0.4437234375 0.39156562500000003 0.4146703125 0.3864484375 0.39806718750000003
7 0.3625703125 0.4340390625 0.35847656250000004 0.41536249999999997 0.3676875 0.49906562499999996 0.37007500000000004 0.52604375 0.37553281250000003 0.5246609375 0.36905156250000004 0.4741625 0.3625703125 0.4340390625
1 0.446484375 0.510825 0.44921249999999996 0.5267359375 0.4519421875 0.5461046875 0.45125937499999996 0.5661671875 0.45569375 0.564090625 0.45671718749999995 0.5537140625 0.46047031250000003 0.5308859375 0.459446875 0.5135921875 0.4498953125 0.5073671875 0.446484375 0.510825
1 0.46422187499999995 0.5378046875 0.465928125 0.550946875 0.470703125 0.5606328125 0.47138437499999997 0.5440296874999999 0.4700203125 0.52396875 0.46626874999999995 0.5122093750000001 0.46388125 0.5225859374999999 0.46422187499999995 0.5378046875
3 0.49526250000000005 0.573084375 0.5048140625 0.5661671875 0.506178125 0.5322703125 0.50413125 0.50875 0.5000390625 0.4983734375 0.4942390625 0.487996875 0.48468906250000005 0.48522968750000006 0.4782078125 0.492146875 0.4741140625 0.505290625 0.47104375000000004 0.5205093749999999 0.47036249999999996 0.5364203125 0.4724078125 0.550946875 0.4761609375 0.565475 0.48468906250000005 0.5703171874999999 0.49526250000000005 0.573084375
3 0.5058374999999999 0.55855625 0.51231875 0.5717 0.5259625 0.5751593749999999 0.5290328125 0.5703171874999999 0.523575 0.5647828125000001 0.5218703125 0.5571734375 0.521528125 0.546796875 0.523915625 0.5371125 0.5259625 0.5246609375 0.5269859375 0.5101328125 0.5245984375 0.49975625 0.5208468749999999 0.49906562499999996 0.51709375 0.5101328125 0.5068609375 0.5059828125 0.5065203125 0.5149765625 0.5065203125 0.5343453125 0.5058374999999999 0.55855625
7 0.527328125 0.427121875 0.5228937499999999 0.46240156250000003 0.5187999999999999 0.49353125000000003 0.5225515625 0.49906562499999996 0.528009375 0.49629843749999997 0.5290328125 0.4485671875 0.5317624999999999 0.41812812499999996 0.5358546875 0.3904578125 0.527328125 0.427121875
1 0.53005625 0.55025625 0.5331265625 0.564090625 0.5375609375 0.564090625 0.5365375 0.5004484375 0.5355140625 0.50875 0.53415 0.52604375 0.5314203125 0.5398796875 0.53005625 0.55025625
7 0.5495 0.49491406250000003 0.5549578125 0.4928390625 0.5546156250000001 0.4485671875 0.5556390625 0.4091359375 0.558028125 0.38423281249999997 0.5518875000000001 0.4146703125 0.55018125 0.46170937500000003 0.5495 0.49491406250000003
7 0.589409375 0.4188203125 0.591115625 0.38215781249999997 0.59384375 0.35310312499999996 0.584975 0.4146703125 0.5822468749999999 0.4485671875 0.5774703125 0.48938125 0.5750828125 0.5128999999999999 0.5812234375 0.5128999999999999 0.5877046874999999 0.4568671875 0.589409375 0.4188203125
3 0.6078296875 0.573084375 0.6132875 0.5813859375 0.6163578125 0.5737765625 0.62215625 0.5800015625 0.624203125 0.5779265625 0.6269312499999999 0.5703171874999999 0.6289781249999999 0.5433375 0.6269312499999999 0.52604375 0.6184046875 0.52189375 0.6139703125 0.540571875 0.6085125 0.542646875 0.6027125 0.55648125 0.5948671875 0.55648125 0.5924796875 0.5682421875 0.5965734375 0.5717 0.6033953125 0.5758515625 0.6078296875 0.573084375
3 0.6358015625 0.557865625 0.634778125 0.573084375 0.6300015625000001 0.5723921875 0.630684375 0.5834609375 0.6388703125 0.5896859375 0.6456937500000001 0.588303125 0.6473984374999999 0.577234375 0.6467171875 0.5606328125 0.646375 0.5481812500000001 0.64228125 0.55025625 0.6381890625 0.5516390624999999 0.6358015625 0.557865625
3 0.6538796875 0.5419546875 0.6508093749999999 0.5364203125 0.6480812499999999 0.5461046875 0.6450109375 0.5599406250000001 0.6456937500000001 0.5889953125 0.6473984374999999 0.5938375 0.6514921874999999 0.6028296875 0.6583140625 0.603521875 0.6630890625 0.5979875 0.6716171875 0.6049046875 0.6798046875 0.603521875 0.683215625 0.603521875 0.6842390625 0.5959125000000001 0.680828125 0.5896859375 0.6746875 0.5855359375 0.6723 0.577234375 0.6729828125 0.5599406250000001 0.6760515625 0.55648125 0.6746875 0.5474890625 0.6736640625 0.5378046875 0.6671828125 0.5336531250000001 0.661384375 0.535728125 0.6555859374999999 0.5440296874999999 0.6538796875 0.5419546875
7 0.67639375 0.5384953125 0.682875 0.50875 0.6859437500000001 0.48522968750000006 0.6879906250000001 0.45894218750000004 0.6886734375 0.4471828125 0.6948125 0.42504687499999994 0.6859437500000001 0.45410000000000006 0.6818515625 0.4873046875 0.67639375 0.518434375 0.67059375 0.5322703125 0.67639375 0.5384953125
7 0.6688890625 0.45755937500000005 0.66343125 0.496990625 0.66343125 0.5274281249999999 0.6784390625000001 0.43749843750000006 0.6818515625 0.422971875 0.6801453125 0.4285046875 0.672640625 0.444415625 0.6688890625 0.45755937500000005
1 0.6098765625 0.6595546875 0.612946875 0.6588625 0.6160171875 0.6574796875 0.6170390625 0.6505609375 0.6160171875 0.638109375 0.6119234375 0.631884375 0.6095359375 0.638109375 0.60919375 0.6464109375 0.6098765625 0.6595546875
3 0.5839515625 0.6145906250000001 0.5778125000000001 0.6201234375 0.5815640625 0.628425 0.584975 0.6332671875 0.5880453125 0.6429515625 0.589409375 0.6581718750000001 0.589409375 0.6782328125 0.591796875 0.6920671875 0.593503125 0.70036875 0.5986203125 0.6996765625 0.600665625 0.690684375 0.60203125 0.6747734375000001 0.604078125 0.6692390625 0.6078296875 0.660246875 0.6085125 0.653328125 0.6085125 0.631884375 0.6051015625 0.6215078125 0.600665625 0.6180484374999999 0.595890625 0.6159734375 0.5900921875 0.61320625 0.5839515625 0.6145906250000001
7 0.6003765624999999 0.7341265625 0.6003765624999999 0.7119203125 0.6003765624999999 0.6968 0.597115625 0.703415625 0.5947843749999999 0.7043609375 0.5931546875 0.7043609375 0.5961828125 0.735071875 0.598046875 0.75916875 0.601075 0.7842109374999999 0.60596875 0.796021875 0.6022406250000001 0.76861875 0.6003765624999999 0.7341265625
7 0.41520712031249996 0.6659821671875 0.40949329843750004 0.6697914078125 0.408165625 0.7355437499999999 0.40630156250000005 0.7676734374999999 0.404903125 0.7861 0.40373906249999997 0.7964953125 0.4083984375 0.7747609375 0.4118921875 0.73790625 0.41398906249999995 0.7147546874999999 0.4142234375 0.7019984375 0.41520712031249996 0.6659821671875
3 0.35667499999999996 0.6599468749999999 0.3571421875 0.6509703124999999 0.35667499999999996 0.6429375 0.356909375 0.6349046875 0.35574374999999997 0.625928125 0.3517828125 0.625928125 0.342696875 0.6325421875 0.335240625 0.6344328124999999 0.32732031250000004 0.630653125 0.3198640625 0.6372671875 0.3173015625 0.647190625 0.3168359375 0.6632546875 0.3189328125 0.6755390625000001 0.31846562500000003 0.6826265625 0.3198640625 0.691603125 0.324990625 0.69113125 0.3308140625 0.69349375 0.3354734375 0.6906578125 0.3396671875 0.6830984375 0.34409531250000003 0.6783734375 0.3496859375 0.681209375 0.352015625 0.6760109375 0.35481250000000003 0.6684515625 0.35667499999999996 0.6599468749999999
7 0.3476828125 0.77891875 0.3520390625 0.7654062500000001 0.35460156249999997 0.74565625 0.356909375 0.726425 0.3558828125 0.7009593749999999 0.3553703125 0.6687359374999999 0.3525515625 0.6754921875 0.3479390625 0.681209375 0.3494765625 0.694721875 0.3510140625 0.72590625 0.35127031249999996 0.7518921875 0.34409531250000003 0.7877546875 0.3476828125 0.77891875
7 0.3241046875 0.7420171875 0.3266671875 0.7290234375 0.3307671875 0.707715625 0.33640625 0.688484375 0.3297421875 0.6921234375 0.3251296875 0.7108328125 0.3225671875 0.731103125 0.317953125 0.7633265625 0.310778125 0.7893125000000001 0.31744062500000003 0.7763203125 0.3210296875 0.7596890625 0.3241046875 0.7420171875
3 0.5574187609375 0.56694191875 0.5644023671875 0.56249780625 0.5650372406249999 0.5478957171875 0.56376749375 0.53519825 0.5650372406249999 0.516786921875 0.5605931265625 0.5059940734375 0.5548792671875 0.497105846875 0.5498002796875 0.4983755921875 0.5396423046875001 0.5123428078125001 0.5396423046875001 0.5294843890625 0.5390074328125001 0.5504352109374999 0.5421817984375 0.5605931859375 0.5574187609375 0.56694191875
0 0.6819928171874999 0.718503590625 0.7377922359375 0.696459396875 0.734347828125 0.650993203125 0.651682021875 0.66408195625 0.6000158921875001 0.650304321875 0.5125279140625 0.6434155031250001 0.3912847734375 0.6482376765625 0.30930785 0.661326428125 0.31068561250000004 0.699214921875 0.3265298921875 0.6943927515625 0.388529246875 0.6943927515625 0.44639531093749996 0.678548471875 0.5359498921875 0.688192815625 0.6227489890625 0.7019704499999999 0.6819928171874999 0.718503590625
5 0.6723484734375 0.6551264921875 0.671659675 0.639282234375 0.6482376125 0.63790445 0.63859326875 0.6392822125000001 0.635148859375 0.64617103125 0.6454820859375 0.653059846875 0.6606374828125 0.655815375 0.6723484734375 0.6551264921875
0 0.49461698906249996 0.5387054828125 0.6454820859375 0.563505225 0.7460588171875 0.5545497625 0.7371033546875 0.5063280421874999 0.6633930109375 0.5152835046875001 0.60139365625 0.5021947515625 0.550416409375 0.48566159062500003 0.50012804375 0.48979488125000004 0.41884004218750004 0.499439225 0.31895219375 0.5166612671874999 0.2714193546875 0.5338833109375 0.259019484375 0.5752162140625 0.29759685937499997 0.5717718046875 0.355462925 0.5573052890625 0.407129053125 0.542838771875 0.49461698906249996 0.5387054828125
