1 0.367248059375 0.47866474999999997 0.35198393437500003 0.478271484375 0.35100923281249996 0.5161006234375 0.36627335625 0.5164938875 0.367248059375 0.47866474999999997
1 0.3761968671875 0.5242890625000001 0.382807821875 0.5242890625000001 0.3828078125 0.4999859375 0.37619688125 0.4999859375 0.3761968671875 0.5242890625000001
1 0.389369715625 0.4999680296875 0.3841296875 0.5013359375 0.3894171796875 0.5215890640625 0.39465720625 0.5202211578125 0.389369715625 0.4999680296875
1 0.5453158765625 0.5448422374999999 0.5501151859375 0.5441513125 0.5460890625 0.5161875 0.5412897765625 0.516878421875 0.5453158765625 0.5448422374999999
1 0.6377628203125 0.520440209375 0.6479760609375 0.5201069125 0.6468742203125 0.4863465546875 0.636661034375 0.4866798515625 0.6377628203125 0.520440209375
1 0.6604531234375 0.5215890625 0.6697078265624999 0.5215890625 0.6697077984375001 0.48378437500000004 0.6604531484375 0.48378437500000004 0.6604531234375 0.5215890625
1 0.6817624125 0.591624078125 0.6888664296875 0.592010434375 0.6895390625 0.57964375 0.6824350609375001 0.5792573953125 0.6817624125 0.591624078125
1 0.7170818375 0.58465234375 0.7212703281249999 0.583695309375 0.7166421875 0.5634421875 0.7124537109375 0.5643992203125 0.7170818375 0.58465234375
1 0.6283275484375 0.621805625 0.6333484421875 0.6214984375 0.632261221875 0.6037303296875 0.62724034375 0.60403751875 0.6283275484375 0.621805625
1 0.34363455625 0.5078804890625 0.3487500171875 0.5074249984375 0.345840625 0.474753125 0.3407251890625 0.4752086140625 0.34363455625 0.5078804890625
6 0.4657001546875 0.3295096671875 0.46570009843750004 0.3848050890625 0.49990474375 0.3848050421875 0.49990469531250004 0.329509725 0.4657001546875 0.3295096671875
1 0.7636748703125 0.5862383328125 0.774199434375 0.5862383328125 0.7741994140624999 0.562540340625 0.76367489375 0.562540340625 0.7636748703125 0.5862383328125
6 0.5273926828125 0.373161059375 0.5513703859375 0.3722479890625 0.5499670437499999 0.3353982453125 0.5259894359375 0.3363113140625 0.5273926828125 0.373161059375
