3 0.314174621875 0.569519171875 0.27793951093749997 0.62032980625 0.3387683578125 0.6637038953125 0.37500307187500004 0.6128936171875 0.314174621875 0.569519171875
2 0.61501446875 0.5815649374999999 0.6606145328124999 0.5790923515624999 0.657192540625 0.51599380625 0.61159295625 0.5184663781250001 0.61501446875 0.5815649374999999
3 0.6929656093750001 0.476630628125 0.650715940625 0.4817704046875 0.6614307125 0.5698400953125 0.7036803734375 0.5647003546875 0.6929656093750001 0.476630628125
3 0.6167209359375 0.6598365546875 0.651859571875 0.654817353125 0.6455110703125 0.6103788906250001 0.61037273125 0.615398071875 0.6167209359375 0.6598365546875
3 0.6846163187500001 0.572336878125 0.6458999640624999 0.5944580796875 0.6655811640625 0.628900134375 0.704297459375 0.6067790109375 0.6846163187500001 0.572336878125
9 0.7108478359375 0.3339192640625 0.674004253125 0.3379064328125 0.6925406484375001 0.50918405625 0.729384225 0.5051969328125 0.7108478359375 0.3339192640625
3 0.3135302625 0.5598471 0.334300034375 0.5521552625 0.3175161078125 0.5068389203125 0.296746484375 0.514530728125 0.3135302625 0.5598471
3 0.39445617187500004 0.5505732984375 0.3735098578125 0.521021771875 0.3360567953125 0.5475663734375 0.3570029828125 0.5771177859375001 0.39445617187500004 0.5505732984375
6 0.2688819796875 0.7322386375 0.2808236421875 0.71194889375 0.2439340453125 0.6902406171875 0.2319923859375 0.71053026875 0.2688819796875 0.7322386375
7 0.6449870859375 0.4239122671875 0.6309845593750001 0.4239122671875 0.6309845593750001 0.516716378125 0.6449870859375 0.516716378125 0.6449870859375 0.4239122671875
6 0.33519455468750003 0.7714172828125 0.3386815546875 0.7516688921875 0.31890569062499996 0.7481776499999999 0.3154186546875 0.7679259953125 0.33519455468750003 0.7714172828125
