2 0.3954796875 0.55450625 0.3937140625 0.5537796875 0.39230156250000003 0.5537796875 0.39018437499999997 0.55450625 0.387359375 0.5552328125 0.384534375 0.5552328125 0.3820625 0.5537796875 0.380296875 0.550871875 0.377471875 0.5486921875 0.376059375 0.5472390625 0.37429375 0.5472390625 0.37146875 0.54941875 0.368290625 0.552325 0.36723125 0.5530515625 0.366171875 0.55450625 0.36299375 0.55450625 0.360521875 0.55450625 0.3587578125 0.55450625 0.3573453125 0.5552328125 0.3555796875 0.5588656249999999 0.3541671875 0.5668609375 0.3534609375 0.5719484375 0.3531078125 0.5777609375 0.3527546875 0.58575625 0.3534609375 0.59084375 0.3534609375 0.59665625 0.3573453125 0.600290625 0.362640625 0.60683125 0.36934999999999996 0.61191875 0.37429375 0.6162796875 0.37994374999999997 0.618459375 0.38418125000000003 0.618459375 0.388771875 0.6162796875 0.39230156250000003 0.614825 0.3954796875 0.61191875 0.39795156249999997 0.6075578125 0.4000703125 0.60174375 0.4014828125 0.5959296875 0.40254218750000004 0.59084375 0.4039546875 0.583575 0.4050140625 0.5784890625 0.4053671875 0.5697671875 0.4053671875 0.5661343750000001 0.4039546875 0.5617734375000001 0.4011296875 0.5581390625 0.3990109375 0.555959375 0.3972453125 0.5552328125 0.3954796875 0.55450625
2 0.6588984375 0.4927328125 0.6539546875 0.4927328125 0.6479515625000001 0.49491250000000003 0.6423015624999999 0.496365625 0.6264125 0.496365625 0.623234375 0.49782031250000003 0.6207625 0.498546875 0.618290625 0.50799375 0.6175843750000001 0.516715625 0.6179375 0.52325625 0.61864375 0.53125 0.620409375 0.5356109375 0.62288125 0.5406984375 0.62711875 0.542878125 0.633475 0.54433125 0.63841875 0.5436046875 0.6419484375 0.542878125 0.6447734374999999 0.53924375 0.6468921875 0.53924375 0.6511296875 0.5385171875 0.6567796875 0.5356109375 0.6613703125 0.5305234375000001 0.6634890625 0.5218015625 0.6634890625 0.5152609375 0.6631359375 0.5036343750000001 0.6624296875 0.49345937500000003 0.6588984375 0.4927328125
2 0.687146875 0.458575 0.682909375 0.46075625000000003 0.6783187500000001 0.46366250000000003 0.67408125 0.46875 0.6680796875 0.47747031250000005 0.6641953125 0.48619218750000004 0.6610171874999999 0.4905515625 0.6596046875 0.498546875 0.6606640625 0.5109015625 0.6617234375 0.5174421875 0.6631359375 0.5254359375 0.6673734375 0.5290703125 0.6687859375 0.5305234375000001 0.67408125 0.532703125 0.677259375 0.5276156249999999 0.679025 0.524709375 0.682203125 0.521075 0.68538125 0.5188953125 0.68961875 0.516715625 0.6931499999999999 0.5159890625 0.697740625 0.51308125 0.6998593750000001 0.5058140625 0.7002125 0.5 0.6998593750000001 0.49200625000000003 0.697740625 0.48255781249999996 0.695975 0.4745640625 0.69244375 0.465115625 0.687146875 0.458575
3 0.341466334375 0.49831730781249994 0.3380557046875 0.5017481859374999 0.3380557046875 0.5185849265625 0.3476694265625 0.5190659671875 0.3476694265625 0.5065586828125 0.3467080328125 0.5012671531249999 0.341466334375 0.49831730781249994
3 0.3438239234375 0.54985315625 0.3375750265625 0.5435995140625 0.33124998906249997 0.536778846875 0.320270296875 0.534940621875 0.3193089390625 0.550815259375 0.33324884374999997 0.560436253125 0.34815010625 0.5681330421874999 0.3524762890625 0.5609172953125 0.3438239234375 0.54985315625
9 0.3101758953125 0.40730955937499996 0.3221930484375 0.389991778125 0.3260385515625 0.35872354687499997 0.3217123703125 0.3380384046875 0.32075101250000004 0.31639116718750004 0.31834758281250003 0.2971491796875 0.3173861875 0.2812745421875 0.3255578734375 0.2663620015625 0.32075101250000004 0.2543357578125 0.3114182578125 0.2537259625 0.29815874375 0.274058796875 0.2885450203125 0.29763023125 0.2875836640625 0.329860565625 0.286141590625 0.377965534375 0.2890257 0.4010559171875 0.3101758953125 0.40730955937499996
7 0.364493440625 0.635075384375 0.3693003015625 0.6163144578125 0.3643028734375 0.6100961546875 0.364493440625 0.6230491421875 0.361128615625 0.6442153375 0.3558410765625 0.6668246765625 0.3563217546875 0.6908771609375 0.3596865796875 0.6581657859375001 0.364493440625 0.635075384375
7 0.3774719515625 0.693282409375 0.381798134375 0.668267821875 0.382759490625 0.654317371875 0.382759490625 0.6394048390625 0.38564363749999997 0.617757603125 0.3799278734375 0.619110578125 0.381798134375 0.6307459484375 0.3808367765625 0.6490258328125 0.379394703125 0.6610520765625 0.3789140234375 0.679813021875 0.3693003015625 0.7048275921875 0.3774719515625 0.693282409375
6 0.36305136875 0.7110048234375 0.3582445078125 0.7090806171875 0.3563217546875 0.7090806171875 0.3534376453125 0.705713246875 0.3524762890625 0.7028269578125 0.35151489375 0.6980164609374999 0.35151489375 0.696092253125 0.3504807578125 0.6900240390625 0.345746675 0.6980164609374999 0.345746675 0.708118496875 0.3495921796875 0.7143721578125 0.3563217546875 0.715815321875 0.361128615625 0.7148532000000001 0.36305136875 0.7110048234375
7 0.5336949375 0.49534166874999996 0.5337740265625001 0.5337740390625 0.538501796875 0.5285340875 0.537059725 0.48812592343750005 0.5360983671875 0.45878188125 0.5332142953125001 0.430881003125 0.5336949375 0.49534166874999996
7 0.652424390625 0.4789860078125 0.6471368875 0.47225126875 0.6480982453124999 0.4611871296875 0.6509823906250001 0.43905885156249996 0.6514630328125001 0.41404426250000004 0.6471368875 0.44964194687500003 0.64136866875 0.47032708124999995 0.639926596875 0.45349034218749995 0.639926596875 0.4376157046875 0.63944588125 0.40971480781249997 0.637523165625 0.3861433828125 0.631754946875 0.41548740781250004 0.6356003765625 0.44338828750000003 0.6360810921875 0.46936497812500005 0.6322355890625 0.479948075 0.6305288359375 0.49831730781249994 0.63127423125 0.49919006250000003 0.6404072375000001 0.49245535937499996 0.65290510625 0.4910122515625 0.656750609375 0.48716382031250005 0.652424390625 0.4789860078125
7 0.672613265625 0.42558946249999996 0.672613265625 0.43136204375 0.67453598125 0.4525282375 0.67117119375 0.4602250265625 0.6702098359375 0.4491608875 0.6702098359375 0.4352104578125 0.6658836171875 0.41837371718750005 0.6620381125 0.40827166249999997 0.6601153984375 0.394802275 0.6601153984375 0.4058664140625 0.6634801859375 0.42174104999999995 0.6668449734374999 0.432324146875 0.6668449734374999 0.44627459687500004 0.6668449734374999 0.46166819062500003 0.6713942203125 0.471875 0.6793428421875001 0.4659976265625 0.67790076875 0.4602250265625 0.67790076875 0.44964194687500003 0.67790076875 0.43617254218749996 0.672613265625 0.42558946249999996
