2 0.381880225 0.4631714546875 0.3385846515625 0.45790437031250003 0.330446721875 0.5247935859374999 0.373742290625 0.53006064375 0.381880225 0.4631714546875
2 0.3955415859375 0.5338383624999999 0.3408701125 0.5353140609375 0.342863471875 0.60915656875 0.3975349453125 0.6076808781249999 0.3955415859375 0.5338383624999999
3 0.5023453375 0.573171728125 0.528035753125 0.5724955281249999 0.5260245968749999 0.4960994625 0.500334503125 0.4967756578125 0.5023453375 0.573171728125
2 0.627596975 0.5430761687500001 0.6776569359375 0.5376598578125 0.6709188187499999 0.47539055625 0.6208593375 0.480806840625 0.627596975 0.5430761687500001
9 0.3295079015625 0.5304597890625 0.2692862109375 0.4947905375 0.2030351984375 0.606634321875 0.2632566 0.6423031765625 0.3295079015625 0.5304597890625
3 0.3119369609375 0.5035096968749999 0.32971484218749997 0.4958911515625 0.3172958421875 0.4669135921875 0.299518034375 0.47453211875 0.3119369609375 0.5035096968749999
7 0.36032718125 0.3865275375 0.3539840546875 0.3864278171875 0.3529806421875 0.450250509375 0.35932376875 0.45035022968750005 0.36032718125 0.3865275375
6 0.35274591875 0.667270253125 0.3238801703125 0.6659589109375 0.3221487890625 0.7040653328124999 0.3510145375 0.7053766703125001 0.35274591875 0.667270253125
6 0.3729403046875 0.7571218171874999 0.3526244796875 0.709261921875 0.31735080781249997 0.724232678125 0.33766639062500003 0.7720923671875 0.3729403046875 0.7571218171874999
6 0.29259147812499997 0.732249571875 0.3113819953125 0.734252778125 0.315780265625 0.693001853125 0.2969899171875 0.69099865625 0.29259147812499997 0.732249571875
7 0.6449076796875 0.44388785000000003 0.6517229234374999 0.4432796234375 0.6456636171875 0.375388315625 0.63884843125 0.3759965390625 0.6449076796875 0.44388785000000003
7 0.5238531156249999 0.381200225 0.5175488484375 0.380998584375 0.5143781109375001 0.48012622499999996 0.520682378125 0.4803278640625 0.5238531156249999 0.381200225
6 0.36223419843750004 0.38006544531249997 0.3499912 0.38068506874999997 0.35070181875 0.3947253984375 0.3629448171875 0.3941057765625 0.36223419843750004 0.38006544531249997
