3 0.385298615625 0.6319839421875 0.399278375 0.6016975671875 0.3564859984375 0.5819473921875 0.34250620781249996 0.6122336359375 0.385298615625 0.6319839421875
3 0.41215448749999994 0.6429090265624999 0.42285163593749997 0.6228540984375 0.39613153125 0.608603490625 0.385434378125 0.6286583593749999 0.41215448749999994 0.6429090265624999
2 0.48660914999999993 0.539728021875 0.4640954328125 0.5413359890625 0.4685827390625 0.6041582765625 0.4910964546875 0.6025503203125 0.48660914999999993 0.539728021875
2 0.6748938296875 0.561519903125 0.65025729375 0.5054088218749999 0.5964430843749999 0.5290348218750001 0.621079296875 0.5851456296875 0.6748938296875 0.561519903125
2 0.7039104046875 0.5470465515625 0.6980616546875 0.495583734375 0.652342884375 0.500779246875 0.6581914281250001 0.552241878125 0.7039104046875 0.5470465515625
3 0.645961903125 0.6600488 0.6387803015625 0.59542434375 0.580785015625 0.6018684624999999 0.5879662234375 0.6664925609375 0.645961903125 0.6600488
9 0.7811974671875 0.5816522703125 0.703305621875 0.5680763453125001 0.6855462859375 0.66995893125 0.7634380984375 0.683534721875 0.7811974671875 0.5816522703125
7 0.471874996875 0.5354166671875 0.4802083421875 0.5354166671875 0.480208284375 0.43541666718750005 0.47187506562500003 0.43541666718750005 0.471874996875 0.5354166671875
7 0.6294156937500001 0.5058455703125 0.636683928125 0.5050737640625 0.621875 0.365625 0.614606903125 0.3663967984375 0.6294156937500001 0.5058455703125
7 0.6516058390625 0.441862765625 0.64423885 0.4413170984375 0.6398192328125 0.500981984375 0.647186221875 0.50152765 0.6516058390625 0.441862765625
7 0.6621621390625 0.3795215765625 0.6552083328125 0.3802083328125 0.6635416234375 0.46458333749999997 0.6704954296875 0.46389658437500003 0.6621621390625 0.3795215765625
7 0.6845156609374999 0.423249925 0.6823138296875 0.42333776562500003 0.6843749921875 0.475 0.6865768234375 0.474912159375 0.6845156609374999 0.423249925
