2 0.6083999999999999 0.5032 0.6123999999999999 0.5248 0.6164 0.528 0.62 0.5288 0.628 0.5288 0.638 0.52 0.6424000000000001 0.5176000000000001 0.6516 0.5136000000000001 0.6567999999999999 0.5048 0.6592 0.496 0.6559999999999999 0.4808 0.6527999999999999 0.46959999999999996 0.6508 0.46399999999999997 0.6476 0.46399999999999997 0.634 0.46319999999999995 0.6252 0.46559999999999996 0.6155999999999999 0.4688 0.6096 0.4744 0.6068 0.484 0.6083999999999999 0.5032
3 0.6256 0.632 0.6288 0.64 0.6636 0.608 0.6644 0.6008 0.6636 0.5896 0.6632 0.5728 0.6628000000000001 0.5631999999999999 0.6612 0.5568 0.6567999999999999 0.5536 0.6504 0.5504 0.6428 0.5528 0.6384000000000001 0.5551999999999999 0.6332 0.5591999999999999 0.628 0.5656 0.6264000000000001 0.5671999999999999 0.6232 0.5696 0.618 0.5728 0.6132 0.5784 0.6123999999999999 0.584 0.6112 0.596 0.6123999999999999 0.608 0.6195999999999999 0.6232 0.6256 0.632
7 0.606 0.4064 0.6072 0.42160000000000003 0.6128 0.44320000000000004 0.6123999999999999 0.45359999999999995 0.6112 0.4704 0.6368 0.46319999999999995 0.6492 0.46319999999999995 0.648 0.4584 0.6468 0.45519999999999994 0.6432 0.44800000000000006 0.6408 0.43920000000000003 0.6384000000000001 0.42800000000000005 0.6352 0.4096 0.632 0.3928 0.6296 0.38 0.6244 0.36 0.6248 0.3432 0.6224000000000001 0.3256 0.6155999999999999 0.32 0.6083999999999999 0.3336 0.6092 0.3504 0.6088 0.3664 0.608 0.37839999999999996 0.608 0.3872 0.6068 0.396 0.606 0.4064
7 0.3772 0.6632 0.37360000000000004 0.6536 0.37160000000000004 0.6456000000000001 0.368 0.6648 0.3608 0.696 0.35760000000000003 0.7224 0.3592 0.7368 0.3664 0.736 0.3744 0.7144 0.38 0.6856 0.3868 0.6696 0.384 0.6696 0.3772 0.6632
3 0.4196 0.6136 0.41319999999999996 0.6136 0.40759999999999996 0.6152 0.40599999999999997 0.62 0.4048 0.6256 0.40359999999999996 0.6384000000000001 0.40359999999999996 0.648 0.42645976093750004 0.638737721875 0.4272 0.6816 0.4372 0.6639999999999999 0.44000000000000006 0.6472 0.4396 0.6344000000000001 0.4328 0.6232 0.4312 0.6192 0.4248 0.6128 0.4196 0.6136
2 0.3872 0.6696 0.3936 0.6576 0.3992 0.6464000000000001 0.40119999999999995 0.6424000000000001 0.4056 0.6328 0.40800000000000003 0.6248 0.40759999999999996 0.6136 0.4072 0.608 0.4016 0.6008 0.398 0.5992 0.3936 0.5984 0.3892 0.5976 0.3848 0.6024 0.3812 0.6064 0.3744 0.6176 0.37320000000000003 0.624 0.3724 0.632 0.37160000000000004 0.6384000000000001 0.3724 0.6472 0.37360000000000004 0.6536 0.37679999999999997 0.6624 0.3828 0.6696 0.3872 0.6696
3 0.33399999999999996 0.5696 0.33399999999999996 0.5768 0.3464985546875 0.572103384375 0.3512581515625 0.5916177265625 0.3698205734375 0.5930456046875 0.37120000000000003 0.6288 0.37639999999999996 0.6168 0.3816 0.6088 0.388 0.5984 0.3908 0.588 0.3892 0.5791999999999999 0.3856 0.572 0.38039999999999996 0.5688 0.378 0.5688 0.3752 0.5656 0.3672 0.5551999999999999 0.3644 0.5504 0.3624 0.5464 0.35960000000000003 0.5472 0.356 0.5472 0.3508 0.5456000000000001 0.3464 0.5432 0.3424 0.5408000000000001 0.3396 0.5488000000000001 0.3368 0.5551999999999999 0.3356 0.5616 0.33399999999999996 0.5696
3 0.38267148125 0.48357490781249995 0.3698205734375 0.47405571718750006 0.3607773421875 0.4788153125 0.35363795 0.471199959375 0.3488 0.46319999999999995 0.3484 0.4704 0.348 0.4848 0.3484 0.4952 0.3496 0.508 0.3532 0.5136000000000001 0.3568 0.516 0.3604 0.5152 0.3624 0.5152 0.366 0.5216000000000001 0.36920000000000003 0.524 0.374 0.528 0.3776 0.5288 0.3812 0.5264 0.384 0.5192 0.38839999999999997 0.5056 0.392 0.4904 0.3932 0.4784 0.3916 0.4704 0.38267148125 0.48357490781249995
3 0.41 0.5496000000000001 0.4112 0.5559999999999999 0.4124 0.5631999999999999 0.4152 0.568 0.4196 0.5744 0.4248 0.5736 0.4272 0.5704 0.4316 0.5648 0.43520000000000003 0.5616 0.4396 0.5511999999999999 0.4412 0.532 0.43074339687499996 0.52831510625 0.418 0.5088 0.41719999999999996 0.512 0.4152 0.5176000000000001 0.4128 0.5248 0.41 0.54 0.41 0.5496000000000001
3 0.6120839874999999 0.52212763125 0.6120839874999999 0.5083248046875 0.607324390625 0.5016613703125 0.603992675 0.4988056125 0.6001849984375001 0.5097526828125 0.598281159375 0.5187959140625 0.5944734828125 0.5325987421875 0.5925696453125 0.5421179328125 0.596377321875 0.54544965 0.6092282296875 0.54544965 0.6139878249999999 0.5354544984375 0.6120839874999999 0.52212763125
6 0.6357161328125 0.7787752625000001 0.6426160921874999 0.7700353171875001 0.6453760749999999 0.760835371875 0.6430760890625 0.7507154328125 0.6393961109374999 0.7447354703125 0.6357161328125 0.7415154890625 0.628356178125 0.7396755015625 0.625136196875 0.739215503125 0.6200762281250001 0.7364555203125 0.6131762703125 0.748415446875 0.6113362812500001 0.755775403125 0.6104162875 0.7704953125 0.619156234375 0.7783152656250001 0.6255961953125 0.780615253125 0.6357161328125 0.7787752625000001
