2 0.319542471875 0.6324298859375 0.3738925875 0.648294221875 0.393168734375 0.582261853125 0.3388192546875 0.566397615625 0.319542471875 0.6324298859375
2 0.312502871875 0.54842484375 0.35502371250000003 0.55618431875 0.36714975 0.48973978437500004 0.324629353125 0.48198035 0.312502871875 0.54842484375
6 0.6652718390625 0.7081819859375 0.6525375890625 0.7189961312500001 0.669409465625 0.7388604953125 0.6821436859375 0.7280463796875 0.6652718390625 0.7081819859375
7 0.3354144515625 0.48882097656249995 0.351034275 0.48916445625 0.353518725 0.3761860359375 0.337899140625 0.375842559375 0.3354144515625 0.48882097656249995
1 0.6413202359375 0.5092372562499999 0.6312723328125001 0.5103129234375 0.6341583703125 0.5372694250000001 0.644206271875 0.5361937609375 0.6413202359375 0.5092372562499999
6 0.649059603125 0.7332095671875 0.63704245 0.7332095671875 0.63704245 0.7548567859374999 0.649059603125 0.7548567859374999 0.649059603125 0.7332095671875
7 0.3158396671875 0.7046108671875 0.3222831984375 0.7069210375 0.34804746249999996 0.6350691890625 0.34160402031250003 0.6327590359374999 0.3158396671875 0.7046108671875
7 0.35179585156250004 0.6395062859375 0.347685378125 0.63848213125 0.3337915453125 0.69423803125 0.3379020171875 0.6952621796875 0.35179585156250004 0.6395062859375
7 0.36244648125 0.641043275 0.35617982656249997 0.6405044375 0.35061969843749996 0.7051595953125 0.356886353125 0.7056984296875 0.36244648125 0.641043275
6 0.3358608265625 0.7146928328125 0.32572772968749997 0.7115156093749999 0.3199686484375 0.7298801125 0.3301017421875 0.7330573296875 0.3358608265625 0.7146928328125
6 0.321537528125 0.6949005953125 0.30653403125 0.6952414124999999 0.307541821875 0.7395996859375 0.3225453171875 0.7392588703125 0.321537528125 0.6949005953125
