2 0.3932972453125 0.5033761046875 0.361533184375 0.5054337375 0.36541900312500003 0.565414703125 0.3971830640625 0.5633570796875 0.3932972453125 0.5033761046875
2 0.49223125 0.6024703125 0.4731640625 0.6024703125 0.4731640625 0.6504359375 0.49223125 0.6504359375 0.49223125 0.6024703125
2 0.5123593750000001 0.6061046875 0.49223125 0.6061046875 0.49223125 0.6526156249999999 0.5123593750000001 0.6526156249999999 0.5123593750000001 0.6061046875
2 0.5332766921875 0.6033394828125 0.5093503453125 0.60566435 0.5143733078125 0.6573520140625 0.5382996531249999 0.655027159375 0.5332766921875 0.6033394828125
2 0.6781945609375 0.6441858328125 0.6658342140625 0.5941576093750001 0.622660553125 0.6048232015624999 0.63502065625 0.6548512140625 0.6781945609375 0.6441858328125
2 0.7044690453125 0.59051748125 0.6671207359375 0.594486721875 0.6735027640625 0.6545310875 0.71085106875 0.65056186875 0.7044690453125 0.59051748125
2 0.60938555625 0.5853537265625001 0.6376658390625 0.5848041281249999 0.636516921875 0.5256984859375 0.6082369296875 0.52624808125 0.60938555625 0.5853537265625001
2 0.6342388453125001 0.578209496875 0.6759104765624999 0.5769441234375 0.6737201515625 0.5048278515625 0.6320490234375 0.50609321875 0.6342388453125001 0.578209496875
2 0.71472888125 0.50940866875 0.67379600625 0.5099768859375 0.674628071875 0.56991155625 0.7155609468749999 0.5693433421874999 0.71472888125 0.50940866875
4 0.30999447812500003 0.39632208750000003 0.2853537015625 0.395527265625 0.2835606296875 0.45111254062499995 0.30820140625 0.451907359375 0.30999447812500003 0.39632208750000003
4 0.3584920015625 0.393412478125 0.3347185515625 0.3919717375 0.3314761984375 0.44547059375 0.355249646875 0.4469113296875 0.3584920015625 0.393412478125
9 0.25191209375 0.5008832890625 0.189259225 0.5360031000000001 0.266790559375 0.67430264375 0.3294430546875 0.6391833375 0.25191209375 0.5008832890625
4 0.70170951875 0.649158540625 0.6847426249999999 0.6523121734374999 0.6990732984375 0.7294019406250001 0.7160401843749999 0.7262483328125 0.70170951875 0.649158540625
7 0.465447075 0.732052565625 0.46977426875 0.7329009156249999 0.48541670000000003 0.65312500625 0.48108957812500003 0.6522766640625 0.465447075 0.732052565625
7 0.6646052078125 0.6476657984374999 0.65625 0.65 0.6760415234375 0.7208333734375 0.684396725 0.7184991890625 0.6646052078125 0.6476657984374999
7 0.378680740625 0.445894703125 0.3760416640625 0.4458333328125 0.375 0.490625 0.3776390765625 0.49068636874999993 0.378680740625 0.445894703125
7 0.6438341390625 0.5048564125 0.6479879515625 0.505214478125 0.656250009375 0.4093750015625 0.6520962531250001 0.4090169375 0.6438341390625 0.5048564125
7 0.6818301703125 0.5206737515625 0.688072796875 0.520889 0.6916666671875 0.4166666671875 0.685424134375 0.41645141875 0.6818301703125 0.5206737515625
7 0.7156747390625 0.4272377359375 0.7093749109374999 0.42604165 0.69375 0.5083333328124999 0.7000498265624999 0.5095294125 0.7156747390625 0.4272377359375
7 0.6540691953125 0.7388351953125001 0.6614585453124999 0.7374999609375 0.6458333328125 0.6510416671875 0.6384441171875 0.6523768890625 0.6540691953125 0.7388351953125001
