9 0.6994872265625001 0.593269259375 0.7671082296875 0.605405209375 0.7842019859375 0.5101656453125 0.7165820578125001 0.49802979531249997 0.6994872265625001 0.593269259375
3 0.5571984078125001 0.584420309375 0.5701599468749999 0.6006205453125 0.590721334375 0.584171403125 0.577759815625 0.5679712046875001 0.5571984078125001 0.584420309375
3 0.6127715171875 0.5721019546874999 0.63835003125 0.5821977671874999 0.6548195828125001 0.5404746406250001 0.6292412406250001 0.530378865625 0.6127715171875 0.5721019546874999
3 0.6500620390625 0.5353824203124999 0.6724370171875 0.5615753 0.7099881703124999 0.5295002859375 0.6876132593750001 0.503307509375 0.6500620390625 0.5353824203124999
3 0.6306466375 0.49445470468749997 0.6097203312499999 0.498814003125 0.6156634515625 0.52734101875 0.63658975625 0.5229817296875 0.6306466375 0.49445470468749997
3 0.290614196875 0.420025553125 0.258935078125 0.430207503125 0.2769259046875 0.48617894687499996 0.3086050046875 0.4759970390625 0.290614196875 0.420025553125
3 0.42931384218749996 0.60448850625 0.42843456093750004 0.581630621875 0.41085368750000006 0.58230684375 0.41173292968749997 0.605164690625 0.42931384218749996 0.60448850625
3 0.38071147656250004 0.5711966796875 0.3813948453125 0.5998980546875 0.408661578125 0.5992488453125 0.40797814062500004 0.5705475390625 0.38071147656250004 0.5711966796875
3 0.36860975156250003 0.5983515546875 0.380045559375 0.5586304734375 0.3429433421875 0.5479497 0.331507453125 0.58767065 0.36860975156250003 0.5983515546875
3 0.3102804 0.5652487828125 0.333275296875 0.5480041140624999 0.3063549765625 0.5121105312500001 0.2833601921875 0.5293551375 0.3102804 0.5652487828125
