3 0.5976370484375 0.5864204 0.6056990156250001 0.582564678125 0.6127094203125 0.5762553125000001 0.61095681875 0.5671417859375001 0.6067505765625001 0.5587293 0.6021938125 0.558028259375 0.5965854875 0.5618839828125 0.5916782046875 0.5678428265625 0.5888740421875001 0.5727501109375 0.588523521875 0.5766058328125 0.5902761234375 0.5804615562500001 0.5930802859375001 0.5864204 0.5976370484375 0.5864204
3 0.658627575 0.5454095296875 0.6691431828125001 0.5520694140625 0.6765041078125 0.5559251374999999 0.6856176359374999 0.5503168125 0.7024426078125 0.5359454828125 0.6996384453125 0.5212236328125 0.695432203125 0.512460625 0.6873702359375 0.5079038625 0.6828134734375 0.508955421875 0.6765041078125 0.5135121859375 0.6705452640625 0.5180689484375 0.6663390203125 0.521574153125 0.66458641875 0.5229762328125 0.6621327781249999 0.529285596875 0.6582770546875001 0.537698084375 0.658627575 0.5454095296875
3 0.5958844484375 0.53980120625 0.604296934375 0.5401517265625 0.6085031765625 0.5327908 0.6095547375 0.5152647875 0.6056990156250001 0.5103575031250001 0.5944823671874999 0.5121101046875001 0.5895750828125 0.5142132265625 0.5888740421875001 0.5180689484375 0.5881730015625 0.521924671875 0.5881730015625 0.5282340375000001 0.5888740421875001 0.534893921875 0.5958844484375 0.53980120625
3 0.6333901156249999 0.521924671875 0.6337406359375 0.5093059421875 0.6249776296875 0.495635653125 0.620070346875 0.49668721250000003 0.6151630625 0.5005429359375 0.613059940625 0.5054502203125 0.6127094203125 0.513161665625 0.614462021875 0.521574153125 0.6214724265625 0.526130915625 0.6333901156249999 0.521924671875
3 0.6516171703125 0.50650178125 0.6656379796875 0.5026460578124999 0.669493703125 0.49843981406250004 0.6729989062499999 0.49002732812499994 0.6733494265625 0.47775911875 0.666689540625 0.47250131562500003 0.6565244531250001 0.47705807812499995 0.649163528125 0.481264321875 0.6477614468749999 0.4837179625 0.6432046828125 0.4889757671875 0.64005 0.4924809703125 0.63969948125 0.4991408546875 0.6446067640625001 0.5061512609375 0.6516171703125 0.50650178125
3 0.68316399375 0.4823158828125 0.6922775203125 0.4847695234375 0.70069000625 0.4760065171875 0.7105045734375001 0.466892990625 0.715762378125 0.45462478125 0.7069993703125 0.440603971875 0.6982363640625 0.443758653125 0.6929785609375 0.4507690578125 0.6873702359375 0.45742894375 0.68772075625 0.458129984375 0.682462953125 0.46268674687500005 0.6814113921875 0.4672435109375 0.68035983125 0.47775911875 0.68316399375 0.4823158828125
3 0.2804162109375 0.471800275 0.288828696875 0.47705807812499995 0.2954885828125 0.4802127609375 0.30249898750000004 0.4728518359375 0.30355054843749996 0.46163518750000004 0.299694825 0.4507690578125 0.29689066249999996 0.43955241093749997 0.29093181874999996 0.4304388828125 0.2811172515625 0.4230779578125 0.2727047640625 0.4283357625 0.26569435937499997 0.430789403125 0.2639417578125 0.43429460625000005 0.2635912375 0.4409544921875 0.2646427984375 0.447964896875 0.26779748125 0.45777946406250003 0.272003725 0.4651403890625 0.2804162109375 0.471800275
3 0.313365115625 0.504398659375 0.326334365625 0.5103575031250001 0.339303615625 0.504398659375 0.34245829687499996 0.495635653125 0.34245829687499996 0.482666403125 0.3340458109375 0.471800275 0.3144166765625 0.4689961125 0.312664075 0.47425391718750004 0.309158871875 0.481264321875 0.3095093921875 0.4879242078125 0.3102104328125 0.4977387734375 0.313365115625 0.504398659375
3 0.37926292500000003 0.5142132265625 0.3782113640625 0.504398659375 0.3715514796875 0.49002732812499994 0.359633790625 0.4816148421875 0.3561285875 0.49107888906249997 0.3543759859375 0.4949346125 0.3557780671875 0.5026460578124999 0.3592832703125 0.5173679078125 0.3701493984375 0.5247288343750001 0.37926292500000003 0.5142132265625
3 0.429036803125 0.5972865281249999 0.42693368125 0.5871214421875 0.42237691718750003 0.5818636374999999 0.41326339062499995 0.5822141578125 0.41116026874999995 0.5888740421875001 0.41151078906249994 0.59938965 0.41326339062499995 0.6025443328125 0.41606755156249997 0.6049979750000001 0.42693368125 0.604296934375 0.429036803125 0.5972865281249999
3 0.3259838453125 0.5520694140625 0.3284374859375 0.5415538078125001 0.32107656093750003 0.5317392390625 0.31126199374999997 0.523326753125 0.3022496484375 0.518043653125 0.29654014375000004 0.5194710296875 0.293034940625 0.5243783140625 0.29268442031249997 0.5345434015625 0.2940865015625 0.5408527671875001 0.300395865625 0.5510178531250001 0.30565366875 0.5590798203125 0.314767196875 0.5618839828125 0.3259838453125 0.5520694140625
