8 0.5404 0.42000000000000004 0.5384 0.4344 0.5376000000000001 0.4464 0.5372 0.4592 0.5364 0.4736 0.5352 0.4864 0.5327999999999999 0.5016 0.5576 0.5088 0.5568 0.5024000000000001 0.5568 0.4912 0.5568 0.4792 0.5564 0.46480000000000005 0.556 0.452 0.5564 0.4376 0.5572 0.42560000000000003 0.5576 0.412 0.5576 0.40240000000000004 0.5568 0.3872 0.5552 0.3784 0.5516 0.3768 0.5484 0.3864 0.5448 0.39759999999999995 0.542 0.4088 0.5404 0.42000000000000004
8 0.3850888185758514 0.63251075 0.37846566934984516 0.6902267642857143 0.38035799752321986 0.7044192273809523 0.39265813188854487 0.6878613535714285 0.402119773374613 0.6310915035714285 0.39975436346749227 0.60081425 0.395969706501548 0.6003411678571429 0.38840039318885444 0.6027065785714286 0.3850888185758514 0.63251075
8 0.40259285572755416 0.6575841 0.3969158705882353 0.7219232642857142 0.40259285572755416 0.7271271666666667 0.4130006619195047 0.6949575857142857 0.4191507287925697 0.6410262273809524 0.4305046990712074 0.6126413023809524 0.413946826006192 0.6102758916666667 0.4077967585139319 0.607910480952381 0.40259285572755416 0.6575841
8 0.42530079566563467 0.6916460107142858 0.43428935541795666 0.6873882714285715 0.44280483281733746 0.6594764285714285 0.44611640743034053 0.6367684880952381 0.43618168359133125 0.6273068464285715 0.4305046990712074 0.668464988095238 0.42530079566563467 0.6916460107142858
8 0.44848181795665637 0.7110423761904762 0.45888962414860685 0.7096231297619048 0.4626742804953561 0.6419723916666666 0.4626742804953561 0.6230491083333334 0.4541588030959752 0.6202106154761904 0.4522664749226006 0.6689380702380952 0.44848181795665637 0.7110423761904762
8 0.46882434798761613 0.7020538166666667 0.4759205789473684 0.6694111523809524 0.4815975640866873 0.6291991749999999 0.4782859894736842 0.6211567797619048 0.47213592260061915 0.622102944047619 0.46882434798761613 0.6826574511904763 0.46882434798761613 0.7020538166666667
6 0.37136943777089787 0.7053653916666667 0.371842520123839 0.7176655249999999 0.377992586996904 0.7171924428571428 0.3836695721362229 0.7100962119047619 0.3860349826625387 0.7044192273809523 0.3855619003095975 0.6968499130952381 0.3846157362229102 0.6873882714285715 0.380831079876161 0.6746150559523809 0.37420793065015484 0.6840766976190475 0.37136943777089787 0.7053653916666667
6 0.3496076619195046 0.69590375 0.35197307244582043 0.7015807345238095 0.353865400619195 0.7072577190476191 0.3576500575851393 0.7044192273809523 0.3609616321981424 0.69590375 0.362853960371517 0.6906998464285714 0.3638001244582043 0.685495944047619 0.35433848297213627 0.6836036154761904 0.3505538260061919 0.6897536821428571 0.3496076619195046 0.69590375
6 0.4210430569659443 0.7233425107142857 0.42388154984520127 0.7299656595238095 0.42766620619195045 0.7309118238095238 0.43618168359133125 0.7167193607142858 0.44422407925696594 0.7048923095238095 0.44564332569659443 0.7006345702380953 0.43760093003095973 0.692592175 0.42482771393188856 0.6935383392857144 0.42151613931888543 0.7129347047619047 0.4210430569659443 0.7233425107142857
0 0.30609586563467495 0.47603184642857144 0.3398719616099071 0.4950309 0.44331125386996906 0.5182519654761905 0.5509725585139319 0.5446395404761905 0.5615275882352941 0.49714190595238095 0.5404175287925697 0.4960864035714286 0.485531373374613 0.49925291190476195 0.47708734984520124 0.45597728928571424 0.41692367925696594 0.4369782357142857 0.3345944464396285 0.4338117273809524 0.31031787801857585 0.4295897154761905 0.294485333126935 0.36731503928571424 0.30609586563467495 0.47603184642857144
8 0.3430384705882353 0.46969882857142853 0.3419829671826626 0.4834203678571428 0.3462049795665635 0.49291989404761904 0.34937148854489164 0.49714190595238095 0.35570450650154795 0.49714190595238095 0.36309302724458203 0.4844758702380952 0.3662595362229102 0.45914379880952383 0.3652040328173375 0.422201194047619 0.3620375238390093 0.40109113452380957 0.3567600092879257 0.3863140928571428 0.3462049795665635 0.36942604523809525 0.33670545263157897 0.40425764404761905 0.3409274643962848 0.44225575119047617 0.3430384705882353 0.46969882857142853
0 0.4137571702786378 0.6660223845238095 0.45914379876160993 0.687132444047619 0.5193074687306501 0.6691888928571428 0.6839659349845201 0.6111362285714286 0.6681333900928793 0.5604720857142858 0.4791983554179567 0.6406903119047619 0.37787006873065015 0.5984701928571429 0.35464900309597525 0.5720826178571429 0.3462049795665635 0.5974146904761906 0.3673150390092879 0.6269687738095239 0.4137571702786378 0.6660223845238095
