8 0.38990285873592256 0.5953680970175536 0.40659968384693457 0.597271003220179 0.3942147977497825 0.7059272142769613 0.3775179761154277 0.7040243287080553
8 0.4287500304936884 0.6112498086904439 0.4100891521873109 0.7283219320628228 0.38913567793031234 0.7249823510984158 0.4077967593749463 0.6079104812500277
6 0.42534640132362256 0.6905002570227318 0.44674977160809703 0.694153933957323 0.4401113223467519 0.7330362664231166 0.4187079559394533 0.7293826051032387
8 0.3703824261472164 0.5093455845558081 0.35680881121072616 0.510389639427691 0.3493897829915795 0.4139411218256071 0.36296321320014613 0.4128970741121435
8 0.3325000000000955 0.41374999999999446 0.3473434773327426 0.41208022397502586 0.358879807611288 0.514626097631481 0.3440363323089741 0.5162958614971049
8 0.3675001330566374 0.4987499924281215 0.3432745922361846 0.5001285998843172 0.33588330538748323 0.37024948282199077 0.3601084393525298 0.3688708867947908
8 0.5555571003071691 0.5088056642473339 0.5329879299506501 0.5076291374873506 0.5401691795856323 0.3698844462941873 0.5627379277833597 0.37106096191852733
8 0.47249996147593265 0.6199999975347933 0.4825388857367443 0.6206424011196732 0.47753892378068485 0.6987673985353434 0.4674999999999727 0.6981249999999979
8 0.45812502005492206 0.709375001861998 0.4474313191054762 0.7083821438660652 0.4558215919155373 0.6180271953043256 0.46651509999207974 0.6190200443516399
8 0.4593276357204559 0.7097341129781443 0.44438483639339665 0.7090140786739869 0.44693236563739447 0.6561549696890672 0.4618749999999636 0.6568749999999977
8 0.4393749189962364 0.6199999829914891 0.45356787323999015 0.6229801040717059 0.4373002652400828 0.7004452273474612 0.42310731824647974 0.697465130009459
6 0.594486355983463 0.6904481445227464 0.6118229048503281 0.6844503470750456 0.6215576028504302 0.7125841953805999 0.6042210632494971 0.7185819737483333
6 0.6115772490408062 0.6733531892774198 0.6279081752774118 0.6689268822100357 0.6357084652183858 0.6977020970435487 0.619377544344502 0.7021283903165211
6 0.375600262553462 0.6712604127112446 0.3928637123150338 0.6739148818686457 0.3861897182805478 0.7173131762666025 0.36892627130077926 0.7146587194428222
6 0.36046740710878566 0.6985250035853546 0.344658539313059 0.6925733163452538 0.36088582245724865 0.6494766928013546 0.37669455468801516 0.6554283516512462
6 0.3342315421875 0.6615284015625 0.3464837515625 0.6615284015625 0.3464837515625 0.6815400703125001 0.3342315421875 0.6815400703125001
6 0.6700015330573024 0.6762994507826505 0.6510850795679062 0.6835182172430669 0.6401495515588067 0.6548659362595587 0.6590658993000034 0.6476471922491812
6 0.6675809716018648 0.6236696077056174 0.6736049282924341 0.6229489743668594 0.6781845939666482 0.6612268119924481 0.6721606377629996 0.6619474426093924
6 0.3668975019311347 0.3646689299607983 0.36250373583743567 0.39277669441218555 0.34048298030063506 0.38933455973022946 0.3448767754346136 0.3612268311855934
