8 0.5364 0.47359999999999997 0.5352 0.4864 0.5328 0.5016 0.5576 0.5088 0.5568 0.5024 0.5568 0.49119999999999997 0.5568 0.47919999999999996 0.5564 0.4648 0.5559999999999999 0.45199999999999996 0.5564 0.43760000000000004 0.5572 0.42560000000000003 0.5576 0.41200000000000003 0.5576 0.4024 0.5568 0.3872 0.5551999999999999 0.37839999999999996 0.5516 0.37679999999999997 0.5484 0.38639999999999997 0.5448000000000001 0.3976 0.542 0.4088 0.5404 0.42000000000000004 0.5384 0.4344 0.5376000000000001 0.4464 0.5372 0.45919999999999994 0.5364 0.47359999999999997
2 0.434 0.5519999999999999 0.4372 0.5464 0.4384 0.54 0.43879999999999997 0.5328 0.4396 0.5184 0.4396 0.5112 0.438 0.5056 0.43520000000000003 0.504 0.43079999999999996 0.4992 0.4264 0.4952 0.4196 0.4904 0.41719999999999996 0.4896 0.41559999999999997 0.4976 0.41600000000000004 0.5064 0.41319999999999996 0.5032 0.4112 0.496 0.4096 0.4928 0.40800000000000003 0.4864 0.40519999999999995 0.47919999999999996 0.4032 0.47359999999999997 0.40119999999999995 0.47119999999999995 0.3992 0.47119999999999995 0.3972 0.47759999999999997 0.3956 0.484 0.39239999999999997 0.4824 0.38839999999999997 0.4784 0.386 0.47359999999999997 0.38079999999999997 0.4704 0.376 0.4728 0.3724 0.48 0.3704 0.49119999999999997 0.36920000000000003 0.5064 0.37 0.5168 0.37120000000000003 0.524 0.3748 0.5296000000000001 0.3796 0.5336000000000001 0.3852 0.5312 0.3888 0.5296000000000001 0.3932 0.528 0.3956 0.5288 0.3996 0.5368 0.4084 0.5352 0.4124 0.5312 0.41559999999999997 0.5304 0.418 0.54 0.418 0.5511999999999999 0.42400000000000004 0.5616 0.42919999999999997 0.5584 0.434 0.5519999999999999
2 0.6072 0.5448000000000001 0.6008 0.5384 0.5956 0.5392 0.5848 0.5472 0.5776 0.5504 0.5728 0.5551999999999999 0.5700000000000001 0.5624 0.5708 0.5824 0.5732 0.5952 0.5784 0.6048 0.5828 0.612 0.5900000000000001 0.6256 0.5936 0.6304000000000001 0.6012 0.6304000000000001 0.6064 0.624 0.6108 0.62 0.6164 0.6176 0.6204 0.6064 0.6216 0.5952 0.6212 0.588 0.6188 0.5744 0.6176 0.5688 0.6148 0.5599999999999999 0.6096 0.5504 0.6072 0.5448000000000001
2 0.6244 0.5304 0.6168 0.536 0.6136 0.5448000000000001 0.612 0.5559999999999999 0.6128 0.5711999999999999 0.6176 0.58 0.6235999999999999 0.588 0.6288 0.5912 0.6344000000000001 0.5952 0.6408 0.596 0.6484 0.5896 0.6516 0.5808 0.6559999999999999 0.5751999999999999 0.6599999999999999 0.5671999999999999 0.6588 0.5559999999999999 0.6572 0.5496000000000001 0.6556 0.5416000000000001 0.6519999999999999 0.5344 0.6472 0.528 0.6432 0.5232 0.6376000000000001 0.5192 0.632 0.5224 0.6244 0.5304
2 0.3908 0.5856 0.3896 0.5791999999999999 0.386 0.5728 0.3812 0.5688 0.3772 0.568 0.374 0.5631999999999999 0.36560000000000004 0.5631999999999999 0.356 0.5631999999999999 0.3544 0.568 0.3532 0.5784 0.3528 0.5888 0.3528 0.6016 0.3828 0.6144000000000001 0.3852 0.6088 0.3876 0.6016 0.39039999999999997 0.5944 0.3908 0.5856
8 0.4021197734375 0.6310915031250001 0.3997543640625 0.60081425 0.39596970625 0.6003411671875 0.38840039375 0.6027065781250001 0.38508881875 0.63251075 0.37846566875 0.6902267640625 0.380357996875 0.704419228125 0.39265813125000004 0.687861353125 0.4021197734375 0.6310915031250001
8 0.419150728125 0.641026228125 0.4305046984375 0.612641303125 0.41394682656250004 0.6102758921875 0.4077967578125 0.60791048125 0.40259285624999996 0.6575841 0.39691587031250003 0.7219232640625 0.40259285624999996 0.7271271671874999 0.4130006625 0.6949575859375 0.419150728125 0.641026228125
8 0.43618168281249997 0.627306846875 0.4305046984375 0.6684649874999999 0.4253007953125 0.6916460109375 0.43428935468749996 0.687388271875 0.44280483281249994 0.659476428125 0.4461164078125 0.6367684875 0.43618168281249997 0.627306846875
8 0.454158803125 0.620210615625 0.45226647499999995 0.6689380703125 0.4484818171875 0.7110423765625 0.45888962343750006 0.7096231296875 0.46267428125 0.6419723921875 0.46267428125 0.6230491078125 0.454158803125 0.620210615625
8 0.472135921875 0.6221029437500001 0.4688243484375 0.6826574515625 0.4688243484375 0.7020538171874999 0.4759205796875 0.669411153125 0.4815975640625 0.629199175 0.47828598906249997 0.6211567796875 0.472135921875 0.6221029437500001
6 0.3860349828125 0.704419228125 0.3855619 0.6968499125000001 0.3846157359375 0.687388271875 0.38083107968749996 0.67461505625 0.37420793125 0.684076696875 0.3713694375 0.7053653921875 0.3718425203125 0.7176655249999999 0.3779925875 0.7171924421875 0.383669571875 0.7100962125 0.3860349828125 0.704419228125
6 0.3609616328125 0.69590375 0.3628539609375 0.6906998468750001 0.363800125 0.68549594375 0.3543384828125 0.6836036156249999 0.3505538265625 0.6897536828125 0.3496076625 0.69590375 0.351973071875 0.701580734375 0.3538654 0.70725771875 0.35765005781250003 0.704419228125 0.3609616328125 0.69590375
6 0.4442240796875 0.704892309375 0.445643325 0.7006345703125 0.4376009296875 0.6925921749999999 0.42482771406250003 0.6935383390625 0.4215161390625 0.7129347046875 0.42104305625 0.7233425109375 0.42388155000000005 0.729965659375 0.42766620624999996 0.7309118234375 0.43618168281249997 0.7167193609375 0.4442240796875 0.704892309375
0 0.5615275875 0.49714190625 0.540417528125 0.49608640312499996 0.48553137343749997 0.4992529125 0.47708735 0.4559772890625 0.41692367968750005 0.43697823593749996 0.334594446875 0.43381172812499996 0.310317878125 0.429589715625 0.2944853328125 0.3673150390625 0.306095865625 0.47603184687500005 0.3398719609375 0.4950309 0.44331125312499997 0.518251965625 0.5509725578125 0.544639540625 0.5615275875 0.49714190625
8 0.35570450625 0.49714190625 0.3630930265625 0.48447587031249995 0.3662595359375 0.45914379843750003 0.3652040328125 0.42220119375 0.3620375234375 0.401091134375 0.35676000937499996 0.3863140921875 0.3462049796875 0.3694260453125 0.336705453125 0.40425764375 0.3409274640625 0.44225575156249997 0.3430384703125 0.469698828125 0.3419829671875 0.4834203671875 0.3462049796875 0.49291989375 0.34937148906250004 0.49714190625 0.35570450625 0.49714190625
0 0.668133390625 0.5604720859375 0.47919835468749994 0.6406903125000001 0.37787006875 0.5984701921875 0.354649003125 0.5720826171875 0.3462049796875 0.597414690625 0.3673150390625 0.6269687734375 0.41375717031250003 0.6660223843749999 0.45914379843750003 0.68713244375 0.51930746875 0.6691888921875 0.683965934375 0.611136228125 0.668133390625 0.5604720859375
