3 0.282179215625 0.4697076734375 0.30388600781249997 0.474315603125 0.30849045468749997 0.45390897812500003 0.3078326828125 0.44469306875000003 0.3078326828125 0.4321857921875 0.30520155 0.42165332031249997 0.3032282359375 0.41046260625000003 0.30197366875 0.4023026328125 0.2940192921875 0.4242864453125 0.28941479531250003 0.426261275 0.280863671875 0.4328440609375 0.2736280921875 0.4400851390625 0.2736280921875 0.45720037187499996 0.282179215625 0.4697076734375
3 0.344668409375 0.5026216015625 0.35058844843750003 0.5092043859375 0.3551928953125 0.4934056921875 0.3565084859375 0.48353151250000004 0.35321958124999997 0.47102421093749997 0.351315775 0.4713815796875 0.34795731406249997 0.4789235578125 0.339406190625 0.472340771875 0.33019724687499996 0.47629045937500003 0.328223884375 0.4881394671875 0.33282838125 0.497355353125 0.344668409375 0.5026216015625
3 0.337432828125 0.5566004203125 0.3413795046875 0.5625249875 0.3433528671875 0.5566004203125 0.3472995421875 0.5421183125 0.34795731406249997 0.5322441343750001 0.3453261796875 0.523028225 0.332170559375 0.513154046875 0.320988303125 0.5039381374999999 0.311842090625 0.5009868421875 0.311779359375 0.517762003125 0.3130949515625 0.5276361796875 0.31835716875000003 0.5394851890625 0.328223884375 0.5480428046875 0.335459465625 0.553967321875 0.337432828125 0.5566004203125
3 0.3782152296875 0.571082553125 0.38808194375 0.5664745984375 0.3801885921875 0.553967321875 0.372295240625 0.5473845359375 0.3617707046875 0.5368520640625001 0.3496710375 0.5273026328125 0.3453261796875 0.5368520640625001 0.344668409375 0.5500176359375 0.3413795046875 0.561208375 0.35321958124999997 0.5519924921875 0.3644018390625 0.561208375 0.3782152296875 0.571082553125
2 0.40452646875 0.6158455140625 0.411104278125 0.594780596875 0.411104278125 0.5756905578125 0.39901314375 0.5651315796875 0.388739765625 0.5756905578125 0.385450859375 0.5967554265625 0.3828197265625 0.632960746875 0.38150413437499997 0.6448097796875001 0.40057979374999997 0.6533673703125 0.40452646875 0.6158455140625
4 0.37887305 0.682436221875 0.3809210375 0.6761513171875 0.3782152296875 0.682436221875 0.372295240625 0.761429671875 0.38150413437499997 0.7666958703125 0.3940019828125 0.683752784375 0.37953082031249996 0.683752784375 0.37887305 0.682436221875
7 0.660403284375 0.42955266718749996 0.6590877421875 0.4058546515625 0.655141015625 0.359775140625 0.653947353125 0.43190789531249996 0.6663233734375 0.434160621875 0.669612278125 0.4019049640625 0.6663233734375 0.36174998281250004 0.66500773125 0.399271853125 0.660403284375 0.42955266718749996
6 0.6748744453125 0.358458590625 0.684083440625 0.3538506359375 0.6702699984375 0.337393671875 0.6617188265625 0.3308108875 0.6518521109375001 0.3347605609375 0.64856320625 0.3479261578125 0.645932121875 0.36899105 0.6498355109375 0.37680921093749997 0.655141015625 0.3538506359375 0.655141015625 0.341343346875 0.6617188265625 0.341343346875 0.669612278125 0.3472678515625 0.6748744453125 0.358458590625
6 0.29796596875 0.32554466406250004 0.3058593203125 0.324228103125 0.309148225 0.32554466406250004 0.309806046875 0.3347605609375 0.309374984375 0.34391447343750003 0.3144104921875 0.3347605609375 0.313752721875 0.32817777656249997 0.311779359375 0.320278428125 0.30257041562500003 0.319620159375 0.29796596875 0.32554466406250004
0 0.4939847234375 0.6166083671875 0.46964679687500005 0.6192414921875 0.4413622453125 0.61397526875 0.4242598984375 0.6146335374999999 0.40715760312500004 0.624507715625 0.38610863125 0.6185832234374999 0.3571662578125 0.5922520828125 0.3361172859375 0.5725037265624999 0.328223884375 0.5896189578125 0.3400639609375 0.5942269125 0.3538773515625 0.608050753125 0.3690063359375 0.623849446875 0.3762419171875 0.636356725 0.38150413437499997 0.6482057578125 0.3920286703125 0.65478854375 0.40452646875 0.65478854375 0.41833990937500004 0.633723625 0.4301799375 0.628457403125 0.44859782499999995 0.6291156703125 0.46964679687500005 0.63438189375 0.4946424953125 0.6330653328125 0.514375925 0.628457403125 0.5334515328125 0.6198997609375 0.5512117 0.6113421453125001 0.5702873078125 0.6126587078125 0.5906785593749999 0.6133169765625001 0.6288297765624999 0.6087090468749999 0.6702699984375 0.5968600125 0.66299340625 0.57582236875 0.634749865625 0.5915937890625 0.6025185375000001 0.5988348671875 0.5808118453125 0.6008096984375 0.546607153125 0.6014679671875001 0.5235848171875 0.608050753125 0.4939847234375 0.6166083671875
0 0.511744790625 0.45259241718750004 0.488064684375 0.446667925 0.4505711375 0.4479844625 0.4268910328125 0.4506175859375 0.39729088749999997 0.45127585468750003 0.3768996875 0.44732619375000005 0.35058844843750003 0.4302109625 0.3545351234375 0.45588380937500006 0.388739765625 0.46312488749999997 0.42491771875 0.4697076734375 0.4551756359375 0.46641628125 0.48411800937500005 0.46444142499999996 0.500562534375 0.46444142499999996 0.5327938125 0.473657334375 0.5551583250000001 0.47629045937500003 0.5860740125 0.473657334375 0.6084386265624999 0.46246659531249995 0.641985396875 0.45325071093749997 0.6702699984375 0.43876857812500003 0.6834256187500001 0.434160621875 0.684083440625 0.42691956875 0.6819078796875 0.42121710625000003 0.653825475 0.4321857921875 0.6288297765624999 0.4407434078125 0.6025185375000001 0.44995931718750004 0.5702873078125 0.4618083265625 0.541344984375 0.46246659531249995 0.511744790625 0.45259241718750004
3 0.6440789328125 0.5240131578125 0.6314609609375 0.5401434578125001 0.618305340625 0.5487010984375 0.6242253296875 0.5598918125 0.6433010390625 0.552650759375 0.6492210265625 0.5375103578125 0.6440789328125 0.5240131578125
1 0.6597455640625001 0.5671328921875001 0.6597455640625001 0.5533090281249999 0.6577721999999999 0.5447514124999999 0.6557988375 0.5394851890625 0.6623766468750001 0.5296110109375001 0.6605263015625 0.5305921062500001 0.6498788484375 0.5309275718750001 0.6426432171875 0.54540970625 0.64658994375 0.5572587140625 0.65053656875 0.5644997671875001 0.653825475 0.571740846875 0.6597455640625001 0.5671328921875001
6 0.6748744453125 0.6961554765625 0.66895445625 0.6928640828125 0.6654605109375 0.6827302640624999 0.6643500109375 0.6915475468750001 0.66895445625 0.7020799921875 0.6748744453125 0.708662778125 0.6821100765625 0.7027382609374999 0.6748744453125 0.6961554765625
