7 0.36360000000000003 0.7544 0.36960000000000004 0.7424000000000001 0.37360000000000004 0.728 0.37679999999999997 0.7 0.378 0.6848 0.38039999999999996 0.6759999999999999 0.3832 0.6672 0.386 0.6567999999999999 0.3664 0.64 0.36160000000000003 0.6688 0.36 0.6832 0.3584 0.6984 0.35760000000000003 0.716 0.3572 0.7368 0.3584 0.7527999999999999 0.36360000000000003 0.7544
7 0.63 0.7512 0.6332 0.7456 0.6336 0.7344 0.6315999999999999 0.7216 0.628 0.6944 0.6248 0.6719999999999999 0.6224000000000001 0.6527999999999999 0.62 0.6384000000000001 0.6016 0.6488 0.6075999999999999 0.6712 0.612 0.6912 0.6168 0.7088 0.6208 0.7272000000000001 0.6235999999999999 0.7416 0.6264000000000001 0.7504 0.63 0.7512
3 0.35295365312500004 0.615781440625 0.36360000000000003 0.6264000000000001 0.3672 0.6104 0.36920000000000003 0.596 0.37320000000000003 0.58 0.3724 0.5728 0.3704 0.5688 0.3648 0.5688 0.3608 0.5704 0.358 0.5656 0.3524 0.5599999999999999 0.346 0.5559999999999999 0.3396 0.564 0.3336 0.5688 0.3312 0.5648 0.3272 0.5656 0.32639999999999997 0.572 0.32599999999999996 0.5824 0.32599999999999996 0.6032 0.32799999999999996 0.6256 0.35295365312500004 0.615781440625
2 0.388 0.6488 0.39039999999999997 0.6416000000000001 0.3944 0.628 0.3984 0.6168 0.4004 0.6024 0.3984 0.5896 0.3952 0.5808 0.39039999999999997 0.5808 0.38639999999999997 0.5808 0.38239999999999996 0.5784 0.37839999999999996 0.5808 0.3748 0.5831999999999999 0.3704 0.5856 0.36920000000000003 0.5896 0.3668 0.5976 0.366 0.6088 0.3664 0.6264000000000001 0.3652 0.6464000000000001 0.3848 0.6567999999999999 0.388 0.6488
2 0.6216 0.6056 0.6212 0.5968 0.6188 0.5848 0.6164 0.5791999999999999 0.612 0.5768 0.6072 0.5791999999999999 0.6028 0.5776 0.5976 0.58 0.5936 0.584 0.5884 0.588 0.5848 0.5968 0.584 0.6032 0.5928 0.6304000000000001 0.6024 0.6488 0.6204 0.6376000000000001 0.6212 0.6288 0.6224000000000001 0.6176 0.6216 0.6056
2 0.6164 0.5816 0.6204 0.6016 0.6332 0.636 0.6564 0.6344000000000001 0.6684 0.6232 0.6684 0.6176 0.6692 0.6112 0.67 0.6 0.6708000000000001 0.5871999999999999 0.6708000000000001 0.5776 0.6688 0.5688 0.6652 0.5631999999999999 0.6588 0.5648 0.6552 0.564 0.6536 0.5616 0.6492 0.5616 0.644 0.5648 0.6388 0.5656 0.6372 0.5671999999999999 0.6348 0.5656 0.63 0.5631999999999999 0.6252 0.568 0.62 0.5744 0.6164 0.5816
2 0.6752 0.604 0.6839999999999999 0.6176 0.7224 0.6008 0.7224 0.5904 0.7236 0.5784 0.7268 0.5616 0.726 0.5496000000000001 0.7224 0.5408000000000001 0.7188 0.54 0.714 0.5424 0.7096 0.544 0.7076 0.5424 0.7032 0.5424 0.6992 0.5456000000000001 0.6932 0.5504 0.688 0.5528 0.6848 0.5511999999999999 0.6816 0.5511999999999999 0.6748000000000001 0.5544 0.6708000000000001 0.5584 0.6664 0.5648 0.6708000000000001 0.5904 0.6752 0.604
3 0.622 0.5519999999999999 0.6268 0.5496000000000001 0.6308 0.5488000000000001 0.6344000000000001 0.54 0.636 0.532 0.636 0.5224 0.634 0.5112 0.632 0.5008 0.6083999999999999 0.4968 0.6043999999999999 0.5048 0.6008 0.5136000000000001 0.6008 0.5248 0.6052 0.54 0.6092 0.5488000000000001 0.6155999999999999 0.5536 0.622 0.5519999999999999
3 0.5744 0.5416000000000001 0.5772 0.548 0.5824 0.5544 0.5912 0.5624 0.6003999999999999 0.5544 0.604 0.5424 0.6043999999999999 0.5264 0.6024 0.5136000000000001 0.6008 0.504 0.6012 0.4984 0.5860192093750001 0.5147749187499999 0.5734466874999999 0.5182672859374999 0.5652 0.5136000000000001 0.5656 0.5288 0.5660000000000001 0.5376000000000001 0.5708 0.5416000000000001 0.5744 0.5416000000000001
3 0.3446155890625 0.465168821875 0.3336072625 0.4864909328125 0.3138155890625 0.477168821875 0.3122155890625 0.49556882187499995 0.3122155890625 0.505168821875 0.3122155890625 0.513968821875 0.31581558906249996 0.524368821875 0.3202155890625 0.528368821875 0.3250155890625 0.529168821875 0.3266155890625 0.529168821875 0.3302155890625 0.526768821875 0.3314155890625 0.526768821875 0.3330155890625 0.527568821875 0.3354155890625 0.530768821875 0.3410155890625 0.533168821875 0.34541558906250003 0.530768821875 0.34941558906250003 0.527568821875 0.3518155890625 0.523568821875 0.3530155890625 0.514768821875 0.3538155890625 0.503568821875 0.3522155890625 0.490768821875 0.3498155890625 0.47956882187499994 0.3462155890625 0.46836882187500006 0.3446155890625 0.465168821875
3 0.3496 0.5104 0.3516 0.5224 0.3552 0.5272 0.3568 0.5304 0.3592 0.5384 0.36360000000000003 0.5416000000000001 0.36920000000000003 0.5432 0.37160000000000004 0.5416000000000001 0.3756 0.5352 0.3792 0.528 0.38 0.5176000000000001 0.38 0.5048 0.37879999999999997 0.4936 0.3772 0.48719999999999997 0.37230004375000003 0.49828751093749996 0.36569395937500004 0.49215328906250005 0.3532 0.47919999999999996 0.3512 0.4896 0.35 0.4984 0.3496 0.5104
3 0.38079999999999997 0.5368 0.3828 0.544 0.3868 0.5496000000000001 0.392 0.5511999999999999 0.3984 0.5488000000000001 0.4024 0.5416000000000001 0.4064 0.5344 0.41 0.5256000000000001 0.4104 0.512 0.40800000000000003 0.5032 0.40768978125000005 0.49309701562499997 0.39825251875 0.50394986875 0.3832 0.4904 0.382 0.5008 0.38 0.5072 0.38 0.5184 0.3796 0.5288 0.38079999999999997 0.5368
9 0.75993909375 0.6761222828125 0.790671925 0.678217703125 0.8004505515625 0.6614543390625001 0.8067368140625 0.6377062421875 0.8018474984375 0.62094288125 0.7955612390625 0.6090688328125 0.7843856640625 0.5937024171874999 0.7774009296875 0.583225315625 0.7620345140625 0.5713512671875 0.747366571875 0.5664619531249999 0.7424772578125001 0.5811298953125 0.730603209375 0.6174505124999999 0.730603209375 0.622339828125 0.7292062625 0.6342138765625001 0.7292062625 0.655168078125 0.7396833640625 0.6684390734375001 0.75993909375 0.6761222828125
2 0.69009175 0.5224581265625 0.705458165625 0.5175688125 0.7187291609375001 0.5098856046875 0.7257138953125 0.49102682187499996 0.722221528125 0.46727872656249997 0.71523679375 0.446324521875 0.7047596921875 0.44283215625 0.6949810640625 0.44283215625 0.6907902234375001 0.446324521875 0.68171006875 0.46169093749999995 0.683107015625 0.463087884375 0.680313121875 0.4756604078125 0.678916175 0.50080545 0.68171006875 0.5196642328125 0.69009175 0.5224581265625
7 0.7073228968749999 0.6648552109375 0.71817575 0.67004570625 0.721006928125 0.690335821875 0.72714115 0.69647004375 0.7394095921875 0.690335821875 0.7356346874999999 0.6775955171875 0.7313879187500001 0.6596647171875001 0.724781834375 0.6304091984375 0.7214787921875 0.6030411359375 0.6865609171875 0.6181407578125 0.689863959375 0.667686390625 0.7040198546875 0.711569665625 0.7158164328125001 0.7092103484375001 0.7177038859375 0.6917514125 0.70921035 0.6714612953125 0.7073228968749999 0.6648552109375
7 0.7177038859375 0.36475023281249996 0.7082666234375 0.361919053125 0.7044917171875 0.3633346421875 0.6978856328124999 0.3642783703125 0.695054453125 0.36380650625 0.6893920953125 0.3685251375 0.6842016015625 0.3822091703125 0.6818422859375 0.40344301250000003 0.681370421875 0.44591069843750003 0.7134571171874999 0.44260765625 0.7167601609375 0.41807077187499997 0.7186476125000001 0.38975898125 0.721006928125 0.3694688640625 0.7177038859375 0.36475023281249996
9 0.277927409375 0.6662708 0.2817023140625 0.5898289671875 0.27368064062499997 0.571426303125 0.2708494609375 0.5709544390625 0.26329965 0.5742574828125 0.256693565625 0.5789761125 0.24961561875 0.5841666078125 0.24065021875 0.5921882828125 0.2368753125 0.5964350515625 0.23262854375000003 0.6077597671875 0.23498785937500002 0.624274978125 0.24206580781249998 0.645980684375 0.259996609375 0.681370421875 0.2656589671875 0.7129852546875 0.27226505 0.729028603125 0.282646040625 0.724781834375 0.277927409375 0.6662708
