2 0.395209759375 0.44474523125000004 0.349049996875 0.43832812499999996 0.33981835781249997 0.504729121875 0.3859781125 0.511146196875 0.395209759375 0.44474523125000004
2 0.570857178125 0.608452946875 0.6079170125 0.6014368421875 0.59924858125 0.55565479375 0.5621890406250001 0.5626708703125 0.570857178125 0.608452946875
2 0.6641002078125 0.415303075 0.615446184375 0.41381660781249996 0.6132256218750001 0.4864941734375 0.661879646875 0.48798063281250004 0.6641002078125 0.415303075
2 0.6594432593749999 0.4754590515625 0.7011094421874999 0.472563140625 0.6963899796875 0.4046669453125 0.65472418125 0.40756284374999996 0.6594432593749999 0.4754590515625
2 0.3493890625 0.416725 0.3042734375 0.416725 0.3042734375 0.4864109375 0.3493890625 0.4864109375 0.3493890625 0.416725
9 0.46359826875000004 0.6324692859375001 0.4396807296875 0.6331153421875 0.44379625625 0.785453434375 0.46771379375000005 0.7848073875 0.46359826875000004 0.6324692859375001
2 0.3488661546875 0.5911355390625 0.3716386171875 0.5607748515625001 0.32186482031249997 0.5234448656249999 0.299092421875 0.55380539375 0.3488661546875 0.5911355390625
3 0.706425184375 0.55756695625 0.6864507109375 0.5226150015625 0.6385991859375 0.54995888125 0.658573471875 0.5849106734375 0.706425184375 0.55756695625
7 0.331332871875 0.324375225 0.3265566984375 0.32414225 0.322847503125 0.40018083281249994 0.3276236765625 0.40041380625 0.331332871875 0.324375225
7 0.33175045625 0.3945150515625 0.335830953125 0.3947504546875 0.33984375 0.3251953125 0.33576328437499997 0.324959909375 0.33175045625 0.3945150515625
7 0.635395978125 0.40532938906249993 0.63964845625 0.4052734375 0.6382600796875 0.299758709375 0.63400765 0.2998146609375 0.635395978125 0.40532938906249993
7 0.6631211625 0.32667360625 0.6568990875 0.3256206875 0.6416015625 0.416015625 0.6478236359375 0.41706853906249997 0.6631211625 0.32667360625
7 0.316821465625 0.589034403125 0.312499890625 0.587890596875 0.294921875 0.654296875 0.299243446875 0.655440675 0.316821465625 0.589034403125
7 0.6119387625 0.7036752109375 0.6182537515625001 0.702176934375 0.595881078125 0.60789281875 0.5895662046875 0.6093910828125 0.6119387625 0.7036752109375
7 0.3512220703125 0.3881880921875 0.349609375 0.388671875 0.361328096875 0.4277343828125 0.36294079218749997 0.4272506015625 0.3512220703125 0.3881880921875
7 0.3785290578125 0.345950765625 0.37218693125 0.3455057265625 0.3662109375 0.4306640625 0.3725530640625 0.4311091 0.3785290578125 0.345950765625
