2 0.3417123921875 0.4926828125 0.38620951406250004 0.4926828125 0.3862092171875 0.39860625 0.34171266562499997 0.39860625 0.3417123921875 0.4926828125
2 0.367691959375 0.5070735 0.44580086249999995 0.536687946875 0.4704849359375 0.4715870015625 0.39237676875 0.44197271093749996 0.367691959375 0.5070735
2 0.40268246249999995 0.49513075625 0.3456503796875 0.48586485156250003 0.33225083125 0.5683330078125 0.389282896875 0.57759885 0.40268246249999995 0.49513075625
2 0.584578025 0.5101046874999999 0.618546965625 0.5101046874999999 0.6185467734375 0.43066250000000006 0.584578225 0.43066250000000006 0.584578025 0.5101046874999999
2 0.613674515625 0.4936400984375 0.658515925 0.49091309531249994 0.653413525 0.40702154375 0.6085726328125001 0.40974853125 0.613674515625 0.4936400984375
2 0.70033923125 0.47965857031250003 0.6585658890625 0.4812218875 0.6618731109375 0.569586984375 0.7036464515625 0.568023678125 0.70033923125 0.47965857031250003
2 0.2921203375 0.40209062187500005 0.2921201140625 0.481532878125 0.350543809375 0.48153278437499997 0.35054371875 0.40209084375000004 0.2921203375 0.40209062187500005
4 0.38172863125 0.3070986015625 0.36413059375 0.3064438171875 0.3605856421875 0.40171484218750003 0.3781836796875 0.40236962343749993 0.38172863125 0.3070986015625
9 0.2629351390625 0.47045591875000004 0.2091978078125 0.4838889953125 0.24784035312500002 0.6384598703125001 0.3015776171875 0.625026975 0.2629351390625 0.47045591875000004
4 0.68719366875 0.658273821875 0.7079010484375 0.65668111875 0.700712103125 0.5632273343749999 0.6800050734374999 0.5648200234375 0.68719366875 0.658273821875
9 0.6945821359375 0.6185841437499999 0.75237195 0.6394178796875 0.7938612328125 0.5243426046875 0.7360725296874999 0.5035090875 0.6945821359375 0.6185841437499999
7 0.348473471875 0.6567744921875 0.359235665625 0.65962945 0.380879221875 0.5780502484375 0.3701171875 0.5751953125 0.348473471875 0.6567744921875
