2 0.5876436046875 0.47109350625 0.5561162671875 0.47415720781250004 0.562668409375 0.5415775375 0.5941957437500001 0.538513853125 0.5876436046875 0.47109350625
2 0.588721628125 0.5231921296875 0.6156647734375 0.5204818343750001 0.6083474421874999 0.44774686093750005 0.5814045906249999 0.4504571421875 0.588721628125 0.5231921296875
2 0.6460390625 0.4375 0.5975953125 0.4375 0.5975953125 0.511628125 0.6460390625 0.511628125 0.6460390625 0.4375
4 0.5833331890625 0.4661458328125 0.6002605453125 0.4661458328125 0.6002604171875 0.3307291671875 0.5833333390625 0.3307291671875 0.5833331890625 0.4661458328125
9 0.6913232484375 0.6729853828125 0.7587256453125 0.667273890625 0.74609375 0.5182291671875 0.6786931484375 0.5239405828125 0.6913232484375 0.6729853828125
1 0.29568862500000004 0.3751924984375 0.2526041671875 0.4010416671875 0.28776029531249997 0.45963549062500003 0.33084466562500003 0.433786434375 0.29568862500000004 0.3751924984375
7 0.6092835140624999 0.3210119734375 0.6148437515625 0.42109376875000004 0.62890625 0.4203125 0.6233459375 0.3202307875 0.6092835140624999 0.3210119734375
7 0.6305195765625 0.42299036875 0.639825553125 0.4243439015625 0.651101415625 0.34682210625 0.6417955234375 0.3454685796875 0.6305195765625 0.42299036875
7 0.41045712187500005 0.6101809515625 0.40234372656249995 0.6085937453125 0.38533683124999996 0.69551774375 0.3934502234375 0.6971049375 0.41045712187500005 0.6101809515625
6 0.378124984375 0.715625 0.39375003125 0.715625 0.393749990625 0.6921875 0.3781250234375 0.6921875 0.378124984375 0.715625
6 0.3308218578125 0.72543740625 0.35025776406250003 0.7271564500000001 0.3575437609375 0.6447894390625 0.3381081875 0.643070409375 0.3308218578125 0.72543740625
6 0.374389315625 0.6393251203125 0.35334661875 0.6385239281249999 0.35053360625 0.71239545625 0.371576303125 0.7131966421875 0.374389315625 0.6393251203125
7 0.57801194375 0.35396510000000003 0.5664082140625 0.3542779671875 0.5695747890625 0.47171543125 0.58117851875 0.47140256718750007 0.57801194375 0.35396510000000003
