3 0.67742163125 0.453437153125 0.6370978015625 0.45425346875 0.6386047515625 0.528687546875 0.6789285828125 0.5278712359375 0.67742163125 0.453437153125
3 0.695978003125 0.55016759375 0.64217875 0.5728506953125 0.664781246875 0.6264531265625 0.71858043125 0.60377014375 0.695978003125 0.55016759375
3 0.584257390625 0.675907728125 0.6195285234375 0.67295075 0.61426891875 0.610224459375 0.5789982109375 0.6131814203125 0.584257390625 0.675907728125
3 0.5603055546875 0.6843466265625 0.588582884375 0.68168574375 0.5837760640625 0.6306115812499999 0.55549901875 0.6332724515625 0.5603055546875 0.6843466265625
3 0.63926749375 0.471035478125 0.597992325 0.4746858921875 0.6053140421875 0.557465903125 0.64658920625 0.5538155125 0.63926749375 0.471035478125
3 0.424483053125 0.6023760203124999 0.3918170875 0.596261653125 0.380740603125 0.6554307953125 0.4134065609375 0.661545128125 0.424483053125 0.6023760203124999
3 0.395815003125 0.5695574171875 0.34996072968749997 0.561295165625 0.3360121484375 0.6386995093750001 0.3818664046875 0.6469617000000001 0.395815003125 0.5695574171875
3 0.3107263640625 0.5350178421875 0.2878148046875 0.5842528328125 0.3395131390625 0.608308015625 0.3624244125 0.559073265625 0.3107263640625 0.5350178421875
9 0.2348511265625 0.6448554546875 0.293592375 0.6507312875 0.30440456562499996 0.542647778125 0.2456644484375 0.536772 0.2348511265625 0.6448554546875
9 0.669187553125 0.635365746875 0.7188055140625 0.6677348140625 0.7894917109375 0.559392521875 0.7398746078125 0.52702383125 0.669187553125 0.635365746875
