2 0.378634446875 0.5505731703125 0.316464696875 0.539047928125 0.3043280109375 0.6045096062499999 0.36649774218750003 0.6160347796875 0.378634446875 0.5505731703125
3 0.2454867046875 0.4916242796875 0.293400040625 0.49380999374999995 0.297213525 0.410212484375 0.2493007546875 0.40802678437499995 0.2454867046875 0.4916242796875
2 0.34145661875 0.5288336078125 0.354517753125 0.45511449375 0.2984698828125 0.4451850265625 0.28540850624999997 0.518903825 0.34145661875 0.5288336078125
3 0.3754104125 0.46340895 0.339115428125 0.46680618437500004 0.34541130625 0.5340643796875 0.3817062890625 0.5306671625 0.3754104125 0.46340895
2 0.6806278140625001 0.5564140203125 0.6264054234375 0.5610697890624999 0.6328247953125 0.635823825 0.68704718125 0.6311680875000001 0.6806278140625001 0.5564140203125
2 0.661666771875 0.5496331578125 0.6923625203125 0.6075578515625 0.7578136375 0.57287658125 0.7271178468749999 0.5149522453125 0.661666771875 0.5496331578125
3 0.74782404375 0.40604800625 0.7003536875 0.4068735734375 0.70198950625 0.5009281015625 0.7494598640625 0.500102540625 0.74782404375 0.40604800625
2 0.69948549375 0.445601921875 0.647385909375 0.45377867812500006 0.659627275 0.5317710671875 0.7117268484375 0.5235943578125 0.69948549375 0.445601921875
3 0.257779696875 0.543604684375 0.257779609375 0.6075578390625 0.2743984421875 0.6075578015625 0.27439843750000004 0.5436047421875 0.257779696875 0.543604684375
7 0.30359238906249997 0.4392928203125 0.31066184375 0.43841910781250004 0.30055147031249996 0.356617646875 0.29348208593749997 0.3574913546875 0.30359238906249997 0.4392928203125
7 0.320228265625 0.447999834375 0.32444854218749997 0.44761029218750004 0.321424840625 0.414853671875 0.31720458125 0.4152432140625 0.320228265625 0.447999834375
7 0.3513702703125 0.618967896875 0.3416331015625 0.6169182515625 0.3225446421875 0.7075892859375 0.3322818046875 0.7096389109375 0.3513702703125 0.618967896875
6 0.6783126546875 0.6260334578125 0.6188045140625 0.6427937921875 0.650019815625 0.7536089125000001 0.709527875 0.73684878125 0.6783126546875 0.6260334578125
6 0.7230743953125 0.6300374093750001 0.6951181859375 0.6357712125 0.71109370625 0.7136523078125 0.7390499015625001 0.7079185515625 0.7230743953125 0.6300374093750001
6 0.27487985312499996 0.6703807578125 0.2494677046875 0.6672046984375 0.244041846875 0.7106116375 0.2694539921875 0.7137876828125 0.27487985312499996 0.6703807578125
7 0.326362684375 0.3491309359375 0.31879162031249997 0.3479838609375 0.3069196421875 0.42633928593750003 0.31449070468749996 0.4274863546875 0.326362684375 0.3491309359375
7 0.6776244328125001 0.44840378437500006 0.6829118171874999 0.4475446234375 0.668402778125 0.35825892812500004 0.6631154515625 0.3591180828125 0.6776244328125001 0.44840378437500006
7 0.6968533406249999 0.3855609328125 0.6901041421875 0.3845486078125 0.681075534375 0.4447394875 0.68782473125 0.44575180937500003 0.6968533406249999 0.3855609328125
