2 0.6496551859374999 0.5718459234375 0.60180715625 0.576211040625 0.6083320328124999 0.64772531875 0.656180059375 0.6433602296875 0.6496551859374999 0.5718459234375
2 0.56337686875 0.6696956609375 0.5880723125 0.6678477625 0.583266584375 0.6036334796875 0.5585714421875 0.605481365625 0.56337686875 0.6696956609375
2 0.5959453906250001 0.5806685125 0.64518553125 0.576675309375 0.6375826906250001 0.48293782187499995 0.5883433109375 0.48693099218749997 0.5959453906250001 0.5806685125
2 0.674815909375 0.47725278125 0.633894059375 0.477762584375 0.63496040625 0.5633513625 0.67588225625 0.5628415625 0.674815909375 0.47725278125
2 0.42212351249999996 0.588870628125 0.385079990625 0.58307754375 0.3739220921875 0.6544179609375 0.41096560625 0.6602110046874999 0.42212351249999996 0.588870628125
2 0.394622275 0.559517140625 0.3517089703125 0.5559376765625 0.3444973171875 0.6423872828125 0.3874106171875 0.6459667171875 0.394622275 0.559517140625
2 0.3636108359375 0.56655091875 0.408892840625 0.5648984687499999 0.40553899062500004 0.4730094453125 0.36025765781249997 0.47466188281250005 0.3636108359375 0.56655091875
4 0.376075534375 0.768445815625 0.395833490625 0.769531259375 0.40243154218750005 0.6494437921875 0.3826740984375 0.6483583625 0.376075534375 0.768445815625
4 0.3690258515625 0.633654359375 0.3476560515625 0.62890620625 0.32522967187499996 0.7298258484375 0.34659945468750003 0.7345739515624999 0.3690258515625 0.633654359375
4 0.61328125 0.4830729171875 0.6355906078125 0.47876337031249994 0.61328125 0.36328125 0.5909722203125 0.3675907640625 0.61328125 0.4830729171875
4 0.67423475625 0.3885838625 0.65625 0.3893229171875 0.6601562265625 0.4843750015625 0.6781409828125 0.48363595156250005 0.67423475625 0.3885838625
7 0.3788084171875 0.4722891890625 0.3823530140625 0.4715073375 0.3685661765625 0.409007353125 0.365021609375 0.4097892015625 0.3788084171875 0.4722891890625
7 0.39189407656249997 0.44122162343750004 0.391544109375 0.44117646875 0.387867646875 0.4696691171875 0.3882176140625 0.46971427187500003 0.39189407656249997 0.44122162343750004
7 0.5795198859374999 0.7602784234375 0.584145365625 0.7600896578125 0.580882353125 0.6801470593750001 0.5762569546874999 0.6803358234375 0.5795198859374999 0.7602784234375
7 0.6400454125 0.7326956515624999 0.645220715625 0.7316176203125 0.6314338234375 0.6654411765625 0.6262585921875 0.6665192 0.6400454125 0.7326956515624999
7 0.661247346875 0.70060166875 0.6639334265625 0.6995074921875 0.6470588234375 0.6580882359375 0.6443727671875 0.6591824078124999 0.661247346875 0.70060166875
