3 0.2753831015625 0.6402921734375 0.32922308125 0.6481513921875 0.3405382203125 0.5706430296875 0.28669899375 0.5627838656249999 0.2753831015625 0.6402921734375
9 0.29481559218750003 0.577440953125 0.23691001875 0.566188025 0.20799585625 0.7149575578125 0.2659013828125 0.72621031875 0.29481559218750003 0.577440953125
3 0.41040897656249997 0.63129913125 0.39348846875 0.6009868390625 0.37196706874999996 0.6129988359375 0.3888874953125 0.6433110578125001 0.41040897656249997 0.63129913125
3 0.42306048125 0.6388903406249999 0.43751253593749995 0.6328987296874999 0.4279081578125 0.6097353609375 0.413456165625 0.6157269578125 0.42306048125 0.6388903406249999
3 0.3810774640625 0.5446658296875 0.384233284375 0.5736971421875 0.4082260515625 0.57108923125 0.4050701796875 0.542057978125 0.3810774640625 0.5446658296875
3 0.366727996875 0.5703469218749999 0.3854804125 0.555111965625 0.36863584843749997 0.5343802890625 0.3498834859375 0.5496152125 0.366727996875 0.5703469218749999
3 0.33967599531250003 0.5622789765625 0.35704035 0.5322456765625 0.314199859375 0.5074787374999999 0.29683550468750003 0.53751191875 0.33967599531250003 0.5622789765625
3 0.27507423750000004 0.49059100000000005 0.2557901 0.507559628125 0.2838331203125 0.5394267312500001 0.303117203125 0.522458159375 0.27507423750000004 0.49059100000000005
3 0.6097756546875 0.5530089234375 0.638814665625 0.555774296875 0.6419912078125 0.5224195828125 0.6129523531250001 0.5196542171874999 0.6097756546875 0.5530089234375
3 0.6458061390625 0.5198805640625 0.6531900234375 0.551685646875 0.690407590625 0.543045846875 0.6830236390625 0.5112408640624999 0.6458061390625 0.5198805640625
3 0.68983780625 0.52044308125 0.7107089249999999 0.544381525 0.7459308 0.5136751640624999 0.7250597421875 0.48973680937499997 0.68983780625 0.52044308125
9 0.8053779328124999 0.5607148859375 0.726676065625 0.5535173203125 0.7163793093749999 0.666095184375 0.7950811640625 0.6732926734375 0.8053779328124999 0.5607148859375
3 0.5696710546875 0.633231525 0.5924231203125 0.61704435625 0.576483896875 0.5946434625 0.5537319125 0.6108305890625 0.5696710546875 0.633231525
7 0.2890991421875 0.67685205 0.2880859203125 0.6767578109375 0.2841796875 0.71875 0.28519290937499997 0.7188442390625001 0.2890991421875 0.67685205
7 0.3135539015625 0.6574295796875 0.3105565265625 0.6571298859375 0.3043007359375 0.7196878921875001 0.30729811093750004 0.719987584375 0.3135539015625 0.6574295796875
