1 0.25021481562500003 0.546874446875 0.283239359375 0.5549169984375 0.2972785953125 0.4972729734375 0.26425434999999997 0.489230459375 0.25021481562500003 0.546874446875
1 0.7399290125 0.462424934375 0.7223490953125 0.4603263390625 0.716447984375 0.509756425 0.7340279 0.5118550125 0.7399290125 0.462424934375
3 0.6058167765625 0.57010339375 0.632644328125 0.5959348656250001 0.6747035875 0.55225781875 0.64787618125 0.5264264796875 0.6058167765625 0.57010339375
3 0.722065175 0.5340142343750001 0.688604175 0.5020769765625 0.6524020390625 0.5400031453125 0.6858629046875 0.5719402671875 0.722065175 0.5340142343750001
3 0.6636399234375 0.4120647359375 0.6278322671875001 0.4205898265625 0.643026859375 0.48440732343750004 0.6788345015624999 0.4758822703125 0.6636399234375 0.4120647359375
3 0.67980325625 0.4682041203125 0.715452053125 0.45335130156250003 0.6979352078125001 0.41131122031249995 0.6622866000000001 0.42616399375 0.67980325625 0.4682041203125
3 0.3345315578125 0.47447850625 0.325584559375 0.43869300781250004 0.300388703125 0.4449920234375 0.3093356265625 0.48077745624999996 0.3345315578125 0.47447850625
3 0.35073838125 0.45070984843749995 0.3300892421875 0.4460474484375 0.32186095937500003 0.4824870359375 0.34251009374999997 0.48714942343749995 0.35073838125 0.45070984843749995
3 0.32001811406249997 0.5744625359375 0.3414537765625 0.5469047437500001 0.3007337359375 0.51523376875 0.27929812656249997 0.5427914453125 0.32001811406249997 0.5744625359375
3 0.3823953703125 0.5605540953125 0.3349054703125 0.5368114265624999 0.320162234375 0.5662979828125 0.367652090625 0.5900405859375 0.3823953703125 0.5605540953125
