2 0.3443029296875 0.466347490625 0.303155921875 0.461888684375 0.2964660765625 0.523619840625 0.33761308125 0.5280786265625 0.3443029296875 0.466347490625
2 0.3805362390625 0.490563009375 0.3356521265625 0.486703590625 0.329915165625 0.5534177046875 0.3747992765625 0.557277103125 0.3805362390625 0.490563009375
2 0.32618920625 0.6183370874999999 0.37754268125 0.6397906203125 0.40141404999999997 0.58265528125 0.350061075 0.561201865625 0.32618920625 0.6183370874999999
2 0.6013087859375 0.49719050937500003 0.6156259953125 0.5530147203125 0.6663152609375 0.5400153999999999 0.6519979031250001 0.484191425 0.6013087859375 0.49719050937500003
6 0.628092346875 0.7439314 0.6645385203124999 0.733910253125 0.65140159375 0.68614056875 0.6149557953125 0.6961616609375 0.628092346875 0.7439314
9 0.2421312046875 0.6179473796875 0.30492675468749997 0.60523051875 0.2875421375 0.519396771875 0.22474751249999997 0.5321135359375 0.2421312046875 0.6179473796875
7 0.3641778890625 0.6222097078125 0.3560532453125 0.6193606968750001 0.33054242500000003 0.6921016546875001 0.33866705937499997 0.69495064375 0.3641778890625 0.6222097078125
7 0.3721951703125 0.6281063312499999 0.36308948750000003 0.6276239609375 0.3585006859375 0.714235034375 0.3676063703125 0.7147174015625 0.3721951703125 0.6281063312499999
7 0.656652675 0.399053996875 0.64880641875 0.39740638437500003 0.6332025234375 0.47171108906250003 0.6410487765624999 0.47335869375 0.656652675 0.399053996875
7 0.6375000921875 0.39587716875 0.6294954015625 0.395914228125 0.6298771890625 0.47837587656249997 0.6378818796875 0.47833881875 0.6375000921875 0.39587716875
7 0.623681871875 0.4654289109375 0.63152826875 0.46476457968749996 0.626079471875 0.4004130703125 0.6182331421875 0.40107739843749995 0.623681871875 0.4654289109375
