2 0.3443029296875 0.466347490625 0.303155921875 0.461888684375 0.2964660765625 0.523619840625 0.33761308125 0.5280786265625 0.3443029296875 0.466347490625
2 0.3805362390625 0.490563009375 0.3356521265625 0.486703590625 0.329915165625 0.5534177046875 0.3747992765625 0.557277103125 0.3805362390625 0.490563009375
2 0.32618920625 0.6183370874999999 0.37754268125 0.6397906203125 0.40141404999999997 0.58265528125 0.350061075 0.561201865625 0.32618920625 0.6183370874999999
3 0.616205521875 0.49553481406250005 0.5768857984375 0.49006299843749995 0.566079790625 0.5677070796875 0.60539950625 0.573178859375 0.616205521875 0.49553481406250005
2 0.6013087859375 0.49719050937500003 0.6156259953125 0.5530147203125 0.6663152609375 0.5400153999999999 0.6519979031250001 0.484191425 0.6013087859375 0.49719050937500003
3 0.6969779093749999 0.5146416625 0.6857728453124999 0.4913715140625 0.6562201437499999 0.50560065 0.6674251375 0.5288707390625 0.6969779093749999 0.5146416625
3 0.6515898234375 0.5971183843750001 0.6491535421875 0.5678869109375 0.6111731781249999 0.5710520234375001 0.6136093515625001 0.6002833984375 0.6515898234375 0.5971183843750001
3 0.6944954531249999 0.5791309703125 0.689642671875 0.54152621875 0.6477299624999999 0.5469344046875 0.6525825953125 0.5845390203124999 0.6944954531249999 0.5791309703125
6 0.628092346875 0.7439314 0.6645385203124999 0.733910253125 0.65140159375 0.68614056875 0.6149557953125 0.6961616609375 0.628092346875 0.7439314
3 0.3962202265625 0.549368890625 0.41310655 0.5662536125 0.42724341875 0.55211668125 0.41035712343749997 0.5352319875 0.3962202265625 0.549368890625
9 0.2421312046875 0.6179473796875 0.30492675468749997 0.60523051875 0.2875421375 0.519396771875 0.22474751249999997 0.5321135359375 0.2421312046875 0.6179473796875
7 0.3641778890625 0.6222097078125 0.3560532453125 0.6193606968750001 0.33054242500000003 0.6921016546875001 0.33866705937499997 0.69495064375 0.3641778890625 0.6222097078125
7 0.3721951703125 0.6281063312499999 0.36308948750000003 0.6276239609375 0.3585006859375 0.714235034375 0.3676063703125 0.7147174015625 0.3721951703125 0.6281063312499999
7 0.656652675 0.399053996875 0.64880641875 0.39740638437500003 0.6332025234375 0.47171108906250003 0.6410487765624999 0.47335869375 0.656652675 0.399053996875
7 0.6375000921875 0.39587716875 0.6294954015625 0.395914228125 0.6298771890625 0.47837587656249997 0.6378818796875 0.47833881875 0.6375000921875 0.39587716875
7 0.623681871875 0.4654289109375 0.63152826875 0.46476457968749996 0.626079471875 0.4004130703125 0.6182331421875 0.40107739843749995 0.623681871875 0.4654289109375
