3 0.3887621765625 0.6806544328124999 0.412419896875 0.6081021125 0.3567026203125 0.5899360828125 0.3330446859375 0.6624880015625 0.3887621765625 0.6806544328124999
3 0.39556589375 0.49633489375 0.34531465 0.48684003281250005 0.33194010625 0.5576185859375 0.38219133437499997 0.5671133921875 0.39556589375 0.49633489375
3 0.575458528125 0.6886461296874999 0.599187803125 0.6856710828125 0.5888397578125 0.6031460171874999 0.5651108609375 0.6061210390625 0.575458528125 0.6886461296874999
3 0.6479669140625 0.580031015625 0.6099496078125 0.5864553078125 0.6239733375000001 0.6694345640625 0.66199063125 0.6630103234375 0.6479669140625 0.580031015625
9 0.29871116875000003 0.5577268281250001 0.21870234375000003 0.5959179640625 0.253277378125 0.66834278125 0.3332860234375 0.6301519296875 0.29871116875000003 0.5577268281250001
7 0.3329461625 0.6336004796875 0.320723665625 0.6299342046875 0.298157446875 0.7051547546875 0.31037993125 0.708821 0.3329461625 0.6336004796875
7 0.3726650984375 0.662876546875 0.3634868140625 0.6595394625 0.3382754234375 0.7288706953124999 0.3474536953125 0.732207753125 0.3726650984375 0.662876546875
7 0.35182693593750003 0.7281689828125 0.36019736875 0.7310855265625 0.37911191093749996 0.6768092343750001 0.370741571875 0.673892709375 0.35182693593750003 0.7281689828125
7 0.5754063921875 0.754446646875 0.5816321375 0.75501998125 0.587740384375 0.6887019234375 0.5815147281249999 0.6881285921875 0.5754063921875 0.754446646875
7 0.6655718625 0.7212360390625 0.6724761046875 0.7175480000000001 0.6490384609375 0.673677884375 0.642134278125 0.6773659046875 0.6655718625 0.7212360390625
7 0.6722039796875 0.7050398609374999 0.678944559375 0.7022647078124999 0.6592548078125 0.654447115625 0.65251429375 0.657222253125 0.6722039796875 0.7050398609374999
