1 0.2637563375 0.48953485781249995 0.3004020625 0.4840974671875 0.28825451874999997 0.402234740625 0.251609196875 0.4076721 0.2637563375 0.48953485781249995
1 0.6375222843749999 0.5344624640625 0.6591932609375 0.5337579703124999 0.6572763 0.4747969328125 0.6356055171875 0.47550142500000003 0.6375222843749999 0.5344624640625
1 0.6814573859374999 0.47085687343749993 0.6698144109374999 0.4699128 0.6662664203124999 0.5136659546875 0.6779093953124999 0.514610025 0.6814573859374999 0.47085687343749993
1 0.7032769234375 0.48235585 0.7411031265625 0.495522671875 0.7637596656250001 0.43043784374999994 0.72593379375 0.417271084375 0.7032769234375 0.48235585
1 0.31166400312500003 0.5698431296875001 0.30161333749999997 0.5701058765625 0.302649996875 0.60975625 0.3127006625 0.6094935031250001 0.31166400312500003 0.5698431296875001
9 0.1924389953125 0.5850741562499999 0.2438655453125 0.6504785531249999 0.33579680624999997 0.5782010625 0.28437059374999996 0.512797346875 0.1924389953125 0.5850741562499999
9 0.7030160125 0.677069 0.7545389765625 0.675806321875 0.7505381812499999 0.5126011296875 0.6990167234375 0.513863790625 0.7030160125 0.677069
8 0.35589394375 0.498521040625 0.3723959765625 0.4980468703125 0.369140625 0.384765625 0.3526388359375 0.38523979218750004 0.35589394375 0.498521040625
8 0.3528645828125 0.3697916671875 0.3346354171875 0.3697916671875 0.3346354171875 0.48046875 0.3528645828125 0.48046875 0.3528645828125 0.3697916671875
8 0.3390842125 0.4788934625 0.3658558125 0.47927864531250003 0.3677005390625 0.3510593453125 0.3409293625 0.350674165625 0.3390842125 0.4788934625
