3 0.36810468749999997 0.6162796875 0.36598281250000003 0.6162796875 0.36421562500000004 0.6177328125 0.3617390625 0.6191859375 0.358203125 0.625 0.3560828125 0.6257265624999999 0.3539609375 0.6257265624999999 0.350778125 0.6257265624999999 0.34794843750000004 0.6271796875 0.34618125 0.6293609375 0.344059375 0.63808125 0.3426453125 0.6453484375 0.342290625 0.6526156249999999 0.3433515625 0.666425 0.363536153125 0.677098334375 0.3723550890625 0.6795480390625 0.38631840624999997 0.6611752546874999 0.39366751875 0.660930284375 0.392503125 0.68459375 0.3960390625 0.6780515625 0.39886875 0.667878125 0.4006359375 0.6598843750000001 0.4006359375 0.649709375 0.4002828125 0.641715625 0.39886875 0.6373546875 0.3960390625 0.6344484375 0.391796875 0.6322671875 0.38790625 0.6322671875 0.38543125 0.6322671875 0.383309375 0.6308140625 0.3794203125 0.626453125 0.3776515625 0.625 0.376590625 0.62209375 0.3730546875 0.618459375 0.37022656249999997 0.61700625 0.36810468749999997 0.6162796875
2 0.607496875 0.6344484375 0.6060828125 0.635175 0.6025453125 0.63808125 0.6000703125 0.6402609375 0.5997171875 0.646075 0.60113125 0.6526156249999999 0.603253125 0.662790625 0.607496875 0.6715109375 0.618305425 0.67391371875 0.6234498046875 0.6785681578125 0.643782353125 0.666319634375 0.64966164375 0.6579906390625 0.6531125 0.65915625 0.65381875 0.64825625 0.653465625 0.6409890625 0.6531125 0.63299375 0.6516968750000001 0.625 0.649575 0.618459375 0.6474546875 0.618459375 0.644625 0.6213656249999999 0.64215 0.62209375 0.6389671875 0.6213656249999999 0.63543125 0.6213656249999999 0.6326031249999999 0.6228203125 0.630834375 0.6228203125 0.6255296875 0.62209375 0.6227015625 0.623546875 0.6188125 0.625 0.6152765625 0.62790625 0.610325 0.6308140625 0.607496875 0.6344484375
9 0.7086995234375 0.6886119453124999 0.7219279281250001 0.6824876843750001 0.7319717171875 0.677588275 0.7496095890625 0.6704841328125 0.7694521953125 0.6511314671874999 0.7728817828125 0.6214900421875 0.766022609375 0.6058119328125 0.7598983484375 0.6011574937499999 0.747649825 0.598952759375 0.73246165625 0.593563409375 0.7248675734375001 0.5832746515625 0.7170285187500001 0.5788651828125 0.71261905 0.57960009375 0.7101693453125 0.5832746515625 0.7086995234375 0.588908971875 0.7074746703125 0.595278203125 0.7055149078125 0.6026273171875001 0.705024965625 0.6121811640625 0.704045084375 0.6210001 0.7033101734375 0.626634421875 0.6957160890625 0.6641149000000001 0.6964509999999999 0.6714640140625 0.7086995234375 0.6886119453124999
3 0.600667553125 0.6391279140624999 0.589888853125 0.63888294375 0.5869492078125 0.641332646875 0.5842545328125001 0.644762234375 0.58229476875 0.6503965546875 0.5842545328125001 0.6557859046875001 0.5867042375 0.6611752546874999 0.5889089703125 0.6606853140625 0.5950332328125 0.660930284375 0.602382346875 0.65774566875 0.6033622281250001 0.649416671875 0.600667553125 0.6391279140624999
3 0.42453379687500004 0.65235631875 0.421839121875 0.657255728125 0.421104209375 0.665339753125 0.42330894375000006 0.6741586890625 0.43604740781249995 0.6815078031249999 0.447071078125 0.6815078031249999 0.44731604843749995 0.676118453125 0.4463361671875 0.660930284375 0.445356284375 0.6565208171875 0.44119178750000004 0.653581171875 0.434332615625 0.6486817625 0.4277184125 0.649416671875 0.42453379687500004 0.65235631875
3 0.3025385109375 0.616835603125 0.30474324531249997 0.6236947749999999 0.31037756562499996 0.6320237718749999 0.316746796875 0.6349634171874999 0.33095508281249997 0.6408427078125001 0.34075390156249996 0.629329096875 0.339284078125 0.6136509875 0.3336497578125 0.60385216875 0.32679058437499997 0.5962580843749999 0.3218911765625 0.59037879375 0.31625685625 0.58768411875 0.31233732812500004 0.589888853125 0.30670300781250004 0.5945432921875 0.304498275 0.6053219921874999 0.3025385109375 0.616835603125
3 0.33168999375 0.5732308625 0.330220171875 0.5597574875 0.325810703125 0.545794171875 0.316746796875 0.5345255296875 0.31013703125 0.53474585625 0.30768288906249996 0.5379551171875 0.30278348125 0.5416296734375 0.30008880625 0.5467740531249999 0.2993538953125 0.552163403125 0.3030284515625 0.5600024578125 0.3089077421875 0.572740921875 0.3218911765625 0.5815598578125 0.33168999375 0.5732308625
3 0.35667698125 0.6021373750000001 0.37725449843750003 0.6009125234375 0.37578467656250003 0.5857243546875 0.36598585781250004 0.573720803125 0.35618703906250004 0.569311334375 0.34589828125 0.5702912171875 0.3449183984375 0.5783752421874999 0.34320360625 0.5840095625 0.341978753125 0.5923385578125 0.344673428125 0.597972878125 0.35667698125 0.6021373750000001
3 0.42747344218750005 0.607771696875 0.43702728906250005 0.5999326421875 0.43727225937499997 0.5869492078125 0.42869829375 0.579110153125 0.4208592390625 0.5793551234375001 0.41106042187499997 0.5835196218750001 0.41106042187499997 0.5864592671875 0.4113053921875 0.5938083796875 0.4113053921875 0.600667553125 0.41546988906250004 0.6067918140625 0.42747344218750005 0.607771696875
3 0.628594184375 0.5832746515625 0.642802471875 0.5852344140625 0.6552959640625 0.57690541875 0.6567657875 0.5629421031249999 0.650151584375 0.5506935796875 0.641087678125 0.5435894375 0.629084125 0.5426095546874999 0.620510159375 0.544079378125 0.6197752484375 0.5448142890625001 0.6192853078125 0.5497136984375001 0.6163456625 0.5734758328125 0.618305425 0.5810699171875 0.628594184375 0.5832746515625
3 0.57690541875 0.60385216875 0.594298321875 0.5982178484375 0.595278203125 0.5864592671875 0.5906237640625001 0.5800900343750001 0.5847444734375 0.577395359375 0.5776403296875 0.5778853015625 0.568331453125 0.5810699171875 0.569311334375 0.582784709375 0.5695563046875 0.5864592671875 0.5705361875 0.59307346875 0.5742107437499999 0.5999326421875 0.57690541875 0.60385216875
