2 0.365152740625 0.542759821875 0.3850334953125 0.4975418140625 0.3359375 0.4759578125 0.316056690625 0.5211756296875001 0.365152740625 0.542759821875
2 0.7189498125 0.505462365625 0.6855674203125 0.44629823125 0.5758302484375 0.508210946875 0.6092119734375 0.567374503125 0.7189498125 0.505462365625
3 0.32802607500000003 0.5698413999999999 0.342600571875 0.5495656078125 0.305987053125 0.5232497546875 0.29141258125 0.5435254703125 0.32802607500000003 0.5698413999999999
3 0.35743397187500003 0.5445122140625 0.33644550156249997 0.5614102109375 0.37382385625 0.6078319265625 0.394812246875 0.59093401875 0.35743397187500003 0.5445122140625
3 0.599839553125 0.5725618828125 0.6197574671875 0.595322959375 0.652931484375 0.5662956125 0.6330136328125 0.5435346234375 0.599839553125 0.5725618828125
9 0.26046125 0.48562552343750004 0.20913992499999998 0.50245375625 0.2655686328125 0.6745284671875 0.3168898296875 0.657700503125 0.26046125 0.48562552343750004
7 0.3454630765625 0.41267435937499997 0.3415178578125 0.412946428125 0.3457628890625 0.474499409375 0.3497081078125 0.47422734218749996 0.3454630765625 0.41267435937499997
7 0.359375 0.36272321406249997 0.3537946421875 0.36272321406249997 0.3537946421875 0.44977678593750003 0.359375 0.44977678593750003 0.359375 0.36272321406249997
7 0.6131955921875 0.3739385625 0.6104910671875 0.37388392812500004 0.6091754375 0.4390078046875 0.6118799625 0.4390624390625 0.6131955921875 0.3739385625
7 0.6685267765625 0.44308035781250005 0.677455390625 0.44308035781250005 0.6774553578125 0.38169642812500004 0.6685268125 0.38169642812500004 0.6685267765625 0.44308035781250005
