2 0.2536604703125 0.4878156546875 0.2964968921875 0.4885589875 0.29796314062499996 0.4040533328125 0.255127221875 0.4033100046875 0.2536604703125 0.4878156546875
3 0.2952609890625 0.4273249671875 0.295260828125 0.517442259375 0.3429985640625 0.5174421609375 0.3429984109375 0.4273251875 0.2952609890625 0.4273249671875
2 0.280002209375 0.479227815625 0.24741377187500002 0.5297151890625 0.30955462499999997 0.5698219718749999 0.342142728125 0.51933489375 0.280002209375 0.479227815625
3 0.332868153125 0.513983246875 0.2907053765625 0.5612895296875 0.3507780328125 0.614825103125 0.3929404671875 0.5675191468749999 0.332868153125 0.513983246875
3 0.7317074906250001 0.37287493125000004 0.6851798859375 0.37589569218749996 0.6911611234375 0.4680176171875 0.7376887265625001 0.46499687500000003 0.7317074906250001 0.37287493125000004
3 0.6314692546875 0.617439246875 0.6814904375 0.613964309375 0.6746993234375 0.5162230859375 0.624678965625 0.519697996875 0.6314692546875 0.617439246875
9 0.28340250624999996 0.21602922812499997 0.24177526249999998 0.217646440625 0.247736703125 0.37109103125 0.2893639453125 0.36947383125 0.28340250624999996 0.21602922812499997
7 0.30212558437500003 0.31768289375 0.2978418671875 0.3171074921875 0.28828125 0.38828125 0.292564965625 0.38885665 0.30212558437500003 0.31768289375
7 0.303125 0.3265625 0.3015625 0.3265625 0.3015625 0.35609375 0.303125 0.35609375 0.303125 0.3265625
7 0.30400762812500004 0.356390115625 0.30132450624999996 0.356064903125 0.29609375 0.39921875 0.298776871875 0.3995439609375 0.30400762812500004 0.356390115625
7 0.2595295296875 0.6223428890625 0.2804687640625 0.5804687203125 0.27109375 0.57578125 0.2501545078125 0.617655378125 0.2595295296875 0.6223428890625
7 0.2928517796875 0.5840321546875 0.284374990625 0.58359375 0.28203125 0.62890625 0.290508040625 0.629344653125 0.2928517796875 0.5840321546875
