2 0.3687398296875 0.4089106875 0.31780165781249997 0.402151859375 0.3077596296875 0.47782964375 0.35869779375 0.4845884359375 0.3687398296875 0.4089106875
2 0.3876372953125 0.489753471875 0.38943015625 0.42866174218750003 0.359328425 0.42777845000000003 0.35753543906249996 0.4888700484375 0.3876372953125 0.489753471875
2 0.6047832734374999 0.42395492968750004 0.569490678125 0.428533709375 0.5787194296875 0.49966314062499995 0.61401201875 0.49508438593750004 0.6047832734374999 0.42395492968750004
2 0.6321345390625 0.423287659375 0.6000375484375 0.42612688125 0.6053418609375 0.486087684375 0.63743885 0.483248475 0.6321345390625 0.423287659375
2 0.6354253390625 0.47489405937500007 0.686825559375 0.4623856578125 0.67256541875 0.40379155312500004 0.6211655984375 0.416299903125 0.6354253390625 0.47489405937500007
3 0.670663396875 0.4481319390625 0.714863965625 0.44939691093749995 0.717188490625 0.368169690625 0.6729883812499999 0.36690472500000004 0.670663396875 0.4481319390625
3 0.7095926234375 0.4453121109375 0.673848828125 0.44972983125 0.685745378125 0.5459779515625 0.7214891671875 0.5415602640625 0.7095926234375 0.4453121109375
5 0.345084021875 0.4817142828125 0.2829860671875 0.473090271875 0.272261859375 0.550304884375 0.334359803125 0.5589288421874999 0.345084021875 0.4817142828125
9 0.3244924453125 0.196505921875 0.27322245624999997 0.1901753765625 0.25523577343750004 0.3358436984375 0.30650575625 0.34217420625 0.3244924453125 0.196505921875
7 0.33680555624999997 0.34027777812500004 0.33246527812500004 0.34027777812500004 0.33246527812500004 0.39149305624999997 0.33680555624999997 0.39149305624999997 0.33680555624999997 0.34027777812500004
7 0.38149510468750003 0.3524273015625 0.37788984062500003 0.35223276875 0.37413194375000003 0.421875 0.37773720625 0.42206953125 0.38149510468750003 0.3524273015625
7 0.619646365625 0.3311494671875 0.6099543781250001 0.3316109671875 0.614583325 0.42881944375 0.6242753109375 0.42835794531250004 0.619646365625 0.3311494671875
7 0.64096955625 0.4101583234375 0.648014809375 0.4096222921875 0.640625 0.3125 0.6335798234375 0.31303602812500003 0.64096955625 0.4101583234375
7 0.6603118328125 0.3041469984375 0.6527777640625 0.30381944375000003 0.6493055562500001 0.38368055624999997 0.656839625 0.3840081109375 0.6603118328125 0.3041469984375
