2 0.33662532500000003 0.42587907031250005 0.293659321875 0.420541340625 0.284033765625 0.49801729687499996 0.32699976406250003 0.503354996875 0.33662532500000003 0.42587907031250005
2 0.3698734375 0.6126453125 0.3998687109375 0.5648833796875 0.3407206203125 0.527741078125 0.31072538125000004 0.5755027234375001 0.3698734375 0.6126453125
2 0.63491025 0.548215640625 0.6863507359375001 0.541066765625 0.6760572765624999 0.4670074921875 0.624617396875 0.47415632343749997 0.63491025 0.548215640625
2 0.68255151875 0.5243593140625 0.726618965625 0.5136422656249999 0.7131859953124999 0.458412346875 0.669118915625 0.46912934999999995 0.68255151875 0.5243593140625
9 0.2695511421875 0.5122058171874999 0.206237425 0.5241224812499999 0.233146640625 0.6670777375 0.2964603140625 0.655161228125 0.2695511421875 0.5122058171874999
3 0.397647846875 0.53616668125 0.42068847500000006 0.5447392078125 0.43151630625 0.5156392703125 0.40847578125000006 0.5070667640625001 0.397647846875 0.53616668125
3 0.404029378125 0.5984658125 0.41556149375 0.583945328125 0.39384714062500004 0.56670165625 0.3823150421875 0.5812221046875 0.404029378125 0.5984658125
3 0.6650852140625 0.5860435984375 0.6481611 0.5600092375 0.606061353125 0.58737414375 0.6229853375000001 0.6134083875 0.6650852140625 0.5860435984375
3 0.659725528125 0.570923778125 0.6873925484375001 0.581501321875 0.70189344375 0.5435756359374999 0.6742265953125 0.5329981296875 0.659725528125 0.570923778125
9 0.826926075 0.54684871875 0.7266957875 0.53987375 0.719761240625 0.63951310625 0.819991521875 0.6464880125 0.826926075 0.54684871875
3 0.60124485625 0.5611878124999999 0.614974828125 0.5346454031250001 0.58827435625 0.52083490625 0.5745443765625 0.54737725 0.60124485625 0.5611878124999999
7 0.693789928125 0.37712659375 0.690170715625 0.3769818328125 0.6875 0.44375 0.6911192140625 0.443894759375 0.693789928125 0.37712659375
7 0.677190184375 0.40248444531249994 0.6780101421875 0.4024596 0.6770833328125 0.371875 0.6762633796874999 0.37189984531250003 0.677190184375 0.40248444531249994
7 0.6847977375000001 0.43481454687500004 0.686458353125 0.4343749953125 0.6780101390625 0.4024596 0.6763495296875 0.4028991515625 0.6847977375000001 0.43481454687500004
7 0.320958696875 0.3513093765625 0.31495472812499997 0.3505816546875 0.3083333328125 0.40520833281249996 0.3143373015625 0.4059360515625 0.320958696875 0.3513093765625
7 0.3458300328125 0.3574802328125 0.3354166265625 0.3552083234375 0.3229166671875 0.4125 0.33333007187499997 0.4147719 0.3458300328125 0.3574802328125
5 0.372530984375 0.38481323125 0.32613436875 0.38595875468749996 0.32929161093750003 0.5138278749999999 0.3756882265625 0.5126823625 0.372530984375 0.38481323125
