3 0.36556251562500003 0.5419358125 0.31641450781249997 0.5335505890625 0.3043886796875 0.604030440625 0.3535366734375 0.6124156140625 0.36556251562500003 0.5419358125
3 0.30715551093750004 0.5144484671875 0.3462307265625 0.517304428125 0.351478325 0.44550891562499995 0.3124035234375 0.442652971875 0.30715551093750004 0.5144484671875
3 0.3985224515625 0.469785128125 0.35427966718750004 0.4592328078125 0.3396127390625 0.520722471875 0.3838555078125 0.531274740625 0.3985224515625 0.469785128125
2 0.494225025 0.5101046796875 0.4942249109375 0.5797906671875 0.5247969 0.579790615625 0.5247968375000001 0.510104809375 0.494225025 0.5101046796875
2 0.6469199578125 0.5161165703124999 0.6985464015625 0.5077346109375 0.6879668234375 0.44257894531249997 0.6363408734375 0.4509608625 0.6469199578125 0.5161165703124999
3 0.6501056125 0.6026721890625 0.6325425124999999 0.5380013015625 0.5777154765625 0.552889603125 0.595278203125 0.6175601703125 0.6501056125 0.6026721890625
3 0.62631778125 0.5428695968749999 0.645017059375 0.6055940859375 0.7012795703125 0.5888225625 0.682580109375 0.5260983859375 0.62631778125 0.5428695968749999
7 0.32340769062499997 0.441993415625 0.3312500421875 0.441666665625 0.32703819218749997 0.34058347968749997 0.319195934375 0.34091022656250003 0.32340769062499997 0.441993415625
7 0.3292065265625 0.41991629374999995 0.33273248125 0.4200695890625 0.33478183906250003 0.3729343546875 0.3312559046875 0.3727810609375 0.3292065265625 0.41991629374999995
7 0.3441824078125 0.3581944125 0.336980478125 0.3583441328125 0.33854166406249997 0.43343749843749996 0.34574359375 0.43328777812499997 0.3441824078125 0.3581944125
7 0.36043139218750003 0.4589891796875 0.36354169999999997 0.45843749218749996 0.352215021875 0.39458354375 0.3491047390625 0.39513522968750003 0.36043139218750003 0.4589891796875
7 0.37852216250000004 0.47067627968750003 0.3822916703125 0.47083333281249995 0.3834821421875 0.4422619046875 0.37971265 0.4421048515625 0.37852216250000004 0.47067627968750003
7 0.513042946875 0.392104896875 0.5062499828125 0.39166666562499997 0.5000861328124999 0.487206521875 0.506879096875 0.48764475 0.513042946875 0.392104896875
7 0.64739021875 0.36055465625 0.6416666671875 0.3614583328125 0.651640471875 0.4246258171875 0.657364021875 0.42372214374999995 0.64739021875 0.36055465625
7 0.65969976875 0.4240134765625 0.662169153125 0.42382353124999994 0.65625 0.346875 0.6537806374999999 0.34706494375 0.65969976875 0.4240134765625
7 0.6592911703125 0.4235835203125 0.6666666671875 0.425104165625 0.6753888890625 0.3828013796875 0.6680134296875 0.3812807375 0.6592911703125 0.4235835203125
