9 0.2546614390625 0.6765226296875 0.309448709375 0.6377203296875 0.23230582812499997 0.5288109796875 0.177519509375 0.5676128 0.2546614390625 0.6765226296875
2 0.31728487968749997 0.439610440625 0.30095028749999997 0.488610196875 0.3516186703125 0.5054996890625 0.367953040625 0.456500121875 0.31728487968749997 0.439610440625
3 0.6534778796875 0.57639061875 0.6421504078125 0.5519954874999999 0.605229825 0.5691372671875 0.6165571937500001 0.5935323109375 0.6534778796875 0.57639061875
3 0.6384985453125 0.49594992656250003 0.6540782093749999 0.5169809437499999 0.6857525015625 0.4935184921875 0.6701728609375001 0.4724875359375 0.6384985453125 0.49594992656250003
3 0.366494790625 0.5885960859375 0.3736081296875 0.561438353125 0.3293539859375 0.549848109375 0.322240578125 0.5770057343749999 0.366494790625 0.5885960859375
3 0.3134125828125 0.5233793453125 0.2839484234375 0.5306438140624999 0.2939982390625 0.5714014484375001 0.3234623875 0.5641370046875 0.3134125828125 0.5233793453125
3 0.3005803296875 0.490816075 0.319003478125 0.476022640625 0.2877309546875 0.43707974062500005 0.26930788906249997 0.451873121875 0.3005803296875 0.490816075
7 0.3266643765625 0.42327362031250004 0.334405340625 0.42193389375 0.31979166718749996 0.3375 0.31205077812500004 0.3388397203125 0.3266643765625 0.42327362031250004
7 0.3345121296875 0.326084284375 0.3298873140625 0.3259955203125 0.328125 0.41781249843749996 0.332749815625 0.41790126250000004 0.3345121296875 0.326084284375
7 0.3368055578125 0.42071715468750004 0.34321454687499997 0.4210868890625 0.3483820171875 0.331517221875 0.3419730921875 0.3311474890625 0.3368055578125 0.42071715468750004
6 0.6134864453125 0.7218605203124999 0.5964865203125 0.7645925625000001 0.6343713015625 0.77966131875 0.651370990625 0.736929478125 0.6134864453125 0.7218605203124999
