2 0.549923196875 0.47685537968749997 0.4533315375 0.473235015625 0.4498197640625 0.5669220140625 0.546411421875 0.5705423515625 0.549923196875 0.47685537968749997
3 0.619112065625 0.5804723968750001 0.595560390625 0.5813445859375 0.5965081796875 0.6069349546875 0.6200598546875 0.6060627671875001 0.619112065625 0.5804723968750001
6 0.26708210625 0.675904440625 0.2821163625 0.6481521531250001 0.24640214375 0.62880718125 0.231367878125 0.6565593578125 0.26708210625 0.675904440625
6 0.5801799234375 0.3813415671875 0.5957164265625 0.40601612343750004 0.6275165921875 0.3859937703125 0.6119800953125 0.36131926875000003 0.5801799234375 0.3813415671875
6 0.69674399375 0.70042725 0.7189335125 0.692533553125 0.69894580625 0.6363555015625 0.6767565375 0.6442491484375 0.69674399375 0.70042725
6 0.69344084375 0.654640615625 0.6470712265625 0.6624295421874999 0.6589740015625 0.7332797984375 0.7053436046875 0.72549093125 0.69344084375 0.654640615625
6 0.7495300125 0.6643338937500001 0.7212582140625 0.613778534375 0.686152275 0.6334082515625 0.7144238406250001 0.683963409375 0.7495300125 0.6643338937500001
6 0.726490740625 0.643030325 0.7430743093750001 0.643030325 0.7430742484375 0.601209134375 0.7264908109375 0.601209134375 0.726490740625 0.643030325
6 0.6270905499999999 0.71738993125 0.6142763875 0.7250740875 0.6273288078125 0.746836853125 0.640142953125 0.7391527203125 0.6270905499999999 0.71738993125
6 0.36713125468749996 0.7411354218749999 0.386720940625 0.7419867203125 0.3883569484375 0.7043438875 0.36876742500000004 0.703492590625 0.36713125468749996 0.7411354218749999
6 0.32908679375 0.7439472234375 0.35314108437499997 0.7510180609375 0.37336959062499997 0.6822130265624999 0.349315653125 0.6751422453125 0.32908679375 0.7439472234375
6 0.31220645468749997 0.7218477765625 0.341411578125 0.7272246859375 0.3522232109375 0.668508165625 0.3230184484375 0.663131290625 0.31220645468749997 0.7218477765625
6 0.2866127203125 0.6778179671875 0.303659578125 0.686960121875 0.320482028125 0.6555964328125 0.3034352703125 0.6464543109374999 0.2866127203125 0.6778179671875
7 0.45589551093749997 0.7004186890625 0.46508967031250004 0.7012835671875 0.475341971875 0.5923088765625 0.4661480046875 0.5914440078125 0.45589551093749997 0.7004186890625
6 0.457717565625 0.7126010640625 0.470075421875 0.715894665625 0.47889652656250004 0.6828020140625 0.46653875625 0.6795084250000001 0.457717565625 0.7126010640625
