1 0.709578125 0.590940625 0.709578125 0.58745625 0.7078796875 0.5777 0.7072015625 0.5749125 0.704484375 0.5707312499999999 0.70210625 0.567246875 0.701765625 0.563065625 0.70210625 0.551915625 0.701765625 0.5491296875 0.6983703125 0.5442515625000001 0.6946328125 0.5421609375 0.6912359375 0.5428578125 0.6881796875 0.5442515625000001 0.6858015625 0.5477359374999999 0.682065625 0.551915625 0.6766296875 0.5554 0.6749328125 0.55679375 0.673234375 0.557490625 0.6715359375000001 0.558884375 0.6701765625 0.564459375 0.670515625 0.568640625 0.6735734375 0.5735187500000001 0.6745921874999999 0.5749125 0.6766296875 0.577003125 0.678328125 0.5777 0.6803671875 0.58188125 0.68070625 0.588153125 0.68070625 0.592334375 0.68070625 0.5972125 0.6813859375 0.605575 0.683084375 0.607665625 0.68851875 0.60975625 0.6915765625 0.60975625 0.6932750000000001 0.60975625 0.696671875 0.609059375 0.699728125 0.606271875 0.70210625 0.60418125 0.7048234375 0.602090625 0.7072015625 0.6 0.708559375 0.596515625 0.7092390625 0.59303125 0.709578125 0.590940625
9 0.2682971375 0.43265934687499996 0.2721644828125 0.43894378593749994 0.29391830625000004 0.43652669375 0.2958519796875 0.42250756406249995 0.29923590624999996 0.40993868906250003 0.3069705984375 0.38625119375 0.31180478125 0.3611134453125 0.3176058 0.3475777328125 0.3234068203125 0.3359756953125 0.32050631093750004 0.31760580156249996 0.31470529062499997 0.3074540171875 0.30020274375 0.2876338671875 0.2832831046875 0.2794157578125 0.274581575 0.28038259375 0.271681065625 0.285216778125 0.2765152484375 0.2944017234375 0.28134943125 0.296818815625 0.2852167765625 0.3069705984375 0.2721644828125 0.3456440609375 0.2629795375 0.37174864687500003 0.26249611875 0.4051045078125 0.2682971375 0.43265934687499996
3 0.317601834375 0.52826505625 0.3170174703125 0.52096050625 0.3132191046875 0.5110263171875 0.30825200937499997 0.507227953125 0.3021161875 0.5031374046875 0.292182 0.49992340312500005 0.2889679984375 0.50401395 0.288675815625 0.5078123171875 0.2895523625 0.5127794109375 0.2918898171875 0.5174543218750001 0.2936429109375 0.5200839609375 0.2968569125 0.5230057796875001 0.3032849171875 0.526804146875 0.3024083703125 0.5262197828125 0.30766764687500003 0.529141603125 0.3094207375 0.5306025125 0.31643310625 0.5311868765625001 0.317601834375 0.52826505625
1 0.3766225984375 0.6080307421875 0.3792522359375 0.6036480125 0.3780835078125 0.5983887359375 0.37253205 0.5948825531249999 0.3652275 0.592545096875 0.354416765625 0.5867014562499999 0.3506184 0.584364 0.3462356703125 0.5867014562499999 0.347112215625 0.5913763671875001 0.3532480390625 0.6059854671875 0.3550011296875 0.6129978375 0.3587994953125 0.6150431109375 0.366396228125 0.614458746875 0.37019459375 0.6129978375 0.3766225984375 0.6080307421875
1 0.32812038593750004 0.5744298125 0.32227674687499996 0.5694627171875 0.3158487421875 0.5644956234375 0.31409565 0.5630347140625 0.305622371875 0.56245035 0.3067911 0.5712158109375001 0.30971292031250003 0.5808578171875001 0.31409565 0.5867014562499999 0.32052365312500003 0.5881623671875 0.32782820468749996 0.5814421796875 0.32812038593750004 0.5744298125
3 0.6497536984375001 0.6025198296875 0.6511937546875 0.5927274421875001 0.6555139249999999 0.58264704375 0.6555139249999999 0.575446759375 0.6529218234374999 0.56968653125 0.649177675 0.567094428125 0.6471615953125001 0.5676704515625 0.64428148125 0.5691105078125 0.6393852875 0.5728546578125 0.627288809375 0.578326871875 0.622392615625 0.5823590328125 0.622392615625 0.5881192609375 0.62325665 0.5938794875 0.625560740625 0.5996397171875001 0.6281528437499999 0.6033838640625 0.63794523125 0.6033838640625 0.640249321875 0.6039598875000001 0.64111335625 0.60539994375 0.643705459375 0.6097201140624999 0.64744960625 0.6091440921875 0.6497536984375001 0.6025198296875
9 0.7413264749999999 0.6644518015624999 0.7545469609375 0.660044971875 0.7628709703125 0.6394797718749999 0.7633606171875 0.6037354968749999 0.763850265625 0.5420399 0.7628709703125 0.49797161562500003 0.756015903125 0.49209584375000004 0.745733303125 0.4930751390625 0.7403471796875001 0.496013025 0.7320231703125 0.5013991484375 0.722719865625 0.5082542140624999 0.7139062093749999 0.5165782234375 0.7114579703125 0.525881528125 0.712437265625 0.5351848328125001 0.7129269140625001 0.5464467281250001 0.71439585625 0.5547707374999999 0.72223021875 0.577294528125 0.726637046875 0.5807220609375 0.7281059890625 0.5856185375 0.7285956375 0.598839021875 0.7325128171874999 0.617935278125 0.7413264749999999 0.6644518015624999
3 0.700080521875 0.5153418296875001 0.7152173984375 0.5081174109375 0.720033678125 0.4912604359375 0.711089159375 0.4802517984375 0.707304940625 0.48093983749999997 0.7007685625 0.485068078125 0.6956082640625 0.48850827656250007 0.6890718859375 0.496764753125 0.690791984375 0.5008929921874999 0.690791984375 0.5033011328125 0.6894159046875 0.51018153125 0.69526424375 0.51602986875 0.700080521875 0.5153418296875001
0 0.4517005328125 0.6886542953125 0.5423105359375 0.674062234375 0.6740250234375 0.6246316125 0.664165271875 0.6011020125 0.644376953125 0.6136094875 0.573555346875 0.6480050125 0.4287877015625 0.6532164578125 0.32880431875 0.6188209328125 0.3204723375 0.6365398124999999 0.37150554687500004 0.6667662437499999 0.4517005328125 0.6886542953125
0 0.32567980625000004 0.4927039546875 0.38087900625 0.5218880359375 0.4464930640625 0.5270994796874999 0.5263020593750001 0.5158854171875 0.523563615625 0.494788540625 0.4704474515625 0.49999998437500004 0.390252465625 0.5072960156249999 0.32984579687500004 0.4739427625 0.32567980625000004 0.4927039546875
