2 0.481996875 0.4773515625 0.48165781250000006 0.4878046875 0.481996875 0.4975609375 0.4840359375 0.5045296875 0.48641249999999997 0.5087109375 0.49116875000000004 0.5128921875 0.49558437499999997 0.5142859375 0.50101875 0.5128921875 0.5050953125000001 0.5073171875 0.506453125 0.4982578125 0.5071328125 0.4878046875 0.5061140625 0.4822296875 0.5037359375 0.4703828125 0.5020374999999999 0.4627171875 0.5 0.45574843749999994 0.49660312500000003 0.4522640625 0.494565625 0.45365781250000003 0.4891296875 0.4571421875 0.48539374999999996 0.46620156250000006 0.48335625000000004 0.4752609375 0.481996875 0.4773515625
2 0.4884515625 0.585365625 0.4884515625 0.590940625 0.4891296875 0.5972125 0.49015000000000003 0.6027875 0.49015000000000003 0.61254375 0.4904890625 0.617421875 0.4925265625 0.618815625 0.497621875 0.618815625 0.50101875 0.6160281249999999 0.5020374999999999 0.6139375 0.5047546875 0.62090625 0.5071328125 0.6223 0.509171875 0.6223 0.5125671875 0.6160281249999999 0.5139265625 0.610453125 0.5152859375000001 0.6 0.5152859375000001 0.592334375 0.5139265625 0.58188125 0.512228125 0.5749125 0.5108703125 0.5707312499999999 0.5081515624999999 0.5693374999999999 0.5030578125 0.5693374999999999 0.49660312500000003 0.5693374999999999 0.4938859375 0.5693374999999999 0.49116875000000004 0.5735187500000001 0.4891296875 0.5783968749999999 0.4884515625 0.585365625
2 0.592390625 0.635540625 0.598165625 0.63484375 0.5985046875 0.631359375 0.599184375 0.616725 0.5978265625 0.607665625 0.5954484375 0.5937281249999999 0.5889953125 0.5749125 0.5842390625 0.56794375 0.5760875000000001 0.567246875 0.5699734375000001 0.572821875 0.5665765625 0.57630625 0.5645374999999999 0.5783968749999999 0.5618203125 0.58745625 0.56148125 0.595121875 0.56351875 0.604878125 0.5675953125000001 0.610453125 0.568953125 0.61533125 0.57133125 0.6223 0.5723499999999999 0.62926875 0.5842390625 0.635540625 0.592390625 0.635540625
7 0.5173234375 0.618815625 0.515625 0.6250875 0.51460625 0.6369343749999999 0.513246875 0.6501734375 0.5125671875 0.6592328125 0.5098499999999999 0.6836234375 0.50883125 0.6975609375 0.5084921875 0.7087109375 0.510190625 0.7177703125 0.512228125 0.7170734375000001 0.5152859375000001 0.7114984375 0.5163046875 0.7031359375 0.5183421874999999 0.6912890625 0.5197015625 0.6829265625 0.5214000000000001 0.6724734375 0.5234375 0.6641109375 0.526834375 0.648084375 0.5271734375 0.63763125 0.5271734375 0.62648125 0.5271734375 0.62090625 0.52445625 0.62090625 0.5173234375 0.618815625
7 0.60054375 0.6459937499999999 0.5995250000000001 0.63484375 0.5974859375 0.631359375 0.5957874999999999 0.631359375 0.5900140625 0.632753125 0.580503125 0.6334500000000001 0.5730296874999999 0.6334500000000001 0.5743890625 0.642509375 0.5788046875 0.6578390625 0.5818609375 0.6682921875 0.583559375 0.6787453125 0.58491875 0.6864109375 0.5862765624999999 0.6982578125 0.5876359375 0.7121953125 0.591371875 0.7289203125 0.595109375 0.7386765625 0.600203125 0.7477359375 0.6032609375 0.7491296875 0.606996875 0.7456453125 0.608015625 0.7400703125 0.608015625 0.7331015625 0.6073375000000001 0.7240421875 0.6066578125000001 0.7156796875 0.6035999999999999 0.6982578125 0.60258125 0.6829265625 0.6015625 0.6724734375 0.6012234375000001 0.6571421875000001 0.60054375 0.6459937499999999
0 0.5755208328125 0.625 0.5234375 0.62890625 0.4479166671875 0.61328125 0.38671875 0.59375 0.3020833328125 0.5638020828125 0.30859375 0.5794270828125 0.4466145828125 0.640625 0.5026041671875 0.6419270828125 0.6380208328125 0.6184895828125 0.7096354171875 0.6002604171875 0.6979166671875 0.5872395828125 0.5755208328125 0.625
0 0.578125 0.4557291671875 0.6497395828125 0.4375 0.7083333328125 0.4192708328125 0.71484375 0.39453125 0.6588541671875 0.4309895828125 0.58984375 0.4453125 0.5338541671875 0.43359375 0.4700520828125 0.4140625 0.4231770828125 0.4140625 0.35546875 0.4010416671875 0.29296875 0.3854166671875 0.2942708328125 0.3971354171875 0.3463541671875 0.4036458328125 0.4322916671875 0.43359375 0.5286458328125 0.4440104171875 0.578125 0.4557291671875
9 0.2760416671875 0.6302083328125 0.3294270828125 0.6145833328125 0.3151041671875 0.5104166671875 0.2265625 0.5364583328125 0.2760416671875 0.6302083328125
8 0.46875 0.7057291671875 0.484375 0.7096354171875 0.4869791671875 0.58203125 0.4713541671875 0.6276041671875 0.46875 0.7057291671875
8 0.4440104171875 0.74609375 0.4661458328125 0.71875 0.4713541671875 0.5911458328125 0.4518229171875 0.61328125 0.4440104171875 0.74609375
5 0.4895833328125 0.453125 0.4973958328125 0.3489583328125 0.4700520828125 0.3411458328125 0.4609375 0.3815104171875 0.46875 0.4908854171875 0.4778645828125 0.5 0.4895833328125 0.453125
