2 0.5023990656249999 0.552097015625 0.476080646875 0.551366340625 0.47412017031250003 0.6219741062499999 0.5004385890624999 0.6227047765625 0.5023990656249999 0.552097015625
2 0.5007752609375 0.626597815625 0.527926425 0.627477203125 0.5303696953125 0.5520438140625 0.503218903125 0.5511644328124999 0.5007752609375 0.626597815625
2 0.555515625 0.5617734375000001 0.5304109375 0.5617734375000001 0.5304109375 0.62790625 0.555515625 0.62790625 0.555515625 0.5617734375000001
2 0.5361566828125001 0.6520058953125 0.5151698453125 0.6515791515625 0.5137046187500001 0.723627234375 0.5346914546875 0.7240539765625 0.5361566828125001 0.6520058953125
2 0.48011363593749995 0.609375 0.4801134796875 0.5610794328125001 0.4502840640625 0.5610795453125 0.45028409375 0.609374984375 0.48011363593749995 0.609375
5 0.6690340906250001 0.5355113640625 0.6280681109375 0.541363053125 0.63636360625 0.5994318234375 0.6773295796875 0.5935801625 0.6690340906250001 0.5355113640625
7 0.463778409375 0.45525568125 0.46164772656249997 0.45525568125 0.46164772656249997 0.49928977343750003 0.463778409375 0.49928977343750003 0.463778409375 0.45525568125
7 0.5178046562499999 0.501298009375 0.519886365625 0.5014204546875 0.5225558343750001 0.45603937656250004 0.5204741390625001 0.45591693125 0.5178046562499999 0.501298009375
7 0.543748025 0.5146284359375 0.5475852265625 0.5149147734375 0.551136365625 0.46732954531250004 0.5472991921875 0.46704320781249997 0.543748025 0.5146284359375
7 0.528237015625 0.7276117578125 0.5213068187500001 0.7279829546875 0.5244421953125 0.786510146875 0.5313723921875 0.786138953125 0.528237015625 0.7276117578125
