3 0.5630015125 0.6233926984375 0.5748885265625 0.6325945 0.59421420625 0.6076321609375 0.5823272375 0.5984303859375 0.5630015125 0.6233926984375
3 0.6164080937499999 0.6010500359375001 0.6562319703124999 0.614940596875 0.672653325 0.5678655531250001 0.632829771875 0.5539750531250001 0.6164080937499999 0.6010500359375001
3 0.6091859296875 0.5326833984375 0.6187809453125 0.517332578125 0.6025460953125 0.5071858437500001 0.5929510828125 0.522536640625 0.6091859296875 0.5326833984375
3 0.3029127390625 0.46366992656250006 0.278599215625 0.47076086562499997 0.2863831703125 0.497448734375 0.3106966875 0.490357809375 0.3029127390625 0.46366992656250006
3 0.3550565421875 0.511117734375 0.372943159375 0.5092350765625 0.37096607656249997 0.4904530734375 0.3530795109375 0.49233572812500004 0.3550565421875 0.511117734375
3 0.38006028281250004 0.4976004609375 0.380060253125 0.5217638 0.40299496250000005 0.5217637859375001 0.40299494999999996 0.4976004890625 0.38006028281250004 0.4976004609375
3 0.3110097859375 0.52269569375 0.284904865625 0.5345604328125 0.3054103546875 0.5796726375000001 0.3315152453125 0.567807946875 0.3110097859375 0.52269569375
8 0.342728075 0.42776805468749995 0.3265797578125 0.4343737671875 0.339843728125 0.466796884375 0.3559920359375 0.4601911875 0.342728075 0.42776805468749995
8 0.31030138749999997 0.4646820734375 0.32439281875 0.4661542265625 0.32976049375 0.4147774875 0.315669159375 0.4133053390625 0.31030138749999997 0.4646820734375
8 0.3345102125 0.47919170624999996 0.34965954843749997 0.47616202812499997 0.33929286406250003 0.4243289734375 0.324143634375 0.42735864062499995 0.3345102125 0.47919170624999996
