2 0.691964025 0.5927801796875001 0.6867051187500001 0.5230140390625 0.62796366875 0.5274414609375 0.6332222046875 0.597207259375 0.691964025 0.5927801796875001
9 0.25288250625 0.372275815625 0.30110747187500003 0.363056603125 0.275308146875 0.2281083734375 0.22708376874999997 0.23732752812500002 0.25288250625 0.372275815625
5 0.6551206406250001 0.48342139062499995 0.6585143718750001 0.4724867203125 0.63677679375 0.46574061093749997 0.633383053125 0.4766752625 0.6551206406250001 0.48342139062499995
6 0.73473306875 0.6877039578125 0.734733034375 0.663032953125 0.7146878578125 0.6630329875000001 0.714687840625 0.6877039421875 0.73473306875 0.6877039578125
7 0.65026683125 0.6739666328125 0.6583892890625 0.6740163484374999 0.6588893296875 0.5923212828125 0.6507669984375 0.5922715671875001 0.65026683125 0.6739666328125
7 0.6757715984375 0.5905999296875 0.6656925265625 0.5935119125 0.6898947234375 0.6772715796875 0.6999737859375 0.6743596203125 0.6757715984375 0.5905999296875
7 0.7157473390625 0.6563379765625 0.7226990421874999 0.65546089375 0.7124718390625 0.5744106375 0.7055202375 0.5752877125 0.7157473390625 0.6563379765625
7 0.7309074140625 0.5686253984375 0.7234367203125001 0.571295184375 0.7521242015625 0.65156064375 0.759594884375 0.648890878125 0.7309074140625 0.5686253984375
7 0.6684827953125 0.36151975625 0.6610379765625 0.36241274218749997 0.66870435625 0.426324446875 0.6761491734375 0.425431465625 0.6684827953125 0.36151975625
6 0.44500304531249996 0.2767311640625 0.42124664687499996 0.2687508953125 0.4066175453125 0.31229906406249996 0.43037393437500004 0.320279315625 0.44500304531249996 0.2767311640625
6 0.67078973125 0.7039854625 0.6667571296875 0.6811468656249999 0.6520791296875 0.6837381859375 0.6561116921875 0.7065767453125 0.67078973125 0.7039854625
6 0.6965414046875 0.677649978125 0.683702040625 0.680083690625 0.688086003125 0.7032085109375 0.7009253640625001 0.7007748046875 0.6965414046875 0.677649978125
