3 0.343271353125 0.542398765625 0.29336479375 0.5385533734375 0.2873761546875 0.61626800625 0.337282709375 0.620113371875 0.343271353125 0.542398765625
2 0.29824254375 0.539573834375 0.33860348125 0.5392016359375 0.3378378015625 0.456208525 0.29747738125 0.456580721875 0.29824254375 0.539573834375
2 0.388542940625 0.48824316718749994 0.3430702921875 0.4787453078125 0.3281068875 0.5503795375 0.37357951875 0.559877340625 0.388542940625 0.48824316718749994
2 0.376698384375 0.5658531250000001 0.40455162343750006 0.5658531250000001 0.40455145156250005 0.4954703125 0.3766985375 0.4954703125 0.376698384375 0.5658531250000001
3 0.648734090625 0.562964525 0.5919164640625 0.5673356703125 0.59782041875 0.6440690859375 0.6546380421875 0.639697971875 0.648734090625 0.562964525
3 0.63563241875 0.5676392078125 0.6499097640625 0.6361539328125 0.7090974640625001 0.62382119375 0.6948198453125001 0.5553068437500001 0.63563241875 0.5676392078125
9 0.7700044 0.547296121875 0.703124940625 0.5440340875 0.6974431812499999 0.6605113640625 0.7643226390625 0.6637733640625 0.7700044 0.547296121875
6 0.311990934375 0.6993102875 0.31534090937500003 0.7244318187500001 0.3366477296875 0.7215909265625 0.3332977046875 0.6964694546875 0.311990934375 0.6993102875
7 0.32008228125 0.4644103140625 0.3295454625 0.46519886406250005 0.33617745781249997 0.38561418125 0.32671437812500004 0.3848256359375 0.32008228125 0.4644103140625
7 0.34264015 0.43172252968749997 0.350852275 0.4801136421875 0.3564229859375 0.479168328125 0.348210846875 0.4307772359375 0.34264015 0.43172252968749997
7 0.35713934375 0.483360871875 0.36394295468750004 0.4834313359375 0.364955784375 0.38564024375 0.3581522625 0.38556978124999997 0.35713934375 0.483360871875
7 0.3870316640625 0.501647534375 0.3946253125 0.501732340625 0.3955085578125 0.4226476453125 0.3879149921875 0.42256283906250003 0.3870316640625 0.501647534375
6 0.6982382171875 0.7177782953125 0.68414858125 0.7114034671875 0.673144528125 0.7357207359375 0.687234153125 0.7420955453125 0.6982382171875 0.7177782953125
7 0.32250100625 0.3882690203125 0.3185906421875 0.3882442296875 0.31812469062500004 0.46174024375 0.32203505468750004 0.46176503437500005 0.32250100625 0.3882690203125
6 0.7095898593750001 0.7002807359375 0.699340190625 0.6974559515625 0.6922545312499999 0.723162175 0.702504196875 0.7259869515624999 0.7095898593750001 0.7002807359375
