2 0.30721098125 0.5275295171875001 0.335342540625 0.4968881828125 0.28277416718750004 0.448629265625 0.2546427390625 0.47927043593749996 0.30721098125 0.5275295171875001
3 0.344121646875 0.5519991640625 0.3755301953125 0.5579791203125 0.386887990625 0.498328690625 0.35547974375 0.4923487640625 0.344121646875 0.5519991640625
2 0.28952554375 0.5211023421875 0.266645359375 0.5514782203124999 0.320556984375 0.5920823046875 0.3434369796875 0.5617065984375 0.28952554375 0.5211023421875
3 0.603961 0.4963656203125 0.6039608875 0.555232846875 0.6379062625 0.5552327921875 0.6379062156249999 0.4963657265625 0.603961 0.4963656203125
3 0.5986198171875 0.572932996875 0.583582384375 0.6079035390625 0.6225873265625 0.6246737875 0.6376246 0.5897033796875 0.5986198171875 0.572932996875
3 0.320441628125 0.5079757515625001 0.3101618578125 0.5262492828124999 0.342873296875 0.54464948125 0.353153003125 0.52637600625 0.320441628125 0.5079757515625001
3 0.2994994671875 0.6063827468749999 0.31614496875000003 0.583794659375 0.292136684375 0.566104475 0.27549120625 0.588692503125 0.2994994671875 0.6063827468749999
9 0.176208996875 0.6403965078125 0.231414425 0.6755960265625001 0.304552696875 0.5609010249999999 0.24934830468750002 0.5257019453125 0.176208996875 0.6403965078125
2 0.65601306875 0.556348225 0.6748563453124999 0.5866585859375 0.730306 0.5521898125 0.711462740625 0.5218796171875 0.65601306875 0.556348225
7 0.673973015625 0.37609848437500004 0.66564554375 0.37822864375 0.6888020312500001 0.46875001406249994 0.6971294968749999 0.4666198671875 0.673973015625 0.37609848437500004
2 0.6805421640625 0.5263393625 0.722099475 0.522285271875 0.71484375 0.4479166671875 0.6732868984375 0.451970734375 0.6805421640625 0.5263393625
7 0.28617995 0.47006416093750003 0.3105469140625 0.4726562546875 0.3203125 0.380859375 0.29594583124999996 0.3782672984375 0.28617995 0.47006416093750003
