3 0.6600034406249999 0.5789027890625 0.6529405328125 0.5273497468749999 0.60060046875 0.5345197984375 0.60766311875 0.5860726109375001 0.6600034406249999 0.5789027890625
3 0.7191820828125 0.50868445 0.6861242828125 0.48117442343750005 0.6410531453125 0.53533045625 0.6741108046875001 0.562840328125 0.7191820828125 0.50868445
3 0.6637324375 0.6447475593750001 0.6361963625 0.5923232265625 0.5765655515625 0.623640865625 0.604101228125 0.67606485625 0.6637324375 0.6447475593750001
3 0.3380802140625 0.6222917515625 0.3631936109375 0.5734217687500001 0.30107654687499996 0.5415043125000001 0.275963109375 0.5903739890625 0.3380802140625 0.6222917515625
3 0.339815625 0.467296875 0.2970296875 0.467296875 0.2970296875 0.5465109375 0.339815625 0.5465109375 0.339815625 0.467296875
3 0.3821167 0.5805243984375 0.39898017812500003 0.5230779625 0.3426037984375 0.5065300625 0.3257401578125 0.5639762203124999 0.3821167 0.5805243984375
7 0.96953125 0.9203125 0.959375 0.9203125 0.959375 0.9421875 0.96953125 0.9421875 0.96953125 0.9203125
9 0.6827506921875 0.34227819843749996 0.6277578125 0.37591874999999997 0.6839890703125 0.4678364140625 0.738981775 0.43419608906249996 0.6827506921875 0.34227819843749996
9 0.7563602609375 0.5259427156250001 0.6990146187499999 0.5248603578125 0.696690625 0.6479781250000001 0.754036265625 0.649060471875 0.7563602609375 0.5259427156250001
6 0.2934442328125 0.658367478125 0.2734739796875 0.669348259375 0.2946634 0.70787903125 0.3146336171875 0.6968983015625 0.2934442328125 0.658367478125
6 0.4629426078125 0.7592754015625001 0.44537917031249996 0.7623161031250001 0.4508938234375 0.7941635578125 0.46845725937499993 0.79112286875 0.4629426078125 0.7592754015625001
6 0.4804794125 0.7926454953125 0.4888848296875 0.7895426140625 0.47915956406250004 0.763202728125 0.47075419687500003 0.7663056 0.4804794125 0.7926454953125
6 0.6461630031250001 0.7551167234375 0.6509246015625 0.7700731515625 0.6723642078125 0.7632487 0.6676025890624999 0.748292309375 0.6461630031250001 0.7551167234375
6 0.7020445953125 0.7120812203125 0.68845165 0.7203833390625001 0.699244815625 0.7380519999999999 0.7128377453125 0.7297499000000001 0.7020445953125 0.7120812203125
7 0.6401416953125 0.45017665312500005 0.63352288125 0.44953713593750005 0.6285470921874999 0.5010315671875001 0.6351659046875 0.5016710828125001 0.6401416953125 0.45017665312500005
7 0.6167950125 0.41350423125 0.6100530234375 0.41415338593750006 0.618976303125 0.5068232328125 0.6257182921875 0.5061740828125 0.6167950125 0.41350423125
7 0.623736146875 0.4974154546875 0.6293512671875 0.49692340156250003 0.6241738546875 0.43784511249999997 0.61855878125 0.4383371625 0.623736146875 0.4974154546875
