2 0.322408234375 0.6208792765625 0.3497581828125 0.5936239140625 0.2988029296875 0.54249718125 0.27145315625 0.5697523703125 0.322408234375 0.6208792765625
2 0.6977787281250001 0.48670472187499997 0.6572073671875 0.489737584375 0.662140915625 0.55572955 0.7027122765625 0.5526967046875 0.6977787281250001 0.48670472187499997
2 0.6631359375 0.5087203125 0.6175843750000001 0.5087203125 0.6175843750000001 0.5813953125 0.6631359375 0.5813953125 0.6631359375 0.5087203125
2 0.6415908046875 0.5865595703125 0.5867782375 0.611371425 0.6133468375 0.6700578296875 0.668159309375 0.6452461265625 0.6415908046875 0.5865595703125
1 0.692796875 0.5988374999999999 0.68679375 0.5988374999999999 0.68679375 0.6228203125 0.692796875 0.6228203125 0.692796875 0.5988374999999999
3 0.3093961375 0.5492685078124999 0.32348145 0.540854565625 0.29434009843750003 0.4920747921875 0.280254884375 0.500488696875 0.3093961375 0.5492685078124999
3 0.3546714578125 0.5690006015625 0.36656515624999997 0.5548208812500001 0.3320609484375 0.52588199375 0.32016728125 0.5400616609375 0.3546714578125 0.5690006015625
3 0.3582033296875 0.6319893015625 0.3815952359375 0.618623971875 0.35710889218749997 0.5757731828125 0.33371715625 0.589138453125 0.3582033296875 0.6319893015625
3 0.40455510781250004 0.6268912828125 0.4076624375 0.6134275921875 0.3833009265625 0.60780575625 0.380193575 0.621269415625 0.40455510781250004 0.6268912828125
3 0.703287171875 0.58219161875 0.6838359656249999 0.5607975953125 0.6442257109375 0.5968070328125 0.6636768109375 0.618200953125 0.703287171875 0.58219161875
9 0.7336570499999999 0.6888775203125 0.7818216296875 0.6632274578125 0.72186716875 0.5506620609375 0.6737035328125 0.5763118171875 0.7336570499999999 0.6888775203125
7 0.6369782234375 0.5129194578125 0.64338605625 0.512071415625 0.6290675203125 0.4038878 0.6226597859375 0.4047358359375 0.6369782234375 0.5129194578125
7 0.656158771875 0.4184512953125 0.6480118828125 0.41794215 0.64236533125 0.5082875203125 0.6505122203125 0.5087966609375 0.656158771875 0.4184512953125
7 0.6688755625 0.3968851265625 0.6613255140625001 0.3975276453125 0.6679687375000001 0.4755859390625 0.6755187859375 0.4749434234375 0.6688755625 0.3968851265625
7 0.6734825609375 0.47184488281250003 0.6826172125000001 0.470703121875 0.674744584375 0.40772238437499997 0.6656100109375 0.408864140625 0.6734825609375 0.47184488281250003
7 0.6302849421875 0.66664756875 0.622801471875 0.6671355484375 0.6276951375 0.74217191875 0.63517860625 0.7416839421875 0.6302849421875 0.66664756875
7 0.6601227109375001 0.730872734375 0.6673629796875 0.7279770328125 0.638671875 0.65625 0.6314317093749999 0.659145678125 0.6601227109375001 0.730872734375
