2 0.416647484375 0.6814579078125 0.4214430953125 0.6055099140625 0.33772243125 0.6002241859375 0.3329262421875 0.676171553125 0.416647484375 0.6814579078125
3 0.7230930953125 0.496399440625 0.701855559375 0.4722677296875 0.666611846875 0.5032822875 0.68784929375 0.5274139124999999 0.7230930953125 0.496399440625
9 0.21311500468750003 0.6933061015625 0.290918625 0.6978822109375 0.297016875 0.5941982078125 0.2192148140625 0.58962214375 0.21311500468750003 0.6933061015625
3 0.3041960546875 0.570394328125 0.28991223125 0.589437290625 0.32534085625000003 0.616008796875 0.33962459843750004 0.5969659093749999 0.3041960546875 0.570394328125
9 0.718623575 0.6982333171875 0.77585118125 0.681240425 0.7364385375 0.5485273828125 0.6792123218749999 0.5655200546875 0.718623575 0.6982333171875
7 0.3304842890625 0.7473480593749999 0.3336049 0.7479568671875 0.348958371875 0.6692708406250001 0.3458378125 0.6686620359375001 0.3304842890625 0.7473480593749999
7 0.372170121875 0.678046578125 0.36458324062499997 0.677083321875 0.3541666671875 0.7591145828125 0.361753546875 0.7600778312500001 0.372170121875 0.678046578125
7 0.6171875 0.3841145828125 0.6158854171875 0.3841145828125 0.6158854171875 0.4596354171875 0.6171875 0.4596354171875 0.6171875 0.3841145828125
7 0.642348021875 0.453096578125 0.6432291671875 0.453125 0.6446571296875 0.408858228125 0.6437759890625 0.40882980468749996 0.642348021875 0.453096578125
7 0.667213521875 0.386796796875 0.657552046875 0.3854166625 0.6484375 0.44921875 0.6580989734375 0.450598878125 0.667213521875 0.386796796875
