1 0.3801604828125 0.651251578125 0.391932253125 0.6530748749999999 0.3969208859375 0.620870471875 0.3851491890625 0.61904718125 0.3801604828125 0.651251578125
1 0.41760937499999995 0.6271796875 0.40629375 0.6271796875 0.40629375 0.6635171875 0.41760937499999995 0.6635171875 0.41760937499999995 0.6271796875
2 0.3732114109375 0.5217089374999999 0.3270804984375 0.5127361578125 0.314031684375 0.5798168171875 0.36016258125 0.58878954375 0.3732114109375 0.5217089374999999
2 0.5989501875000001 0.5914259265624999 0.6330099625 0.5863833406250001 0.6229021718750001 0.5181189125000001 0.58884279375 0.5231614687499999 0.5989501875000001 0.5914259265624999
2 0.6652583125 0.5057769421875 0.6130843390625 0.5214035124999999 0.6323750671874999 0.5858055359375001 0.684549003125 0.5701790531250001 0.6652583125 0.5057769421875
2 0.6758316468750001 0.566623146875 0.7282996046875 0.5569006875 0.710600559375 0.4613967625 0.65813339375 0.4711191453125 0.6758316468750001 0.566623146875
7 0.3300190828125 0.4964664265625 0.33691408125 0.4960937484375 0.33400499687499996 0.44227612968749996 0.32711005000000004 0.44264880624999997 0.3300190828125 0.4964664265625
7 0.349609375 0.3955078125 0.3427734375 0.3955078125 0.3427734375 0.5 0.349609375 0.5 0.349609375 0.3955078125
7 0.6375053125 0.4051997015625 0.6331188125 0.4056109109375 0.64043025 0.48359978750000004 0.64481675 0.48318857968750006 0.6375053125 0.4051997015625
7 0.6826171765625 0.4580078125 0.686523446875 0.4580078125 0.6865234375 0.4033203125 0.6826171953125 0.4033203125 0.6826171765625 0.4580078125
7 0.6566812234375 0.756600225 0.667968996875 0.754882775 0.654296875 0.6650390625 0.6430093203125 0.6667564953125 0.6566812234375 0.756600225
7 0.6862465078125 0.740305978125 0.6937290328125 0.7378601203125 0.6688791640625 0.6618496031250001 0.6613967546875 0.664295440625 0.6862465078125 0.740305978125
7 0.6701620828125 0.46291645781249996 0.6816407718749999 0.460937475 0.6669921875 0.3759765625 0.6555136234375001 0.37795553593750003 0.6701620828125 0.46291645781249996
