2 0.581465103125 0.6667387984375 0.6263800234375 0.663184721875 0.62225754375 0.611096278125 0.5773430796875 0.6146503375 0.581465103125 0.6667387984375
3 0.4134055015625 0.47269135 0.36954550468749997 0.4710423796875 0.366492215625 0.5522488171875 0.41035221093749996 0.5538977765624999 0.4134055015625 0.47269135
3 0.3511448078125 0.5247001 0.362102328125 0.511004225 0.3361984453125 0.49028120625 0.32524094375 0.503977046875 0.3511448078125 0.5247001
3 0.612804128125 0.6113096078125 0.62325774375 0.6243751734375 0.6561848015625 0.5980334843749999 0.6457312125 0.58496796875 0.612804128125 0.6113096078125
9 0.6752823609374999 0.7248470703125001 0.7183685265624999 0.7192930703125 0.698673096875 0.566527321875 0.655588184375 0.5720812421875 0.6752823609374999 0.7248470703125001
3 0.59402856875 0.5284528515625 0.608157640625 0.555480096875 0.6402226078125001 0.5387188296875001 0.626093525 0.5116916609375 0.59402856875 0.5284528515625
3 0.573658096875 0.5296362125 0.578366578125 0.5545219109375 0.6060135 0.549291409375 0.6013049734375 0.52440576875 0.573658096875 0.5296362125
7 0.381689953125 0.46086094062500005 0.38769534375000003 0.458984365625 0.3779296875 0.427734375 0.3719243203125 0.4296109453125 0.381689953125 0.46086094062500005
7 0.3974609375 0.38671875 0.390625 0.38671875 0.390625 0.4560546875 0.3974609375 0.4560546875 0.3974609375 0.38671875
7 0.6189180953125 0.68058824375 0.611102640625 0.6834013624999999 0.636000734375 0.7525630734375001 0.6438161765625 0.7497499765625 0.6189180953125 0.68058824375
