3 0.36428451093750003 0.49539989531249995 0.331833384375 0.49313758593749996 0.327938065625 0.5490084421875 0.3603891921875 0.5512707421874999 0.36428451093750003 0.49539989531249995
2 0.442934375 0.5289203125 0.4147421875 0.5289203125 0.4147421875 0.594425 0.442934375 0.594425 0.442934375 0.5289203125
2 0.5487269078125 0.592935290625 0.5852600078125 0.591750403125 0.5835412921875001 0.5387681265625 0.5470085265625 0.539953009375 0.5487269078125 0.592935290625
2 0.6255565296875 0.5860946203124999 0.572675209375 0.6056213125000001 0.5952993765625 0.6668837562500001 0.6481806359375 0.647357184375 0.6255565296875 0.5860946203124999
3 0.31087191875000003 0.6290621546875 0.36007625625 0.6428976750000001 0.3785847046875 0.57708090625 0.3293809484375 0.563245471875 0.31087191875000003 0.6290621546875
3 0.43715145624999996 0.59987734375 0.41150654218750005 0.5979044234375 0.40685131406249997 0.6584081015625001 0.43249622499999996 0.6603810109375 0.43715145624999996 0.59987734375
3 0.6331515015625 0.5442515625000001 0.6711953984375 0.5442515625000001 0.671195246875 0.48919843749999997 0.6331516796875001 0.48919843749999997 0.6331515015625 0.5442515625000001
9 0.32203158906249996 0.56764605625 0.2815272203125 0.5679494234375 0.282530734375 0.7019196203125 0.3230351046875 0.7016162578125 0.32203158906249996 0.56764605625
7 0.424804675 0.4951171875 0.429687509375 0.4951171875 0.429687490625 0.4384765625 0.4248046953125 0.4384765625 0.424804675 0.4951171875
7 0.572181375 0.46304349375 0.5679303625000001 0.462873465625 0.5654296875 0.525390625 0.5696806999999999 0.5255606515625 0.572181375 0.46304349375
7 0.611896846875 0.716956646875 0.6152343859375 0.716796875 0.6138639046875001 0.688172925 0.6105263859375001 0.688332696875 0.611896846875 0.716956646875
