3 0.543155765625 0.65118220625 0.5726218249999999 0.6495857640625 0.5685238625 0.57396044375 0.5390582187499999 0.575556875 0.543155765625 0.65118220625
3 0.6021209562500001 0.524552575 0.63135070625 0.5231951125000001 0.627714278125 0.44490262031250005 0.5984848671874999 0.4462600765625 0.6021209562500001 0.524552575
3 0.600547596875 0.448806021875 0.5680789453124999 0.4515979 0.57503623125 0.5325031796874999 0.60750488125 0.5297113171875 0.600547596875 0.448806021875
3 0.411589621875 0.43759283125000004 0.3792503140625 0.4367187453125 0.3772008765625 0.51253851875 0.40954018437500006 0.5134126 0.411589621875 0.43759283125000004
3 0.45991870625000003 0.5421609375 0.4819969421875 0.5421609375 0.48199679218749997 0.4529609375 0.4599188609375 0.4529609375 0.45991870625000003 0.5421609375
3 0.5507481453125 0.441561871875 0.52633423125 0.4425970921875 0.5302477125 0.534883459375 0.5546616249999999 0.5338482453125 0.5507481453125 0.441561871875
9 0.28695324375000003 0.4799726234375 0.2336753578125 0.48798758906249995 0.25086823125 0.6022641296875 0.3041461015625 0.5942492406250001 0.28695324375000003 0.4799726234375
1 0.2853388046875 0.4922706921875 0.26969148125000003 0.4957450203125 0.2829215421875 0.5553243265625001 0.298568859375 0.5518500140625 0.2853388046875 0.4922706921875
9 0.7608328609375 0.5230474453125 0.690127296875 0.525363678125 0.693864846875 0.63944535 0.764570409375 0.637129140625 0.7608328609375 0.5230474453125
7 0.5433175343750001 0.35837467031250003 0.5358455875 0.3584558828125 0.5367655703125 0.443094615625 0.5442375171875 0.443013403125 0.5433175343750001 0.35837467031250003
