3 0.55570625 0.6501734375 0.5618203125 0.6473875 0.5665765625 0.6418125 0.5696328125 0.628571875 0.5709921875 0.6195125 0.5703125 0.60696875 0.56929375 0.5972125 0.5682750000000001 0.58745625 0.5652171874999999 0.58188125 0.5625 0.5804875 0.557065625 0.575609375 0.5509515625 0.5749125 0.5472140624999999 0.5811843750000001 0.545515625 0.586759375 0.5441578125000001 0.5937281249999999 0.5407609375 0.600696875 0.5410999999999999 0.613240625 0.5438171875 0.6257843750000001 0.5461953125 0.635540625 0.548234375 0.6446 0.5489124999999999 0.6508703125 0.55570625 0.6501734375
3 0.6019015624999999 0.4682921875 0.60054375 0.4794421875 0.60054375 0.4905921875 0.6015625 0.5024390624999999 0.6032609375 0.5142859375 0.6066578125000001 0.5212546875 0.6131109375 0.5240421875 0.6202453125 0.5233453124999999 0.626359375 0.5191640625 0.6300953125000001 0.5094078125 0.6300953125000001 0.49616718750000005 0.629415625 0.48153281249999996 0.6280578125 0.4655046875 0.6256796875 0.4522640625 0.623640625 0.44529687500000004 0.6192249999999999 0.44529687500000004 0.6110734375 0.44878125 0.6035999999999999 0.449478125 0.60258125 0.4592328125 0.6019015624999999 0.4682921875
3 0.360734375 0.42648125 0.3488453125 0.42299687500000005 0.34408906250000004 0.425784375 0.341371875 0.43554062499999996 0.3386546875 0.44599374999999997 0.3376359375 0.4620203125 0.337296875 0.4745640625 0.339334375 0.48919843749999997 0.34375 0.4926828125 0.3522421875 0.4905921875 0.3576765625 0.4898953125 0.359375 0.4954703125 0.363790625 0.4996515625 0.3688859375 0.4996515625 0.37533906250000004 0.4954703125 0.3797546875 0.48571406250000004 0.384171875 0.4731703125 0.3855296875 0.4592328125 0.3845109375 0.44599374999999997 0.38247343749999996 0.43345 0.3790765625 0.429965625 0.3719421875 0.42787499999999995 0.360734375 0.42648125
3 0.38247343749999996 0.43832812499999996 0.3811140625 0.443903125 0.3800953125 0.4529609375 0.378396875 0.4682921875 0.3780578125 0.48083593750000003 0.3790765625 0.4905921875 0.380775 0.5003484375 0.384171875 0.5052265625000001 0.39028593749999996 0.5128921875 0.3967390625 0.5087109375 0.40285312500000003 0.5024390624999999 0.4065890625 0.49337968749999994 0.4103265625 0.48432031249999996 0.41066562500000003 0.4717765625 0.4103265625 0.45853593750000005 0.4093078125 0.448084375 0.4069296875 0.4418125 0.4045515625 0.43972187500000004 0.3977578125 0.43832812499999996 0.387228125 0.436934375 0.38247343749999996 0.43832812499999996
3 0.5343078125 0.44599374999999997 0.5309109375000001 0.44599374999999997 0.528871875 0.4501734375 0.5285328125000001 0.4550515625 0.5281921875 0.4668984375 0.5281921875 0.4864109375 0.528871875 0.5024390624999999 0.529890625 0.5156796875 0.5309109375000001 0.5282234375 0.5339671874999999 0.5344953125 0.5394015624999999 0.5344953125 0.54585625 0.5331015625 0.551290625 0.5268296875 0.5526500000000001 0.5156796875 0.5526500000000001 0.4996515625 0.5526500000000001 0.4864109375 0.5516296875 0.4717765625 0.550271875 0.46132343750000004 0.5495921874999999 0.45087031250000004 0.546875 0.44320624999999997 0.5448375000000001 0.4418125 0.5407609375 0.44250937500000004 0.5343078125 0.44599374999999997
7 0.462296875 0.449478125 0.46297499999999997 0.4606265625 0.4684109375 0.46132343750000004 0.47452500000000003 0.4627171875 0.47927968749999994 0.4627171875 0.48097812500000003 0.4571421875 0.48097812500000003 0.4418125 0.4806390625 0.42648125 0.4806390625 0.413240625 0.4796203125 0.39651562500000004 0.4796203125 0.37909375 0.47927968749999994 0.36655000000000004 0.4782609375 0.3554 0.4758828125 0.3470390625 0.47316562500000003 0.3407671875 0.4684109375 0.33937343750000004 0.4656921875 0.3484328125 0.46671250000000003 0.363065625 0.4650140625 0.383275 0.4639953125 0.39860625 0.46365468749999994 0.411846875 0.462296875 0.424390625 0.462296875 0.43763125 0.462296875 0.449478125
7 0.5387234375000001 0.448084375 0.5441578125000001 0.448084375 0.548234375 0.44529687500000004 0.5509515625 0.44041874999999997 0.5499328125 0.42926875000000003 0.5489124999999999 0.414634375 0.548234375 0.40139375 0.5465359375000001 0.382578125 0.545515625 0.3693375 0.5441578125000001 0.35679375 0.5421203125 0.34564531249999997 0.5373640625 0.3442515625 0.534646875 0.350521875 0.5332874999999999 0.363065625 0.5332874999999999 0.379790625 0.5332874999999999 0.397909375 0.5329484375 0.4139375 0.5329484375 0.425784375 0.5329484375 0.4362375 0.5329484375 0.43972187500000004 0.532609375 0.448084375 0.5387234375000001 0.448084375
9 0.29791934375 0.552971353125 0.2935083203125 0.5235428203125 0.289832459375 0.5044142578125 0.2817455734375 0.4882285875 0.26630696249999997 0.4830785890625 0.253808996875 0.49337855781249995 0.246457271875 0.5102999875 0.24007351250000003 0.5305147078125 0.257484859375 0.55812135 0.2508682953125 0.6022641203125 0.271453146875 0.5897570171875001 0.29497864375 0.5779855875 0.29791934375 0.552971353125
1 0.27439384843750003 0.5169213890625 0.2817455734375 0.5500284875 0.2868917578125 0.554442784375 0.29130278125000003 0.5191285234375 0.278676453125 0.4937500015625 0.27439384843750003 0.5169213890625
9 0.7059400578125 0.639049784375 0.7375524953125 0.6162426828124999 0.76328353125 0.5978498515624999 0.736817278125 0.588285640625 0.7412283578125 0.56915705 0.7492646890625 0.5461397078125 0.7221138296875 0.535314221875 0.7007938734375 0.5250142531249999 0.6905015031249999 0.5367857093749999 0.6985883328125 0.5831355859375 0.6934421484375 0.62654268125 0.7059400578125 0.639049784375
