2 0.34014500625 0.5723192546875 0.39256266875 0.5945221828125 0.419747921875 0.5303475468750001 0.367330803125 0.5081447515625 0.34014500625 0.5723192546875
2 0.580386990625 0.614043084375 0.6104551296875 0.6076519390625 0.5958126906250001 0.53877231875 0.5657449109375 0.5451634234375 0.580386990625 0.614043084375
2 0.6150229078125 0.456876565625 0.5859803343750001 0.4574410390625 0.587378703125 0.5293828875 0.6164212765625 0.528818415625 0.6150229078125 0.456876565625
2 0.4174352625 0.45567423281249997 0.38712469375 0.45307537968749995 0.380727209375 0.527684321875 0.41103777656249996 0.5302831609374999 0.4174352625 0.45567423281249997
2 0.44492837031250004 0.4618813484375 0.410122025 0.46052846875000003 0.40693832499999993 0.5424313515625 0.4417446703125 0.543784221875 0.44492837031250004 0.4618813484375
1 0.27963580625 0.3928426921875 0.2994207390625 0.39510458593750003 0.30448741875 0.3507875015625 0.284702584375 0.34852561406250004 0.27963580625 0.3928426921875
9 0.69332159375 0.5657723546875 0.7696211125 0.574824059375 0.7811284515625 0.47782744375 0.7048300921874999 0.46877580781250006 0.69332159375 0.5657723546875
7 0.41168981562500007 0.3652323296875 0.4023437125 0.36458332968749996 0.3958333328125 0.4583333328125 0.40517943437500004 0.458982328125 0.41168981562500007 0.3652323296875
7 0.3699515765625 0.5788368921875 0.3621322921875 0.5772058703125 0.345206009375 0.6583430765625 0.353025290625 0.6599740859375001 0.3699515765625 0.5788368921875
7 0.38517699843750003 0.586865459375 0.37890620468749997 0.58593749375 0.366485 0.6698648015625001 0.3727557921875 0.670792759375 0.38517699843750003 0.586865459375
7 0.6042030703125 0.6760193531249999 0.61197928125 0.6744791453125 0.59926470625 0.6102941171875 0.591488590625 0.611834315625 0.6042030703125 0.6760193531249999
7 0.5974746203125 0.45663786406250007 0.6066177500000001 0.45496321718750005 0.5924479171875 0.3776041671875 0.583304878125 0.3792788046875 0.5974746203125 0.45663786406250007
7 0.42358710000000005 0.45955635 0.4301266 0.45968456875 0.43198529375000005 0.36488970625 0.42544587343750007 0.3647614875 0.42358710000000005 0.45955635
