2 0.44225478437500004 0.6369344156250001 0.4422546515625 0.5679436828125 0.4086281578125 0.5679437875 0.408628078125 0.6369343078124999 0.44225478437500004 0.6369344156250001
2 0.3487391265625 0.5269741125 0.39389123125 0.5301170734375 0.3991852984375 0.45406454375000005 0.35403371093749997 0.45092160156250005 0.3487391265625 0.5269741125
2 0.4211953890625 0.541464109375 0.42119525312499995 0.46341400625 0.38485004218749996 0.463414128125 0.3848499609375 0.5414640140625 0.4211953890625 0.541464109375
3 0.583397575 0.538227240625 0.6175395578125 0.540603790625 0.6224965140625 0.469394690625 0.5883549078125 0.46701815468749996 0.583397575 0.538227240625
2 0.6118926359375 0.5470899296875 0.6558808468749999 0.5424290328125 0.6461985140625 0.4510600359375 0.6022109125 0.45572090000000004 0.6118926359375 0.5470899296875
3 0.6890004578125 0.40654964531250004 0.643821953125 0.40955316562500005 0.6504508296875 0.509257715625 0.6956293328125 0.5062542171875 0.6890004578125 0.40654964531250004
9 0.284596140625 0.431636190625 0.3242781171875 0.43428156093750003 0.3344363375 0.2819061921875 0.29475499374999997 0.27926084218749997 0.284596140625 0.431636190625
3 0.3323388140625 0.511137953125 0.3510459515625 0.49810055625 0.324999225 0.46072935 0.3062921765625 0.4737667046875 0.3323388140625 0.511137953125
3 0.3602647046875 0.53488944375 0.321662071875 0.546386984375 0.33587748125 0.5941101890625 0.3744800921875 0.5826126984375 0.3602647046875 0.53488944375
3 0.3874282046875 0.5433482 0.369194165625 0.56698250625 0.39882946406249997 0.5898440453125 0.4170634203125 0.566209815625 0.3874282046875 0.5433482
3 0.6339478546875 0.5712858078124999 0.6237028125 0.554032746875 0.5913727296875 0.573228784375 0.60161770625 0.5904817890625 0.6339478546875 0.5712858078124999
3 0.6846479343749999 0.566348025 0.6764970703125 0.5353778765625 0.6435204437500001 0.5440560046875 0.6516712046875 0.575026065625 0.6846479343749999 0.566348025
7 0.4131146484375 0.39392805625 0.4024431609375 0.3934199203125 0.3994140625 0.45703125 0.41008554999999997 0.45753938437499997 0.4131146484375 0.39392805625
7 0.6211355671875001 0.42571829687499996 0.628676515625 0.42555146875 0.626953125 0.34765625 0.619412246875 0.3478230765625 0.6211355671875001 0.42571829687499996
7 0.37867647031249996 0.346507353125 0.37132352968750004 0.346507353125 0.37132352968750004 0.43014705937500003 0.37867647031249996 0.43014705937500003 0.37867647031249996 0.346507353125
7 0.40038410312500006 0.7273806953124999 0.40734513124999994 0.7286357921875 0.4237132625 0.6378676515625 0.41675236406250005 0.6366125671875 0.40038410312500006 0.7273806953124999
