3 0.6237625 0.59084375 0.6202265625 0.5901156249999999 0.6159828125 0.5893890625 0.6124468750000001 0.5915703125 0.6113859374999999 0.5981109375 0.6110328125 0.6046515625 0.6110328125 0.6097390625 0.6110328125 0.6177328125 0.61209375 0.6242734375000001 0.61456875 0.631540625 0.61704375 0.6402609375 0.6188125 0.6468015625 0.6209328125 0.6540703125 0.6223484375 0.65915625 0.6237625 0.66424375 0.6251765625 0.6656984375 0.63290160625 0.6258080640625 0.6443300921875 0.6407833203125 0.6569408328125 0.630931178125 0.6632462046875001 0.6222612921875 0.6612453125 0.649709375 0.6658421875 0.6468015625 0.6665484375 0.6402609375 0.6661953125 0.6300874999999999 0.6661953125 0.6199125000000001 0.6665484375 0.610465625 0.6661953125 0.5995640625 0.6644265625 0.59375 0.6630125 0.5886625000000001 0.6612453125 0.5813953125 0.6591234375 0.579215625 0.6545265625 0.577034375 0.65134375 0.58066875 0.64886875 0.5850296875 0.644625 0.582121875 0.639675 0.583575 0.63543125 0.5879359375 0.63048125 0.5901156249999999 0.6237625 0.59084375
8 0.24985032343750002 0.65181771875 0.254185265625 0.6522118046875 0.256943865625 0.640389234375 0.2593083796875 0.6265962359375 0.259702465625 0.6155618375 0.260884721875 0.6037392671874999 0.2612788078125 0.59506938125 0.2593083796875 0.5930989531249999 0.25615569374999997 0.5923107812499999 0.254185265625 0.5883699250000001 0.2490621515625 0.5879758390625 0.2411804375 0.6017688375 0.23999818125 0.607680121875 0.240392265625 0.607680121875 0.2411804375 0.607680121875 0.2396040953125 0.6171381796875 0.2407863515625 0.6285666640625001 0.24275678125 0.639206978125 0.2443331234375 0.6439360062499999 0.247485809375 0.649847290625 0.24985032343750002 0.65181771875
3 0.2872884625 0.567089296875 0.29162340625 0.5761532671875 0.297534690625 0.5883699250000001 0.30502231874999997 0.5938871234375 0.313692203125 0.5986161531249999 0.3255147734375 0.5923107812499999 0.3318201453125 0.584823153125 0.334184659375 0.5765473531249999 0.3310319734375 0.569847896875 0.313692203125 0.559207584375 0.3073868328125 0.558025328125 0.300293290625 0.55723715625 0.29122931875 0.5568430703125 0.2872884625 0.567089296875
3 0.3306378875 0.5186167578124999 0.33930777343749996 0.522557615625 0.3523126 0.5237398718749999 0.3684701140625 0.5213753578125 0.36925828437499997 0.507582359375 0.359800228125 0.4910307609375 0.355859371875 0.49142484687500004 0.34837174375 0.49615387499999997 0.34561314374999996 0.4949716171875 0.34561314374999996 0.5020651593750001 0.33970185937499997 0.5032474171875 0.3353669171875 0.5079764453125 0.3306378875 0.5186167578124999
3 0.6179263500000001 0.5095527875 0.621473121875 0.515464071875 0.6325075203125 0.526498471875 0.667581146875 0.522557615625 0.672310175 0.5099468734375 0.664822546875 0.5024592453125 0.658123090625 0.49773021718750005 0.6502413765624999 0.49615387499999997 0.6447241765625 0.498124303125 0.6380247203125 0.498124303125 0.6285666640625001 0.5004888171874999 0.6218672078124999 0.503641503125 0.6179263500000001 0.5095527875
3 0.666004803125 0.580094125 0.666792975 0.587581753125 0.6691574890624999 0.5962516375 0.677039203125 0.5982220671875 0.6983198296875 0.5923107812499999 0.7073838 0.5824586390625 0.7160536859375 0.568665640625 0.7140832578125 0.556448984375 0.705413371875 0.5505376984375 0.69792574375 0.5529022125 0.6849209171874999 0.5588134984375001 0.6727042609375 0.565907040625 0.666004803125 0.580094125
0 0.4045503859375 0.4569218234375 0.387852246875 0.4531267921875 0.3369988203125 0.437187659375 0.2878665859375 0.433627353125 0.28235036406249997 0.4736199640625 0.46906592500000005 0.510811275 0.532822459375 0.5153653125 0.5426895421875 0.46527089374999997 0.4979081671875 0.47210195156249996 0.46906592500000005 0.46678890781250004 0.44629573593750005 0.46830691875 0.4045503859375 0.4569218234375
0 0.6140361390625 0.45995785 0.6132771328125 0.49714916093749995 0.65122745 0.49411313593750006 0.712706965625 0.46375288125 0.7013218703125 0.42048951875 0.6140361390625 0.45995785
0 0.32864974999999996 0.6360473234375 0.415176475 0.673238634375 0.4698249328125 0.6815877046875001 0.46451188749999994 0.6390833484375 0.42048951875 0.6314932859375 0.3377578265625 0.59961501875 0.32864974999999996 0.6360473234375
0 0.6102411078125 0.6694436031250001 0.6793106859375 0.6406013625 0.667166584375 0.6087230953125 0.6102411078125 0.6314932859375 0.6102411078125 0.6694436031250001
