2 0.466810275 0.5784354078125 0.49482599531250004 0.57975261875 0.49883137031249997 0.49456656250000003 0.4708160390625 0.49324935937500003 0.466810275 0.5784354078125
2 0.631709375 0.47092968749999997 0.6009890625 0.47092968749999997 0.6009890625 0.547965625 0.631709375 0.547965625 0.631709375 0.47092968749999997
2 0.5632870203125 0.6657240125 0.591597953125 0.6626677562500001 0.5838009734375 0.590452546875 0.555490425 0.59350878125 0.5632870203125 0.6657240125
2 0.32610728437500003 0.5888787859375 0.345333309375 0.5569525484375 0.296551884375 0.527579103125 0.27732586718749996 0.5595051875 0.32610728437500003 0.5888787859375
2 0.701472465625 0.525398190625 0.6500749203125 0.5388781890625001 0.666425690625 0.601215675 0.7178232078125 0.5877357515625 0.701472465625 0.525398190625
7 0.3029820046875 0.7003145984375 0.311010240625 0.7008651078125 0.3170955875 0.612132353125 0.30906749375000003 0.611581846875 0.3029820046875 0.7003145984375
7 0.5857701859375 0.7382967390624999 0.5859375499999999 0.7382812453125001 0.5794270828125 0.66796875 0.5792597203125001 0.66798424375 0.5857701859375 0.7382967390624999
7 0.6757812484375 0.672309028125 0.6770833359374999 0.672309028125 0.6770833328125 0.62890625 0.67578125625 0.62890625 0.6757812484375 0.672309028125
7 0.6965943375 0.6969518703124999 0.701948503125 0.69660648125 0.6953125 0.59375 0.689958440625 0.594095384375 0.6965943375 0.6969518703124999
7 0.48077481562499996 0.4994027640625 0.489889759375 0.49908088125 0.4869791671875 0.4166666671875 0.47786433125 0.41698854843750005 0.48077481562499996 0.4994027640625
7 0.509121925 0.4931793171875 0.515625009375 0.4934895828125 0.5194681203125 0.412943775 0.5129651109375 0.4126335109375 0.509121925 0.4931793171875
7 0.617201321875 0.3827118140625 0.6078825203125 0.3830702078125 0.6112132296875 0.4696691171875 0.62053203125 0.469310725 0.617201321875 0.3827118140625
6 0.32925134218749996 0.6645533734375 0.299690703125 0.660006275 0.2876943796875 0.737982846875 0.31725501093749997 0.7425299062499999 0.32925134218749996 0.6645533734375
