2 0.6034914484375 0.681311125 0.632255775 0.671063296875 0.6125697828125001 0.615814915625 0.583805759375 0.626062684375 0.6034914484375 0.681311125
9 0.26212093593749997 0.41862369375 0.30405190000000004 0.4208176625 0.310374909375 0.2999734453125 0.268444503125 0.29777949062500003 0.26212093593749997 0.41862369375
9 0.32085145625 0.5982846140625 0.2608543953125 0.5482267421875 0.1926944203125 0.6299112640625 0.25269103125000003 0.6799686421875 0.32085145625 0.5982846140625
1 0.33376042968749997 0.61556553125 0.357099790625 0.6217886671875 0.3666217390625 0.5860810484375001 0.343282528125 0.579857934375 0.33376042968749997 0.61556553125
6 0.6434671843750001 0.7623555953125 0.6277180687499999 0.7539903734375 0.6181840843749999 0.7719367234375001 0.6339331859375 0.7803019265625 0.6434671843750001 0.7623555953125
6 0.42119745468750003 0.799153778125 0.434587609375 0.7711656828125 0.40683085312499995 0.7578886375 0.3934406765625 0.7858766296875 0.42119745468750003 0.799153778125
6 0.7153114375 0.65121961875 0.673648959375 0.6697261125 0.70600350625 0.742553078125 0.747665890625 0.724046740625 0.7153114375 0.65121961875
7 0.415948259375 0.7240610843749999 0.42113542343750004 0.7246907046875 0.42773200625 0.6703523421875001 0.42254490312500004 0.6697227265625 0.415948259375 0.7240610843749999
6 0.6621894046875 0.755253215625 0.67666546875 0.7480522359374999 0.6657959140624999 0.7262050296875 0.651319915625 0.7334059890625 0.6621894046875 0.755253215625
5 0.366986765625 0.6068926453125 0.36488970625 0.671875 0.42187499375000004 0.6737134078125 0.42397168125 0.608731415625 0.366986765625 0.6068926453125
