2 0.38472343750000004 0.5356109375 0.38401718749999997 0.524709375 0.38295625 0.516715625 0.3794203125 0.510175 0.373409375 0.506540625 0.36421562500000004 0.5043609375 0.35360625 0.5050874999999999 0.34582812500000004 0.5050874999999999 0.34299843750000003 0.5087203125 0.34123125 0.5152609375 0.339815625 0.5239828125 0.3384015625 0.53415625 0.337340625 0.545784375 0.3380484375 0.5566859375 0.3394625 0.5632265624999999 0.34123125 0.5675874999999999 0.3468875 0.5697671875 0.350425 0.5697671875 0.35360625 0.5697671875 0.3560828125 0.5734015625 0.36209375 0.577034375 0.36704375 0.57558125 0.371640625 0.5734015625 0.3751765625 0.5719484375 0.3790671875 0.5712203125 0.3815421875 0.56540625 0.38295625 0.555959375 0.38437031250000003 0.545784375 0.38472343750000004 0.5356109375
3 0.4985859375 0.5581390625 0.49681718750000003 0.5697671875 0.49469531250000004 0.5843015625 0.49469531250000004 0.6010171875 0.4961109375 0.610465625 0.5010609374999999 0.6126453125 0.5081328125 0.6155515625 0.515559375 0.6155515625 0.5208625 0.6126453125 0.5233375 0.6031984375 0.5247531249999999 0.59084375 0.52510625 0.5784890625 0.5247531249999999 0.5675874999999999 0.5233375 0.5552328125 0.5215703125 0.5472390625 0.5176796875 0.54433125 0.507425 0.5436046875 0.5014140625 0.5450578125 0.499646875 0.552325 0.4985859375 0.5581390625
3 0.44943437499999994 0.555959375 0.4483734375 0.5712203125 0.44695937499999994 0.58575625 0.4480203125 0.5995640625 0.4512015625 0.60683125 0.456153125 0.6090109375 0.463578125 0.6075578125 0.46888281249999997 0.60174375 0.470296875 0.592296875 0.47100468749999996 0.5813953125 0.47100468749999996 0.5712203125 0.47100468749999996 0.5617734375000001 0.4695890625 0.552325 0.46746875 0.54433125 0.463225 0.537790625 0.46039531250000004 0.5363374999999999 0.453678125 0.537790625 0.4512015625 0.5406984375 0.4504953125 0.5486921875 0.44943437499999994 0.555959375
3 0.47100468749999996 0.5588656249999999 0.46994375 0.5748546875 0.4695890625 0.592296875 0.470296875 0.6061046875 0.47241875 0.6140984375 0.47666250000000004 0.614825 0.48514843750000003 0.614825 0.492928125 0.6126453125 0.4939890625 0.6046515625 0.4939890625 0.5915703125 0.49434218750000003 0.5784890625 0.49434218750000003 0.569040625 0.4939890625 0.5581390625 0.492928125 0.545784375 0.490453125 0.53924375 0.4855015625 0.5356109375 0.47913750000000005 0.5363374999999999 0.47489375 0.5399703125 0.47241875 0.5486921875 0.47100468749999996 0.5588656249999999
3 0.4250359375 0.5784890625 0.426096875 0.5930234375000001 0.428571875 0.5995640625 0.4314 0.605378125 0.4374109375 0.605378125 0.4434234375 0.5995640625 0.4466046875 0.592296875 0.4504953125 0.5813953125 0.4504953125 0.569040625 0.4501421875 0.5574125000000001 0.4483734375 0.5450578125 0.44448437500000004 0.532703125 0.43811875 0.5290703125 0.42963281249999996 0.5305234375000001 0.42645 0.5406984375 0.42574218750000004 0.550871875 0.4250359375 0.56540625 0.4250359375 0.5784890625
7 0.35961875 0.417878125 0.358203125 0.42441874999999996 0.3564359375 0.4331390625 0.355021875 0.43677343750000003 0.35360625 0.42950625000000003 0.34971718749999997 0.42877968749999995 0.34759531250000003 0.43095937500000003 0.34547343750000004 0.43967968749999997 0.3444125 0.45058125000000004 0.3433515625 0.46075625000000003 0.342290625 0.470203125 0.3419375 0.480378125 0.341584375 0.489825 0.341584375 0.49782031250000003 0.341584375 0.5050874999999999 0.342290625 0.5109015625 0.344059375 0.50799375 0.346534375 0.5072671875 0.35183906249999997 0.5072671875 0.359971875 0.5094484375 0.3684578125 0.5109015625 0.376590625 0.5123546875 0.3794203125 0.51308125 0.37977343750000003 0.501453125 0.37800625 0.489825 0.376590625 0.48328437500000004 0.375884375 0.47383749999999997 0.3755296875 0.46802343750000003 0.3751765625 0.4614828125 0.3748234375 0.45784843750000004 0.3744703125 0.4534890625 0.3744703125 0.44840156249999996 0.374115625 0.441134375 0.3730546875 0.4331390625 0.3712875 0.42369218750000004 0.36810468749999997 0.416425 0.36562968749999997 0.41133749999999997 0.3628 0.41133749999999997 0.35961875 0.417878125
3 0.5240453125 0.5981109375 0.5265203125 0.6111921875 0.531825 0.6126453125 0.538896875 0.6111921875 0.5420796875 0.6046515625 0.5438468750000001 0.59375 0.545615625 0.5850296875 0.545615625 0.5748546875 0.5452609374999999 0.56540625 0.54349375 0.5552328125 0.541725 0.5501453125 0.5357140625000001 0.5486921875 0.5286421875 0.5530515625 0.5261671875 0.5574125000000001 0.5247531249999999 0.5632265624999999 0.5233375 0.572675 0.5233375 0.58575625 0.5240453125 0.5981109375
3 0.5537484375 0.60174375 0.5590515625 0.600290625 0.5657703125 0.592296875 0.568953125 0.5843015625 0.570721875 0.57049375 0.570721875 0.5566859375 0.5700140625000001 0.5436046875 0.5678921875 0.5334296875 0.5604671875 0.53125 0.5498578125 0.5334296875 0.5477375 0.5436046875 0.5463218750000001 0.5552328125 0.54596875 0.5646796875 0.5463218750000001 0.583575 0.5491515625 0.5959296875 0.5537484375 0.60174375
9 0.305803125 0.485490625 0.313615625 0.44307968750000004 0.3169640625 0.3716515625 0.3102671875 0.3671875 0.28125 0.415178125 0.2700890625 0.45089218750000004 0.290178125 0.49553593749999997 0.305803125 0.485490625
9 0.6791343750000001 0.44473124999999997 0.6785765625 0.4475203125 0.6763453125 0.4659359375 0.6930859375 0.4904890625 0.7181968750000001 0.47430625 0.7193140625 0.4318953125 0.6947593750000001 0.3604671875 0.6875046874999999 0.3632578125 0.6796921874999999 0.4000875 0.6791343750000001 0.44473124999999997
3 0.33286045937500003 0.610968415625 0.3415513328125 0.6124168937500001 0.351400990625 0.6077817624999999 0.3508215984375 0.5953248421875 0.3458967703125 0.5904000140625 0.338654375 0.5846060984375 0.33228106875 0.5799709656250001 0.3241695859375 0.5747564421875 0.320403540625 0.571859484375 0.312292059375 0.5698316125 0.3143199296875 0.5793915734375 0.3166374953125 0.5863442734375 0.3189550625 0.5904000140625 0.321272628125 0.5964836265625 0.32503867343750004 0.603146628125 0.33286045937500003 0.610968415625
3 0.3881923546875 0.635882253125 0.397752315625 0.633274990625 0.40354623125 0.6240047265625 0.396883228125 0.615603546875 0.3873232671875 0.6115478078125001 0.37892208906249997 0.6095199359375 0.37110030312500003 0.6054641953125001 0.3653063875 0.6022775421875 0.363857909375 0.6037260203125 0.3667548671875 0.6098096328125 0.3690724328125 0.617341721875 0.370231215625 0.635013165625 0.37863239375 0.6419658640625 0.38123965625 0.6361719484374999 0.3881923546875 0.635882253125
3 0.42440432812499995 0.6523949124999999 0.427011590625 0.648339171875 0.425273415625 0.635013165625 0.42237645781250005 0.6277707718750001 0.41687223749999996 0.624294421875 0.4050689796875 0.6264903765625001 0.402966840625 0.630957425 0.3983317078125 0.6347234703125 0.39804201250000004 0.6379101234375 0.3997801859375 0.6434143421875 0.4009389703125 0.645731909375 0.410209234375 0.643993734375 0.41687223749999996 0.644862821875 0.4194795 0.646600996875 0.42440432812499995 0.6523949124999999
3 0.580840053125 0.58489579375 0.58750305625 0.590689709375 0.5924278843749999 0.5805503578125 0.5924278843749999 0.562299521875 0.58750305625 0.5524498671875 0.5854751859375 0.5501323 0.578232790625 0.5475250375 0.5741770500000001 0.5463662546875 0.5721491796875 0.5570849984375 0.571859484375 0.5631686109375 0.5721491796875 0.5715697875 0.574466746875 0.5770740078125 0.580840053125 0.58489579375
