2 0.32238733124999996 0.5465109375 0.371822028125 0.5465109375 0.371821721875 0.46075625000000003 0.322387675 0.46075625000000003 0.32238733124999996 0.5465109375
2 0.4042306953125 0.4958667171875 0.36979293750000003 0.493077975 0.36444333281249996 0.5591339703125 0.39888108906249997 0.5619226984375 0.4042306953125 0.4958667171875
2 0.6692473140625 0.5477324718750001 0.6160729703125 0.54988551875 0.619495371875 0.6344007328125 0.672669715625 0.6322477015625 0.6692473140625 0.5477324718750001
9 0.261635109375 0.428652578125 0.30156208125 0.43334965625 0.31879528437500004 0.286865153125 0.2788689765625 0.282168115625 0.261635109375 0.428652578125
9 0.20207534843750002 0.58289116875 0.28201222812500004 0.58289116875 0.28201162343749997 0.4910386421875 0.2020759671875 0.4910386421875 0.20207534843750002 0.58289116875
3 0.31379015 0.5116855140625 0.29202401718750004 0.5259447546875 0.3192495515625 0.5674996906249999 0.3410156390625 0.5532405078125 0.31379015 0.5116855140625
3 0.6634913890624999 0.5555637703125 0.6901352234375 0.565017171875 0.71089085 0.5065235484375 0.6842472609375 0.49707019375000006 0.6634913890624999 0.5555637703125
6 0.6638206578125 0.743757215625 0.682687728125 0.743757215625 0.6826876656249999 0.70850570625 0.6638207421875 0.70850570625 0.6638206578125 0.743757215625
7 0.3477546296875 0.4534257765625 0.3536676890625 0.45377688593750004 0.356913384375 0.39911895468749997 0.3510003671875 0.3987678453125 0.3477546296875 0.4534257765625
7 0.6864756015625 0.706742265625 0.6927086109375 0.7044269796875 0.66386401875 0.6267849328125 0.6576311031250001 0.6291002 0.6864756015625 0.706742265625
7 0.3859768265625 0.42376375 0.38145260468750003 0.5066664734375 0.388345734375 0.5070426 0.3928699140625 0.4241399171875 0.3859768265625 0.42376375
6 0.32041811875000004 0.70659391875 0.3141511375 0.7006868546875 0.2983472546875 0.7174510890625 0.3046142203125 0.7233581390625 0.32041811875000004 0.70659391875
