3 0.3242836359375 0.4590068921875 0.2828785546875 0.4566315421875 0.27820963125 0.5380103296875001 0.3196147109375 0.540385665625 0.3242836359375 0.4590068921875
3 0.3406921875 0.564459375 0.29008124999999996 0.564459375 0.29008124999999996 0.64320625 0.3406921875 0.64320625 0.3406921875 0.564459375
3 0.41983750000000003 0.594425 0.3845109375 0.594425 0.3845109375 0.6641109375 0.41983750000000003 0.6641109375 0.41983750000000003 0.594425
2 0.59143989375 0.6641719937499999 0.62724899375 0.6630106140625001 0.6250069453125 0.59389596875 0.5891983171875 0.5950573421875001 0.59143989375 0.6641719937499999
9 0.3160651109375 0.2912124234375 0.2728555390625 0.2876117421875 0.2613007484375 0.42626877500000004 0.304510315625 0.42986942812500006 0.3160651109375 0.2912124234375
3 0.6643998015625 0.566939453125 0.6860674999999999 0.60684954375 0.7207293203125 0.5880330421875 0.6990616125 0.5481230921875 0.6643998015625 0.566939453125
7 0.3908548625 0.7637435921875 0.399879140625 0.76420630625 0.405101103125 0.6623774515624999 0.39607702499999997 0.6619147421875 0.3908548625 0.7637435921875
7 0.6180178625 0.7756429296875 0.6308168968750001 0.77424726875 0.6176470593750001 0.653492646875 0.604848359375 0.6548882890625001 0.6180178625 0.7756429296875
7 0.3664593890625 0.44240980781249994 0.3632812359375 0.4414062453125 0.348266271875 0.4889536453125 0.3514444234375 0.4899572046875 0.3664593890625 0.44240980781249994
7 0.6705729171875 0.39453125 0.6640625 0.39453125 0.6640625 0.4635416671875 0.6705729171875 0.4635416671875 0.6705729171875 0.39453125
7 0.658408509375 0.45980454374999996 0.6601562640624999 0.45963541562500004 0.65625 0.4192708328125 0.6545022546875 0.4194399609375 0.658408509375 0.45980454374999996
