2 0.310417734375 0.5355799765625 0.356720690625 0.5349363515625 0.3555456828125 0.4504324890625 0.309243309375 0.45107610937500003 0.310417734375 0.5355799765625
2 0.4264428859375 0.585073721875 0.46123896093749994 0.5223259015624999 0.3670058078125 0.47007445 0.33220970625 0.5328217265624999 0.4264428859375 0.585073721875
2 0.3617418265625 0.5477910046875001 0.320682253125 0.550966071875 0.326608571875 0.62759664375 0.36766814375 0.6244215984375 0.3617418265625 0.5477910046875001
3 0.421875 0.595121875 0.391984375 0.595121875 0.391984375 0.648084375 0.421875 0.648084375 0.421875 0.595121875
2 0.5749256828125 0.6651671125 0.6170303109375 0.6572743187500001 0.6026623828125001 0.5806384828125 0.5605583546874999 0.58853121875 0.5749256828125 0.6651671125
3 0.6977347015625 0.5304823109375 0.64794239375 0.536337159375 0.6565166796875 0.609249771875 0.7063089812500001 0.6033949609375 0.6977347015625 0.5304823109375
2 0.60449121875 0.49134018125 0.5659011453125 0.4948711765625 0.57372909375 0.5804152078125 0.6123191640625001 0.5768842359375 0.60449121875 0.49134018125
2 0.6338423828125 0.47817239218749996 0.5989164812500001 0.48100869062499996 0.605867790625 0.5665995546875 0.640793690625 0.563763275 0.6338423828125 0.47817239218749996
2 0.6865080671875 0.4597053328125 0.63543051875 0.458391425 0.6332685031249999 0.5424326421875 0.6843460515625 0.5437465421875001 0.6865080671875 0.4597053328125
9 0.7772813484375 0.533002684375 0.7079139796875 0.524720859375 0.6957330875000001 0.6267363109375 0.76510044375 0.6350180609375 0.7772813484375 0.533002684375
4 0.2914228015625 0.6974788859375 0.31201225312499997 0.705118025 0.3450175796875 0.616171646875 0.32442847812500003 0.6085325796875 0.2914228015625 0.6974788859375
3 0.48017994843749995 0.5520619796874999 0.4613038453125 0.552463559375 0.46192696718750004 0.581750425 0.48080307187500004 0.581348846875 0.48017994843749995 0.5520619796874999
3 0.5960685015625 0.56516 0.5981825390625 0.6106107781250001 0.6531686328124999 0.6080532703125 0.651054384375 0.562602715625 0.5960685015625 0.56516
3 0.6817035437500001 0.4787152296875 0.696785275 0.5073684765625 0.728495878125 0.4906786296875 0.7134141390625001 0.46202545937500006 0.6817035437500001 0.4787152296875
7 0.37192021875000003 0.4763060640625 0.377757353125 0.47702205937500003 0.3891623609375 0.3840483390625 0.3833253 0.383332346875 0.37192021875000003 0.4763060640625
7 0.39465535625000003 0.48231097656250005 0.400442790625 0.48221610625 0.39895833281250004 0.3916666671875 0.3931709671875 0.3917615375 0.39465535625000003 0.48231097656250005
7 0.416898753125 0.3536594046875 0.4095884359375 0.35423148125 0.42083326093749995 0.4979166734375 0.428143578125 0.4973446015625 0.416898753125 0.3536594046875
7 0.4560974546875 0.394053034375 0.45104166093750003 0.39375 0.44452197968749996 0.5025171562499999 0.44957777343750005 0.5028201890624999 0.4560974546875 0.394053034375
7 0.5218749796875 0.478125 0.5270833421875001 0.478125 0.527083325 0.39791666718749996 0.5218750187500001 0.39791666718749996 0.5218749796875 0.478125
7 0.5777300203125 0.48778961093750006 0.5851571546875001 0.487318075 0.5802083328125 0.409375 0.5727812796875 0.409846534375 0.5777300203125 0.48778961093750006
7 0.5854166328125 0.503124996875 0.590894675 0.5035162609375 0.5962722 0.4282307453125 0.5907942171875 0.427839484375 0.5854166328125 0.503124996875
7 0.617983278125 0.48860367968749996 0.6250000546875001 0.488051465625 0.6180549640625 0.3998087625 0.611038271875 0.4003609734375 0.617983278125 0.48860367968749996
7 0.6425820953125 0.4668458109375 0.644791678125 0.46666666562500003 0.63972318125 0.404155328125 0.637513615625 0.4043344734375 0.6425820953125 0.4668458109375
7 0.6507924203125001 0.37268588125 0.6447916671875 0.3729166671875 0.6479166515625 0.45416666718750004 0.6539174046875 0.45393588281249997 0.6507924203125001 0.37268588125
7 0.6689985484375 0.384653928125 0.659374990625 0.384375 0.6572916671875 0.45625 0.666915225 0.4565289265625 0.6689985484375 0.384653928125
7 0.6021590796875 0.6623765796875001 0.5958333328125 0.6635416671875001 0.6108560890625 0.74509444375 0.6171818328125 0.743929365625 0.6021590796875 0.6623765796875001
