3 0.5016219359375 0.599466409375 0.5287273906250001 0.5991845328125 0.527827925 0.512719365625 0.500722865625 0.513001240625 0.5016219359375 0.599466409375
3 0.5601219296875 0.59024370625 0.560121815625 0.64947815 0.5893344046875 0.649478078125 0.5893343546875001 0.5902437968750001 0.5601219296875 0.59024370625
3 0.6153065437499999 0.5694303875 0.5817057640625001 0.5725000812500001 0.587114996875 0.63170303125 0.6207157750000001 0.6286333546875 0.6153065437499999 0.5694303875
2 0.68548120625 0.566558415625 0.6492768859375 0.5191681765625 0.59121824375 0.5635186390625 0.6274222375 0.6109085796875 0.68548120625 0.566558415625
3 0.72670710625 0.5219701765625 0.6896537421875 0.4841286921875 0.6360680546874999 0.53659411875 0.6731211890625 0.574435375 0.72670710625 0.5219701765625
3 0.6074815250000001 0.49671625625000004 0.5732799671875 0.49898872812499995 0.5783081 0.57465760625 0.61250965625 0.57238515 0.6074815250000001 0.49671625625000004
2 0.6725546875 0.449478125 0.6253390624999999 0.449478125 0.6253390624999999 0.5337984375 0.6725546875 0.5337984375 0.6725546875 0.449478125
3 0.7047875890624999 0.40955474843750006 0.6608830765625 0.41669125312500005 0.673277465625 0.492938240625 0.7171819687500001 0.48580177343750003 0.7047875890624999 0.40955474843750006
3 0.333446515625 0.5411712578125 0.3486642 0.5226468109375 0.3174335046875 0.496993159375 0.302215853125 0.5155175468750001 0.333446515625 0.5411712578125
7 0.5184840875 0.432585465625 0.5142045421875 0.432528409375 0.5131349125 0.5127508921875 0.5174144578125001 0.5128079484375 0.5184840875 0.432585465625
7 0.6486721875 0.6910399968750001 0.659801378125 0.688920409375 0.6427556812499999 0.5994318187500001 0.631626684375 0.6015513890624999 0.6486721875 0.6910399968750001
7 0.6778857671875 0.6747134234375001 0.6893784421875 0.670198965625 0.6576704546875 0.5894886359375 0.64617795 0.5940030562499999 0.6778857671875 0.6747134234375001
7 0.631122890625 0.4296883203125 0.626730440625 0.43089995625000005 0.634232946875 0.45809659218750004 0.6386253953125001 0.45688495937500007 0.631122890625 0.4296883203125
7 0.629383240625 0.35128982343750004 0.6237972843749999 0.3523677640625 0.6370738453125 0.4211647765625 0.6426598015625 0.4200868421875 0.629383240625 0.35128982343750004
7 0.6545869625 0.39215034375 0.6482539203125001 0.391798528125 0.6448863640625 0.45241477343750003 0.65121940625 0.45276658750000004 0.6545869625 0.39215034375
