9 0.313615625 0.44754531249999996 0.3247765625 0.412946875 0.3080359375 0.3515625 0.295759375 0.337053125 0.280134375 0.34375 0.2834828125 0.3783484375 0.282365625 0.43973281249999996 0.305803125 0.469865625 0.313615625 0.44754531249999996
9 0.670759375 0.381696875 0.6796875 0.43192031249999996 0.688615625 0.4609375 0.6897328125 0.459821875 0.6997765625000001 0.462053125 0.7109375 0.44754531249999996 0.719865625 0.43303593749999997 0.71875 0.40401718750000004 0.7154015625000001 0.376115625 0.696428125 0.34375 0.670759375 0.3537953125 0.670759375 0.381696875
9 0.7064734374999999 0.600446875 0.7064734374999999 0.6216515625000001 0.7075890625000001 0.657365625 0.7109375 0.6774546875 0.7243296875 0.680803125 0.735490625 0.6696421875 0.7611609374999999 0.6506703125 0.7678578125 0.6305796875 0.766740625 0.6060265625000001 0.7444203125 0.592634375 0.71875 0.587053125 0.7064734374999999 0.600446875
3 0.400154259375 0.5891841859375 0.40537099374999996 0.5882635859375 0.4139632640625 0.5864223843749999 0.4191799984375 0.5824331171875 0.42040746562500003 0.5741477140625 0.421328065625 0.5597249765625001 0.4197937328125 0.5529739078125 0.4148838640625 0.5437679046875 0.40567786093749997 0.5302657671875 0.3989267921875 0.5278108328125 0.39186885625 0.53670996875 0.3829697203125 0.54837090625 0.37744611875 0.554201375 0.3737637171875 0.5631005109375 0.375911784375 0.5707721796875 0.37744611875 0.5775232484374999 0.383890321875 0.5815125171875 0.392482590625 0.5876498531250001 0.400154259375 0.5891841859375
3 0.341849575 0.5646348453125001 0.35535171249999997 0.5723065140625 0.37069505 0.5766026484375 0.374991184375 0.5716927796875 0.3771392515625 0.564327978125 0.378980453125 0.5520533078125001 0.37407058437499996 0.5394717703125 0.360568446875 0.5351756359375 0.3458388421875 0.5336413015625 0.339394640625 0.53763056875 0.333564171875 0.5388580375 0.3304955046875 0.544995371875 0.3308023703125 0.5523601734375 0.341849575 0.5646348453125001
3 0.327733703125 0.610664859375 0.332643571875 0.6042206578125 0.333564171875 0.5977764546875 0.3304955046875 0.58887731875 0.3271199703125 0.5851949171874999 0.32036890156250003 0.5848880515625 0.314231565625 0.5848880515625 0.3080942296875 0.5864223843749999 0.302570628125 0.5858086515625 0.3031843625 0.594094053125 0.30441182968749997 0.598083321875 0.307480496875 0.602993190625 0.31730023281249997 0.609130525 0.327733703125 0.610664859375
3 0.607289325 0.6459545375 0.61588159375 0.6395103343749999 0.620177728125 0.6319920984375 0.6195639953125001 0.6263150640624999 0.615574728125 0.6166487609375 0.5956283874999999 0.629997465625 0.5937871875 0.6312249328124999 0.593173453125 0.6370554015625001 0.5959352546875001 0.64288586875 0.6002313890625001 0.6468751375 0.607289325 0.6459545375
3 0.6459545375 0.6373622671875 0.65178500625 0.6376691343750001 0.65546740625 0.630918065625 0.65362620625 0.6183365281250001 0.6539330734375 0.607289325 0.65270560625 0.59961765625 0.6499438046875 0.5968558546875 0.64288586875 0.5974695875 0.63920346875 0.598083321875 0.6355210671875 0.59961765625 0.63030433125 0.6033000578125 0.6272356640625001 0.6069824578125 0.62478073125 0.6103579921875 0.621405196875 0.6143472609375 0.6186433953125 0.6186433953125 0.620177728125 0.623246396875 0.62754253125 0.6303043328125 0.636748534375 0.6355210671875 0.6459545375 0.6373622671875
3 0.6999630875 0.5974695875 0.7014974203125 0.594094053125 0.7014974203125 0.591332253125 0.6996562203125001 0.5882635859375 0.69413261875 0.5833537171875001 0.6867678171875 0.5824331171875 0.67878928125 0.583660584375 0.6735725453125 0.5858086515625 0.6698901453125 0.588570453125 0.6674352109374999 0.5950146546874999 0.6711176125 0.6054481234375 0.6766412140625 0.609744259375 0.6818579484375 0.6109717265625 0.6867678171875 0.6121991921875 0.6925982859375 0.6094373921875 0.6999630875 0.5974695875
3 0.633679865625 0.5646348453125001 0.638589734375 0.5667829125 0.648409471875 0.5631005109375 0.658536075 0.552667040625 0.6668214765625 0.5502121078125 0.6668214765625 0.5284245671875001 0.6496369375 0.5290383000000001 0.64104466875 0.5271971 0.6306111984375 0.5262764984375 0.6287699984375 0.5339481671875 0.628156265625 0.5406992374999999 0.6278493984375 0.5477571718750001 0.629997465625 0.5572700421875 0.633679865625 0.5646348453125001
6 0.3822635765625 0.793244 0.381792809375 0.7988932156249999 0.38085127343749997 0.802188590625 0.37943897031249996 0.8073670375 0.3827343453125 0.8120747171874999 0.3902666328125 0.8134870218750001 0.396857384375 0.8040716625 0.40203583125 0.795127071875 0.40627274375000005 0.7861824796875 0.407685046875 0.7753548171875 0.403918903125 0.7626440828125001 0.40203583125 0.754641028125 0.39874045625 0.7551117953125 0.39450354375 0.75605333125 0.3841466484375 0.7664102265625 0.3827343453125 0.7701763703125 0.3813220421875 0.7758255859375 0.3832051140625 0.7847701765624999 0.3822635765625 0.793244
