3 0.5849230578125 0.5131661890625 0.617922390625 0.50930716875 0.6092091859375001 0.4348053671875 0.576210209375 0.4386643671875 0.5849230578125 0.5131661890625
9 0.2598332921875 0.5894705828125 0.3239325296875 0.574031365625 0.30295181875 0.48693534843749997 0.23885350156250001 0.5023744484375 0.2598332921875 0.5894705828125
9 0.6976857562500001 0.24610440625000002 0.6557136984375 0.2521002234375 0.6758307296875 0.3929198515625 0.7178027765625 0.3869240765625 0.6976857562500001 0.24610440625000002
7 0.6551166140625 0.469210321875 0.646354596875 0.44949711406250004 0.6152782109375 0.4633088671875 0.6240401703125 0.483022028125 0.6551166140625 0.469210321875
7 0.6557845953125 0.45284109531250005 0.6734765265625 0.4640989234375 0.696391896875 0.4280889796875 0.6787000421875 0.4168311828125 0.6557845953125 0.45284109531250005
3 0.5825666843749999 0.541426128125 0.60068700625 0.5613567578125 0.6345109875 0.53060766875 0.6163907234375 0.5106771140624999 0.5825666843749999 0.541426128125
3 0.3527550453125 0.5115837015625 0.37429052500000004 0.4974752390625 0.3507365546875 0.46152462187500004 0.329201175 0.4756330390625 0.3527550453125 0.5115837015625
7 0.33663245 0.66117664375 0.340625 0.6625 0.35698878437500003 0.6131368484374999 0.352996271875 0.6118134984375 0.33663245 0.66117664375
7 0.3848605015625 0.607791665625 0.3773632390625 0.6065885609375 0.3635416671875 0.6927083328125 0.371038928125 0.6939114281250001 0.3848605015625 0.607791665625
7 0.347970696875 0.660208959375 0.353125 0.6614583328125 0.367598715625 0.6017542296875 0.3624444703125 0.6005048640624999 0.347970696875 0.660208959375
7 0.397830946875 0.6988119046875 0.4032542640625 0.6995163015625 0.4154411890625 0.6056985312500001 0.4100179703125 0.604994140625 0.397830946875 0.6988119046875
7 0.58749055 0.441468715625 0.5955882859375 0.44117646875 0.5924479171875 0.3541666671875 0.5843502671875 0.3544589125 0.58749055 0.441468715625
