2 0.5202612625 0.59074620625 0.5463926015625 0.591099365625 0.5473901109375 0.5172869859375 0.5212590968749999 0.5169338296875 0.5202612625 0.59074620625
2 0.5537965375 0.5870040765625 0.5924049499999999 0.588529459375 0.5956529421875 0.50632170625 0.557045053125 0.5047963328125 0.5537965375 0.5870040765625
2 0.618273096875 0.577797671875 0.6719034015625 0.5678409234374999 0.6575663265625 0.49062550156249995 0.6039366875 0.5005821874999999 0.618273096875 0.577797671875
9 0.7435824578125 0.6717822703125 0.8027408656249999 0.6304332953125 0.7375812578125001 0.53722021875 0.6784237453124999 0.5785687515625 0.7435824578125 0.6717822703125
6 0.4623781046875 0.787711796875 0.4920838328125 0.7889488203125 0.49437548906249995 0.7339236875 0.4646701390625 0.732686671875 0.4623781046875 0.787711796875
3 0.38069946250000003 0.5547485140624999 0.3631362375 0.5165522796875 0.31323742499999996 0.5394944734375 0.3308004453125 0.5776905343750001 0.38069946250000003 0.5547485140624999
3 0.3101585 0.6080165390625 0.328417953125 0.5920059609375 0.2944493515625 0.55327015625 0.2761899953125 0.5692806609375001 0.3101585 0.6080165390625
2 0.313444759375 0.6204513625 0.369750490625 0.645785934375 0.3872908296875 0.606806803125 0.3309854875 0.5814723328125 0.313444759375 0.6204513625
3 0.36660139375 0.6181776718750001 0.3799051890625 0.6447822000000001 0.4091709328125 0.630149315625 0.3958671234375 0.60354486875 0.36660139375 0.6181776718750001
3 0.5305795515625 0.64236463125 0.552257628125 0.6618169875000001 0.5845675359375 0.62581451875 0.562889575 0.6063622546875 0.5305795515625 0.64236463125
3 0.66079561875 0.6291914453125 0.6491478859375001 0.58950815 0.5977678734375 0.604587303125 0.6094153734375001 0.6442704 0.66079561875 0.6291914453125
3 0.3882064703125 0.5673813203125 0.41719827656249997 0.5696112515625 0.420277571875 0.5295793765625 0.3912859609375 0.527349453125 0.3882064703125 0.5673813203125
3 0.43882200468750004 0.5334870046875 0.44885002187499995 0.5535412984375 0.4702645375 0.542834025 0.46023651250000003 0.5227797703125 0.43882200468750004 0.5334870046875
7 0.5293658546875 0.4175870671875 0.525 0.41770833281249997 0.527083321875 0.4927083328125 0.531449178125 0.49258706874999997 0.5293658546875 0.4175870671875
7 0.6620056453125 0.43811849687500004 0.65808820625 0.4374999953125 0.6498161765625 0.48988970624999995 0.653733615625 0.4905082046875 0.6620056453125 0.43811849687500004
7 0.6334076859375 0.49597694375 0.6397060031249999 0.4954044015625 0.6295955875 0.3841911765625 0.6232973687500001 0.3847637140625 0.6334076859375 0.49597694375
7 0.5821888453125 0.4236430578125 0.5772058828125 0.4237132359375 0.5781249953125001 0.4889705875 0.5831079578125 0.48890040937499996 0.5821888453125 0.4236430578125
