2 0.521059375 0.56515625 0.5214000000000001 0.579790625 0.5237765624999999 0.58188125 0.528871875 0.59024375 0.534646875 0.590940625 0.5397421875 0.59024375 0.5438171875 0.5811843750000001 0.545515625 0.571428125 0.546875 0.5554 0.546875 0.5428578125 0.5472140624999999 0.5303140625 0.5441578125000001 0.5240421875 0.5397421875 0.5191640625 0.5360046875 0.5177703124999999 0.5315890624999999 0.5170734375 0.5254749999999999 0.5233453124999999 0.521059375 0.5317078125 0.521059375 0.5484328125 0.521059375 0.56515625
2 0.5754078125000001 0.5059234375 0.5720109375 0.5059234375 0.567934375 0.5052265625000001 0.564878125 0.5052265625000001 0.560121875 0.5135890625 0.557065625 0.5275265625000001 0.55570625 0.5386765625 0.5553671875 0.550521875 0.5567249999999999 0.563065625 0.5594421875 0.5693374999999999 0.563859375 0.5735187500000001 0.5682750000000001 0.57630625 0.5730296874999999 0.583275 0.5828796875 0.588153125 0.5855984375000001 0.588153125 0.59273125 0.5749125 0.5934109375000001 0.563065625 0.59375 0.5491296875 0.5944296875 0.5372828125 0.592390625 0.5268296875 0.59273125 0.5184671875 0.5876359375 0.5114984375 0.5842390625 0.5087109375 0.5788046875 0.5080140625 0.5754078125000001 0.5059234375
2 0.6501359375 0.49337968749999994 0.6433421874999999 0.4940765625 0.6348499999999999 0.49616718750000005 0.6277171874999999 0.49616718750000005 0.6246609375000001 0.4996515625 0.6192249999999999 0.5052265625000001 0.6141296875 0.5128921875 0.611753125 0.5240421875 0.6124328125 0.5337984375 0.6124328125 0.5463421875 0.6151500000000001 0.554703125 0.6175265624999999 0.561671875 0.6222828125000001 0.567246875 0.6266984375 0.570034375 0.6328125 0.5749125 0.6375671875 0.574215625 0.643003125 0.5693374999999999 0.64741875 0.56515625 0.64945625 0.564459375 0.65523125 0.564459375 0.6589671874999999 0.56236875 0.662703125 0.561671875 0.6657609375 0.5526125000000001 0.6660999999999999 0.5365859375 0.6633828125 0.5219515625 0.660665625 0.5080140625 0.6569296875 0.49477343749999997 0.6501359375 0.49337968749999994
7 0.5214000000000001 0.42926875000000003 0.522078125 0.45435468749999997 0.522078125 0.4682921875 0.5237765624999999 0.48362343750000003 0.5237765624999999 0.5024390624999999 0.5234375 0.5191640625 0.5261546874999999 0.5247390625 0.53226875 0.5177703124999999 0.5373640625 0.5198609375000001 0.5410999999999999 0.5198609375000001 0.54008125 0.5052265625000001 0.5383828125 0.48432031249999996 0.5373640625 0.4578390625 0.5360046875 0.441115625 0.5329484375 0.428571875 0.53023125 0.410453125 0.5261546874999999 0.40766562500000003 0.5234375 0.41115 0.5214000000000001 0.42926875000000003
7 0.5703125 0.46620156250000006 0.567934375 0.4871078125 0.5641984375 0.5038328125 0.563859375 0.5142859375 0.5706515624999999 0.5087109375 0.57710625 0.5066203125000001 0.584578125 0.5128921875 0.592390625 0.5142859375 0.5940890624999999 0.5017421875 0.59273125 0.4871078125 0.59273125 0.46620156250000006 0.5944296875 0.45435468749999997 0.59476875 0.429965625 0.5906921875 0.40557499999999996 0.5855984375000001 0.397909375 0.5808421874999999 0.40557499999999996 0.57914375 0.41115 0.575746875 0.41811875 0.5706515624999999 0.449478125 0.5703125 0.46620156250000006
7 0.65523125 0.41254375000000004 0.651834375 0.410453125 0.645040625 0.41115 0.6433421874999999 0.40766562500000003 0.6402859375000001 0.388153125 0.6375671875 0.37770000000000004 0.63383125 0.37909375 0.6321328125 0.379790625 0.626359375 0.385365625 0.6233015625 0.39512187499999996 0.6222828125000001 0.41602812499999997 0.6222828125000001 0.42926875000000003 0.6219421875 0.44738749999999994 0.6219421875 0.46620156250000006 0.6209234375 0.4829265625 0.6233015625 0.4982578125 0.6270374999999999 0.49895468750000005 0.6328125 0.49616718750000005 0.6402859375000001 0.49616718750000005 0.6436828125 0.49616718750000005 0.653871875 0.4982578125 0.6555703125 0.48919843749999997 0.6599859375 0.4675953125 0.660665625 0.446690625 0.6603265625 0.434146875 0.658628125 0.41881562499999997 0.65523125 0.41254375000000004
9 0.2272140625 0.6067703125 0.234375 0.6295578125 0.24609375 0.6614578125 0.26171875 0.646484375 0.2721359375 0.5904953125 0.2623703125 0.5716140625 0.24609375 0.51953125 0.2154953125 0.5188796875 0.2122390625 0.5625 0.2272140625 0.6067703125
6 0.4934890625 0.7552078125 0.4895828125 0.7356765625 0.4739578125 0.7330734375 0.4635421875 0.759765625 0.4791671875 0.7884109375 0.4921875 0.7864578125 0.4934890625 0.7552078125
3 0.36386376875000004 0.5579244437499999 0.3693412875 0.537970625 0.3654287734375 0.5215380671875 0.3599512546875 0.51801680625 0.3564299921875 0.5199730625 0.345083703125 0.52545058125 0.3259123859375 0.533666859375 0.3192611125 0.5403181328125 0.3204348671875 0.552446925 0.3251298828125 0.5653582203124999 0.33178115625000004 0.566531975 0.352517478125 0.567705728125 0.36386376875000004 0.5579244437499999
3 0.31026233125 0.60096209375 0.3133923421875 0.6021358484375 0.3204348671875 0.5990058375 0.321999871875 0.5931370671875 0.321999871875 0.58648579375 0.31808735781249997 0.580225771875 0.3098710796875 0.5735744984375 0.3047848125 0.5669232265625 0.29969854375 0.5594894499999999 0.29578603124999997 0.5547944328125001 0.29226476875 0.555185684375 0.28835225468750003 0.5641844671875 0.2891347578125 0.5774870125 0.291482265625 0.5841382859375 0.2953947796875 0.5911808109375001 0.304002309375 0.5958758265624999 0.30674106874999996 0.5974408328124999 0.31026233125 0.60096209375
2 0.325521134375 0.62561093125 0.330998653125 0.628349690625 0.33882368125 0.630305946875 0.3454749546875 0.6334359578125001 0.3529087296875 0.637348471875 0.3626900140625 0.6396959796874999 0.3693412875 0.6396959796874999 0.3744275546875 0.6353922140625 0.3779488171875 0.6275671875 0.3787313203125 0.6177859031249999 0.377557565625 0.612308384375 0.37481880625 0.6087871218750001 0.3669937796875 0.5990058375 0.3669937796875 0.5986145859375 0.3634725171875 0.5974408328124999 0.359560003125 0.5958758265624999 0.3548649875 0.5950933234375 0.3482137140625 0.590789559375 0.345083703125 0.5884420515625 0.3403886859375 0.5857032921875 0.33764992656250004 0.5857032921875 0.32825989375 0.589224553125 0.3259123859375 0.5927458156250001 0.3251298828125 0.60096209375 0.3243473796875 0.610743378125 0.32473863125 0.6216984171875 0.325521134375 0.62561093125
3 0.4194214625 0.6111346296875 0.4110375046875 0.6167239343750001 0.40533641249999997 0.6338272093749999 0.41081393125 0.6346097125 0.415117696875 0.6334359578125001 0.42157334375 0.63304470625 0.42822461718750005 0.63304470625 0.4327240078125 0.6291321921875 0.43468026562500006 0.61856840625 0.431550253125 0.6134821374999999 0.4194214625 0.6111346296875
3 0.5626194609375 0.6416522359375 0.56848823125 0.6369572203125 0.5798345203124999 0.63108845 0.574748253125 0.6170034 0.566531975 0.6146558921875 0.5571419421875 0.616220896875 0.5508819203125 0.619742159375 0.5500994171875 0.626784684375 0.546186903125 0.6389134765625 0.5457956515625 0.6459560015625 0.5485344125 0.6584760453125 0.552446925 0.66160605625 0.5610544546875 0.6498685156249999 0.5626194609375 0.6416522359375
3 0.667083575 0.5508819203125 0.67256109375 0.5598807015625 0.678821115625 0.5614457078124999 0.6870373937500001 0.5579244437499999 0.6952536734375 0.5520556734375 0.70464370625 0.5450131500000001 0.7069912140625 0.5348406140625 0.703861203125 0.517234303125 0.69407991875 0.5074530187499999 0.6886024 0.5070617671875 0.68312488125 0.510191778125 0.6752998531250001 0.5184080578125 0.671778590625 0.5238855765625 0.667866078125 0.5285805921875 0.6655185703125001 0.5348406140625 0.66512731875 0.5446218968750001 0.667083575 0.5508819203125
3 0.40259765312500007 0.56848823125 0.4159002 0.56848823125 0.41785645625 0.56105445625 0.41863895937500006 0.5508819203125 0.41707395312499995 0.540709384375 0.41472644531249997 0.5309281 0.41237893750000004 0.5289718437500001 0.411596434375 0.5305368484375 0.4100314296875 0.5352318656249999 0.4092489265625 0.540709384375 0.40181515 0.5473606578125 0.3939901234375 0.5485344125 0.3939901234375 0.5489256625000001 0.3889038546875 0.5583156953125 0.3908601125 0.5634019625 0.3982938875 0.567705728125 0.40259765312500007 0.56848823125
3 0.4529284953125 0.551502053125 0.4631257609375 0.5464034203125 0.46397553281250004 0.538755471875 0.4605764453125 0.5234595750000001 0.45717735625 0.524309346875 0.45207872499999996 0.5336568390624999 0.4444307765625 0.5336568390624999 0.44188145937499995 0.535356384375 0.44273123124999997 0.5413047875 0.44698009218749996 0.5481029640624999 0.4529284953125 0.551502053125
