2 0.7068 0.524 0.704 0.5272 0.7011999999999999 0.5296000000000001 0.6964 0.5288 0.6932 0.5288 0.6876 0.5304 0.682 0.5368 0.6792 0.5432 0.6784 0.5456000000000001 0.6776 0.5488000000000001 0.6772 0.5544 0.678 0.5608 0.6796 0.5671999999999999 0.6812 0.576 0.6839999999999999 0.5848 0.6872 0.592 0.6904 0.6024 0.6928 0.6112 0.6988000000000001 0.6096 0.7064 0.6064 0.7123999999999999 0.6032 0.7172 0.6008 0.7224 0.5992 0.7268 0.5968 0.7308 0.5936 0.7332 0.5896 0.734 0.5848 0.7344 0.5776 0.734 0.568 0.7332 0.5559999999999999 0.732 0.548 0.7312000000000001 0.5424 0.7292 0.532 0.7276 0.5288 0.7248 0.5224 0.7232000000000001 0.5184 0.7176 0.52 0.7123999999999999 0.52 0.7068 0.524
7 0.3744 0.4464 0.37360000000000004 0.45359999999999995 0.37879999999999997 0.45599999999999996 0.38039999999999996 0.4568 0.3876 0.45919999999999994 0.3928 0.45999999999999996 0.3912 0.45599999999999996 0.3908 0.44480000000000003 0.39039999999999997 0.4344 0.39039999999999997 0.4248 0.3896 0.41200000000000003 0.38839999999999997 0.4008 0.3876 0.384 0.38639999999999997 0.36960000000000004 0.3848 0.3568 0.3816 0.3504 0.3776 0.3544 0.37679999999999997 0.3648 0.3756 0.3776 0.3752 0.3944 0.3744 0.41600000000000004 0.3744 0.43360000000000004 0.3744 0.4464
7 0.7232000000000001 0.6512 0.7276 0.6616 0.7348 0.6792 0.742 0.6952 0.7464000000000001 0.6936 0.748 0.6904 0.748 0.6816 0.748 0.6728 0.7464000000000001 0.6607999999999999 0.7448 0.6519999999999999 0.7412 0.6328 0.7372 0.62 0.7356 0.6088 0.7332 0.6 0.7323999999999999 0.596 0.7296 0.5952 0.726 0.5976 0.72 0.6 0.712 0.6008 0.7068 0.604 0.7016 0.6072 0.6980000000000001 0.6088 0.6932 0.6088 0.6940000000000001 0.6168 0.6948000000000001 0.6272 0.6956 0.6352 0.6984 0.6456000000000001 0.7032 0.6632 0.7096 0.6768 0.7136 0.6864 0.7188 0.692 0.7216 0.6936 0.7236 0.6936 0.7252 0.692 0.7243999999999999 0.6832 0.7224 0.6776 0.72 0.6696 0.7184 0.6599999999999999 0.7168 0.6527999999999999 0.7152000000000001 0.64 0.7144 0.6288 0.7148 0.624 0.7176 0.628 0.72 0.6384000000000001 0.7232000000000001 0.6512
3 0.72409145625 0.48970642187499996 0.73124045625 0.480004209375 0.7363468828124999 0.4682594265625 0.732261740625 0.463152996875 0.729197884375 0.45957849843750004 0.7057083171875 0.4723445671875 0.705197675 0.4764297109375 0.706218959375 0.480004209375 0.7097934593749999 0.48970642187499996 0.7184743859375 0.493280921875 0.72409145625 0.48970642187499996
3 0.610821459375 0.5024632171875 0.6119215421875001 0.509338740625 0.614121709375 0.517314346875 0.617146940625 0.5255649734375 0.628422796875 0.5302403296875 0.639423634375 0.5327155171875 0.64382396875 0.5255649734375 0.6432739265625 0.5120889484375 0.640248696875 0.5060384890625 0.6369484453125 0.5005380703125 0.6336481953125 0.49833790312500004 0.6289728390625 0.4994379875 0.627597734375 0.49916296562499995 0.6218222953125 0.49723781875000006 0.614121709375 0.4964127578125 0.610821459375 0.5024632171875
3 0.36687790468750003 0.5569173578125 0.3649527578125 0.5536171078125001 0.36137748593749996 0.5525170234375001 0.35092669062500004 0.550591878125 0.3363505828125 0.5571923796875 0.3352504984375 0.5668181125 0.3514767328125 0.5731435921875 0.35917731875 0.57561878125 0.3649527578125 0.5670931328125 0.36687790468750003 0.5569173578125
3 0.3110486578125 0.544266396875 0.31132367968749997 0.5313404125 0.30169794687499996 0.5250149328125 0.29179719375 0.52006455625 0.28464665 0.5184144296875 0.27969627343750003 0.5170393265625 0.2750209171875 0.5184144296875 0.2706205828125 0.5294152671875 0.27199568749999997 0.542066228125 0.2840966078125 0.5676431749999999 0.29097213125 0.5742436765625001 0.30527321875 0.5635178609375 0.3110486578125 0.544266396875
3 0.260444809375 0.4738610421875 0.2662202484375 0.4870620453125 0.279421253125 0.49146237968750006 0.2871218390625 0.48678702500000004 0.28849694375 0.4708358125 0.281896440625 0.44965920156249994 0.276396021875 0.4455338875 0.267595353125 0.44333371875000005 0.2642951015625 0.44773405468750005 0.26099485 0.44910915781250005 0.2574195796875 0.459834975 0.2574195796875 0.4672605390625 0.260444809375 0.4738610421875
9 0.753557315625 0.6515245546874999 0.7730838 0.6369484453125 0.78023434375 0.626772671875 0.794810453125 0.61852204375 0.8096615828125 0.606971165625 0.8129618328125 0.5885447640625 0.8121367703125 0.5734186140624999 0.8102116234375 0.5536171078125001 0.807461415625 0.5417912078125 0.8014109546875 0.53519070625 0.7898600765625 0.5338156015625 0.7796843015625 0.5346406640625 0.7675833828124999 0.537115853125 0.7618079421874999 0.5382159359375 0.75410735625 0.542066228125 0.7483319171875 0.5445414171875 0.7403563109375 0.548941753125 0.73815614375 0.5525170234375001 0.735405934375 0.560217609375 0.7356809546874999 0.572043509375 0.7395312484375001 0.5877197015625 0.74063133125 0.5877197015625 0.7420064359375 0.5992705796875 0.7453066875000001 0.6182470234374999 0.7458567296874999 0.6407987375 0.753557315625 0.6515245546874999
9 0.24308761093750003 0.663092853125 0.2591077109375 0.6310526515625 0.2605007640625 0.6017985546875 0.250052871875 0.5718479328125 0.2416945578125 0.537021628125 0.220798775 0.459010703125 0.21104740937500002 0.4499558640625 0.2061717265625 0.49592658749999996 0.21244046249999998 0.5363251015625 0.21244046249999998 0.56348961875 0.21104740937500002 0.5899576109375 0.2180126703125 0.636624859375 0.22219182656249997 0.6721476921875 0.24308761093750003 0.663092853125
