2 0.39695238593750004 0.6162162312499999 0.43991639375 0.55029269375 0.35012279375 0.491777596875 0.3071588953125 0.55770053125 0.39695238593750004 0.6162162312499999
2 0.410866546875 0.6112504421875 0.4382584921875 0.61241190625 0.44130759687500004 0.5405053859375 0.41391599687499997 0.53934393125 0.410866546875 0.6112504421875
2 0.6814594046875 0.5311658078125 0.66322095 0.46005811874999997 0.6081863515625 0.47417296249999996 0.6264244484375 0.5452803421875 0.6814594046875 0.5311658078125
2 0.5802136890625 0.6003688 0.6294054671875 0.6008697015625 0.6304978546875 0.493556734375 0.5813069515625 0.4930558359375 0.5802136890625 0.6003688
1 0.6001653265625 0.43227973750000004 0.6089120296874999 0.451958725 0.6417886515625 0.43734687968749997 0.6330419359375 0.417667940625 0.6001653265625 0.43227973750000004
1 0.374022371875 0.4372931109375 0.3503586828125 0.44386594687500003 0.3584466890625 0.4729827703125 0.3821103734375 0.4664099484375 0.374022371875 0.4372931109375
4 0.35661500468749996 0.5755478109375 0.33926538125 0.572602 0.32462444218750003 0.6588214140625 0.3419740609375 0.6617672015625 0.35661500468749996 0.5755478109375
4 0.3753664359375 0.6804390375 0.38710436875 0.6819480140625 0.3965270328125 0.6086604015625 0.38478926874999997 0.6071514375 0.3753664359375 0.6804390375
4 0.624128415625 0.593455409375 0.6072231343750001 0.596511328125 0.6245385828125001 0.6922882859375 0.64144385625 0.6892323953124999 0.624128415625 0.593455409375
7 0.6726176640625 0.62935976875 0.676757925 0.6279296484375 0.6580880890625 0.573885753125 0.65394786875 0.575315865625 0.6726176640625 0.62935976875
7 0.6714446703125 0.5378764859375 0.6689453125 0.5390625 0.6962889296875 0.5966797515625 0.6987882828124999 0.5954937421875 0.6714446703125 0.5378764859375
7 0.424241678125 0.6126166828125 0.42089838906250004 0.6123046828125001 0.4140625 0.685546875 0.4174057890625 0.685858871875 0.424241678125 0.6126166828125
