2 0.31369507812499997 0.658841415625 0.3600548109375 0.6759578578125 0.386761796875 0.6036302609375 0.340402671875 0.586513940625 0.31369507812499997 0.658841415625
2 0.47447469218749994 0.5391641671875 0.4465535640625 0.5379802671875 0.4430384328125 0.6208730015625 0.4709595609375 0.6220568921875 0.47447469218749994 0.5391641671875
2 0.600804321875 0.6210758046875 0.6401496734375 0.6392421203125 0.6752419609375 0.5632455249999999 0.63589711875 0.5450793484374999 0.600804321875 0.6210758046875
6 0.3534420796875 0.8130497015625 0.3705992796875 0.782172221875 0.34289206562499996 0.7667795703125 0.325734859375 0.7976569328124999 0.3534420796875 0.8130497015625
7 0.299233371875 0.7252258171875 0.30397727343750003 0.7272727265625 0.330063878125 0.6668235921875 0.325320034375 0.6647766984375 0.299233371875 0.7252258171875
7 0.3538041953125 0.6829707734375 0.347904084375 0.6816318124999999 0.3323863640625 0.75 0.338286471875 0.75133895 0.3538041953125 0.6829707734375
7 0.46300877500000004 0.4277249578125 0.4576288078125 0.427703553125 0.4572319875 0.5274348765625 0.46261195468749994 0.52745628125 0.46300877500000004 0.4277249578125
6 0.338808465625 0.7296412937500001 0.32076137656250003 0.737371321875 0.3301793296875 0.7593554359375 0.3482264046875 0.7516254296875 0.338808465625 0.7296412937500001
6 0.31357370156250003 0.7317344046875001 0.3121830390625 0.7213104578125 0.29996191875 0.72294061875 0.301352565625 0.7333645515625 0.31357370156250003 0.7317344046875001
6 0.6764571765625 0.7011400609375 0.657444640625 0.7104200281249999 0.67187899375 0.7399880484375 0.6908915078125 0.7307081140625 0.6764571765625 0.7011400609375
