2 0.4650140625 0.5449484375 0.462296875 0.5526125000000001 0.4605984375 0.56236875 0.45890000000000003 0.571428125 0.4578796875 0.58188125 0.45822031250000006 0.590940625 0.4602578125 0.597909375 0.463315625 0.6034843750000001 0.4670515625 0.606271875 0.471128125 0.606271875 0.47452500000000003 0.60696875 0.47758124999999996 0.6034843750000001 0.47995937499999997 0.595121875 0.4813171875 0.5825781250000001 0.481996875 0.571428125 0.48165781250000006 0.558884375 0.4806390625 0.5470390625 0.475203125 0.5407671875 0.471128125 0.5379796875 0.4684109375 0.5386765625 0.4650140625 0.5449484375
2 0.4847140625 0.5400703124999999 0.481996875 0.5456453125 0.4806390625 0.557490625 0.4806390625 0.5693374999999999 0.48097812500000003 0.583275 0.4806390625 0.595121875 0.4813171875 0.6034843750000001 0.4847140625 0.611846875 0.4884515625 0.61533125 0.4928671875 0.6160281249999999 0.49558437499999997 0.6160281249999999 0.5 0.614634375 0.5020374999999999 0.610453125 0.5030578125 0.600696875 0.5040765625 0.583971875 0.5040765625 0.5735187500000001 0.503396875 0.560975 0.5016984375 0.5477359374999999 0.4993203125 0.5393734375 0.4952453125 0.5358890625 0.48947031250000006 0.5358890625 0.4847140625 0.5400703124999999
2 0.5098499999999999 0.5372828125 0.5071328125 0.5456453125 0.5050953125000001 0.5554 0.5040765625 0.56794375 0.5040765625 0.5804875 0.5040765625 0.5937281249999999 0.5047546875 0.604878125 0.5061140625 0.6111500000000001 0.5098499999999999 0.613240625 0.5159640624999999 0.614634375 0.5193609375 0.614634375 0.5237765624999999 0.613240625 0.5254749999999999 0.605575 0.5264953125 0.595121875 0.5275140625 0.583971875 0.5275140625 0.571428125 0.5264953125 0.5560968749999999 0.5251359375 0.5463421875 0.5234375 0.5358890625 0.5203796875 0.5317078125 0.5139265625 0.5310109375 0.5098499999999999 0.5372828125
2 0.5373640625 0.5386765625 0.5309109375000001 0.5484328125 0.5292125000000001 0.5581875000000001 0.5275140625 0.56794375 0.5275140625 0.5811843750000001 0.5275140625 0.592334375 0.5292125000000001 0.60139375 0.5319296875 0.60696875 0.535665625 0.60975625 0.54008125 0.60975625 0.54585625 0.60696875 0.548234375 0.604878125 0.5489124999999999 0.594425 0.549253125 0.58466875 0.5499328125 0.5749125 0.5499328125 0.564459375 0.5499328125 0.55400625 0.5495921874999999 0.5470390625 0.5465359375000001 0.5400703124999999 0.5441578125000001 0.5358890625 0.541440625 0.5365859375 0.5373640625 0.5386765625
1 0.6934322984375 0.49790251874999997 0.6981869859375001 0.50626501875 0.7066791734375 0.49581189375 0.7090572984375 0.48884314375000004 0.7131322984375 0.48326814375 0.7151713609375 0.47281501875 0.7134729234375 0.45609001875 0.7073588609375 0.44842439375 0.7002260484375 0.44703064374999996 0.6954697984375 0.45260564375 0.693091675 0.46236189375 0.6927526125 0.47072439375 0.6927526125 0.48326814375 0.6934322984375 0.48954001874999997 0.6934322984375 0.49790251874999997
1 0.621603125 0.56655 0.6243203125 0.5735187500000001 0.6266984375 0.572125 0.6287359375 0.564459375 0.6311140625 0.554703125 0.6324734375000001 0.55121875 0.6307750000000001 0.5428578125 0.6300953125000001 0.5358890625 0.626359375 0.5275265625000001 0.6229625000000001 0.5268296875 0.6209234375 0.5289203125 0.6188859375 0.5351921875000001 0.618546875 0.5498265625000001 0.6192249999999999 0.554703125 0.621603125 0.56655
1 0.6035999999999999 0.5358890625 0.6046203125 0.5456453125 0.60258125 0.551915625 0.60054375 0.5526125000000001 0.5988453125000001 0.5581875000000001 0.5998640625 0.5658531250000001 0.602921875 0.5707312499999999 0.6063171875 0.5735187500000001 0.609375 0.571428125 0.6144703125000001 0.570034375 0.6175265624999999 0.5707312499999999 0.6199046874999999 0.56655 0.6209234375 0.561671875 0.619565625 0.5463421875 0.6188859375 0.5379796875 0.6151500000000001 0.5351921875000001 0.6100546875 0.5296171875 0.6056390625 0.5303140625 0.6035999999999999 0.5358890625
1 0.2788874296875 0.4881299171875 0.2822843046875 0.48743304218750005 0.28500149218750004 0.4832517921875 0.2856796171875 0.4755861671875 0.283303053125 0.47001116718749997 0.2795655546875 0.4686174171875 0.2758296171875 0.4686174171875 0.2741311796875 0.4783736671875 0.2788874296875 0.4881299171875
1 0.406453403125 0.5631754640625 0.406453403125 0.558908984375 0.406453403125 0.5540736390625 0.406453403125 0.5515137515624999 0.406453403125 0.550376021875 0.402186921875 0.5529359109375 0.399911465625 0.5597622796875 0.40019589843750003 0.5640287609375 0.402186921875 0.5674419453125 0.40503124375 0.5671575125 0.406453403125 0.5631754640625
1 0.4169773890625 0.56033114375 0.41527079687499996 0.5560646625000001 0.4138486375 0.5535047750000001 0.4124264765625 0.5529359109375 0.41100431718749997 0.552651478125 0.40929772499999995 0.5583401203125 0.41015102031249995 0.5628910328125001 0.410719884375 0.56658865 0.41185761249999997 0.5685796734374999 0.4135642046875 0.5651664890625 0.4169773890625 0.56033114375
6 0.611813346875 0.791289971875 0.6135199375 0.8040894140624999 0.618924146875 0.8148978328125001 0.62432835625 0.8231463609375 0.63314575 0.8274128421875 0.6482206484375 0.8251373859375001 0.660735659375 0.81887988125 0.67979260625 0.8049427093749999 0.6960052328125 0.7878767875 0.7016938749999999 0.7753617765625 0.7034004671874999 0.7634156296875 0.7036848984375 0.75488266875 0.6960052328125 0.7509006203124999 0.67979260625 0.7600024453125 0.6729662375000001 0.771379728125 0.667562028125 0.77706836875 0.6524871296875 0.7531760765625 0.6487895124999999 0.7412299296875 0.6413942796875001 0.7435053875000001 0.6493583765625 0.7787749609375 0.6493583765625 0.7853168984375001 0.6379810953125 0.7821881453125 0.6362745015625 0.7728018875 0.6328613171875 0.762562334375 0.632008021875 0.7617090375 0.6317235890624999 0.7617090375 0.62432835625 0.754029371875 0.627457109375 0.7398077703125 0.6220529 0.7312748078125 0.6135199375 0.7389544734375 0.6081157296875 0.752038346875 0.611813346875 0.791289971875
6 0.28869853437500004 0.779343825 0.31202196249999997 0.8097780546875001 0.335629821875 0.826559546875 0.3561089296875 0.8362302359375 0.368623940625 0.8345236421875001 0.37687247031250004 0.8365146671874999 0.38455213593750004 0.8282661375 0.3891030484375 0.8114846468750001 0.381707815625 0.795840884375 0.36350416406249997 0.791289971875 0.357246659375 0.7907211078125 0.353264609375 0.7776372328125001 0.337905278125 0.7929965625000001 0.333069934375 0.7745084796875 0.322261515625 0.7764995046875 0.3091776421875 0.7728018875 0.30491116093750004 0.7329814 0.3051955921875 0.7329814 0.3037734328125 0.7324125375 0.293249446875 0.7301370796875 0.2858542125 0.724732871875 0.27589909218750003 0.7309903765625 0.2770368203125 0.74834073125 0.2807344359375 0.762562334375 0.28869853437500004 0.779343825
