2 0.44527952031250007 0.6382107390625 0.49658389999999997 0.6370289796875 0.49440654375 0.54252979375 0.443103034375 0.54371154375 0.44527952031250007 0.6382107390625
2 0.458666459375 0.7530425484375 0.55996685625 0.749776 0.556826428125 0.6524362578125 0.4555281328125 0.6557027718749999 0.458666459375 0.7530425484375
2 0.6514292046875 0.6038019203125 0.593572546875 0.63429824375 0.6159926984374999 0.6768276203125 0.67384925625 0.646331440625 0.6514292046875 0.6038019203125
2 0.6342878468750001 0.6113953796875 0.6864620343750001 0.5953551046875 0.6685390625000001 0.5370640625 0.6163653984375 0.5531042515625 0.6342878468750001 0.6113953796875
3 0.274366334375 0.4486871578125 0.2428828078125 0.4637122921875 0.268899909375 0.5182244171875 0.30038339375 0.5031993484374999 0.274366334375 0.4486871578125
3 0.3259689109375 0.572428146875 0.3336119484375 0.5511992484375 0.2891273765625 0.535184921875 0.2814843 0.556413734375 0.3259689109375 0.572428146875
3 0.3057754359375 0.5604749671875 0.28810993749999997 0.5820637796875 0.3242580796875 0.611639559375 0.34192348125 0.5900508359375001 0.3057754359375 0.5604749671875
9 0.28418720625 0.5335637671875 0.21755823125 0.5369431437500001 0.2236697875 0.6574283390625 0.290298759375 0.654049 0.28418720625 0.5335637671875
3 0.37283016406249997 0.6486917796875 0.3942777703125 0.6227317953125 0.35784829375 0.5926381171874999 0.33640075468749997 0.618597984375 0.37283016406249997 0.6486917796875
3 0.6531078796875 0.605419378125 0.668625715625 0.616748675 0.6949489296875 0.580697340625 0.6794311796875 0.569368090625 0.6531078796875 0.605419378125
9 0.749335859375 0.5330439890625 0.6920434281250001 0.54438479375 0.724721071875 0.7094502796875 0.782013446875 0.6981096531250001 0.749335859375 0.5330439890625
7 0.638416534375 0.5141050046875 0.64362565625 0.5126429046875 0.6310181953125 0.46772885937500003 0.625809109375 0.46919095468750005 0.638416534375 0.5141050046875
7 0.6402022328125 0.5118918984375 0.644531271875 0.5117187484375 0.6414783171875 0.4353955640625 0.637149325 0.4355687125 0.6402022328125 0.5118918984375
7 0.654200503125 0.4511265921875 0.6507488578125 0.451210771875 0.652343746875 0.5166015625 0.6557953921874999 0.5165173828125 0.654200503125 0.4511265921875
