3 0.581604596875 0.64844851875 0.58222930625 0.6546956140625 0.583478725 0.6578191624999999 0.5853528531250001 0.6590685828125 0.59534820625 0.6590685828125 0.5965976265624999 0.6590685828125 0.5997211734375 0.6565697421875 0.6022200125 0.6509473578125 0.602844721875 0.6428261328125 0.5997211734375 0.635954328125 0.5959729171875 0.637203746875 0.5878516921875 0.637203746875 0.584103434375 0.6384531671875 0.581604596875 0.644075553125 0.581604596875 0.64844851875
3 0.6403272953125 0.649073228125 0.647823809375 0.6415767140625 0.6496979374999999 0.6322060703125 0.6471991 0.6197118796875001 0.6278331046875001 0.6197118796875001 0.6222107171875 0.6209612984375 0.6103412359375 0.6272083937499999 0.6097165265625 0.6315813609375 0.612840075 0.6415767140625 0.6222107171875 0.6471991 0.625334265625 0.6503226468750001 0.629082521875 0.6515720671875 0.634704909375 0.6515720671875 0.6403272953125 0.649073228125
3 0.6946770265625 0.605343559375 0.68842993125 0.6003458828125 0.6871805109375 0.6003458828125 0.67780986875 0.6003458828125 0.6740616109374999 0.6022200125 0.659693290625 0.606592978125 0.6540709046875001 0.607842396875 0.649073228125 0.6109659453125 0.6503226484375 0.6147142031249999 0.65656974375 0.6228354281249999 0.6634415484375 0.6315813609375 0.669063934375 0.635954328125 0.6765604484375001 0.6272083937499999 0.6846816734375001 0.6222107171875 0.68842993125 0.6165883328125 0.6940523171875 0.6103412359375 0.6946770265625 0.605343559375
3 0.61658833125 0.58472814375 0.612840075 0.5797304671875 0.5972223359375 0.58222930625 0.59534820625 0.601595303125 0.6109659453125 0.5984717546875 0.612840075 0.5972223359375 0.6178377515625 0.5878516921875 0.61658833125 0.58472814375
3 0.691553478125 0.5759822109375 0.6984252828125 0.5647374375 0.7046723796875 0.5572409234375 0.7077959265625 0.55036911875 0.70404766875 0.5434973140625 0.699674703125 0.539124346875 0.6971758640625 0.539124346875 0.68842993125 0.541623184375 0.6853063828125 0.542872603125 0.6796839968749999 0.54787028125 0.6715627734375 0.552243246875 0.660318 0.561613890625 0.669063934375 0.5759822109375 0.6746863203125 0.581604596875 0.6828075453125 0.5797304671875 0.691553478125 0.5759822109375
9 0.7021879578125 0.6431292265625 0.7021879578125 0.6524971625 0.705853671875 0.6618651 0.7115558953125001 0.6720476390625 0.71766541875 0.67937906875 0.7241822453125 0.6806009734375 0.7298844671875 0.6789717671875 0.7396597046875 0.67612065625 0.7498422453125 0.675306053125 0.7555444687499999 0.6748987515625 0.762875896875 0.6736768468750001 0.767763515625 0.6700111328125 0.7710219281249999 0.656570178125 0.769392721875 0.642721925 0.7669489125 0.6329466859374999 0.76206129375 0.6215422421875 0.7531006578125 0.6089158921875 0.742103515625 0.5946603359375 0.722960340625 0.579182875 0.718480021875 0.5804047796875 0.715221609375 0.584885096875 0.7082974828124999 0.6040282718750001 0.705853671875 0.6129889078125 0.707075578125 0.6162473203125 0.7066682765625 0.619913034375 0.7054463703125 0.6288736703125 0.7034098625 0.6362050984375001 0.7021879578125 0.6431292265625
3 0.3315435015625 0.592623828125 0.322175565625 0.584477796875 0.31036381875 0.5812193828125001 0.30181048593750004 0.5877362078124999 0.301403184375 0.590994621875 0.3022177875 0.59669684375 0.30547620000000003 0.6011771625 0.31036381875 0.60606478125 0.31525143906249997 0.6105450984374999 0.32176826406250003 0.6138035109375 0.3299142953125 0.6170619234375 0.3392822328125 0.6182838281249999 0.3441698515625 0.6154327171875 0.34376255 0.60932319375 0.336431121875 0.59832605 0.3315435015625 0.592623828125
3 0.3563889 0.646794940625 0.3608692171875 0.6537190671875 0.37308826562499997 0.6504606546875 0.38082699531249997 0.6447584328125 0.3849000125 0.6382416078125 0.3877511234375 0.630095575 0.3879547734375 0.624597003125 0.3812342984375 0.6178765281249999 0.375532075 0.6140071625 0.3624984234375 0.608508590625 0.3563889 0.6068793828125 0.349872075 0.6068793828125 0.3478355671875 0.608508590625 0.346206359375 0.6109524000000001 0.35190858281250004 0.6170619234375 0.35150128125 0.6207276375 0.352315884375 0.630095575 0.35516699531249996 0.6394635125 0.3563889 0.646794940625
3 0.3726809640625 0.590994621875 0.376346678125 0.5946603359375 0.38327080625 0.597511446875 0.3918241390625 0.5950676374999999 0.39630445625 0.5885508125000001 0.3958971546875 0.58407049375 0.392231440625 0.5795901765625 0.385714615625 0.5755171609375 0.3800123921875 0.5734806531250001 0.376346678125 0.5747025578125 0.37308826562499997 0.57755366875 0.37186636093750003 0.578368271875 0.369829853125 0.5812193828125001 0.37023715468749996 0.586107003125 0.3726809640625 0.590994621875
3 0.301403184375 0.5588177953125 0.30792000937499997 0.5620762078125 0.31647334374999997 0.5620762078125 0.3176952484375 0.557595890625 0.3136222328125 0.5470060484375 0.30547620000000003 0.5364162078125 0.299773978125 0.530713984375 0.29284984999999997 0.5278628734375 0.2895914375 0.5323431921874999 0.2883695328125 0.5392673171875 0.2908133421875 0.544969540625 0.2957009609375 0.554337478125 0.301403184375 0.5588177953125
