3 0.6458328125 0.5799421875 0.6518359375 0.5763078125 0.6528953125 0.572675 0.6536015625 0.5675874999999999 0.6546609375 0.5668609375 0.6585453125 0.5675874999999999 0.6624296875 0.5683140625 0.6649015625 0.5661343750000001 0.6656078125 0.563953125 0.6666671875 0.561046875 0.6666671875 0.5581390625 0.6663140624999999 0.5537796875 0.6673734375 0.545784375 0.6670203124999999 0.537790625 0.6663140624999999 0.529796875 0.6656078125 0.5225296875 0.6645484374999999 0.5138078125 0.6627828124999999 0.5058140625 0.6599578125 0.5021796875 0.661034853125 0.505080990625 0.6572311 0.5057149484375 0.6581820390625001 0.5012772375 0.6562801625 0.505080990625 0.652476409375 0.5085677640624999 0.6550122453125 0.523148815625 0.6431511921874999 0.5258688171875 0.6352267078125 0.54995925 0.625353125 0.5254359375 0.62429375 0.532703125 0.623940625 0.541425 0.625353125 0.5465109375 0.625353125 0.55450625 0.6264125 0.5588656249999999 0.627471875 0.563953125 0.6292375 0.5697671875 0.631003125 0.5734015625 0.6320625 0.5734015625 0.6341812499999999 0.5763078125 0.6363000000000001 0.5784890625 0.6405375 0.5799421875 0.6440671874999999 0.5799421875 0.6458328125 0.5799421875
3 0.631003125 0.5719484375 0.631003125 0.5683140625 0.631709375 0.561046875 0.631003125 0.552325 0.630296875 0.5450578125 0.62853125 0.5334296875 0.6264125 0.5203484375 0.6207625 0.5188953125 0.6140531250000001 0.5218015625 0.6094625 0.524709375 0.6066390625 0.5268890625 0.6041671875 0.53125 0.6024015625 0.5385171875 0.6027546874999999 0.550871875 0.6038140624999999 0.5581390625 0.6048734375 0.5675874999999999 0.6066390625 0.5748546875 0.6080515625 0.5784890625 0.611228125 0.582121875 0.6122875 0.5886625000000001 0.618290625 0.5893890625 0.62005625 0.5893890625 0.622175 0.5901156249999999 0.623940625 0.59084375 0.626059375 0.5901156249999999 0.62853125 0.5886625000000001 0.629590625 0.5850296875 0.6306499999999999 0.5784890625 0.631003125 0.5719484375
9 0.7258828140625 0.6320569125 0.7376110515625001 0.6234984703124999 0.7537770015625 0.6127211703125 0.76677315625 0.59909105625 0.7743806625 0.5822911484375 0.778184415625 0.565491240625 0.776916496875 0.5566158171875 0.77121086875 0.5439366421875 0.7658222171875 0.5417177859375 0.7582147124999999 0.541083828125 0.7477543921875001 0.541083828125 0.732222403125 0.538864971875 0.716056453125 0.5369630953125 0.70369425625 0.5445706 0.70369425625 0.54995925 0.7055961328125 0.5635893640625 0.70686405 0.58197416875 0.711935721875 0.589898653125 0.707498009375 0.6025778296875 0.7071810296875001 0.626351284375 0.7093998859374999 0.641249315625 0.7258828140625 0.6320569125
9 0.2890852078125 0.431091978125 0.3077869921875 0.43774854375 0.3182473125 0.4282391625 0.32775669375 0.40826946093750005 0.328390653125 0.393371428125 0.32110012656250003 0.3559678609375 0.32046616875 0.34487358281249997 0.3201491890625 0.32775669375 0.3217340859375 0.309054909375 0.32046616875 0.2764060328125 0.3062020953125 0.2875003109375 0.302715321875 0.29162104218749996 0.297326671875 0.302715321875 0.287817290625 0.314443559375 0.2840135375 0.33219440625 0.2805267640625 0.3740356859375 0.273870196875 0.41936373906249996 0.2890852078125 0.431091978125
3 0.31159074531250003 0.5255518375 0.3280736734375 0.5369630953125 0.3366321171875 0.5375970531250001 0.3404358703125 0.5274537125000001 0.3398019109375 0.5160424546875 0.33599815781250003 0.5078009906250001 0.3280736734375 0.5024123406250001 0.3226850234375 0.49892556718750003 0.31507751875 0.48814826718750004 0.3058851171875 0.48497847343749995 0.3008134453125 0.49448785624999997 0.3001794875 0.49797462968749995 0.3001794875 0.5036802578125 0.3020813640625 0.5071670328125 0.3058851171875 0.516359434375 0.31159074531250003 0.5255518375
3 0.368013078125 0.559151653125 0.3800582953125 0.5426687234375 0.3803752734375 0.5290386109375 0.378473396875 0.5188952687499999 0.3740356859375 0.513189640625 0.368964015625 0.5125556828125 0.3632583859375 0.5125556828125 0.35660181875 0.5141405781249999 0.3499452515625 0.5119217218750001 0.342654725 0.505582134375 0.3379000359375 0.504631196875 0.3391679515625 0.5049481765625 0.3356811796875 0.5309404875 0.33853399375 0.544253621875 0.3474094171875 0.5524950859375 0.368013078125 0.559151653125
3 0.3363151375 0.5962382421875 0.353432025 0.6003589734375 0.356284840625 0.5946533453125 0.3581867171875 0.5851439625 0.360405571875 0.5724647875 0.35565088125 0.5667591578125 0.3512131703125 0.5620044671875 0.3372660765625 0.5562988375 0.3287076328125 0.5528120640624999 0.3182473125 0.5528120640624999 0.3147605390625 0.5597856125 0.31602845625 0.5692949921875 0.3207831484375 0.579438334375 0.3239529421875 0.59180053125 0.3363151375 0.5962382421875
3 0.44725792656249996 0.655196409375 0.45042772031249995 0.65044171875 0.44947678281250003 0.640298378125 0.44250323593749996 0.628570140625 0.432993853125 0.627619203125 0.42475238906249996 0.629521078125 0.42380145 0.634909728125 0.42316749218750005 0.638079521875 0.42602030781250005 0.6437851515624999 0.43331083281250005 0.6523435953125001 0.44725792656249996 0.655196409375
3 0.6970376890625001 0.588947715625 0.7046451953124999 0.5835590671875 0.70274331875 0.569928953125 0.6976716484375001 0.5594686328125 0.6916490390625001 0.5582007140624999 0.68562643125 0.5594686328125 0.673264234375 0.5648572828125 0.66216995625 0.5715138484375 0.6580492234374999 0.577219478125 0.655196409375 0.585777921875 0.665973709375 0.5933854281250001 0.6719963171875001 0.5946533453125 0.690381121875 0.592117509375 0.6970376890625001 0.588947715625
3 0.687661121875 0.5408996625 0.7050949890625 0.5225148578125001 0.70097425625 0.5009602578125001 0.687661121875 0.5012772375 0.6746649671875 0.5187111046874999 0.6724461109375001 0.5228318375 0.67117819375 0.527586528125 0.67117819375 0.529488403125 0.67117819375 0.5358279921875 0.674981946875 0.5428015375 0.6794196578125 0.5466052921875 0.687661121875 0.5408996625
