3 0.6130176640625 0.48472828124999995 0.6603977140625 0.4810830234375 0.6545002515625 0.4044377609375 0.6071206921875001 0.4080830015625 0.6130176640625 0.48472828124999995
3 0.6186001359375 0.41965822499999994 0.5847839953125 0.420929603125 0.5876687875 0.49765458906250004 0.6214849265625 0.49638321718749995 0.6186001359375 0.41965822499999994
3 0.5930703125 0.41115 0.5587640625 0.41115 0.5587640625 0.5017421875 0.5930703125 0.5017421875 0.5930703125 0.41115
3 0.3061367390625 0.461512153125 0.34570197812500003 0.4699898875 0.354633003125 0.428311209375 0.3150679828125 0.4198335 0.3061367390625 0.461512153125
3 0.351032115625 0.479640603125 0.387567384375 0.47470371250000004 0.382113071875 0.43434261718749995 0.34557800781250003 0.4392794953125 0.351032115625 0.479640603125
3 0.40697710625 0.4495970390625 0.3864971578125 0.4641301984375 0.40458549218749995 0.4896183234375 0.42506541249999996 0.475085196875 0.40697710625 0.4495970390625
3 0.4186015671875 0.4819208921875 0.4390405140625 0.482473259375 0.43980759999999997 0.45408941875000003 0.419368734375 0.453537053125 0.4186015671875 0.4819208921875
3 0.35234913749999996 0.544605715625 0.3621694546875 0.51842005 0.32293347968749997 0.5037067125 0.313113125 0.5298922921875 0.35234913749999996 0.544605715625
3 0.4084680703125 0.5518652281249999 0.3967157984375 0.5694918296875 0.42410555937499994 0.5877516796875 0.435857775 0.570125128125 0.4084680703125 0.5518652281249999
3 0.5717083390625 0.5579115046875 0.5476161671875001 0.554275309375 0.5426543390624999 0.5871474437499999 0.5667465078125 0.590783628125 0.5717083390625 0.5579115046875
3 0.597831096875 0.566216415625 0.574505521875 0.5642314625 0.5721471421875 0.5919424671875 0.5954727156249999 0.5939274171875 0.597831096875 0.566216415625
3 0.5868343609375 0.529248246875 0.5960192703125 0.5651500140625 0.6391462203125 0.5541175171875 0.629961225 0.5182158828125 0.5868343609375 0.529248246875
6 0.7495053796875 0.644758078125 0.7593326328125001 0.5901670828125 0.72136028125 0.583332221875 0.7115328765625 0.637923021875 0.7495053796875 0.644758078125
7 0.6302363265625 0.31342956875 0.6238559640625 0.314027703125 0.6321022625 0.40198863749999997 0.638482625 0.40139050625 0.6302363265625 0.31342956875
7 0.6696923578125 0.3752425078125 0.6724986375 0.374930709375 0.6661931812499999 0.31818181874999996 0.6633869171875 0.318493615625 0.6696923578125 0.3752425078125
7 0.687999565625 0.30875610937500003 0.6832386125000001 0.3082386328125 0.6761363640625 0.37357954531250004 0.6808973171875 0.37409701875 0.687999565625 0.30875610937500003
6 0.362644084375 0.7084846125 0.347275003125 0.6980936765625 0.330216053125 0.72332143125 0.34558510625 0.733712334375 0.362644084375 0.7084846125
