1 0.338457465625 0.477639953125 0.3499388578125 0.47720829218749994 0.349184375 0.4571421875 0.337703015625 0.45757385 0.338457465625 0.477639953125
2 0.6293252640625 0.5421179109375001 0.6755596671874999 0.53018824375 0.6553698296875 0.4519481015625 0.6091359656249999 0.4638776953125 0.6293252640625 0.5421179109375001
2 0.50849226875 0.5052264890625 0.5084921359375 0.591637534375 0.5343078296875 0.59163746875 0.534307775 0.5052266140625 0.50849226875 0.5052264890625
2 0.49157082812499997 0.6828933968750001 0.522183328125 0.6808771171875 0.5173636296875 0.607714315625 0.4867515671875 0.60973058125 0.49157082812499997 0.6828933968750001
9 0.34533138750000003 0.5535943546875 0.2915638828125 0.510998221875 0.2146954875 0.6080169484375 0.2684625734375 0.6506126125 0.34533138750000003 0.5535943546875
9 0.7199983671875 0.6612473999999999 0.766665525 0.646947578125 0.727193603125 0.5181479140625 0.6805274953125 0.5324475625 0.7199983671875 0.6612473999999999
3 0.6400129578125 0.569970321875 0.6289904140625 0.5565529421875001 0.5976340421875 0.5823100171875 0.608656534375 0.5957273484375001 0.6400129578125 0.569970321875
3 0.3541776921875 0.5726732234374999 0.369067559375 0.5539006859375 0.3292468125 0.52231886875 0.3143569859375 0.5410913265625 0.3541776921875 0.5726732234374999
7 0.519727315625 0.50856739375 0.525513471875 0.50868271875 0.52776385625 0.3957806046875 0.5219777921875 0.3956652796875 0.519727315625 0.50856739375
7 0.6383748421875 0.392357728125 0.6322115390625 0.393028846875 0.6393228875 0.4583333359375 0.645486190625 0.4576622203125 0.6383748421875 0.392357728125
7 0.6690882203124999 0.3738967 0.6628475828125 0.3745055828125 0.668926965625 0.43681207187500004 0.675167603125 0.436203190625 0.6690882203124999 0.3738967
6 0.5190536046875 0.779283928125 0.5364496062499999 0.74667179375 0.5121778124999999 0.7337269828124999 0.494781803125 0.7663390140625 0.5190536046875 0.779283928125
7 0.5197342578125 0.6840025140625 0.5145089281249999 0.6841517859375 0.5156249953125001 0.7232142859375 0.520850325 0.7230650140625 0.5197342578125 0.6840025140625
6 0.3543363921875 0.678447371875 0.33920144375 0.673290546875 0.329396953125 0.70206196875 0.34453189375000004 0.707218778125 0.3543363921875 0.678447371875
6 0.32289668437499996 0.7587020984375 0.3422030484375 0.7694217484375 0.3655653890625 0.7273525734375 0.34625919375 0.7166329828125 0.32289668437499996 0.7587020984375
