2 0.42338414999999996 0.6324061734375 0.387684846875 0.6316803234374999 0.3862722796875 0.7011451625 0.42197158124999995 0.7018710078125 0.42338414999999996 0.6324061734375
2 0.5765772765625 0.7134538984375001 0.6086305390625 0.7116177890625 0.604475490625 0.6390970703125001 0.5724227046875 0.640933165625 0.5765772765625 0.7134538984375001
9 0.7225475484375 0.3966103734375 0.68201256875 0.4007269328125 0.6938545015625001 0.51732519375 0.734389475 0.5132086671875 0.7225475484375 0.3966103734375
3 0.7002675359375 0.6464514 0.692840390625 0.612748446875 0.640999715625 0.6241711953125 0.6484266609375 0.657873975 0.7002675359375 0.6464514
3 0.60828645625 0.6860161609375 0.635847621875 0.687590878125 0.6387517390624999 0.6367667984375001 0.6111908546875 0.6351920890625 0.60828645625 0.6860161609375
3 0.3025545625 0.602442121875 0.2968345859375 0.643619953125 0.33975530625 0.6495811296875 0.3454750953125 0.6084034671875 0.3025545625 0.602442121875
3 0.3398487296875 0.67049791875 0.3829000453125 0.6784273828125 0.3920564046875 0.6287205421875 0.3490055109375 0.6207911187499999 0.3398487296875 0.67049791875
3 0.3023872734375 0.5685093046875 0.32510078125 0.5598255125 0.3112220625 0.5235275781250001 0.28850868749999997 0.532211340625 0.3023872734375 0.5685093046875
3 0.4267835 0.548921934375 0.40481802812499995 0.55116818125 0.40880687499999996 0.5901702734375001 0.43077234531249997 0.5879240328125 0.4267835 0.548921934375
3 0.40033881875 0.5475808765625 0.368940584375 0.5478917203125 0.3693839296875 0.5926695718749999 0.4007821640625 0.5923587296874999 0.40033881875 0.5475808765625
3 0.7113868265625001 0.54507150625 0.69096479375 0.5217342390625 0.6499606796874999 0.5576129640625 0.6703826 0.5809501265625 0.7113868265625001 0.54507150625
7 0.3794192171875 0.78695948125 0.3857421875 0.7880859375 0.40169282968750003 0.6985677296875 0.395369984375 0.697441284375 0.3794192171875 0.78695948125
7 0.5937097015624999 0.8089164125 0.6015626203125 0.8085937453125001 0.59765625 0.7135416671875 0.5898035015625 0.71386433125 0.5937097015624999 0.8089164125
