2 0.487022940625 0.5518641578125 0.46123185 0.5533519515624999 0.46571515 0.6310625140624999 0.491506240625 0.62957473125 0.487022940625 0.5518641578125
6 0.4769251453125 0.750743146875 0.46269297500000006 0.750743146875 0.46269297500000006 0.7734075734375 0.4769251453125 0.7734075734375 0.4769251453125 0.750743146875
6 0.4927960734375 0.7737696749999999 0.49362295781250004 0.7503532921875 0.47941008125 0.7498515 0.47858316093750003 0.7732678453124999 0.4927960734375 0.7737696749999999
6 0.5700390234375 0.8367012046875001 0.5805531546875 0.8257624953124999 0.561535534375 0.8074868296875 0.5510214359375001 0.8184255031250001 0.5700390234375 0.8367012046875001
6 0.66308365625 0.808230578125 0.6813899625000001 0.7836018296875 0.6499349578125 0.7602260843749999 0.631628696875 0.7848547171875 0.66308365625 0.808230578125
6 0.36231464999999996 0.8001145281250001 0.38586683125 0.8047559109375 0.39758282500000003 0.7453145546875 0.3740309703125 0.7406732046875 0.36231464999999996 0.8001145281250001
6 0.40989151562500004 0.8151240156249999 0.43405768125 0.8146927046875 0.433195565625 0.7664056 0.4090296828125 0.7668369078125 0.40989151562500004 0.8151240156249999
6 0.43447391562500004 0.806382596875 0.4459605984375 0.8092525687500001 0.452475175 0.7831837375 0.44098856406250003 0.780313775 0.43447391562500004 0.806382596875
6 0.6104732546875 0.8157708890625001 0.6247754890625 0.8161373296875001 0.625610921875 0.7835346671875 0.6113088015625 0.783168228125 0.6104732546875 0.8157708890625001
6 0.5456539890625 0.47535722031249994 0.5696628234375 0.4767506265625 0.5729043765624999 0.420899190625 0.548895721875 0.41950578906249997 0.5456539890625 0.47535722031249994
