3 0.6629829218750001 0.6821837046875 0.7129196390625 0.671756175 0.69904585 0.605325465625 0.6491097703125 0.615752925 0.6629829218750001 0.6821837046875
3 0.297546471875 0.5918447953125 0.28228887187499996 0.6662060796875 0.3337529625 0.676763940625 0.34901013125 0.602403034375 0.297546471875 0.5918447953125
3 0.39240633593749996 0.6125515906250001 0.341865684375 0.60639529375 0.3325512 0.6828539109375 0.3830918421875 0.6890101609375 0.39240633593749996 0.6125515906250001
3 0.33585779375 0.5087427890625 0.29006713125 0.5025432203125 0.27911852812500004 0.583403709375 0.32490918281250003 0.5896032359375 0.33585779375 0.5087427890625
3 0.322261696875 0.5971812843750001 0.3701844015625 0.60341274375 0.37919052343750004 0.5341569578125 0.3312683984375 0.5279255359375 0.322261696875 0.5971812843750001
3 0.4493889875 0.6195125 0.4762235140625 0.6195125 0.4762233171875 0.5386765625 0.44938917656250005 0.5386765625 0.4493889875 0.6195125
3 0.5022940734375 0.53635940625 0.4750449 0.5368165328125001 0.47640054843749996 0.617618325 0.5036497234375 0.6171612015625 0.5022940734375 0.53635940625
3 0.7126359375 0.5163765625 0.6698375000000001 0.5163765625 0.6698375000000001 0.6 0.7126359375 0.6 0.7126359375 0.5163765625
7 0.96171875 0.9015625 0.95625 0.9015625 0.95625 0.9109375 0.96171875 0.9109375 0.96171875 0.9015625
7 0.45971839687499993 0.5404704 0.46651788437499997 0.5396205328125 0.457795328125 0.46984031875000004 0.45099591562499997 0.47069018125 0.45971839687499993 0.5404704
7 0.4849986140625 0.54037285 0.49218751875000005 0.5401785718750001 0.4900144078125 0.4597745890625 0.48282559375 0.45996886718749996 0.4849986140625 0.54037285
7 0.543475440625 0.54685314375 0.5463169765625 0.546875 0.546875 0.47433035781250005 0.544033496875 0.4743085015625 0.543475440625 0.54685314375
