2 0.48275633593749995 0.522258028125 0.460013434375 0.5216756890625 0.4581913234375 0.5928304671875 0.48093422500000005 0.593412803125 0.48275633593749995 0.522258028125
2 0.7054015062500001 0.6124208796875 0.6887743203125 0.5800075140625001 0.6368061093749999 0.60666285625 0.653433090625 0.639076046875 0.7054015062500001 0.6124208796875
2 0.6647024984375001 0.56292054375 0.7049009171875 0.565929265625 0.7096743359375 0.5021561359375 0.6694763359375 0.49914742968750003 0.6647024984375001 0.56292054375
2 0.6393431406250001 0.588376053125 0.6267301734374999 0.5158392953125001 0.5921354015625 0.5218542859374999 0.604748125 0.594390828125 0.6393431406250001 0.588376053125
3 0.5910587453125 0.6271262734375 0.607344934375 0.65801045625 0.6575372046875 0.6315454625 0.6412509953125001 0.6006614453125 0.5910587453125 0.6271262734375
3 0.604233421875 0.622845278125 0.5840434203125 0.631386125 0.598666071875 0.665948771875 0.6188560562500001 0.6574079578124999 0.604233421875 0.622845278125
3 0.396411834375 0.667063884375 0.4222830390625 0.6760384390625 0.43504820781250003 0.6392444546875 0.409177184375 0.6302699328125 0.396411834375 0.667063884375
3 0.42627049375 0.6595949203125 0.4448627296875 0.6629748906249999 0.44912994531250006 0.6395049703125 0.4305377953125 0.6361250078125 0.42627049375 0.6595949203125
3 0.3422712328125 0.6313096703125 0.3541929625 0.6054251078124999 0.31128845312500003 0.5856666609375 0.2993666953125 0.6115511109375 0.3422712328125 0.6313096703125
6 0.3044945609375 0.6968067437500001 0.287880884375 0.6718901796875001 0.2392910609375 0.7042837109375 0.2559045625 0.72920011875 0.3044945609375 0.6968067437500001
3 0.6840478015625 0.5481792734375001 0.6652006874999999 0.5185324062500001 0.6234810093750001 0.5450520796875 0.6423279843749999 0.5746988265625 0.6840478015625 0.5481792734375001
3 0.5973652421875 0.5319633046875001 0.5733476937499999 0.5355785109375 0.5808771328125 0.5855955015625 0.6048946765625 0.5819803109375 0.5973652421875 0.5319633046875001
3 0.43728064531250005 0.545521034375 0.41078086249999995 0.542331553125 0.40673334843750003 0.575957125 0.4332331296875 0.579146596875 0.43728064531250005 0.545521034375
3 0.38027799687499997 0.57215230625 0.407827459375 0.5752130734375 0.4117274484375 0.5401125625 0.38417814687499996 0.5370518046874999 0.38027799687499997 0.57215230625
3 0.38888889375 0.565204371875 0.3788721 0.5318186109374999 0.3340646109375 0.5452610359375 0.34408125 0.578646665625 0.38888889375 0.565204371875
3 0.317877684375 0.5682712671875 0.33931796875 0.5545506953125 0.308648346875 0.5066295765625 0.2872082109375 0.520350084375 0.317877684375 0.5682712671875
7 0.4687787296875 0.5361641968749999 0.474933859375 0.5361344765625 0.4743904828125 0.42361954687500003 0.46823545624999996 0.4236492671875 0.4687787296875 0.5361641968749999
7 0.6806746484375 0.42107410312500004 0.6750524140625 0.4212951484375 0.6776476671875 0.4873009671875 0.6832699015625 0.4870799234375 0.6806746484375 0.42107410312500004
7 0.687559065625 0.483940396875 0.6919909203125 0.48367488906249995 0.68852551875 0.425834290625 0.6840936984375 0.426099796875 0.687559065625 0.483940396875
7 0.6774796796875 0.712821103125 0.6847390421874999 0.7116901062500001 0.675606996875 0.6530843281250001 0.668347721875 0.6542153171875 0.6774796796875 0.712821103125
7 0.698364315625 0.7058437843750001 0.7052729265625 0.7036738437500001 0.688161484375 0.6492026359375 0.6812529484375001 0.6513725640625 0.698364315625 0.7058437843750001
6 0.3824364078125 0.7454698546875 0.3641693453125 0.73619195 0.34664860468750003 0.77068219375 0.3649156390625 0.77996005625 0.3824364078125 0.7454698546875
6 0.600307296875 0.7933054359375 0.6196372609374999 0.792435225 0.6176534140625 0.7483780875 0.5983236515625 0.7492482921875 0.600307296875 0.7933054359375
6 0.6532455500000001 0.7443555453124999 0.639892296875 0.741972421875 0.6337353 0.7764656515625 0.64708855 0.778848765625 0.6532455500000001 0.7443555453124999
6 0.6715981875 0.7210690984375 0.651671353125 0.719537128125 0.648388909375 0.7622258984375 0.6683157421875 0.7637578609375 0.6715981875 0.7210690984375
6 0.4647706921875 0.43982304843750003 0.4793494140625 0.43756186875 0.47476355937500003 0.4079968265625 0.46018489218749997 0.4102580015625 0.4647706921875 0.43982304843750003
6 0.554627865625 0.431698384375 0.5359659234375 0.431698384375 0.5359659234375 0.46192514375 0.554627865625 0.46192514375 0.554627865625 0.431698384375
