3 0.40097660937499996 0.5984676624999999 0.3823137296875 0.623785871875 0.417932721875 0.6500385578125 0.436595484375 0.624720453125 0.40097660937499996 0.5984676624999999
3 0.4431001078125 0.5180195296875 0.4088841421875 0.5141274625000001 0.40162359687500004 0.5779507453125 0.435839559375 0.5818427921875 0.4431001078125 0.5180195296875
3 0.33138801875 0.610201134375 0.3454603015625 0.585896809375 0.3061120140625 0.563116409375 0.29203973125 0.5874206359375 0.33138801875 0.610201134375
3 0.349889878125 0.5931067109375 0.34770685625 0.61820774375 0.38471327187500004 0.6214256812500001 0.38689620156250004 0.5963247328125 0.349889878125 0.5931067109375
3 0.4118357578125 0.6628810015625 0.4270219734375 0.67112389375 0.447185659375 0.6339802125 0.4319995453125 0.6257373546875 0.4118357578125 0.6628810015625
1 0.6169313921875 0.65715831875 0.6261871625000001 0.65715831875 0.626187140625 0.6343749328125 0.6169314124999999 0.6343749328125 0.6169313921875 0.65715831875
3 0.703793125 0.608387640625 0.7037930109375 0.5735004953125 0.660362246875 0.573500615625 0.6603622265625 0.6083876234375001 0.703793125 0.608387640625
9 0.6809066296874999 0.6692290937500001 0.736715009375 0.6919791359375 0.7835047390625001 0.5772112265625 0.7276975 0.55446144375 0.6809066296874999 0.6692290937500001
3 0.6373318296875 0.5224022953125 0.61831636875 0.5198671234375001 0.6136962765625 0.5545178515625 0.6327117359375001 0.5570530171875 0.6373318296875 0.5224022953125
9 0.3281759921875 0.32871577812499997 0.278407440625 0.3274175375 0.2746039140625 0.4732204828125 0.3243724640625 0.4745187125 0.3281759921875 0.32871577812499997
6 0.3357795078125 0.8074957125 0.3695994484375 0.8016681625000001 0.36037820625 0.7481643640625 0.326558690625 0.7539918765625 0.3357795078125 0.8074957125
6 0.644486628125 0.79187414375 0.688207609375 0.794257515625 0.6921415625 0.72209929375 0.6484213015625 0.719715940625 0.644486628125 0.79187414375
