3 0.4144015625 0.6083624999999999 0.4079484375 0.606271875 0.40625 0.6034843750000001 0.40285312500000003 0.6027875 0.39877656250000004 0.6034843750000001 0.3936828125 0.6083624999999999 0.3913046875 0.622996875 0.39164374999999996 0.6306625 0.4179327546875 0.6500385109375 0.4293484375 0.629965625 0.4290078125 0.627178125 0.42866875000000004 0.624390625 0.4279890625 0.6223 0.4266296875 0.621603125 0.4235734375 0.6202093750000001 0.4215359375 0.617421875 0.4181390625 0.611846875 0.4144015625 0.6083624999999999
3 0.4103265625 0.5163765625 0.40964687499999997 0.5198609375000001 0.40964687499999997 0.5268296875 0.40625 0.5372828125 0.404890625 0.55121875 0.403871875 0.5581875000000001 0.40625 0.5658531250000001 0.4110046875 0.572125 0.41304375000000004 0.5749125 0.4177984375 0.579790625 0.4211953125 0.579790625 0.42391249999999997 0.575609375 0.4266296875 0.572125 0.4300265625 0.570034375 0.4337640625 0.56655 0.436140625 0.560975 0.43851874999999996 0.5526125000000001 0.439878125 0.5463421875 0.43953749999999997 0.5421609375 0.438859375 0.5324046874999999 0.4368203125 0.5254359375 0.43478281250000006 0.5170734375 0.4103265625 0.5163765625
1 0.626187153125 0.653242425 0.626187153125 0.64790256875 0.62511918125 0.642918703125 0.6229832390625 0.63722285625 0.6183553640625 0.6343749328125 0.6169314015625 0.646834596875 0.6169314015625 0.652174453125 0.61906734375 0.65715831875 0.6212032859375001 0.6568023281250001 0.626187153125 0.653242425
9 0.7308856140625 0.6711352625 0.74627585625 0.65242555625 0.7631749453125 0.627076921875 0.7791687265625 0.5878468921875 0.7740386453125 0.5745690375 0.7673997171875 0.5706460343749999 0.76015725 0.5712495734374999 0.753216553125 0.5739654984375 0.7420510828125 0.5769831921875 0.7366192328125 0.578492040625 0.7227378390625 0.5796991171875 0.715193603125 0.5851309671875 0.71157236875 0.594184053125 0.7109688296875001 0.6029353656249999 0.7112706 0.6137990671875 0.713081215625 0.6180238375 0.7127794468750001 0.62858576875 0.713081215625 0.6629874874999999 0.715193603125 0.683206040625 0.7308856140625 0.6711352625
3 0.63341408125 0.5323213140624999 0.6294910781249999 0.5229664609375 0.6234556890625 0.52055230625 0.6198344546875 0.524777078125 0.618929146875 0.52900185 0.616213221875 0.535640778125 0.6156096828125001 0.5401673203125 0.61500614375 0.5446938625 0.61500614375 0.5510310203125 0.614704375 0.554652253125 0.62043799375 0.5525398671875 0.624360996875 0.5486168640625 0.6288875390625 0.5465044781249999 0.6349229281250001 0.5404690890625 0.63341408125 0.5323213140624999
6 0.3399725984375 0.7872562765625 0.3464482671875 0.7909566578125 0.3547741265625 0.7951195875 0.3626374390625 0.7941944921874999 0.36448762968750004 0.7858686328125 0.3649501765625 0.776617678125 0.36309998593750004 0.767366721875 0.3598621515625 0.7618161484375 0.3533864828125 0.7539528375 0.3450606234375 0.7484022640625 0.342747884375 0.7465520734375 0.3413602421875 0.749327359375 0.33442202499999996 0.757190671875 0.33118419062500004 0.7622786968749999 0.33118419062500004 0.7696794609375 0.33303438281250003 0.777080225 0.33719731249999996 0.783093346875 0.3399725984375 0.7872562765625
9 0.3244468328125 0.45897356875 0.32494141718749997 0.44957648125 0.325436 0.43374980625 0.32395225 0.41940688281250005 0.31999558125 0.4085260421875 0.3110930765625 0.3926993671875 0.30565265625000004 0.3758835265625 0.2992230703125 0.3595622671875 0.299717653125 0.347197678125 0.303674321875 0.3402735078125 0.306147240625 0.3333493375 0.2972447359375 0.3279089171875 0.28883681562499997 0.3333493375 0.2843855625 0.3363168390625 0.27795597656250004 0.34472475937499997 0.28042889375 0.35659476562500003 0.2799343109375 0.41297729531250005 0.274988475 0.458478984375 0.2972447359375 0.4738110765625 0.30416890625000004 0.47084357499999996 0.3170280796875 0.467876071875 0.3244468328125 0.45897356875
0 0.327762840625 0.6563433953125 0.3440103921875 0.6630208343749999 0.3413022125 0.6198632843749999 0.327762840625 0.6563433953125
0 0.549600959375 0.49061936875 0.5214806609375 0.4927039546875 0.53502003125 0.5281417921875 0.560015896875 0.530226378125 0.549600959375 0.49061936875
0 0.343385246875 0.512507459375 0.3673395546875 0.5041691562499999 0.41953122656249997 0.5028645843749999 0.4194142421875 0.4916616828125 0.4131652953125 0.489577096875 0.353800184375 0.489577096875 0.332970309375 0.49895771250000004 0.343385246875 0.512507459375
0 0.653750334375 0.6594701749999999 0.6747395593750001 0.6421875015625 0.6589578031250001 0.6240323765625 0.653750334375 0.6594701749999999
