3 0.712750546875 0.4884822875 0.6879107015625 0.47984299531249996 0.6755938515625 0.5152539765624999 0.700433684375 0.52389324375 0.712750546875 0.4884822875
3 0.642168853125 0.5293964546875001 0.656935709375 0.5433183296874999 0.6748260859374999 0.524343675 0.6600592625 0.5104218281249999 0.642168853125 0.5293964546875001
3 0.6604298296875 0.60318628125 0.6485851296875 0.5760162375 0.6094501671875 0.5930751625 0.6212947421874999 0.6202451015625 0.6604298296875 0.60318628125
3 0.7089079796875 0.5662787953125 0.6936649078125 0.5446865734374999 0.655128784375 0.5718885874999999 0.670371759375 0.593480721875 0.7089079796875 0.5662787953125
9 0.7931000390625 0.5442356187499999 0.7202273515625001 0.535349640625 0.707050365625 0.6434012296875 0.7799230390624999 0.6522871203125 0.7931000390625 0.5442356187499999
3 0.4061794140625 0.599975090625 0.40555899687499997 0.6204448796875 0.43183691562500004 0.6212411953125 0.43245728124999994 0.6007714562500001 0.4061794140625 0.599975090625
3 0.3501722171875 0.5866531421875 0.35097942656250003 0.558400515625 0.31039538125 0.55724108125 0.3095880734375 0.5854936093750001 0.3501722171875 0.5866531421875
9 0.23423191875 0.6509510421875 0.303801965625 0.6523853203125001 0.3059411609375 0.548606109375 0.23637242500000002 0.5471718437499999 0.23423191875 0.6509510421875
3 0.324442525 0.4721901984375 0.2976868265625 0.48278019531250005 0.3133740171875 0.52241101875 0.340129696875 0.51182105625 0.324442525 0.4721901984375
3 0.3308759453125 0.5303213953125 0.36615975624999997 0.540167215625 0.3755789515625 0.50641474375 0.340295325 0.49656895 0.3308759453125 0.5303213953125
