3 0.2868220828125 0.5932602234375 0.328508559375 0.5812229875 0.30577448125 0.502500240625 0.2640885375 0.5145373953125 0.2868220828125 0.5932602234375
7 0.291328084375 0.43447422812500003 0.286334375 0.4350390625 0.29506456718749996 0.5122177921875 0.300058275 0.5116529625 0.291328084375 0.43447422812500003
1 0.518414196875 0.584055325 0.52749706875 0.5843648796875 0.5289937546875 0.540452590625 0.5199109515625 0.5401430375 0.518414196875 0.584055325
1 0.5068300640625 0.592581271875 0.51706948125 0.5929861843750001 0.5193127609375 0.5362629140624999 0.5090734421875001 0.535858003125 0.5068300640625 0.592581271875
1 0.44347034531249996 0.5310226453125 0.434271296875 0.530784365625 0.433099134375 0.5760327968750001 0.4422981828125 0.576271075 0.44347034531249996 0.5310226453125
1 0.6211823515625 0.5421780859374999 0.6086417515625 0.5416318578125 0.6066862140625 0.5865237999999999 0.6192268140625 0.5870700265625 0.6211823515625 0.5421780859374999
1 0.6210036203125 0.553822446875 0.62887989375 0.555769375 0.633076840625 0.538792190625 0.6252005890625 0.536845265625 0.6210036203125 0.553822446875
5 0.619540571875 0.783538990625 0.72252108125 0.7391846265625001 0.678702471875 0.6374671796875 0.5757241093750001 0.6818210140625001 0.619540571875 0.783538990625
5 0.2974241 0.743646478125 0.371697253125 0.7446779015625 0.373046875 0.6474609375 0.2987752671875 0.6464295250000001 0.2974241 0.743646478125
5 0.3546480609375 0.4877420734375 0.3115234375 0.4921875 0.32230465 0.59676596875 0.36542926875 0.5923205796875 0.3546480609375 0.4877420734375
