3 0.3478265625 0.4362375 0.31216093749999996 0.42369375 0.3094421875 0.43205625000000003 0.307065625 0.43763125 0.3046875 0.44738749999999994 0.3046875 0.4696859375 0.30502656250000004 0.4752609375 0.3063859375 0.48153281249999996 0.3094421875 0.48571406250000004 0.314878125 0.4878046875 0.3196328125 0.48850156250000004 0.323709375 0.4926828125 0.328125 0.4968640625 0.3311828125 0.4996515625 0.3359375 0.5024390624999999 0.3389953125 0.5010453125 0.34273125000000004 0.4982578125 0.346128125 0.49337968749999994 0.3498640625 0.4926828125 0.3522421875 0.49128906250000004 0.35258124999999996 0.4773515625 0.3522421875 0.4682921875 0.349525 0.446690625 0.3478265625 0.4362375
3 0.3702453125 0.5177703124999999 0.37466093749999996 0.5094078125 0.3800953125 0.5024390624999999 0.381453125 0.4954703125 0.3811140625 0.4871078125 0.380775 0.47386718749999995 0.3797546875 0.4641109375 0.3766984375 0.4529609375 0.358015625 0.45156718749999997 0.3546203125 0.4641109375 0.3515625 0.48919843749999997 0.3522421875 0.4954703125 0.3556390625 0.5080140625 0.3614125 0.5149828125 0.3665078125 0.5198609375000001 0.3702453125 0.5177703124999999
3 0.3811140625 0.5073171875 0.3845109375 0.5142859375 0.3868890625 0.5184671875 0.39096406250000004 0.5275265625000001 0.394021875 0.5317078125 0.3967390625 0.5310109375 0.39945624999999996 0.5261328125 0.4025140625 0.5198609375000001 0.40625 0.5135890625 0.41066562500000003 0.5052265625000001 0.4123640625 0.4996515625 0.41304375000000004 0.4940765625 0.41304375000000004 0.48850156250000004 0.4103265625 0.4773515625 0.408628125 0.4703828125 0.4065890625 0.4592328125 0.38485 0.4599296875 0.3811140625 0.4829265625 0.3811140625 0.48919843749999997 0.3811140625 0.5073171875
3 0.3386546875 0.5198609375000001 0.3366171875 0.5205578125 0.3359375 0.5226484375 0.33491875000000004 0.5254359375 0.332540625 0.5247390625 0.328125 0.5226484375 0.326765625 0.5247390625 0.324728125 0.5310109375 0.3230296875 0.5421609375 0.323709375 0.56236875 0.3243890625 0.5804875 0.363790625 0.597909375 0.364809375 0.595121875 0.36684843749999996 0.585365625 0.3702453125 0.57630625 0.372621875 0.5707312499999999 0.3729625 0.5693374999999999 0.375 0.561671875 0.376359375 0.5526125000000001 0.3766984375 0.5421609375 0.3756796875 0.5351921875000001 0.3722828125 0.5303140625 0.369225 0.5282234375 0.3654890625 0.5282234375 0.361753125 0.5289203125 0.35835625000000004 0.5296171875 0.3542796875 0.5282234375 0.349525 0.5247390625 0.3474859375 0.5205578125 0.3444296875 0.5184671875 0.3410328125 0.5184671875 0.3386546875 0.5198609375000001
3 0.396059375 0.595121875 0.3991171875 0.5825781250000001 0.399796875 0.56794375 0.3991171875 0.5637624999999999 0.3977578125 0.557490625 0.39741875000000004 0.5554 0.3947015625 0.5470390625 0.39164374999999996 0.5456453125 0.39028593749999996 0.5456453125 0.3865484375 0.5463421875 0.38383124999999996 0.5477359374999999 0.3800953125 0.5484328125 0.37601874999999996 0.5477359374999999 0.373640625 0.5498265625000001 0.3709234375 0.5554 0.3702453125 0.5637624999999999 0.370584375 0.5749125 0.370584375 0.595121875 0.3936828125 0.605575 0.396059375 0.595121875
3 0.6131109375 0.4668984375 0.612771875 0.4599296875 0.5866171875 0.4599296875 0.5859375 0.4641109375 0.5842390625 0.4696859375 0.5842390625 0.47107968749999996 0.5828796875 0.4773515625 0.5828796875 0.4794421875 0.5811828125 0.4878046875 0.5811828125 0.4996515625 0.5828796875 0.5080140625 0.5866171875 0.5142859375 0.5906921875 0.5135890625 0.5954484375 0.5219515625 0.5968078125 0.5275265625000001 0.599184375 0.5275265625000001 0.60258125 0.5261328125 0.6063171875 0.5226484375 0.6114124999999999 0.5205578125 0.614809375 0.5177703124999999 0.61616875 0.5080140625 0.6168484375000001 0.49895468750000005 0.6168484375000001 0.49128906250000004 0.615828125 0.4801390625 0.6131109375 0.4668984375
3 0.6895374999999999 0.434146875 0.6891984375 0.44878125 0.6902171874999999 0.4606265625 0.6915765625 0.47107968749999996 0.6932750000000001 0.4801390625 0.697690625 0.4864109375 0.7014265625 0.49128906250000004 0.7089000000000001 0.49337968749999994 0.7136546874999999 0.49198593749999997 0.717390625 0.4864109375 0.7194296875 0.48083593750000003 0.723165625 0.4759578125 0.7269015624999999 0.4745640625 0.727921875 0.4675953125 0.7316578125000001 0.4668984375 0.734375 0.4627171875 0.735734375 0.45435468749999997 0.7347140624999999 0.436934375 0.73335625 0.428571875 0.7313171875 0.41881562499999997 0.7272421875 0.4139375 0.724184375 0.40418125 0.6895374999999999 0.434146875
3 0.66508125 0.5463421875 0.6688171875 0.560975 0.670515625 0.5749125 0.6722140624999999 0.58188125 0.715353125 0.5777 0.715353125 0.577003125 0.717390625 0.55121875 0.71773125 0.550521875 0.717390625 0.5393734375 0.717390625 0.5379796875 0.7170515625 0.5254359375 0.7146734375 0.5149828125 0.7126359375 0.5101046874999999 0.709578125 0.5080140625 0.7051624999999999 0.5073171875 0.697690625 0.5073171875 0.6902171874999999 0.5080140625 0.6837640625 0.5066203125000001 0.6834234375 0.5066203125000001 0.6800265624999999 0.5045296875 0.676290625 0.5045296875 0.6711953125 0.5114984375 0.6671203125 0.5219515625 0.666440625 0.5240421875 0.66508125 0.5289203125 0.6644015624999999 0.5365859375 0.66508125 0.5463421875
9 0.24945546406250002 0.5160064531249999 0.22289730156249998 0.5347457265625 0.2025882453125 0.5691009890625 0.2054687140625 0.5960937515625 0.2697645203125 0.5940867046875 0.2666400859375 0.5691009890625 0.2666400859375 0.5378688875 0.26195331718750003 0.517568034375 0.24945546406250002 0.5160064531249999
9 0.7796874640625 0.5921875015625 0.7353122703125 0.5441153328125 0.7259387312500001 0.583155578125 0.710316325 0.623757165625 0.7353122703125 0.6393732156249999 0.77749271875 0.6143876781250001 0.7796874640625 0.5921875015625
9 0.25570433124999997 0.40044765625 0.27601350625 0.378585221875 0.299447115625 0.372338778125 0.2900736953125 0.3176826015625 0.2269530890625 0.2464843765625 0.25570433124999997 0.40044765625
9 0.7308593390625 0.2699218765625 0.7196898640625 0.3489147015625 0.7181275281249999 0.42074850937499997 0.739999040625 0.389516409375 0.7618703140624999 0.37702358125 0.7308593390625 0.2699218765625
