3 0.5953583109375 0.582097846875 0.6354100734375 0.5728865171875 0.6188125 0.5007265624999999 0.5787612171875 0.5099378328124999 0.5953583109375 0.582097846875
9 0.794122825 0.537264028125 0.71692153125 0.52212795 0.7009876875 0.6033905609375 0.77818895 0.6185265296875 0.794122825 0.537264028125
3 0.7030419140624999 0.6074648546875 0.703041740625 0.56105480625 0.6566318140625 0.561054959375 0.6566317953125 0.6074648171875 0.7030419140624999 0.6074648546875
3 0.6066063734375 0.6109911046875001 0.6387002234375 0.6239800375 0.654703796875 0.5844415109375001 0.62261016875 0.5714526265625001 0.6066063734375 0.6109911046875001
3 0.6517783921875 0.5531972515625 0.6730411265625 0.5216721640624999 0.6332078265625001 0.4948080609375 0.6119451203125 0.526333028125 0.6517783921875 0.5531972515625
3 0.6618945265625 0.48913138749999996 0.6732115125 0.5259089484375 0.7123465796875 0.5138673375 0.7010295296875 0.47708989218750003 0.6618945265625 0.48913138749999996
3 0.35407778125 0.561170975 0.3219506203125 0.570889046875 0.3384455984375 0.6254143140624999 0.37057273749999997 0.6156962921875 0.35407778125 0.561170975
3 0.311533346875 0.5429784453125001 0.3503462625 0.5370077109375 0.344017671875 0.495872765625 0.30520500625 0.5018434796875 0.311533346875 0.5429784453125001
3 0.287467540625 0.5194087265625 0.3056943109375 0.507448284375 0.2824614 0.47204591249999994 0.264234715625 0.48400631718750003 0.287467540625 0.5194087265625
7 0.597222196875 0.503472221875 0.6015625265625 0.503472221875 0.6015625 0.40190972187499996 0.5972222296874999 0.40190972187499996 0.597222196875 0.503472221875
7 0.609375 0.40538194375 0.605034721875 0.40538194375 0.605034721875 0.5 0.609375 0.5 0.609375 0.40538194375
