3 0.335207221875 0.5911702875 0.3733350265625 0.5656846859375 0.326457471875 0.4955599984375 0.28833005156249997 0.5210454265625 0.335207221875 0.5911702875
3 0.6285143515625 0.539191309375 0.6787835015625 0.5342925078125 0.6708183 0.45256736562500005 0.62054978125 0.45746613593749996 0.6285143515625 0.539191309375
3 0.4300265625 0.5693374999999999 0.3977578125 0.5693374999999999 0.3977578125 0.6306625 0.4300265625 0.6306625 0.4300265625 0.5693374999999999
3 0.581080203125 0.5693912875 0.6146490234375 0.5641324796875 0.60258125 0.4871078125 0.5690128484375 0.4923665875 0.581080203125 0.5693912875
3 0.60326086875 0.5484328125 0.634511028125 0.5484328125 0.6345108625 0.4759578125 0.6032610609375 0.4759578125 0.60326086875 0.5484328125
3 0.70642029375 0.5066090437499999 0.6500735671875 0.531715365625 0.6783281078125001 0.5951218828125 0.734674746875 0.57001570625 0.70642029375 0.5066090437499999
9 0.690989053125 0.4250278328125 0.7314581390625 0.42457345 0.730159153125 0.30890954531250003 0.6896905984374999 0.3093639265625 0.690989053125 0.4250278328125
9 0.7960888781250001 0.49160914062499994 0.7251596453125 0.47895362031250005 0.7089900640625 0.569570365625 0.7799192734375 0.582225790625 0.7960888781250001 0.49160914062499994
7 0.6439797359375 0.43938689374999995 0.6482436546875 0.4392196890625 0.6452205875 0.362132353125 0.6409567078125 0.3622995578125 0.6439797359375 0.43938689374999995
7 0.6674471265624999 0.3619398640625 0.65992645 0.361481309375 0.6553308828125 0.4368489578125 0.6628515593750001 0.43730750937499996 0.6674471265624999 0.3619398640625
