3 0.5848344140624999 0.6353942890625001 0.6183985296875 0.633851003125 0.615464903125 0.5700607578125 0.5819011749999999 0.5716040359375001 0.5848344140624999 0.6353942890625001
3 0.5949320296875 0.56858011875 0.6235369875 0.61894954375 0.6806091484375 0.58654108125 0.6520041812499999 0.53617194375 0.5949320296875 0.56858011875
3 0.72615495625 0.563881546875 0.7026313359375 0.5152919609375 0.64444981875 0.543456765625 0.6679731296875 0.5920460890625 0.72615495625 0.563881546875
3 0.7078796875 0.43484375000000003 0.6603265625 0.43484375000000003 0.6603265625 0.5254359375 0.7078796875 0.5254359375 0.7078796875 0.43484375000000003
3 0.6146442109375 0.551376003125 0.669664303125 0.5457341953125 0.6612587671875 0.463771490625 0.606239378125 0.4694132625 0.6146442109375 0.551376003125
3 0.5553670234375 0.572821875 0.593070484375 0.572821875 0.5930702265625001 0.4898953125 0.555367284375 0.4898953125 0.5553670234375 0.572821875
3 0.4728265625 0.49337968749999994 0.4483703125 0.49337968749999994 0.4483703125 0.5804875 0.4728265625 0.5804875 0.4728265625 0.49337968749999994
3 0.4057720859375 0.480110821875 0.3742885890625 0.48101181718749997 0.37644193125 0.5562500328125 0.40792542656249997 0.5553490421875 0.4057720859375 0.480110821875
3 0.386291721875 0.46147966875 0.34124764375 0.4546187703125 0.32980219375000003 0.529756565625 0.3748462640625 0.5366174234375001 0.386291721875 0.46147966875
1 0.31481007499999997 0.506518303125 0.2886966484375 0.5124526390625 0.3019348890625 0.5707010671875 0.3280483046875 0.564766759375 0.31481007499999997 0.506518303125
9 0.6224519328125 0.373315265625 0.6992188859375 0.40885422968749996 0.7445490921875 0.310940340625 0.667782884375 0.2754015796875 0.6224519328125 0.373315265625
7 0.395390059375 0.3585473421875 0.391229371875 0.3584173265625 0.38927815625 0.42085635468750004 0.3934388453125 0.42098636875000006 0.395390059375 0.3585473421875
7 0.7023195624999999 0.6714220156249999 0.716911971875 0.668198484375 0.6994485296875 0.5891544125 0.684856334375 0.5923779203125 0.7023195624999999 0.6714220156249999
