2 0.660216946875 0.613944465625 0.6447560078125 0.558372971875 0.5969800265625 0.5716636828125 0.612440678125 0.6272349312500001 0.660216946875 0.613944465625
3 0.583539359375 0.5484875359375 0.6133458609375 0.5493405375 0.6151833171875001 0.4851348046875 0.5853771234375 0.4842818078125 0.583539359375 0.5484875359375
3 0.3619613640625 0.5342815328125 0.392648746875 0.53525053125 0.39387863749999996 0.49630096874999996 0.3631914421875 0.4953319734375 0.3619613640625 0.5342815328125
3 0.6100824593749999 0.49732549531250003 0.6173873375000001 0.5326298578124999 0.648107896875 0.52627385625 0.64080295625 0.49096958281249997 0.6100824593749999 0.49732549531250003
3 0.3676209828125 0.5504909421875 0.3314732671875 0.543262084375 0.322779728125 0.58672975 0.358927434375 0.59395858125 0.3676209828125 0.5504909421875
6 0.3743609734375 0.7036687640625 0.3479151296875 0.6994937546875 0.3409535921875 0.7435834578125 0.36739943125 0.747758446875 0.3743609734375 0.7036687640625
7 0.6007514375 0.40478158437499995 0.5966674046875 0.40473672499999996 0.5961673140625 0.4502632703125 0.600251346875 0.4503081296875 0.6007514375 0.40478158437499995
7 0.631012334375 0.7138448515625 0.639204675 0.71306816875 0.6311301703125001 0.6279122359375 0.622937971875 0.6286889125 0.631012334375 0.7138448515625
7 0.6634061359375 0.7047495171875 0.6685507671875001 0.703104421875 0.6427958515625 0.6225734875 0.6376513015625 0.6242185703125 0.6634061359375 0.7047495171875
6 0.6331417187499999 0.7627294124999999 0.62492264375 0.7311557546875 0.6044795609375 0.736476490625 0.612698546875 0.7680500734375 0.6331417187499999 0.7627294124999999
6 0.39082860625000004 0.3543268859375 0.372897665625 0.35753414375000003 0.3775746875 0.38368108125 0.3955056265625 0.380473828125 0.39082860625000004 0.3543268859375
6 0.6495321203125 0.744745040625 0.6511171 0.7252074359375 0.6347866437499999 0.723882853125 0.6332016312500001 0.7434204234374999 0.6495321203125 0.744745040625
