1 0.296253290625 0.427470078125 0.2868766109375 0.42616366875 0.2814440625 0.465153153125 0.29082074062499996 0.46645955937499994 0.296253290625 0.427470078125
1 0.7151687859375 0.45097292656250004 0.7207279921875 0.449238453125 0.7110884671875 0.41834439687499997 0.7055292828125 0.420078865625 0.7151687859375 0.45097292656250004
1 0.341703440625 0.6127419734374999 0.3524040203125 0.6096125078125 0.34280276718749997 0.5767866296874999 0.33210225000000004 0.5799160875 0.341703440625 0.6127419734374999
1 0.3892606078125 0.6104865140625 0.393834684375 0.6111727859375 0.3965458953125 0.5931042453125001 0.3919718359375 0.592417975 0.3892606078125 0.6104865140625
9 0.765681734375 0.5521236187499999 0.71490713125 0.551263125 0.7123485374999999 0.7022193390625 0.7631231406250001 0.7030798203125 0.765681734375 0.5521236187499999
3 0.6933098890625 0.53482113125 0.6657729781249999 0.5611037875 0.685098178125 0.5813492375 0.712635028125 0.55506664375 0.6933098890625 0.53482113125
3 0.6681536703125001 0.5649096578125 0.651038096875 0.5468950718750001 0.623355103125 0.5731940062499999 0.6404706171875 0.5912085328125001 0.6681536703125001 0.5649096578125
3 0.578664721875 0.6277339328125 0.6050037578125 0.63335626875 0.6176481828125 0.574126828125 0.591309428125 0.568504521875 0.578664721875 0.6277339328125
3 0.6868244234375 0.527862146875 0.6819640046875 0.503120534375 0.6423094109374999 0.510909909375 0.6471697390625 0.5356514421874999 0.6868244234375 0.527862146875
3 0.541533184375 0.5108399046875001 0.5537211421875 0.5113027046874999 0.5549387640625 0.479237928125 0.542750865625 0.4787751296875 0.541533184375 0.5108399046875001
3 0.394565546875 0.526111903125 0.4279414 0.526545321875 0.4284541984375 0.48705181406250003 0.39507855 0.48661839531249995 0.394565546875 0.526111903125
3 0.369893946875 0.5232778875 0.395815975 0.5241007453125001 0.39702092499999997 0.48614240625000005 0.37109905 0.4853195515625 0.369893946875 0.5232778875
3 0.319090003125 0.49811760937500005 0.3267376859375 0.5297987656250001 0.37034245 0.5192735046875 0.3626946921875 0.48759245937499995 0.319090003125 0.49811760937500005
