2 0.597513821875 0.5921827359375 0.6502766828125 0.5896098953125 0.6468117765625 0.5185654875 0.594049540625 0.5211383109375001 0.597513821875 0.5921827359375
2 0.5506361453124999 0.529190928125 0.5661715328125 0.4453132234375 0.45816560468749995 0.42531016718750003 0.44262970625 0.50918720625 0.5506361453124999 0.529190928125
3 0.65090994375 0.5395073671875 0.6925172890625 0.52979974375 0.6819804015625001 0.4846424359375 0.6403733421875 0.49435002343749995 0.65090994375 0.5395073671875
7 0.462078971875 0.43527277499999995 0.46916083906250006 0.4351370734375 0.4666764625 0.305491546875 0.4595946984375 0.305627246875 0.462078971875 0.43527277499999995
7 0.4862308125 0.43613556718749996 0.492454390625 0.4359997875 0.4905389015625 0.3482075203125 0.48431538906249993 0.34834329999999997 0.4862308125 0.43613556718749996
7 0.5371506687500001 0.44281672656250004 0.5440022671875 0.442470225 0.5392478781250001 0.3484639 0.5323963578125 0.34881039999999996 0.5371506687500001 0.44281672656250004
7 0.6284798703125001 0.6827512312499999 0.638320490625 0.6816406046875 0.6283203125 0.593046875 0.6184798578125 0.5941574921874999 0.6284798703125001 0.6827512312499999
6 0.30714429375 0.6032069671875 0.25607256562499997 0.60285479375 0.25547744687499996 0.68914718125 0.306549175 0.689499353125 0.30714429375 0.6032069671875
6 0.3548735765625 0.6796752515625 0.337785365625 0.6796752515625 0.337785365625 0.7040510828125 0.3548735765625 0.7040510828125 0.3548735765625 0.6796752515625
6 0.66191448125 0.6586489609374999 0.6480045421875 0.663772965625 0.657450775 0.6894127531249999 0.6713607078125 0.6842887640625 0.66191448125 0.6586489609374999
