2 0.3254078125 0.4717765625 0.28226874999999996 0.4717765625 0.28226874999999996 0.557490625 0.3254078125 0.557490625 0.3254078125 0.4717765625
2 0.3775785578125 0.6494568984375 0.39493498437499996 0.591933159375 0.3404823328125 0.5755051734375 0.3231257328125 0.6330286125 0.3775785578125 0.6494568984375
2 0.5887897609375 0.5949789671875 0.5562448109375 0.602910509375 0.57031246875 0.6606265703124999 0.6028574015625 0.6526950734375 0.5887897609375 0.5949789671875
3 0.6115315578125 0.586863734375 0.6316483859375001 0.648574415625 0.6788614390625 0.6331850640625001 0.6587444609374999 0.5714746609375 0.6115315578125 0.586863734375
3 0.718273996875 0.48009822187499995 0.6956105125 0.47707665312499997 0.6896741453125 0.521599478125 0.712337628125 0.5246210359375 0.718273996875 0.48009822187499995
9 0.7850032 0.5483297890625 0.718908409375 0.543799584375 0.712506171875 0.637197428125 0.7786009609375 0.6417275953125 0.7850032 0.5483297890625
3 0.3338442359375 0.5730907046875 0.2949503859375 0.5642521046875 0.2876799375 0.5962421328125 0.326573778125 0.60508070625 0.3338442359375 0.5730907046875
9 0.210873728125 0.66063809375 0.30159918124999996 0.6487018359375 0.2896062109375 0.55756154375 0.19888225312500002 0.5694977031249999 0.210873728125 0.66063809375
7 0.5882854562500001 0.7694970109375 0.592145615625 0.769074871875 0.5827205875 0.6829044125 0.5788605015625 0.6833265468749999 0.5882854562500001 0.7694970109375
7 0.675652 0.653567153125 0.6681985296875 0.65625 0.69301453125 0.7251838859374999 0.700467990625 0.7225010609375 0.675652 0.653567153125
7 0.6524532468750001 0.7225629953125 0.657169234375 0.7215073265624999 0.643382353125 0.6599264703125 0.638666428125 0.66098213125 0.6524532468750001 0.7225629953125
