1 0.27681093125 0.5445014078125 0.2511821609375 0.5478217609375 0.25801844375 0.6005837406250001 0.2836472109375 0.5972634046875 0.27681093125 0.5445014078125
1 0.374632734375 0.5511628625 0.3673755390625 0.55081025625 0.36607203125 0.5776359859375 0.3733292265625 0.577988590625 0.374632734375 0.5511628625
1 0.3498419171875 0.5722645484375 0.36440625781249997 0.5763078140625 0.3760461140625 0.5343833671875 0.361481875 0.5303401171875 0.3498419171875 0.5722645484375
1 0.3497447296875 0.5233465374999999 0.332114415625 0.51945621875 0.3230692890625 0.560443734375 0.3406995984375 0.5643340390625 0.3497447296875 0.5233465374999999
3 0.726703253125 0.48899071093749996 0.6820827109375001 0.47240270625 0.651572990625 0.5544651703125 0.6961934750000001 0.571053059375 0.726703253125 0.48899071093749996
3 0.2817949546875 0.566842415625 0.313182609375 0.563089875 0.30695265781250003 0.5109861046875 0.27556526875 0.514738628125 0.2817949546875 0.566842415625
3 0.3516165359375 0.6030859265624999 0.3297602609375 0.623957134375 0.378375065625 0.674859971875 0.40023120156249997 0.6539889062500001 0.3516165359375 0.6030859265624999
3 0.38423933125 0.5700865765625001 0.369171928125 0.580130453125 0.3797430390625 0.5959871390625 0.3948104296875 0.5859432796874999 0.38423933125 0.5700865765625001
3 0.39297498124999997 0.5841306125 0.41184322656249994 0.60082 0.4245285046875 0.58648006875 0.405660296875 0.569790709375 0.39297498124999997 0.5841306125
3 0.6580259453124999 0.60736219375 0.6300341125 0.5874755515625 0.6057444234375 0.6216611375000001 0.6337361921875 0.641547703125 0.6580259453124999 0.60736219375
3 0.5992452671875 0.5530444828125 0.5626957765625 0.5707278953125 0.575512084375 0.59721496875 0.61206154375 0.579531603125 0.5992452671875 0.5530444828125
3 0.596076684375 0.5752699171875 0.6175101046875 0.5828105578125 0.6244194265624999 0.5631734093749999 0.6029860765625 0.5556327828125001 0.596076684375 0.5752699171875
3 0.6763928015625 0.550816046875 0.652745671875 0.530289209375 0.6183319265625 0.5699305046875 0.6419789703125 0.5904572499999999 0.6763928015625 0.550816046875
9 0.7569580859375 0.538624190625 0.7003924859375 0.5450514515625 0.7199981984375 0.717579971875 0.7765637796875 0.711152815625 0.7569580859375 0.538624190625
6 0.7504917359375 0.7024917984375 0.714134565625 0.7167162265625 0.72584773125 0.7466498921875 0.762204875 0.7324255156249999 0.7504917359375 0.7024917984375
6 0.3497407453125 0.7799508796875 0.3433202421875 0.773359303125 0.317936315625 0.7980797625 0.3243567890625 0.804671309375 0.3497407453125 0.7799508796875
6 0.7251299859375 0.7175992828125 0.7075390359375 0.7121093671875001 0.6963537484375 0.7479438015625 0.7139446875 0.7534336953125 0.7251299859375 0.7175992828125
6 0.3130727609375 0.7904019390625 0.3216964953125 0.7543727 0.2892548390625 0.7466090609375 0.280631009375 0.782638159375 0.3130727609375 0.7904019390625
6 0.6656453875 0.74929443125 0.634702084375 0.7537141046875 0.64048171875 0.79417158125 0.6714250171875 0.7897519296875 0.6656453875 0.74929443125
