1 0.37321301875 0.5885188390625 0.33156564843749997 0.5888133828125001 0.3322288125 0.6825711906249999 0.373876184375 0.6822766484375 0.37321301875 0.5885188390625
1 0.68069345625 0.46752934375 0.6401295015625 0.4599949609375 0.6216377859375 0.5595438921875 0.662201725 0.5670782171875001 0.68069345625 0.46752934375
1 0.24002360781249998 0.515195971875 0.27532196249999996 0.5161250234375 0.277222871875 0.44390028593749997 0.2419248953125 0.44297124062500004 0.24002360781249998 0.515195971875
2 0.6288854890625 0.5893749406250001 0.6477449640625 0.6349473046874999 0.7016698031249999 0.6126335 0.6828102406250001 0.5670613765625 0.6288854890625 0.5893749406250001
6 0.6785616734375 0.7757783734375 0.6906151781250001 0.7772391437499999 0.6930043171875 0.75752859375 0.68095086875 0.7560678265624999 0.6785616734375 0.7757783734375
6 0.3563535 0.742761625 0.3382218203125 0.74117140625 0.3349997609375 0.7779029562499999 0.3531314390625 0.779493165625 0.3563535 0.742761625
6 0.6444286765625 0.4203956015625 0.6676034015625001 0.414194203125 0.6543624796875 0.36471529375 0.6311878875 0.3709166734375 0.6444286765625 0.4203956015625
6 0.64145529375 0.7782056046875 0.64004451875 0.8191056718749999 0.6761259625 0.820349815625 0.6775365515625 0.7794499265625 0.64145529375 0.7782056046875
6 0.332554109375 0.7690174562500001 0.33269581875 0.742435 0.310866184375 0.74231865 0.310724409375 0.7689010390625 0.332554109375 0.7690174562500001
6 0.3817326109375 0.7440751921875 0.370570846875 0.73903899375 0.351052675 0.782289703125 0.36221442187499997 0.7873258734374999 0.3817326109375 0.7440751921875
5 0.6211178453125 0.6233059828124999 0.5908202796875 0.620117184375 0.5846559 0.6786791 0.6149534625 0.6818678796875 0.6211178453125 0.6233059828124999
