1 0.3055309390625 0.5530862046875 0.29774158906250003 0.553439528125 0.2992888546875 0.58754705 0.30707820468749997 0.5871937265625 0.3055309390625 0.5530862046875
1 0.344132196875 0.5488218093749999 0.33493110625 0.55126813125 0.34127313593749997 0.5751194625 0.35047422500000003 0.5726731453125 0.344132196875 0.5488218093749999
9 0.78984226875 0.48039668750000003 0.715505434375 0.48174815156250006 0.7177423921874999 0.604780990625 0.7920792249999999 0.603429540625 0.78984226875 0.48039668750000003
6 0.31320787031249997 0.7472062796875 0.34824074375 0.7542117015625001 0.3600820546875 0.69500379375 0.325049634375 0.68799841875 0.31320787031249997 0.7472062796875
6 0.685467315625 0.708566171875 0.6598490031249999 0.7100382453125 0.6625968484375 0.7578509234374999 0.6882151609375 0.7563788578125 0.685467315625 0.708566171875
6 0.72604365 0.6925785062500001 0.7246339140625 0.6750605859375 0.701761940625 0.67690091875 0.70317163125 0.694418796875 0.72604365 0.6925785062500001
6 0.3250726015625 0.687468284375 0.3042695546875 0.6868624609375 0.3034500140625 0.714999996875 0.3242530609375 0.7156058187500001 0.3250726015625 0.687468284375
6 0.5323765234375 0.36561799375000004 0.546995159375 0.36155740000000003 0.5359188109375 0.3216827375 0.5213002343750001 0.325743321875 0.5323765234375 0.36561799375000004
6 0.5419149078125 0.3708305515625 0.5637060953125 0.371836259375 0.5657894078125 0.3266967765625 0.543998321875 0.3256910703125 0.5419149078125 0.3708305515625
6 0.58427825 0.3576102109375 0.605550746875 0.3576102109375 0.605550703125 0.315843621875 0.5842782984375 0.315843621875 0.58427825 0.3576102109375
