3 0.618822328125 0.5820334203125 0.656250040625 0.6153312859375 0.711399671875 0.5533472953125 0.673972265625 0.520049665625 0.618822328125 0.5820334203125
3 0.6807091 0.45317082343750004 0.6444058593750001 0.456061053125 0.6492037625 0.5163217671875 0.685507003125 0.51343155 0.6807091 0.45317082343750004
2 0.558247040625 0.5816456140625 0.5624491359375 0.5027889875 0.4791151109375 0.49834864218749997 0.47491250625000003 0.5772047328125 0.558247040625 0.5816456140625
3 0.34137173125000003 0.551915625 0.38451108125 0.551915625 0.3845108515625 0.4829265625 0.34137198125 0.4829265625 0.34137173125000003 0.551915625
2 0.41452633906249997 0.672363215625 0.444351659375 0.6007202031250001 0.36483151875000003 0.5676194890625 0.3350059984375 0.6392619171875 0.41452633906249997 0.672363215625
2 0.466242271875 0.719569803125 0.4973512984375 0.7189333203125 0.495026075 0.6053153921875001 0.46391776562500003 0.6059518671874999 0.466242271875 0.719569803125
9 0.7625001515625 0.531195353125 0.7070311968749999 0.527343746875 0.7005208328125 0.62109375 0.755989784375 0.624945325 0.7625001515625 0.531195353125
4 0.3532056 0.74590518125 0.3722792078125 0.7474944140625001 0.37890625 0.66796875 0.35983296875000004 0.6663795312499999 0.3532056 0.74590518125
4 0.4117761046875 0.670483025 0.3893013625 0.6711744453125 0.391927059375 0.7565104171875 0.4144018015625 0.7558190046875 0.4117761046875 0.670483025
4 0.480560071875 0.7190489328125 0.46874996874999997 0.71875 0.466052840625 0.8252877765625 0.47786294375000005 0.82558670625 0.480560071875 0.7190489328125
4 0.48582353906250003 0.8203807578125 0.4976781 0.8200515218750001 0.4947916671875 0.7161458328125 0.48293739375 0.716475065625 0.48582353906250003 0.8203807578125
6 0.6795376328125 0.6867751390625 0.7196554140625 0.69047775 0.726399696875 0.6174107671875 0.68628249375 0.613708184375 0.6795376328125 0.6867751390625
6 0.661130971875 0.740576378125 0.6352062546874999 0.7411722453125 0.6361119703125 0.7805708453125 0.6620366875 0.77997498125 0.661130971875 0.740576378125
6 0.6585919484375 0.713511178125 0.677572303125 0.7084018249999999 0.6672601859375 0.6700999999999999 0.6482799828125 0.67520933125 0.6585919484375 0.713511178125
6 0.310013490625 0.3931901953125 0.325964009375 0.398079940625 0.3431841765625 0.34190940625 0.32723375312499997 0.3370196765625 0.310013490625 0.3931901953125
