2 0.395942096875 0.5642855578125 0.3500872109375 0.5614927375 0.3459694390625 0.6290947890624999 0.391824321875 0.6318875921875 0.395942096875 0.5642855578125
2 0.46603281250000006 0.49337968749999994 0.427309375 0.49337968749999994 0.427309375 0.567246875 0.46603281250000006 0.567246875 0.46603281250000006 0.49337968749999994
2 0.5129078125000001 0.5045296875 0.4684109375 0.5045296875 0.4684109375 0.5749125 0.5129078125000001 0.5749125 0.5129078125000001 0.5045296875
2 0.52074443125 0.5816190875 0.566562084375 0.576328953125 0.5574335296874999 0.4972770390625 0.51161646875 0.5025671390625 0.52074443125 0.5816190875
3 0.6393640765625 0.5048998609375001 0.609208753125 0.5118098671875 0.6162974390625 0.5427423734375 0.6464527546875 0.535832384375 0.6393640765625 0.5048998609375001
1 0.674908678125 0.5961671328125 0.707110153125 0.5974550640625 0.708698290625 0.5577492484375 0.6764970390625 0.5564613234375 0.674908678125 0.5961671328125
3 0.3416167859375 0.488988025 0.31236646874999996 0.4982942078125 0.3253820921875 0.5392004312500001 0.354632396875 0.529894278125 0.3416167859375 0.488988025
9 0.24075480468750002 0.6406971140625 0.31056809375 0.6389519796875 0.3083285515625 0.5493915921875 0.23851640000000002 0.5511367125 0.24075480468750002 0.6406971140625
7 0.45643341406250004 0.388811265625 0.4549632328125 0.3887867640625 0.45398285937500005 0.4476092734375 0.45545304062499997 0.447633775 0.45643341406250004 0.388811265625
7 0.45506807812499994 0.49091945781249996 0.45680148281250005 0.4908088234375 0.4540441171875 0.44761029375000005 0.4523107234375 0.44772092968750005 0.45506807812499994 0.49091945781249996
7 0.47426470312499996 0.5018382359375 0.47886029687500004 0.5018382359375 0.47886028593749996 0.459034890625 0.4742647203125 0.459034890625 0.47426470312499996 0.5018382359375
7 0.5030998265625 0.4117321609375 0.49866984375 0.41179827500000005 0.4999999953125 0.5009191171875 0.5044299796875 0.500853003125 0.5030998265625 0.4117321609375
7 0.52091691875 0.4954701859375 0.522977965625 0.49540441093750004 0.5202205875 0.409007353125 0.518159565625 0.4090731265625 0.52091691875 0.4954701859375
7 0.5588752171875 0.3745412328125 0.5533087453125 0.3740808765625 0.5431985296875 0.49632352968750004 0.5487650015625001 0.49678388125 0.5588752171875 0.3745412328125
7 0.32613983125 0.7124103500000001 0.3327205875 0.7141544125 0.352941303125 0.63786768125 0.34636064843750003 0.63612363125 0.32613983125 0.7124103500000001
7 0.37421119687500004 0.6473154765625 0.366727875 0.6461396953125 0.35460001406249997 0.7233174 0.362083334375 0.7244931718750001 0.37421119687500004 0.6473154765625
7 0.5967173296875 0.3805963421875 0.5900654765625 0.380408978125 0.5865257984375 0.506068521875 0.5931776515625 0.506255884375 0.5967173296875 0.3805963421875
8 0.408153446875 0.5041156453125 0.4256659296875 0.503319671875 0.42150584375 0.4118006515625 0.40399358124999996 0.41259661875000003 0.408153446875 0.5041156453125
8 0.3588732640625 0.437328509375 0.342867109375 0.44075816406249996 0.355719628125 0.5007367859375 0.37172577812499996 0.4973071453125 0.3588732640625 0.437328509375
8 0.364349509375 0.4975101640625 0.379557340625 0.4980468765625 0.3817104765625 0.43703983125 0.366502775 0.43650312031249994 0.364349509375 0.4975101640625
8 0.3566321875 0.493078096875 0.3808595078125 0.49153645 0.374821090625 0.39664966874999996 0.350594075 0.39819130625 0.3566321875 0.493078096875
