3 0.557065546875 0.6634140625 0.5872969609375 0.6634140625 0.5872967609375 0.5937281249999999 0.557065746875 0.5937281249999999 0.557065546875 0.6634140625
2 0.32438239375 0.5345772046875 0.366388528125 0.53713763125 0.37052549687499997 0.4692688140625 0.328519796875 0.4667084015625 0.32438239375 0.5345772046875
3 0.3184276296875 0.532003628125 0.326889534375 0.504504396875 0.295517775 0.49485161250000004 0.2870558296875 0.5223507734374999 0.3184276296875 0.532003628125
4 0.36611972187499997 0.3664936046875 0.3474988484375 0.365553209375 0.342419834375 0.46611829687500006 0.36104070781250003 0.46705868749999996 0.36611972187499997 0.3664936046875
3 0.35048905625 0.626987021875 0.377842703125 0.6224285968750001 0.372037609375 0.5875985734375 0.3446841390625 0.5921569828125001 0.35048905625 0.626987021875
9 0.2989965515625 0.726672796875 0.295817490625 0.6217955546875 0.22980363124999997 0.6237963234375 0.2329819640625 0.728672871875 0.2989965515625 0.726672796875
3 0.6573435859375001 0.5740764984375 0.6638629109374999 0.605136484375 0.7094692625000001 0.5955647875000001 0.7029498453125 0.5645049296875 0.6573435859375001 0.5740764984375
3 0.6403305453125 0.5289765171874999 0.6612326984375 0.535337528125 0.672380059375 0.49871029531250005 0.6514780234375 0.49234930312499997 0.6403305453125 0.5289765171874999
3 0.713514903125 0.48935446875000005 0.6895227015625001 0.487250053125 0.686885996875 0.5173085359375 0.7108781984375 0.519412946875 0.713514903125 0.48935446875000005
7 0.30920190000000003 0.6660783734375 0.30250091874999996 0.6655642453125 0.2955299046875 0.756408753125 0.30223088593749997 0.7569228765625 0.30920190000000003 0.6660783734375
7 0.296752290625 0.7862784765625 0.3018846421875 0.786775075 0.3117106859375 0.685239421875 0.3065784484375 0.6847428296875 0.296752290625 0.7862784765625
7 0.5728794125000001 0.77612051875 0.5763889343749999 0.776041665625 0.5742420203124999 0.6805062734375 0.5707325703125 0.6805851265625 0.5728794125000001 0.77612051875
