3 0.69297895 0.445920565625 0.6524371640625 0.45365448906249994 0.6636302671875 0.5123254796875 0.7041720437500001 0.504591590625 0.69297895 0.445920565625
3 0.6242271671874999 0.531039546875 0.6651168640625 0.525345925 0.6556874374999999 0.4576336859375 0.614798159375 0.46332727812499996 0.6242271671874999 0.531039546875
2 0.6040573593749999 0.548810228125 0.6342676 0.54298115625 0.621603125 0.4773515625 0.591393196875 0.4831806046875 0.6040573593749999 0.548810228125
2 0.5759959796875 0.5566892171875 0.6086110109375 0.5547012234375 0.6045181796875 0.48756243125000004 0.5719035031249999 0.48955041406250005 0.5759959796875 0.5566892171875
9 0.68125 0.4328125 0.733218903125 0.4290622921875 0.721875 0.271875 0.6699069734374999 0.2756251765625 0.68125 0.4328125
9 0.6934361421874999 0.5743768890625 0.7703127656250001 0.6000000875 0.8003129984375 0.50999799375 0.7234375 0.484375 0.6934361421874999 0.5743768890625
7 0.604834684375 0.49238185312500005 0.6148845125 0.49179819062499996 0.61125255625 0.42926592656249996 0.601202815625 0.42984958593749995 0.604834684375 0.49238185312500005
6 0.61173671875 0.3610163484375 0.584002521875 0.367319265625 0.5968749921875001 0.42395833437499997 0.6246091828125 0.4176554390625 0.61173671875 0.3610163484375
6 0.39589050625 0.7925853875 0.42647108906250003 0.7941840906250001 0.42959270156249996 0.7344799156249999 0.3990125453125 0.7328812234375001 0.39589050625 0.7925853875
6 0.6924938218750001 0.7050328875 0.6740714015625 0.716131784375 0.6912931578125 0.7447125984375 0.7097155468749999 0.7336137421875 0.6924938218750001 0.7050328875
6 0.40144101406250005 0.708001640625 0.39628887968750004 0.7053905328125001 0.3675390625 0.762109375 0.372691184375 0.7647204640624999 0.40144101406250005 0.708001640625
6 0.3302081828125 0.7438306906250001 0.3354961875 0.7670482640625 0.36682046874999996 0.759915028125 0.36153240468750003 0.736697540625 0.3302081828125 0.7438306906250001
7 0.5883355875 0.49562216406250004 0.593307103125 0.49551805625 0.5920399828125 0.43501417187499997 0.587068509375 0.43511827968750005 0.5883355875 0.49562216406250004
