3 0.5275140625 0.49616718750000005 0.50101875 0.49616718750000005 0.50101875 0.575609375 0.5275140625 0.575609375 0.5275140625 0.49616718750000005
3 0.6155201531250001 0.5340114546875 0.667728034375 0.5261826515625 0.658628125 0.4655046875 0.60642073125 0.47333345312499997 0.6155201531250001 0.5340114546875
3 0.502720321875 0.4951129234375 0.47453300781249996 0.49474229375 0.4734346734375 0.57826641875 0.5016219875 0.5786370453125 0.502720321875 0.4951129234375
3 0.524456175 0.5693374999999999 0.5492531828125 0.5693374999999999 0.5492530265625 0.47874531249999996 0.5244563875 0.47874531249999996 0.524456175 0.5693374999999999
9 0.7592976328125001 0.512185915625 0.6980093218750001 0.5116392046875 0.6970601015625 0.6180404265624999 0.7583484125 0.6185871328125 0.7592976328125001 0.512185915625
7 0.3455529046875 0.38822115 0.3419607359375 0.38889464375 0.354580909375 0.45620233906249996 0.3581730765625 0.45552884687499995 0.3455529046875 0.38822115
7 0.3616603734375 0.4520095765625 0.365985596875 0.4519230765625 0.36391764375 0.3485269375 0.3595924765625 0.3486134359375 0.3616603734375 0.4520095765625
7 0.466947115625 0.37860576875 0.4621394234375 0.37860576875 0.4621394234375 0.4765625 0.466947115625 0.4765625 0.466947115625 0.37860576875
7 0.48703251718749996 0.382782546875 0.482572115625 0.3828125 0.483197603125 0.4759492734375 0.4876580046875 0.4759193203125 0.48703251718749996 0.382782546875
7 0.5085172421874999 0.48058534531249997 0.5150240671875 0.48016826718749994 0.5089253874999999 0.3850294484375 0.5024186453125 0.385446525 0.5085172421874999 0.48058534531249997
7 0.5302339359375 0.47978028281249996 0.5390625796874999 0.47896633906249997 0.53125 0.39423076875 0.5224214593750001 0.39504470625 0.5302339359375 0.47978028281249996
