2 0.3403531875 0.6027875140625001 0.340353084375 0.537979659375 0.2887234796875 0.5379797796875 0.28872329375 0.6027873453125 0.3403531875 0.6027875140625001
2 0.6221117796875 0.6219356453125 0.6743301875000001 0.6201605453125 0.6717710921875 0.544898321875 0.619553375 0.5466734093750001 0.6221117796875 0.6219356453125
2 0.673947484375 0.5163544671875 0.7188216578125 0.5110891 0.7102137359375 0.437735428125 0.665340046875 0.443000765625 0.673947484375 0.5163544671875
2 0.5313591953125 0.5447366171875 0.5551243046875001 0.5437289140625 0.552309375 0.4773515625 0.5285445156249999 0.4783592609375 0.5313591953125 0.5447366171875
3 0.29157943125 0.526688328125 0.335517146875 0.529984540625 0.3411852375 0.45443268437500006 0.297248021875 0.45113649218749996 0.29157943125 0.526688328125
3 0.5054343375 0.5358890625 0.5292125624999999 0.5358890625 0.5292124859375 0.4898953125 0.5054344328125 0.4898953125 0.5054343375 0.5358890625
7 0.3069005796875 0.6143562828125 0.3032742921875 0.613929715625 0.2959150921875 0.676483040625 0.299541378125 0.67690960625 0.3069005796875 0.6143562828125
7 0.32653737031249996 0.61367803125 0.3177599203125 0.6120660578125 0.3046875 0.6832386359375 0.31346494687500004 0.6848505968749999 0.32653737031249996 0.61367803125
7 0.678007515625 0.7028505421875 0.68581835625 0.7008705796875 0.6640625 0.6150568187500001 0.6562517890625 0.6170367640625 0.678007515625 0.7028505421875
7 0.680955659375 0.444867975 0.6860796031249999 0.443892034375 0.6689843625 0.35414232968750003 0.6638604765625 0.355118265625 0.680955659375 0.444867975
7 0.52225355625 0.40764346093750004 0.5148901828125 0.4077080484375 0.5159245625 0.52562785 0.5232879359375 0.5255632640625 0.52225355625 0.40764346093750004
7 0.5390683187499999 0.47875721406249994 0.5455360828125 0.47816927187499997 0.5394117875 0.4108024640625 0.5329440828124999 0.4113904046875 0.5390683187499999 0.47875721406249994
