2 0.3403531875 0.6027875140625001 0.340353084375 0.537979659375 0.2887234796875 0.5379797796875 0.28872329375 0.6027873453125 0.3403531875 0.6027875140625001
2 0.6221117796875 0.6219356453125 0.6743301875000001 0.6201605453125 0.6717710921875 0.544898321875 0.619553375 0.5466734093750001 0.6221117796875 0.6219356453125
2 0.673947484375 0.5163544671875 0.7188216578125 0.5110891 0.7102137359375 0.437735428125 0.665340046875 0.443000765625 0.673947484375 0.5163544671875
2 0.5313591953125 0.5447366171875 0.5551243046875001 0.5437289140625 0.552309375 0.4773515625 0.5285445156249999 0.4783592609375 0.5313591953125 0.5447366171875
3 0.29157943125 0.526688328125 0.335517146875 0.529984540625 0.3411852375 0.45443268437500006 0.297248021875 0.45113649218749996 0.29157943125 0.526688328125
3 0.45728719218749997 0.536084678125 0.47427865156250004 0.5356892234374999 0.47321268125 0.48989421718750004 0.45622134531249997 0.490289671875 0.45728719218749997 0.536084678125
3 0.5054343375 0.5358890625 0.5292125624999999 0.5358890625 0.5292124859375 0.4898953125 0.5054344328125 0.4898953125 0.5054343375 0.5358890625
7 0.3069005796875 0.6143562828125 0.3032742921875 0.613929715625 0.2959150921875 0.676483040625 0.299541378125 0.67690960625 0.3069005796875 0.6143562828125
7 0.32653737031249996 0.61367803125 0.3177599203125 0.6120660578125 0.3046875 0.6832386359375 0.31346494687500004 0.6848505968749999 0.32653737031249996 0.61367803125
7 0.649600090625 0.715346778125 0.65838085625 0.71448861875 0.6490939625000001 0.619478365625 0.6403133640625 0.620336515625 0.649600090625 0.715346778125
7 0.678007515625 0.7028505421875 0.68581835625 0.7008705796875 0.6640625 0.6150568187500001 0.6562517890625 0.6170367640625 0.678007515625 0.7028505421875
7 0.680955659375 0.444867975 0.6860796031249999 0.443892034375 0.6689843625 0.35414232968750003 0.6638604765625 0.355118265625 0.680955659375 0.444867975
7 0.6903409093749999 0.3984375 0.6860795453125 0.3984375 0.6860795453125 0.43892045468749996 0.6903409093749999 0.43892045468749996 0.6903409093749999 0.3984375
7 0.4712780875 0.41340133593750006 0.46312310468750006 0.41327778281249994 0.46156345156249995 0.5162155875 0.46971843281250003 0.5163391390625 0.4712780875 0.41340133593750006
7 0.52225355625 0.40764346093750004 0.5148901828125 0.4077080484375 0.5159245625 0.52562785 0.5232879359375 0.5255632640625 0.52225355625 0.40764346093750004
