3 0.3017064203125 0.6241956390625 0.345623715625 0.633207171875 0.358427 0.5708166421875001 0.3145101875 0.561805159375 0.3017064203125 0.6241956390625
3 0.5956868562500001 0.6524035453125 0.6519290921875001 0.6478328140625 0.647550509375 0.5939652578125 0.591308840625 0.598535965625 0.5956868562500001 0.6524035453125
3 0.7094986171875 0.6040686078124999 0.6859323125000001 0.5611485140625 0.628607428125 0.592620784375 0.6521734375 0.635540625 0.7094986171875 0.6040686078124999
3 0.66476978125 0.5541875359375 0.707902140625 0.5471820453125 0.6965445859375 0.4772618421875 0.653412709375 0.48426729062499996 0.66476978125 0.5541875359375
9 0.715278653125 0.6925451984375 0.7646816000000001 0.6823379359375 0.7414416984375001 0.5698735671875 0.6920398140625 0.5800807156250001 0.715278653125 0.6925451984375
6 0.7387498609375001 0.6594547656249999 0.716159234375 0.6621797875000001 0.7201135046875 0.694956434375 0.7427041296875 0.6922314234375 0.7387498609375001 0.6594547656249999
6 0.7407814421875 0.674271990625 0.7520757140625001 0.6900229343750001 0.770736928125 0.676643665625 0.75944266875 0.660892759375 0.7407814421875 0.674271990625
6 0.74278823125 0.6908182203125001 0.751610284375 0.6888588359375001 0.748817575 0.676286625 0.73999554375 0.6782460078125 0.74278823125 0.6908182203125001
7 0.6519600578125 0.71331949375 0.6585640171875 0.7112918031250001 0.63836653125 0.6455204140624999 0.631762659375 0.647548090625 0.6519600578125 0.71331949375
6 0.622961521875 0.7305639390625001 0.61057030625 0.7286415046875 0.600936371875 0.790727096875 0.613327584375 0.7926495171875 0.622961521875 0.7305639390625001
7 0.624712503125 0.72596950625 0.6290306359375 0.7257527625 0.6250746453125 0.6469508734375 0.620756584375 0.647167615625 0.624712503125 0.72596950625
7 0.6187056078125 0.700276653125 0.6209605046875 0.700276653125 0.620960490625 0.6493180984375 0.6187056171875 0.6493180984375 0.6187056078125 0.700276653125
6 0.528066296875 0.7196744765624999 0.523012678125 0.7185148203125 0.5137373578125 0.758928715625 0.518790975 0.7600883671875 0.528066296875 0.7196744765624999
6 0.6446116749999999 0.7244470390625 0.634006575 0.72504010625 0.6358787140625 0.75851178125 0.646483815625 0.757918715625 0.6446116749999999 0.7244470390625
