2 0.2721697296875 0.419018840625 0.2721696109375 0.49637051249999997 0.3156478859375 0.496370434375 0.31564776875 0.419019003125 0.2721697296875 0.419018840625
2 0.308060875 0.5216797859375 0.3534528328125 0.5248345921875 0.35941357812499997 0.43907314375000006 0.31402220937499997 0.4359183578125 0.308060875 0.5216797859375
2 0.25990106874999996 0.5832189343749999 0.31419855 0.600000034375 0.33486433125000004 0.5331385703125 0.2805674375 0.516357565625 0.25990106874999996 0.5832189343749999
2 0.3312589921875 0.5396055343749999 0.30085284843750004 0.5848434234375001 0.36073431718750004 0.6250875859375 0.3911401390625 0.5798499796875001 0.3312589921875 0.5396055343749999
2 0.35224208125 0.5393734375 0.386548565625 0.5393734375 0.3865483625 0.4655046875 0.352242275 0.4655046875 0.35224208125 0.5393734375
2 0.5847571359375 0.5460554281250001 0.62396070625 0.5402410640624999 0.612771875 0.4648078125 0.5735687656249999 0.470622140625 0.5847571359375 0.5460554281250001
3 0.61290404375 0.5330510140625 0.6475807 0.531747303125 0.6447157484375 0.45555633906250004 0.6100395 0.4568600421875 0.61290404375 0.5330510140625
2 0.6440529171875 0.5197555765625 0.6938973171875 0.5120244515625 0.6816772734375001 0.43324679687499995 0.63183345625 0.440977875 0.6440529171875 0.5197555765625
3 0.6491905703125 0.5504868968750001 0.6820656281249999 0.585365628125 0.7383388125 0.53232959375 0.7054639421875 0.4974510796875 0.6491905703125 0.5504868968750001
9 0.7997621078125 0.500552815625 0.7239296937499999 0.4947901 0.7157933 0.601848715625 0.7916257078125 0.60761138125 0.7997621078125 0.500552815625
7 0.2845573171875 0.38893292343749997 0.2855141234375 0.388894653125 0.284375 0.3604166671875 0.283418196875 0.3604549375 0.2845573171875 0.38893292343749997
7 0.2850039921875 0.42093316875 0.2875000046875 0.42083333281249996 0.2862213203125 0.3888663671875 0.2837253171875 0.3889662015625 0.2850039921875 0.42093316875
7 0.30491264687499997 0.329407896875 0.2966609609375 0.32912336875000003 0.29375 0.4135416671875 0.3020016859375 0.41382619375 0.30491264687499997 0.329407896875
7 0.317789984375 0.38107264218750003 0.3166666671875 0.38125 0.32063300625 0.40637019375000005 0.3217563234375 0.4061928359375 0.317789984375 0.38107264218750003
7 0.32102353125 0.4063192578125 0.3204446078125 0.406394765625 0.323958328125 0.43333333281249997 0.3245372515625 0.4332578265625 0.32102353125 0.4063192578125
7 0.3437499984375 0.40729166718750004 0.34479166875 0.40729166718750004 0.3447916671875 0.38229166718749996 0.3437500015625 0.38229166718749996 0.3437499984375 0.40729166718750004
7 0.5985382718750001 0.3855693609375 0.5916666640625 0.3854166671875 0.5897010703125 0.47386836250000003 0.596572678125 0.4740210546875 0.5985382718750001 0.3855693609375
7 0.6056471828125 0.3876057453125 0.60261206875 0.3873889640625 0.596875 0.46770833281249996 0.5999101140625 0.4679251125 0.6056471828125 0.3876057453125
7 0.2742488578125 0.6654486796875 0.2760416671875 0.665625 0.2822916984375 0.6020833359375 0.2804989109375 0.6019070156249999 0.2742488578125 0.6654486796875
7 0.310154921875 0.60563104375 0.3031248875 0.60416664375 0.2875 0.6791666671875001 0.29453003125 0.68063105625 0.310154921875 0.60563104375
7 0.3531447921875 0.6425610203125001 0.3486694203125 0.641762946875 0.3395833328125 0.6927083328125 0.34405870312500003 0.693506403125 0.3531447921875 0.6425610203125001
7 0.65542763125 0.4432565796875 0.6652960578125 0.4432565796875 0.6652960078125 0.3560855265625 0.6554276890625 0.3560855265625 0.65542763125 0.4432565796875
