9 0.2275731453125 0.542347215625 0.2373566640625 0.5521307328125 0.24841629375 0.5602127703125 0.25564758906249996 0.568720178125 0.2688340703125 0.58105591875 0.2786175890625 0.592115546875 0.2858488859375 0.5929662890625 0.2943562921875 0.5738246218749999 0.3032890703125 0.521078696875 0.29648314375 0.49938480781249994 0.28967721874999997 0.49130277187500004 0.2794683296875 0.4891759203125 0.2688340703125 0.48619832812499997 0.25649832968749997 0.48407147500000003 0.24501332968749998 0.4810938828125 0.2339537015625 0.4806685125 0.2305507375 0.4810938828125 0.2292746265625 0.4857729578125 0.226297034375 0.4959818453125 0.227147775 0.49257888281250006 0.2194911078125 0.5002355484375001 0.21906573749999997 0.5151235125 0.22289407187500002 0.5312875859374999 0.2275731453125 0.542347215625
3 0.3611394390625 0.4942803640625 0.3560349953125 0.498108696875 0.3577364765625 0.504489253125 0.3611394390625 0.515974253125 0.36199018125000004 0.5257577718750001 0.3683707359375 0.5376681421875 0.3739005515625 0.5363920296875 0.37815425468749997 0.5346905484375 0.384534809375 0.5338398078125 0.3972959203125 0.5338398078125 0.39687055 0.524481659375 0.39984814375 0.517675734375 0.38836314375000003 0.5074668453125 0.3790049953125 0.499810178125 0.36879610625 0.496407215625 0.3611394390625 0.4942803640625
2 0.32370684843749997 0.430474809375 0.3258337 0.4351538828125 0.3262590703125 0.44110906875 0.32796055156250004 0.44706425312500003 0.328385921875 0.45004184687500004 0.3288112921875 0.45557166093749996 0.33008740312499996 0.45982536406249996 0.332639625 0.46365369687499997 0.33689332968749996 0.46578055 0.3436992546875 0.4691835125 0.3471022171875 0.4696088828125 0.353057403125 0.4696088828125 0.35731110625 0.4704596234375 0.3636916625 0.4734372171875 0.3717736984375 0.471735734375 0.37517666250000004 0.4279225875 0.3658185140625 0.41643758750000004 0.3636916625 0.41133314218750006 0.3581618484375 0.4092062921875 0.3471022171875 0.40750480937500005 0.343273884375 0.4079301796875 0.34199777343750004 0.4087809203125 0.3394455515625 0.4096316625 0.3343411078125 0.41048240312499995 0.3305127734375 0.41133314218750006 0.326684440625 0.413885365625 0.3258337 0.41431073593749995 0.32285610781249996 0.4202659203125 0.32285610781249996 0.424094253125 0.32370684843749997 0.430474809375
9 0.28074444062500004 0.3700722171875 0.2918040703125 0.37730351406249996 0.30456518125 0.355609625 0.305415921875 0.3156248109375 0.3015875890625 0.25352073750000004 0.298609996875 0.2467148125 0.2892518484375 0.2454387015625 0.2832966625 0.2471401828125 0.28159518125 0.2522446265625 0.282445921875 0.261602775 0.2832966625 0.2692594421875 0.2849981453125 0.2803190703125 0.28414740312500003 0.28627425624999997 0.2679833296875 0.31392332968750003 0.26755795937500004 0.33349036718749997 0.2679833296875 0.343273884375 0.2688340703125 0.3522066625 0.2718116625 0.364542403125 0.28074444062500004 0.3700722171875
3 0.7090923984375 0.41686295781249993 0.7141968421875 0.40495258749999996 0.7146222125 0.3968705515625 0.7124953609375 0.387512403125 0.7056894359375 0.38921388437500004 0.7031372140625 0.390915365625 0.6993088796875 0.396019809375 0.692928325 0.4045272171875 0.69122684375 0.41048240312499995 0.6908014734375 0.412609253125 0.69122684375 0.4202659203125 0.6950551765624999 0.42537036562499997 0.7001596203125 0.42494499531249996 0.7090923984375 0.41686295781249993
3 0.6482644359374999 0.48236999375 0.64188388125 0.483220734375 0.631249621875 0.48832517812500004 0.6252944359375 0.495556475 0.6142348078125 0.5057653640625001 0.618063140625 0.5138474015625001 0.6299735109375 0.5193772156249999 0.6333764734375 0.52363091875 0.638055546875 0.529160734375 0.6423092515625 0.527459253125 0.646137584375 0.5261831421875 0.64528684375 0.5181011046874999 0.6537942515624999 0.5049146234374999 0.657622584375 0.4942803640625 0.6482644359374999 0.48236999375
6 0.6448614734375 0.6746373984375 0.6665553625 0.6844209171875 0.6737866578125 0.678891103125 0.68314480625 0.6691075843750001 0.690376103125 0.6580479546875 0.6933536953125 0.6474136953125 0.6818686953124999 0.64188388125 0.67676425 0.6427346218750001 0.667406103125 0.6367794375 0.6588986953125 0.6503912875 0.65677184375 0.65336888125 0.6427346218750001 0.6440107328125 0.6423092515625 0.64188388125 0.636354065625 0.6440107328125 0.6333764734375 0.649540546875 0.632951103125 0.659324065625 0.6359286953125001 0.669958325 0.6414585109375001 0.672510546875 0.6448614734375 0.6746373984375
8 0.69803276875 0.6027498078125 0.700584990625 0.6338018437499999 0.70611480625 0.644436103125 0.7205773984375 0.624443696875 0.7231296203124999 0.5976453625 0.7065401765625 0.529160734375 0.705264065625 0.5049146234374999 0.69973425 0.504489253125 0.6873985109375 0.5074668453125 0.677614990625 0.5138474015625001 0.67165980625 0.5223548078125 0.672510546875 0.5261831421875 0.675488140625 0.538944253125 0.6759135109375001 0.5478770296875 0.6780403609375 0.555533696875 0.6827194359375001 0.5657425859375 0.6895253609374999 0.584884253125 0.69803276875 0.6027498078125
9 0.7227042499999999 0.596369253125 0.72440573125 0.6053020296875 0.72908480625 0.6214661031250001 0.7524801765625 0.5912648078125 0.7763009171874999 0.5036385125 0.7805546203125 0.4806685125 0.759711471875 0.5104444375 0.763114434375 0.502787771875 0.7626890640624999 0.4679074015625 0.7571592500000001 0.458549253125 0.752905546875 0.46705666093750003 0.748226471875 0.4806685125 0.7401444359375 0.49257888281250006 0.7265325828125 0.51342203125 0.71759980625 0.5240562890625 0.7103685093750001 0.5363920296875 0.705264065625 0.542347215625 0.7095177687499999 0.557235178125 0.71759980625 0.5699962890625 0.7205773984375 0.580205178125 0.7227042499999999 0.596369253125
0 0.34963419375 0.581298509375 0.35067567187500004 0.5844253671875 0.34963419375 0.529184065625 0.332970309375 0.5562836 0.34963419375 0.581298509375
9 0.6943686859375 0.281119321875 0.7027005078124999 0.3342760375 0.724571940625 0.372840734375 0.743318859375 0.3405297953125 0.741235903125 0.32593773593750003 0.7183229140625 0.2769501703125 0.6943686859375 0.23421632187500002 0.6943686859375 0.281119321875
