2 0.30245772656250003 0.48946796406250004 0.3426872328125 0.49214510625 0.34754359687499997 0.419170075 0.307314509375 0.41649294687499994 0.30245772656250003 0.48946796406250004
2 0.3952613328125 0.6053671421875 0.40353649531249997 0.53841668125 0.353724346875 0.5322604453124999 0.3454489390625 0.5992106203125 0.3952613328125 0.6053671421875
2 0.651860884375 0.5416368406250001 0.603737803125 0.5525277546875 0.6179648734375001 0.6153858765625 0.6660879343749999 0.6044950250000001 0.651860884375 0.5416368406250001
9 0.801343490625 0.509227990625 0.741201459375 0.4819659484375 0.6825459890625 0.61135271875 0.7426878171875 0.6386144296875 0.801343490625 0.509227990625
3 0.688870246875 0.44847197968749997 0.654264240625 0.46138375781249996 0.6700708921875 0.503745659375 0.7046768765625 0.490833925 0.688870246875 0.44847197968749997
3 0.632984996875 0.457640446875 0.6156443125 0.48860355625 0.6488781718750001 0.50721454375 0.6662187562499999 0.4762515203125 0.632984996875 0.457640446875
6 0.37001685 0.7299410187500001 0.40740616406249996 0.7318418796875 0.41012537031249996 0.6783591140625 0.3727364875 0.676458265625 0.37001685 0.7299410187500001
7 0.338294515625 0.6606989328124999 0.343136984375 0.662276875 0.3670363875 0.5889420296875 0.362193984375 0.5873641000000001 0.338294515625 0.6606989328124999
7 0.3814865515625 0.6017196125 0.37353805625000003 0.600836559375 0.365501725 0.673164053125 0.37345022031249997 0.6740471 0.3814865515625 0.6017196125
7 0.64819698125 0.604769334375 0.642588815625 0.6066316703125 0.6628946515624999 0.6677724828125 0.6685028125 0.6659101578125 0.64819698125 0.604769334375
6 0.6834302812499999 0.7081502234375 0.6769493718749999 0.6891285625 0.660001221875 0.6949021484375 0.6664820875 0.7139237734375 0.6834302812499999 0.7081502234375
6 0.660708078125 0.72480350625 0.655078528125 0.7008818296875 0.637873453125 0.704930128125 0.64350295 0.728851759375 0.660708078125 0.72480350625
6 0.3683854578125 0.6805746015625 0.3458537328125 0.6795267703125 0.3441603734375 0.7159340203125 0.36669209999999997 0.7169818484375 0.3683854578125 0.6805746015625
7 0.3196317046875 0.41994976875 0.32424997499999997 0.419848828125 0.32287708125000003 0.357040015625 0.318258846875 0.35714095625 0.3196317046875 0.41994976875
