2 0.47662857656249996 0.674448715625 0.49442070468750005 0.6746328859374999 0.495055675 0.6132878953125 0.47726376249999997 0.613103725 0.47662857656249996 0.674448715625
2 0.595961403125 0.69071444375 0.622220375 0.6854202796875 0.606703896875 0.6084699390625 0.5804453171875 0.6137640625 0.595961403125 0.69071444375
3 0.599698584375 0.5383348046875 0.58215745 0.5499931453125 0.609791515625 0.591567275 0.627332609375 0.579908984375 0.599698584375 0.5383348046875
3 0.6219559984374999 0.58240574375 0.664647871875 0.5747150328124999 0.65358915625 0.5133340265624999 0.610897725 0.521024696875 0.6219559984374999 0.58240574375
2 0.661776821875 0.565897459375 0.7011883859375 0.5610929296875 0.6925224328125 0.4900143015625 0.6531113140625 0.494818803125 0.661776821875 0.565897459375
2 0.4329762 0.49110329375 0.40875756562500004 0.49225413281249997 0.41141092968750004 0.548087871875 0.43562956562500005 0.5469370375 0.4329762 0.49110329375
9 0.8220270984375 0.624062921875 0.7741903953125 0.55593011875 0.6753757515625 0.6253010328124999 0.7232115828125 0.6934330546874999 0.8220270984375 0.624062921875
3 0.32657269218749996 0.5937988171875 0.33834557187500003 0.571753421875 0.30465491718750004 0.5537634484375 0.29288203125 0.5758087703125 0.32657269218749996 0.5937988171875
7 0.42826590937500003 0.41898494375000006 0.4216923265625 0.41862640781250005 0.41770833281249997 0.4916666671875 0.42428191562500006 0.49202520156249996 0.42826590937500003 0.41898494375000006
7 0.6685897828125 0.48878202968749995 0.6705930203125 0.48838140625 0.6572916671875 0.421875 0.6552884484375 0.422275621875 0.6685897828125 0.48878202968749995
7 0.673405384375 0.419704221875 0.6670396109375 0.42006795781250006 0.670833328125 0.48645833281249995 0.6771991015625 0.48609460000000004 0.673405384375 0.419704221875
7 0.4752254640625 0.714879475 0.4791666671875 0.715625 0.48645835000000004 0.6770833359374999 0.482517178125 0.676337815625 0.4752254640625 0.714879475
