2 0.43767448125 0.60007001875 0.39031059218749997 0.595755478125 0.3830103234375 0.6758863453124999 0.43037420937500004 0.6802008515625 0.43767448125 0.60007001875
2 0.45213094218750005 0.6331565609375 0.42287785937500005 0.6339045890625 0.42436286875 0.691971121875 0.4536159515625 0.6912230984375001 0.45213094218750005 0.6331565609375
9 0.6403405546875 0.40129210937500004 0.67642505625 0.399886271875 0.6700718453125 0.236828278125 0.6339879234375 0.2382341046875 0.6403405546875 0.40129210937500004
9 0.72739695625 0.562874946875 0.646293146875 0.5748735453125 0.6614595515625 0.6773784234375 0.742563334375 0.6653799421875 0.72739695625 0.562874946875
3 0.6236596875 0.5278422859375 0.639349065625 0.540073721875 0.6735294296875 0.496233665625 0.6578401421875 0.484002284375 0.6236596875 0.5278422859375
3 0.6376743968749999 0.566098728125 0.6322774546875001 0.521579375 0.58257045 0.52760465 0.5879671890625 0.5721238171875 0.6376743968749999 0.566098728125
9 0.3446145 0.6165403484375 0.27510284218750003 0.5939517671875 0.243722965625 0.690505021875 0.3132345203125 0.7130933765624999 0.3446145 0.6165403484375
7 0.3642869828125 0.7478801359375 0.371875 0.75 0.3947119609375 0.668268090625 0.387124075 0.6661482453125 0.3642869828125 0.7478801359375
7 0.4213761671875 0.7859200984375 0.42604166718750003 0.7864583328125 0.4335553671875 0.7213396375000001 0.4288899375 0.7208014078125 0.4213761671875 0.7859200984375
7 0.391744628125 0.75590318125 0.39791666718749996 0.7572916671875001 0.41269583593750003 0.6916064125 0.40652388437500003 0.6902179375 0.391744628125 0.75590318125
5 0.6272395000000001 0.6157492328124999 0.5929191921875 0.6134990328125001 0.5869140625 0.705078125 0.6212343671875 0.7073283046875 0.6272395000000001 0.6157492328124999
