9 0.3307018515625 0.47451547187500004 0.3307018515625 0.433525115625 0.3369546171875 0.398092775 0.3543234125 0.384892490625 0.35710241875 0.377250221875 0.3320913546875 0.370302703125 0.328617596875 0.3758607171875 0.32792284375 0.3744712140625 0.30777504218749996 0.399482278125 0.28901674375 0.43560937187500004 0.29388000625 0.47104171250000004 0.3049960359375 0.4918842671875 0.3126383046875 0.5113373171875 0.3307018515625 0.47451547187500004
3 0.3468564890625 0.5695841328125 0.337172678125 0.5607806671875 0.3274888671875 0.54845581875 0.3169247109375 0.5471352984375 0.31208280625 0.553737896875 0.3129631515625 0.56386188125 0.3230871359375 0.572225171875 0.33893337031250004 0.57750725 0.3468564890625 0.5695841328125
3 0.39043363593749997 0.5849901953125001 0.3820703453125 0.5726653453125 0.3719463609375 0.5673832671875 0.3565403 0.5753063843749999 0.3490573546875 0.581468809375 0.35477960625 0.593793659375 0.3737070546875 0.6003962578125 0.3851515578125 0.60215695 0.39043363593749997 0.5849901953125001
3 0.585870540625 0.5660627468749999 0.57618673125 0.57002430625 0.56694309375 0.5871910609375 0.5656225734375 0.6043578171874999 0.5766269046875 0.6118407609375 0.5849901953125001 0.6065586828125 0.588951753125 0.5880714078125 0.585870540625 0.5660627468749999
3 0.667302584375 0.559900321875 0.67126414375 0.5550584171875 0.67742656875 0.5427335671875 0.6699436234375 0.52996854375 0.65893929375 0.540092528125 0.6448537515625 0.5477755515625 0.6448537515625 0.547575471875 0.6400118453125 0.5519772046875 0.6408921921874999 0.5594601484374999 0.6426528859375 0.5669430921874999 0.6523366953124999 0.571344825 0.65893929375 0.57002430625 0.667302584375 0.559900321875
3 0.5959945249999999 0.6149219718750001 0.5871910609375 0.622845090625 0.588951753125 0.6285673421875 0.5977552171875 0.6378109796875 0.612280934375 0.6386913265625 0.6193237046875 0.6369306328125 0.6294476890625 0.6250459578124999 0.624605784375 0.6140416265625 0.61580231875 0.610520240625 0.5959945249999999 0.6149219718750001
3 0.6584991203125 0.6039176421875 0.6611401609375 0.5942338328125001 0.6584991203125 0.581468809375 0.6505760031250001 0.5858705421875 0.6356101140625 0.59467400625 0.6342895937499999 0.6100800671875 0.6316485546874999 0.6069988562499999 0.6347297671875001 0.6122809328125001 0.6400118453125 0.6122809328125001 0.65145635 0.6100800671875 0.6584991203125 0.6039176421875
9 0.2795099875 0.6985548828125 0.287873278125 0.6954736703125 0.301078475 0.662900853125 0.31164263281250004 0.639571671875 0.31912557656249996 0.6131612796875 0.3151640171875 0.5924731390625 0.292715184375 0.5673832671875 0.2759886015625 0.587631234375 0.27202704375 0.6144818 0.266304790625 0.644413578125 0.2623432328125 0.67126414375 0.268065484375 0.6813881281249999 0.2715868703125 0.67434535625 0.2856724125 0.6633410265624999 0.2795099875 0.6853496875 0.2795099875 0.6985548828125
3 0.40731044843750003 0.6060779468749999 0.40513812656250003 0.5990179 0.3975349984375 0.5957594171875 0.3937334328125 0.5952163359375 0.3866733859375 0.5990179 0.385587225 0.6028194640625 0.38938878906249996 0.6098795124999999 0.3948195953125 0.6131379953125 0.4024227234375 0.612051834375 0.40513812656250003 0.6098795124999999 0.40731044843750003 0.6060779468749999
3 0.4176289796875 0.63486121875 0.40568120625 0.6316027359375 0.40513812656250003 0.6316027359375 0.40568120625 0.6408351062500001 0.4067673671875 0.6500674765625 0.4170859 0.6582136843749999 0.421973625 0.653325959375 0.4230597859375 0.64572283125 0.42251670468749997 0.642464346875 0.4176289796875 0.63486121875
