3 0.62781151875 0.645583190625 0.643274665625 0.6343091359375 0.62729348125 0.612392534375 0.611830390625 0.6236665593749999 0.62781151875 0.645583190625
3 0.5994322546874999 0.58275779375 0.607709478125 0.5831234046875 0.6083599171875 0.5683990453125001 0.6000827140625 0.5680334359375 0.5994322546874999 0.58275779375
3 0.3115092609375 0.58676988125 0.2948920421875 0.5980890578125 0.318737403125 0.6330914640625 0.3353545859375 0.6217723328125 0.3115092609375 0.58676988125
3 0.41679028906250004 0.6534785171874999 0.38137046093750004 0.6470160468749999 0.3709574890625 0.704080228125 0.40637730625 0.7105426593749999 0.41679028906250004 0.6534785171874999
9 0.21484375 0.6809895828125 0.2877020734375 0.6734207343749999 0.2760416671875 0.5611979171875 0.2031848953125 0.568766684375 0.21484375 0.6809895828125
9 0.6830736296875 0.33750016718750003 0.6377602062500001 0.360155521875 0.701822553125 0.48828143281249997 0.7471358359375 0.46562628281249996 0.6830736296875 0.33750016718750003
7 0.3070868953125 0.748112409375 0.3143382359375 0.7518382359375 0.348345790625 0.68566186875 0.341094546875 0.6819360718749999 0.3070868953125 0.748112409375
7 0.3415093765625 0.7737597218750001 0.34742647031249996 0.7748161765625 0.3612133125 0.6976103078125 0.3552963203125 0.6965538609374999 0.3415093765625 0.7737597218750001
7 0.3567090515625 0.8090993984375 0.36429455312500003 0.8109679796875 0.391544190625 0.700367665625 0.3839588765625 0.6984991078125 0.3567090515625 0.8090993984375
7 0.7006927765625 0.7230779390625 0.7126394453125 0.7200063703125 0.6957720593750001 0.6544117640625 0.6838255515625 0.6574833124999999 0.7006927765625 0.7230779390625
