2 0.5982583125 0.62485531875 0.6228633578125 0.6814347890625 0.68067263125 0.6562977703125 0.6560674796875 0.599718646875 0.5982583125 0.62485531875
2 0.67645 0.501453125 0.6237625 0.501453125 0.6237625 0.5813953125 0.67645 0.5813953125 0.67645 0.501453125
3 0.7069462203125 0.567030028125 0.685614728125 0.556411296875 0.6500958359375 0.6277560875 0.671427278125 0.6383747421875 0.7069462203125 0.567030028125
3 0.2880907921875 0.6183631203125 0.3160919203125 0.6123083328125001 0.3051554796875 0.561737521875 0.27715460468750003 0.56779228125 0.2880907921875 0.6183631203125
3 0.3424652265625 0.5279008328125 0.3154727265625 0.5325925875 0.32218674062499997 0.5712159859375 0.3491792359375 0.566524246875 0.3424652265625 0.5279008328125
3 0.5214755328125 0.6039794656249999 0.5171890359375 0.6038399984375 0.5164080125 0.6278418453125 0.520694509375 0.6279813109375 0.5214755328125 0.6039794656249999
3 0.5418255640625 0.5943342687500001 0.53593445 0.5946204953125 0.5372429546874999 0.6215490765625 0.5431340687499999 0.62126285 0.5418255640625 0.5943342687500001
9 0.2473995875 0.4217139484375 0.29596279999999997 0.44521126093749996 0.3426981328125 0.348624765625 0.29413542187499997 0.325127596875 0.2473995875 0.4217139484375
9 0.7246891328125 0.2973613203125 0.6750304328125 0.29487847968750003 0.6684879687499999 0.42572794687500004 0.71814666875 0.4282107703125 0.7246891328125 0.2973613203125
9 0.690295678125 0.6219809374999999 0.7444834218749999 0.6358147015625 0.779091578125 0.5002639203125 0.7249050703125001 0.486430321875 0.690295678125 0.6219809374999999
9 0.2342077265625 0.660863303125 0.2913983109375 0.6458640921875001 0.2623159765625 0.5349906859375 0.20512651875 0.5499897421875 0.2342077265625 0.660863303125
7 0.6389582218750001 0.494909925 0.6437148265625 0.49401008125 0.6242308796875 0.39102392343750003 0.6194743390624999 0.391923759375 0.6389582218750001 0.494909925
7 0.6516539796874999 0.42821033281250004 0.6468749953125 0.428125 0.6458333328125 0.48645833281249995 0.6506123171875 0.486543665625 0.6516539796874999 0.42821033281250004
7 0.6581954999999999 0.7647878828125 0.66458354375 0.7635416265625 0.6479166671875001 0.678125 0.6415287421875 0.6793712453125 0.6581954999999999 0.7647878828125
7 0.666041859375 0.667500096875 0.6547914234375 0.673124446875 0.6843748484375001 0.7322917437500001 0.6956252562499999 0.7266674328125 0.666041859375 0.667500096875
