2 0.6379996343750001 0.5491598343749999 0.683236140625 0.5443460109375 0.6738254343750001 0.45592205 0.6285895515625 0.46073583906250004 0.6379996343750001 0.5491598343749999
2 0.715346875 0.42877968749999995 0.67468125 0.42877968749999995 0.67468125 0.5109015625 0.715346875 0.5109015625 0.715346875 0.42877968749999995
2 0.6650515218749999 0.548992059375 0.6151741890625 0.5586952234375 0.629983184375 0.6348101875000001 0.6798604984375001 0.6251070890625 0.6650515218749999 0.548992059375
2 0.2677963046875 0.5726689640625 0.3217829046875 0.59811098125 0.349615059375 0.539057615625 0.29562895624999996 0.5136157359375 0.2677963046875 0.5726689640625
4 0.6959090921875 0.31122568125 0.6735740578125 0.31291833750000003 0.6837582359375001 0.4472958109375 0.70609326875 0.44560316875000006 0.6959090921875 0.31122568125
9 0.7775390453125001 0.5099609375 0.7084708203125001 0.5230310499999999 0.7289657359375 0.6313248375 0.798033925 0.6182548484375 0.7775390453125001 0.5099609375
7 0.3155187625 0.58022209375 0.30772807343749997 0.5786372015625 0.2904411765625 0.6636029406249999 0.2982318609375 0.6651878203125 0.3155187625 0.58022209375
6 0.2687471515625 0.69565246875 0.29108016875 0.7034981250000001 0.3125065703125 0.642515096875 0.290173825 0.6346694921875 0.2687471515625 0.69565246875
7 0.652438375 0.7102405734375 0.6593709296875 0.7091054812500001 0.647500925 0.6366202265625 0.640568471875 0.6377553093749999 0.652438375 0.7102405734375
7 0.6926745390625 0.6575692671875 0.6976103578124999 0.6571691125 0.6920955875 0.5891544125 0.68715983125 0.5895545656250001 0.6926745390625 0.6575692671875
7 0.6487979640625 0.377215815625 0.6439342453125 0.3775523953125 0.6481640546875 0.438671875 0.6530277734375 0.43833529687499995 0.6487979640625 0.377215815625
7 0.6589340484374999 0.44146149062499995 0.6630078187499999 0.44148437500000004 0.6633649515625 0.37791194687499996 0.6592912125 0.3778890625 0.6589340484374999 0.44146149062499995
7 0.705126865625 0.5845096875 0.698994240625 0.5862857265625 0.7180785328125 0.6521759265625 0.724211153125 0.6503998984375 0.705126865625 0.5845096875
6 0.7164061875 0.6566035890624999 0.7271803718750001 0.6568798140625 0.7276747703125 0.6375976078125001 0.716900628125 0.6373213828125001 0.7164061875 0.6566035890624999
6 0.6946591625 0.6781368421875 0.7142354296875 0.6742920156250001 0.7079258359375 0.6421707453125001 0.6883496953125 0.646015559375 0.6946591625 0.6781368421875
7 0.29589012187499997 0.581052509375 0.291333009375 0.579299046875 0.2718071484375 0.63003965 0.27636425625 0.6317931046874999 0.29589012187499997 0.581052509375
6 0.2753515625 0.6340625 0.2666015625 0.6340625 0.2666015625 0.652734375 0.2753515625 0.652734375 0.2753515625 0.6340625
6 0.6956699671875 0.6908374484375 0.6834374578125 0.6846874781250001 0.6652777171875 0.7208024484375 0.6775102093750001 0.7269523921875 0.6956699671875 0.6908374484375
1 0.33731550625 0.45996698125 0.3224931921875 0.4615135546875 0.3264248328125 0.49919168125 0.3412471453125 0.4976451125 0.33731550625 0.45996698125
6 0.6519043250000001 0.7296299546875 0.6683538109375 0.7292723703124999 0.667661003125 0.697409034375 0.6512116328124999 0.6977666171875 0.6519043250000001 0.7296299546875
