3 0.337828046875 0.43363540624999997 0.3170449109375 0.435167609375 0.3220300390625 0.5027825234375001 0.3428131734375 0.501250328125 0.337828046875 0.43363540624999997
3 0.3345884375 0.5212205734375 0.3544143453125 0.5239281859375 0.3641416546875 0.4527068390625 0.34431595625 0.44999924062499996 0.3345884375 0.5212205734375
3 0.513149215625 0.5562304703125001 0.53335153125 0.5596360484375 0.5428407187500001 0.5033493765625 0.5226385859375 0.4999438140625 0.513149215625 0.5562304703125001
3 0.544379121875 0.56674013125 0.5747772828125 0.561566740625 0.561442853125 0.4832233640625 0.531045071875 0.4883967203125 0.544379121875 0.56674013125
3 0.6016059671875 0.5517960937499999 0.5997204968750001 0.48778219062500006 0.5599694265624999 0.48895296562499996 0.5618546875 0.5529666671875 0.6016059671875 0.5517960937499999
2 0.6000062734375 0.538882621875 0.635003340625 0.5335549515625 0.6227453125 0.45304062500000003 0.587748671875 0.45836826249999996 0.6000062734375 0.538882621875
3 0.6530465999999999 0.52859658125 0.6762238578125 0.4863058203125 0.6252640625 0.4583796875 0.6020867953125 0.5006702578125 0.6530465999999999 0.52859658125
3 0.7055650859375 0.42101239375 0.6701076453125 0.4279509953125 0.679423359375 0.475553009375 0.7148807921875 0.4686144296875 0.7055650859375 0.42101239375
3 0.6797408359375 0.591558796875 0.7231669828125 0.5832105999999999 0.7046421875 0.4868578125 0.6612167234374999 0.4952059421875 0.6797408359375 0.591558796875
2 0.622396175 0.60581005 0.679966928125 0.596000990625 0.666580696875 0.517445471875 0.6090107140625001 0.5272544640625 0.622396175 0.60581005
2 0.619885221875 0.5516718828125 0.58214143125 0.557417265625 0.59454939375 0.6389217140625 0.6322931734374999 0.633176375 0.619885221875 0.5516718828125
7 0.628511821875 0.7365731624999999 0.6331922484375 0.7359734296875 0.6262515625 0.681815625 0.621571190625 0.6824153546875 0.628511821875 0.7365731624999999
3 0.37888066249999997 0.6133917171875 0.3988500171875 0.6147382718750001 0.401833828125 0.5704922109375 0.3818646328125 0.5691456609375 0.37888066249999997 0.6133917171875
2 0.3820661765625 0.5470005890625 0.3468180765625 0.547693809375 0.3483950984375 0.6278723375 0.3836431984375 0.6271791234374999 0.3820661765625 0.5470005890625
2 0.310566953125 0.5024712984375 0.28342748906250004 0.5440066484375 0.34289525468750004 0.5828594640625 0.37003444375 0.5413243578125 0.310566953125 0.5024712984375
3 0.3083996421875 0.585837315625 0.3202876265625 0.58365503125 0.3156114109375 0.558184065625 0.303723478125 0.5603663437499999 0.3083996421875 0.585837315625
7 0.6568939265625 0.716677590625 0.6672797265625 0.7150734812499999 0.6498161765625 0.6020220593750001 0.63943060625 0.6036261515625 0.6568939265625 0.716677590625
7 0.7224741890625 0.55937488125 0.7116295984375001 0.564350053125 0.74999975 0.64797805625 0.7608443125 0.643002925 0.7224741890625 0.55937488125
7 0.6924646078125 0.6872297046875 0.701287184375 0.6838233671875 0.6654411765625 0.590992646875 0.6566187546875 0.59439895 0.6924646078125 0.6872297046875
7 0.3944256203125 0.6132253249999999 0.38861277968749997 0.6122566468749999 0.3705782734375 0.7204640437500001 0.3763911125 0.7214327109374999 0.3944256203125 0.6132253249999999
7 0.2852540484375 0.37907689375000003 0.2912601921875 0.3796774859375 0.2997961484375 0.29431784375 0.2937900578125 0.29371725312499997 0.2852540484375 0.37907689375000003
7 0.30648846875 0.311804409375 0.29963233749999996 0.31066176093750003 0.2878576984375 0.38130965781250004 0.2947138296875 0.3824523 0.30648846875 0.311804409375
7 0.31286761875 0.3126837765625 0.3051470234375 0.311580878125 0.29494485 0.38299633593750004 0.3026654453125 0.3840992296875 0.31286761875 0.3126837765625
7 0.5500903546875 0.3463253625 0.5435214640625 0.3466971640625 0.5514705531249999 0.4871323546875 0.55803944375 0.48676055625 0.5500903546875 0.3463253625
7 0.610791715625 0.4610285703125 0.6158088859374999 0.46047793437499995 0.6036833546875 0.35000149375 0.5986662515625001 0.35055212812500003 0.610791715625 0.4610285703125
7 0.31525733906250003 0.424632353125 0.3189338359375 0.424632353125 0.3189338234375 0.33363970625 0.3152573640625 0.33363970625 0.31525733906250003 0.424632353125
7 0.3262867640625 0.3446691171875 0.32261029375 0.3446691171875 0.32261029375 0.421875 0.3262867640625 0.421875 0.3262867640625 0.3446691171875
7 0.3409464265625 0.344241640625 0.3318014484375 0.3437499984375 0.3272058828125 0.42922794062499997 0.3363508609375 0.4297195796875 0.3409464265625 0.344241640625
7 0.367961459375 0.35328571875 0.36090128125 0.35279029375 0.35386029375 0.453125 0.360920471875 0.453620421875 0.367961459375 0.35328571875
