1 0.22474000156249999 0.5192259953125 0.233741834375 0.5211850874999999 0.23999885625 0.49243689375 0.2309970609375 0.49047780625000004 0.22474000156249999 0.5192259953125
1 0.27375548906249997 0.5302406765625001 0.2792032515625 0.530834046875 0.2811220640625 0.5132187 0.275674315625 0.51262533125 0.27375548906249997 0.5302406765625001
1 0.31443327499999996 0.54491238125 0.3222058390625 0.54436605625 0.3205017703125 0.520124528125 0.3127292359375 0.5206708515625 0.31443327499999996 0.54491238125
1 0.33427992500000003 0.5212800265624999 0.3225086828125 0.519449759375 0.31808050468750004 0.547926865625 0.329851746875 0.549757128125 0.33427992500000003 0.5212800265624999
1 0.3605920546875 0.524840578125 0.3500822078125 0.525730084375 0.35232812343750003 0.5522640625 0.36283796874999996 0.5513745578125 0.3605920546875 0.524840578125
1 0.341579840625 0.5496278234374999 0.3482640671875 0.5508406265625 0.35100161875 0.5357542171875 0.34431740781250003 0.5345414171875 0.341579840625 0.5496278234374999
1 0.43701881875000004 0.5591757078125 0.44136094375 0.559021875 0.44045354375 0.53341194375 0.4361114375 0.5335657765625 0.43701881875000004 0.5591757078125
1 0.524028946875 0.530058084375 0.5197059687500001 0.5294693953125 0.5161955859375 0.5552452265625 0.5205185640625001 0.5558339140624999 0.524028946875 0.530058084375
1 0.6023631109375 0.5530141984375 0.6127426015624999 0.5524301 0.611194478125 0.524922734375 0.600815034375 0.5255068328125 0.6023631109375 0.5530141984375
1 0.6205160140625 0.5286244953125 0.6137167828125001 0.5273390390625 0.6098843031250001 0.5476086062500001 0.6166835328125 0.5488940609374999 0.6205160140625 0.5286244953125
1 0.63692934375 0.545013253125 0.64366531875 0.5445815203125 0.642213803125 0.5219368890625 0.635477853125 0.522368621875 0.63692934375 0.545013253125
1 0.6508032765625 0.5229262921875 0.6413150421875 0.523957984375 0.6432328125 0.54159375 0.652721046875 0.5405620578125 0.6508032765625 0.5229262921875
1 0.7284810984375001 0.486340275 0.71456370625 0.48760234999999996 0.7174784921875 0.519742365625 0.7313958828125 0.5184802937499999 0.7284810984375001 0.486340275
1 0.7144611203125 0.5910819015625 0.719298446875 0.5903203109375 0.716294490625 0.5712423984375 0.71145718125 0.5720039875 0.7144611203125 0.5910819015625
1 0.7241542640625 0.567204609375 0.71789505 0.5684701515625 0.7222313625 0.5899148624999999 0.728490575 0.588649325 0.7241542640625 0.567204609375
1 0.6488501203125 0.60749744375 0.6498140640625001 0.5977890546875 0.6393075359375 0.596745978125 0.638343584375 0.606454359375 0.6488501203125 0.60749744375
1 0.2805816296875 0.6147274875 0.2890962828125 0.6160892421875 0.293700378125 0.5873042625 0.28518576875 0.5859425109374999 0.2805816296875 0.6147274875
1 0.3104622515625 0.58460186875 0.2916187765625 0.5868811593750001 0.2967814171875 0.6295572890625001 0.3156248890625 0.62727800625 0.3104622515625 0.58460186875
1 0.3757104953125 0.632182684375 0.38435805625 0.633358478125 0.38843465781250003 0.603379809375 0.3797871453125 0.6022040203125 0.3757104953125 0.632182684375
