3 0.34350002343749997 0.46658702031250004 0.29065059843749996 0.47515687812499996 0.30970361562500004 0.5926450953125 0.3625530203125 0.5840753203125 0.34350002343749997 0.46658702031250004
7 0.3295066015625 0.48554035312500005 0.33825112343749997 0.48537411874999997 0.33654827656249997 0.395806921875 0.32780386250000004 0.39597315625 0.3295066015625 0.48554035312500005
3 0.7076075656249999 0.51335355625 0.6594690953125 0.500344278125 0.6316989875 0.60309323125 0.6798374140625 0.6161023921875 0.7076075656249999 0.51335355625
7 0.6572468671875 0.5131812499999999 0.6620562734375001 0.5131812499999999 0.66205625 0.45057187499999996 0.6572468875 0.45057187499999996 0.6572468671875 0.5131812499999999
7 0.6677080828124999 0.49802399687500004 0.6750999328125 0.4983365953125 0.6788763390625 0.40904283125 0.6714845828125 0.408730234375 0.6677080828124999 0.49802399687500004
7 0.6977184703125 0.4501446859375 0.6902702406250001 0.448543734375 0.6737130546875 0.525568665625 0.68116128125 0.5271696078125 0.6977184703125 0.4501446859375
3 0.719882765625 0.69513809375 0.7034196578125 0.659102478125 0.6688493953125 0.674893925 0.6853123359375 0.7109293984375 0.719882765625 0.69513809375
1 0.6647608015625 0.6784663828124999 0.6573440046875 0.678780340625 0.6585498828125 0.7072632703124999 0.665966678125 0.7069493140625001 0.6647608015625 0.6784663828124999
3 0.6598079125 0.7139547484375 0.6598078093749999 0.667835921875 0.62428439375 0.6678360046875 0.6242843265625 0.7139546609375 0.6598079125 0.7139547484375
1 0.62090651875 0.6839313546875 0.61261061875 0.6859497953125 0.6186049171875 0.7105830453124999 0.6269008140625 0.708564609375 0.62090651875 0.6839313546875
1 0.3874105796875 0.6868999421875001 0.3941202453125 0.687789246875 0.3960390625 0.6733140625 0.389329415625 0.6724247578125 0.3874105796875 0.6868999421875001
1 0.378937590625 0.6647676328125 0.373142840625 0.665472178125 0.375679684375 0.686334375 0.381474434375 0.6856298328125 0.378937590625 0.6647676328125
1 0.2558921328125 0.689227475 0.2818861359375 0.69633984375 0.30073368437500003 0.6274652640625 0.2747400328125 0.620352946875 0.2558921328125 0.689227475
6 0.6192964515625 0.858620471875 0.59375 0.9292281250000001 0.6720654484375 0.957555275 0.6976109375 0.8869484375000001 0.6192964515625 0.858620471875
6 0.237063009375 0.7839917625 0.2566670078125 0.7667621578125 0.231499128125 0.7381310625 0.2118952296875 0.7553605921875 0.237063009375 0.7839917625
6 0.2100438515625 0.7491795156250001 0.22605295 0.7309184906249999 0.2039138125 0.7115127171875 0.1879047546875 0.7297736828125 0.2100438515625 0.7491795156250001
6 0.2599848359375 0.7988380609375 0.2438108234375 0.7997021453125 0.24539815625 0.8294080484374999 0.26157216875 0.82854396875 0.2599848359375 0.7988380609375
8 0.6494790828125 0.446484325 0.6257789 0.44509032031249995 0.6166733953125 0.599885609375 0.640373575 0.601279596875 0.6494790828125 0.446484325
5 0.3574218453125 0.599609375 0.3837890859375 0.599609375 0.38378895156250004 0.52734375 0.357422040625 0.52734375 0.3574218453125 0.599609375
5 0.3980742625 0.6683400265625 0.3673079734375 0.656125996875 0.32421875 0.7646484375 0.35498495625 0.7768623125 0.3980742625 0.6683400265625
