7 0.3342234375 0.43079999999999996 0.330215625 0.381371875 0.3294140625 0.40443749999999995 0.330215625 0.4291515625 0.3294140625 0.44727656250000003 0.335025 0.46869531249999996 0.3342234375 0.43079999999999996
7 0.29815468749999996 0.40114218749999997 0.309375 0.47858124999999996 0.31258125 0.46869531249999996 0.29815468749999996 0.40114218749999997
8 0.620375 0.5313046875 0.618771875 0.5510765625 0.6179703125 0.5807328125 0.625184375 0.5939140625 0.6364062500000001 0.602153125 0.6369875 0.57254375 0.63750625 0.5461578125 0.643003125 0.5293390625 0.6441890625 0.496553125 0.644640625 0.46370468750000005 0.6396124999999999 0.43903749999999997 0.6332 0.45221875 0.6291921874999999 0.4703421875 0.6259859375 0.4818765625 0.6227796875 0.5049421875 0.620375 0.5313046875
7 0.6612546874999999 0.480228125 0.66205625 0.45057187499999996 0.6580484375 0.4571625 0.657246875 0.48846718750000007 0.6580484375 0.5131812499999999 0.66205625 0.5065906250000001 0.6612546874999999 0.480228125
7 0.670665625 0.447328125 0.6696453124999999 0.45920625 0.6699859375 0.47178437500000003 0.6682859375 0.4843609375 0.6679468749999999 0.4976375 0.675084375 0.4983359375 0.6754249999999999 0.49065000000000003 0.6757640625 0.4745796875 0.676784375 0.4585078125 0.6757640625 0.4375453125 0.6754249999999999 0.40889687500000005 0.672025 0.4361484375 0.670665625 0.447328125
7 0.6902703125 0.44854374999999996 0.6895046875 0.46271874999999996 0.6757125 0.5162671875 0.6792890625 0.5267671875 0.6820984375 0.5162671875 0.6836296875000001 0.5099671875 0.6864390625000001 0.5026171875000001 0.688228125 0.4931671875 0.6892484375000001 0.48266875000000004 0.6912921875 0.47216874999999997 0.6912921875 0.45904375000000003 0.6902703125 0.44854374999999996
1 0.661303125 0.70473125 0.6639203124999999 0.7070359374999999 0.6654171875 0.6939703125000001 0.6642953125 0.6855156250000001 0.661678125 0.678596875 0.6575640625 0.683978125 0.6579375 0.6916640625 0.6583125 0.70165625 0.661303125 0.70473125
1 0.6175546875 0.7062671875000001 0.6205453125 0.7101109375 0.6231625000000001 0.7039625 0.624284375 0.6978125000000001 0.622040625 0.6893578125000001 0.6175546875 0.684746875 0.6145625 0.6908953125 0.6156843750000001 0.6985812499999999 0.6175546875 0.7062671875000001
1 0.39468281250000004 0.6835453125 0.3960390625 0.6733140625 0.3897046875 0.6733140625 0.38834843750000003 0.679825 0.3901578125 0.6872640624999999 0.39468281250000004 0.6835453125
1 0.37387031249999997 0.6714546875 0.3756796875 0.6779640625 0.3756796875 0.686334375 0.37884687499999997 0.681684375 0.38020312500000003 0.6751750000000001 0.37748906249999997 0.6649437500000001 0.37387031249999997 0.6714546875
1 0.292428125 0.6305328125 0.2851890625 0.6240218750000001 0.27795000000000003 0.62123125 0.27252031250000003 0.628671875 0.26844843749999997 0.6454125000000001 0.264828125 0.6565734375 0.2639234375 0.6733140625 0.2689015625 0.6854046874999999 0.27252031250000003 0.6900546875 0.27930781250000003 0.695634375 0.28564218750000003 0.6826140625 0.2897140625 0.667734375 0.29288125 0.652853125 0.2960484375 0.6407625 0.292428125 0.6305328125
6 0.609375 0.8943015624999999 0.6020218749999999 0.9108453125 0.59375 0.9292281250000001 0.6369484375 0.9448531250000001 0.6617640625 0.9319859375 0.6801468749999999 0.9172796875 0.6976109375 0.8869484375000001 0.662684375 0.8860296875 0.6378671875 0.8823531250000001 0.609375 0.8943015624999999
5 0.366875265625 0.5715810296875 0.3701984109375 0.5715810296875 0.3721922984375 0.5695871421875001 0.37750933125 0.5669286265625 0.37950321875 0.566263996875 0.38548488125 0.55562993125 0.3701984109375 0.5529714140624999 0.36421675 0.5523067859374999 0.3615582328125 0.55961770625 0.36288749062500003 0.5655993671874999 0.36421675 0.5689225125 0.366875265625 0.5715810296875
5 0.36753989531250003 0.7084946249999999 0.3655460078125 0.6965313015625 0.35624120000000004 0.695866671875 0.3489302796875 0.7031775921875 0.3489302796875 0.7091592546875 0.35092416718749997 0.717134803125 0.36288749062500003 0.7144762874999999 0.36753989531250003 0.7084946249999999
