6 0.296361915625 0.6570569046875 0.326493375 0.6295730140625 0.290853190625 0.59050431875 0.2607219 0.6179880703125 0.296361915625 0.6570569046875
2 0.343951621875 0.42726383125 0.2869992765625 0.41295458281249997 0.2640674015625 0.5042202234375 0.3210197125 0.518529375 0.343951621875 0.42726383125
2 0.31390685937499996 0.5546164203124999 0.35778530000000003 0.5563453984375 0.36144310156250004 0.463516746875 0.3175652890625 0.46178778125 0.31390685937499996 0.5546164203124999
2 0.3783343765625 0.5981096921875 0.4158896796875 0.59737198125 0.41385278437500006 0.4937043359375 0.3762981390625 0.4944420421875 0.3783343765625 0.5981096921875
2 0.45839375000000004 0.5330859375 0.43135 0.5330859375 0.43135 0.6263671875 0.45839375000000004 0.6263671875 0.45839375000000004 0.5330859375
2 0.475710934375 0.63004805 0.5024158296875 0.6278833578125 0.494963465625 0.5359593125 0.46825900625 0.5381239859375 0.475710934375 0.63004805
2 0.5388184421875 0.504582021875 0.5042145687499999 0.5109691203125 0.5263585125 0.630928746875 0.5609623671875 0.6245417171875001 0.5388184421875 0.504582021875
2 0.594500403125 0.47669637500000006 0.5649206125 0.47923952343750004 0.5716859078125001 0.5579216406249999 0.6012656953125 0.555378509375 0.594500403125 0.47669637500000006
2 0.5427100921875 0.5889351796875 0.5759902296875 0.5854354640625 0.564328346875 0.4745508375 0.5310488062500001 0.478050521875 0.5427100921875 0.5889351796875
2 0.5176543359375 0.52721609375 0.48874059062499997 0.5290164171875 0.4942752890625 0.6178967921875 0.5231890328125 0.6160964828125 0.5176543359375 0.52721609375
2 0.47879847656249996 0.54081076875 0.45196052187499997 0.540105171875 0.44948922187499996 0.6340935734375 0.4763271765625 0.6347991656249999 0.47879847656249996 0.54081076875
2 0.40519071562500003 0.6479253328125 0.433171078125 0.6487392734374999 0.4368224515625 0.5232205234375 0.40884272499999996 0.522406590625 0.40519071562500003 0.6479253328125
2 0.3487869421875 0.567311575 0.3779216015625 0.5713124546875 0.391595775 0.4717433125 0.362461571875 0.46774246406250003 0.3487869421875 0.567311575
5 0.44472327343750007 0.4192095203125 0.4549887109375 0.342475840625 0.2484374640625 0.3148437515625 0.23817127500000002 0.391576534375 0.44472327343750007 0.4192095203125
5 0.7602248671875 0.359006603125 0.7377514125 0.29091287499999996 0.4902494921875 0.3725933625 0.512721803125 0.4406861328125 0.7602248671875 0.359006603125
6 0.347182078125 0.6373904765625 0.3117548765625 0.6373904765625 0.3117548765625 0.667925665625 0.347182078125 0.667925665625 0.347182078125 0.6373904765625
6 0.288863484375 0.5750621484375 0.2605217359375 0.5750621484375 0.2605217359375 0.59322348125 0.288863484375 0.59322348125 0.288863484375 0.5750621484375
6 0.266463690625 0.54249338125 0.22274288750000001 0.54249338125 0.22274288750000001 0.586766625 0.266463690625 0.586766625 0.266463690625 0.54249338125
5 0.74673811875 0.5778205062499999 0.7311412515625 0.46045680781250004 0.587890625 0.4794921875 0.6034859796875 0.596854521875 0.74673811875 0.5778205062499999
