1 0.7670546875 0.4318046875 0.7740328125 0.455378125 0.7801890625000001 0.45790312499999997 0.78429375 0.45790312499999997 0.7896296875 0.4570609375 0.793734375 0.45369374999999995 0.7978390625 0.4385390625 0.8011234375 0.4233859375 0.8015343749999999 0.41159999999999997 0.7978390625 0.39476093749999996 0.791271875 0.382975 0.7867578125 0.37960781250000003 0.7781374999999999 0.393078125 0.7715703125 0.4090734375 0.7670546875 0.4318046875
6 0.776084375 0.3341453125 0.774853125 0.31646562500000003 0.7728015625 0.3063625 0.7728015625 0.29878593750000004 0.7682859375 0.29878593750000004 0.7637703124999999 0.3038375 0.7604875 0.3130984375 0.7588453125 0.33582968750000003 0.7621296875 0.324884375 0.7645921875 0.31899062499999997 0.7670546875 0.31478125 0.7707484375 0.31646562500000003 0.7728015625 0.3240421875 0.776084375 0.3341453125
1 0.7563828125 0.40317968750000005 0.7530984375 0.40654843749999997 0.750225 0.418334375 0.750225 0.42927968749999995 0.747353125 0.435171875 0.7444796874999999 0.445275 0.7440687500000001 0.45285156249999997 0.7494046875 0.455378125 0.7543296875000001 0.45790312499999997 0.7604875 0.45958750000000004 0.7625390624999999 0.46547968749999996 0.76418125 0.472215625 0.7621296875 0.412440625 0.7563828125 0.40317968750000005
3 0.7506359375 0.455378125 0.7436578125 0.45453593750000004 0.7387328125 0.45958750000000004 0.734628125 0.4730578125 0.7342171875 0.48231875 0.74160625 0.48905312500000003 0.749815625 0.48905312500000003 0.7535093749999999 0.48315937499999995 0.759665625 0.48231875 0.7608984375000001 0.46800625 0.7563828125 0.4562203125 0.7506359375 0.455378125
1 0.47192968750000003 0.40402187500000003 0.45879531250000005 0.393078125 0.45879531250000005 0.40738906249999995 0.4579734375 0.42422812499999996 0.4579734375 0.45285156249999997 0.4629 0.46800625 0.4698765625 0.46547968749999996 0.472340625 0.46127031250000006 0.47151875 0.4444328125 0.47192968750000003 0.42591093750000003 0.47192968750000003 0.40402187500000003
1 0.22611875 0.43609375000000006 0.226796875 0.4235703125 0.227475 0.40895937499999996 0.22035156250000001 0.406175 0.21424531249999998 0.41313281249999995 0.21187031250000002 0.4256578125 0.21492343749999998 0.43470312499999997 0.22035156250000001 0.445834375 0.22611875 0.43609375000000006
3 0.3088890625 0.616996875 0.31431718750000004 0.6239546875 0.31940625 0.62465 0.32449374999999997 0.6225625 0.32776076875000004 0.6345048171875 0.332296875 0.6163015625 0.333653125 0.6121265625000001 0.3370453125 0.606559375 0.3407765625 0.6016890625 0.3417953125 0.5919484374999999 0.33908125 0.580815625 0.334671875 0.5766421875 0.328225 0.5717703125 0.3211015625 0.5689875 0.3149953125 0.5669 0.3075328125 0.5641171875000001 0.3010875 0.565509375 0.29803437499999996 0.5717703125 0.29633906250000003 0.5835984375 0.29769531250000003 0.5926437499999999 0.2902309109375 0.6034801328125 0.3010875 0.6128218750000001 0.3088890625 0.616996875
6 0.289790625 0.7812203125 0.2972046875 0.783121875 0.3034609375 0.77836875 0.30763124999999997 0.7683890625 0.31064375 0.756509375 0.312034375 0.74938125 0.31017968749999997 0.743203125 0.30763124999999997 0.7489046874999999 0.30508281249999997 0.7555578125 0.3018390625 0.7631625 0.2969734375 0.7631625 0.2948875 0.7550828125 0.2953515625 0.7465296875 0.2974375 0.7346484375 0.299290625 0.72609375 0.2934984375 0.72466875 0.2879375 0.7360734375 0.28376718749999996 0.75080625 0.283534375 0.7607859375 0.2856203125 0.7726671875 0.289790625 0.7812203125
6 0.260596875 0.7645875 0.2659265625 0.758409375 0.2698640625 0.74938125 0.2731078125 0.7403515625 0.2744984375 0.7275203125 0.2710234375 0.73655 0.2633765625 0.7422515625 0.260365625 0.7351234375 0.26013281250000003 0.72514375 0.26106093750000003 0.7156390625 0.26175468749999997 0.706609375 0.2580484375 0.7161140625 0.2552671875 0.72324375 0.2520234375 0.730846875 0.2485484375 0.73845 0.247853125 0.7479546874999999 0.24947499999999997 0.7555578125 0.25503593750000003 0.7612609375 0.260596875 0.7645875
1 0.7804390625 0.5415515625 0.776615625 0.5457328125 0.7727937500000001 0.544165625 0.7694796875 0.536846875 0.7646375 0.527959375 0.7620890625000001 0.531096875 0.76106875 0.541028125 0.76106875 0.5514828125 0.763871875 0.5624609375 0.767440625 0.570303125 0.7707546875 0.57239375 0.7753421875 0.574484375 0.7791640625 0.56925625 0.7837515625 0.5593250000000001 0.7868109375000001 0.5551421875 0.7873203125 0.549915625 0.7845171875 0.5420734375 0.7804390625 0.5415515625
7 0.2742181703125 0.659524721875 0.2697145875 0.6820426375 0.26421020781250004 0.7010577671875 0.26421020781250004 0.7175709046875001 0.2667121984375 0.7285796640625 0.27321737343749997 0.7355852375 0.2782213546875 0.7235756828125 0.2832253359375 0.70706254375 0.288729715625 0.6890482125 0.29223250156249997 0.67753905625 0.2967360859375 0.6690322875 0.30374165937500003 0.6625271125000001 0.30774484375 0.6685318890625 0.3042420578125 0.70706254375 0.3017400671875 0.764608328125 0.317252409375 0.7290800625 0.3297623609375 0.6420107890625 0.326259575 0.6295008359375001 0.3222563890625 0.6269988453125 0.3157512140625 0.6244968546874999 0.31174802968750004 0.621494465625 0.30774484375 0.61749128125 0.30374165937500003 0.6119869015625 0.2992380765625 0.6104857078125 0.288729715625 0.601478540625 0.286227725 0.6094849109375 0.2832253359375 0.6229956609375 0.2782213546875 0.6395087984375001 0.2742181703125 0.659524721875
3 0.6450131781249999 0.52441723125 0.6555215375000001 0.5219152390625 0.6675310921875 0.5154100640625 0.668031490625 0.50440130625 0.66402830625 0.4988969265625 0.6595247234375 0.49039015781249995 0.6500171578125 0.4878881671875 0.6460139734375 0.4878881671875 0.6380076031249999 0.4958945375 0.6395087984375001 0.50089851875 0.6390084 0.5074036937499999 0.6395087984375001 0.5174116578125 0.6415103906249999 0.5224156375 0.6450131781249999 0.52441723125
3 0.6295008359375001 0.5184124531250001 0.6330036234375 0.5104060828125 0.6320028265625 0.5023997125 0.624997253125 0.4978961296875 0.6199932718750001 0.4968953328125 0.611486503125 0.5023997125 0.6064825218750001 0.504901703125 0.6044809296875 0.5139088703125 0.6074833187500001 0.5224156375 0.6119869015625 0.52441723125 0.6295008359375001 0.5184124531250001
