1 0.8089445484375 0.3840150328125 0.77777805 0.377824053125 0.7625655890624999 0.4544023765625 0.793732078125 0.46059332499999994 0.8089445484375 0.3840150328125
6 0.7588453125 0.33582968750000003 0.776117921875 0.334626825 0.7735961109375 0.29841613749999996 0.7563235609375 0.299618996875 0.7588453125 0.33582968750000003
1 0.7447562109375 0.47288228125 0.76418133125 0.47221562187500005 0.761805440625 0.402993584375 0.742380496875 0.4036602421875 0.7447562109375 0.47288228125
1 0.45808245625 0.4680408296875 0.47238855468749996 0.46793814375 0.4718504484375 0.39298441875 0.45754449218750004 0.393087103125 0.45808245625 0.4680408296875
1 0.21080574687500003 0.44531751249999996 0.22557600937500003 0.44611725468749996 0.22771719375 0.406573815625 0.21294700625 0.4057740765625 0.21080574687500003 0.44531751249999996
6 0.2768791515625 0.777968553125 0.30349112968749997 0.784715734375 0.317204796875 0.7306357218749999 0.2905931453125 0.7238885828125 0.2768791515625 0.777968553125
6 0.2838105703125 0.7157557875 0.2617546375 0.7066093546875 0.241066746875 0.7564885375 0.2631226484375 0.7656349140625001 0.2838105703125 0.7157557875
1 0.7747407265625 0.5754859796875 0.7937903000000001 0.5486569265625 0.76442428125 0.527807996875 0.7453747328125 0.55463696875 0.7747407265625 0.5754859796875
7 0.256602921875 0.7290630124999999 0.26450892812500004 0.7321428578125 0.3002434078125 0.6404250578124999 0.29233754218749997 0.6373452421875 0.256602921875 0.7290630124999999
7 0.32566523593749996 0.6478506921875 0.3161519234375 0.6464188015625 0.30022321406249997 0.7522321421875 0.309736521875 0.753664015625 0.32566523593749996 0.6478506921875
6 0.8303300734375 0.6534699171875 0.8118822078125 0.6470704890625 0.8038028953125 0.6703579484375 0.8222507515625 0.6767573625 0.8303300734375 0.6534699171875
6 0.7230883078125 0.32150558125 0.74018031875 0.3237844515625 0.7440572109375 0.2947076171875 0.7269652484375 0.29242875 0.7230883078125 0.32150558125
