1 0.3869598234375 0.5557850734375 0.4150861265625 0.55808946875 0.42189242968749996 0.475020115625 0.39376649218750004 0.47271573437500003 0.3869598234375 0.5557850734375
1 0.5374049890625 0.5342675796874999 0.53126875 0.5351296875 0.53570163125 0.566678834375 0.54183786875 0.5658167296875 0.5374049890625 0.5342675796874999
1 0.7030601625 0.48549708281250004 0.6894925265625 0.48517919843749996 0.6884599062500001 0.5292493031250001 0.7020275421875 0.529567184375 0.7030601625 0.48549708281250004
1 0.72044628125 0.519631209375 0.732675025 0.519185509375 0.730469475 0.4586773953125 0.7182408437500001 0.45912309375 0.72044628125 0.519631209375
1 0.680791621875 0.52303979375 0.6856671921874999 0.5232796875 0.687004690625 0.49609860625 0.6821291406250001 0.4958587109375 0.680791621875 0.52303979375
1 0.7545987703125 0.650512103125 0.7665997531250001 0.6496382609375 0.7629300859375 0.59924739375 0.7509292171874999 0.6001212312499999 0.7545987703125 0.650512103125
1 0.6334211546875 0.669695753125 0.6455731296875 0.6684154921875 0.641385628125 0.62867413125 0.6292337484375 0.6299543859375001 0.6334211546875 0.669695753125
1 0.3531905703125 0.675059375 0.3640109859375 0.675059375 0.36401093281249997 0.62041875 0.353190634375 0.62041875 0.3531905703125 0.675059375
6 0.24869914999999998 0.7920746171874999 0.268857834375 0.8040718874999999 0.2942898375 0.76134694375 0.2741313390625 0.7493497437500001 0.24869914999999998 0.7920746171874999
1 0.693130484375 0.6537816859375 0.7050169109375 0.6509004890625001 0.6995678390625 0.6284231703125001 0.6876814625 0.6313043609375 0.693130484375 0.6537816859375
6 0.372051521875 0.8392068046875 0.3638495453125 0.83382285625 0.34859010625 0.8570642265625 0.35679206875 0.8624481562499999 0.372051521875 0.8392068046875
6 0.28578289687499997 0.8224709546875 0.2985332734375 0.8177597890625 0.29057018437500004 0.7962127796875 0.277819875 0.80092393125 0.28578289687499997 0.8224709546875
6 0.32616970312500004 0.8220351375 0.31170051875000004 0.8193562249999999 0.3076606609375 0.8411715125000001 0.32212984375 0.8438504171875 0.32616970312500004 0.8220351375
8 0.3171052578125 0.6480603703125001 0.293870040625 0.641090940625 0.2531954796875 0.7766747921875 0.27643065 0.7836441140625 0.3171052578125 0.6480603703125001
8 0.29470483125 0.6395578890625 0.26953094843750003 0.6315103203125 0.2296861828125 0.756132153125 0.254860015625 0.7641796078125 0.29470483125 0.6395578890625
