1 0.3929078125 0.5463828125 0.4034859375 0.5571390625 0.4120796875 0.5410046875 0.41802812500000003 0.5221828125 0.41935 0.50605 0.4134015625 0.48050625 0.406790625 0.4737828125 0.396875 0.4845390625 0.390925 0.5073937500000001 0.392246875 0.5329390625 0.3929078125 0.5463828125
1 0.5398484375 0.5516578125 0.537590625 0.5397203125 0.53126875 0.5351296875 0.533978125 0.5544125 0.5380421875 0.56635 0.5398484375 0.5516578125
1 0.702459375 0.5111375 0.70059375 0.49823593749999995 0.696115625 0.485334375 0.691265625 0.4883703125 0.6890265624999999 0.5050656250000001 0.688653125 0.521003125 0.6927578125 0.52935 0.6976078125 0.5278328125 0.7009671875000001 0.5240390625 0.702459375 0.5111375
1 0.7192515625 0.486853125 0.72074375 0.5081015625 0.724475 0.519484375 0.73081875 0.515690625 0.7319390625 0.49899531250000007 0.7311921875 0.47850468749999997 0.727834375 0.4587734375 0.7241015625 0.4686390625 0.7192515625 0.486853125
1 0.6819359375 0.5005124999999999 0.6811906249999999 0.51493125 0.6856671875 0.5232796875 0.6864140625 0.5081015625 0.684175 0.495959375 0.6819359375 0.5005124999999999
1 0.765521875 0.6348374999999999 0.7640296875 0.6143468750000001 0.7595515625 0.60448125 0.75358125 0.599928125 0.7524625 0.6211765625 0.7576859375 0.639390625 0.7614171875 0.650015625 0.7640296875 0.6462203125 0.765521875 0.6348374999999999
1 0.6405171875 0.628765625 0.63491875 0.635596875 0.6311875 0.648496875 0.6338 0.6621578125 0.64014375 0.6689875 0.64499375 0.6629171875 0.6427546875 0.6416671875 0.6405171875 0.628765625
1 0.35841406249999996 0.62041875 0.353190625 0.6280078125 0.3535640625 0.64394375 0.3539359375 0.6629171875 0.358040625 0.675059375 0.3614 0.673540625 0.3640109375 0.66519375 0.3636390625 0.6462203125 0.3640109375 0.6257312500000001 0.35841406249999996 0.62041875
6 0.275575 0.7555015625 0.27184375 0.7623328125 0.2669921875 0.7691625 0.2606484375 0.77295625 0.2569171875 0.77826875 0.2576640625 0.788134375 0.2643796875 0.8002765625 0.26885781249999996 0.804071875 0.277440625 0.789653125 0.2815453125 0.7759921875 0.2830375 0.7653671875 0.28191875 0.753984375 0.275575 0.7555015625
8 0.22087399218749998 0.7645240296875 0.213114953125 0.774352146875 0.25139288125000003 0.738660565625 0.259669190625 0.7200388703125 0.27260092187499996 0.6931408671875 0.276739078125 0.6962444828125001 0.28087723124999997 0.7060725984375 0.2793254234375 0.7231424859375 0.27518726875 0.73607421875 0.2689800375 0.7464196046875 0.2560483046875 0.7660758375000001 0.24570291875 0.780559378125 0.263290075 0.7671103765625 0.27518726875 0.7464196046875 0.2819117703125 0.7293497171875 0.28656719375 0.7205561390625 0.2932916953125 0.703486253125 0.2963953109375 0.6931408671875 0.3026025421875 0.6776227875 0.3046716203125 0.6708982875 0.2932916953125 0.6636565171875 0.28604992500000004 0.6590010921875 0.2813945015625 0.6590010921875 0.2622555375 0.6507247828125 0.26173826718750004 0.6672774015625 0.2576001140625 0.6796918640625 0.24880653437500003 0.7050380609375 0.23639207187500003 0.7293497171875 0.2317366484375 0.7438332578125 0.22087399218749998 0.7645240296875
1 0.692945775 0.649082540625 0.6950456109375 0.65048243125 0.69807870625 0.6525822671875 0.7032116375 0.64488286875 0.703444953125 0.6444162390625 0.7015784328125 0.6367168421875 0.700645171875 0.633217115625 0.6990119671875 0.6297173890625001 0.69807870625 0.6287841281250001 0.695278925 0.63018401875 0.6917792 0.6313505953125 0.6917792 0.633217115625 0.69131256875 0.6402165671875 0.69131256875 0.646282759375 0.692945775 0.649082540625
