1 0.20581875 0.500778125 0.2114171875 0.496659375 0.216640625 0.4891078125 0.21850624999999999 0.48155625 0.2188796875 0.47537812500000004 0.2162671875 0.46439375 0.21440156250000003 0.45821562499999996 0.209178125 0.4527234375 0.2069390625 0.46027500000000005 0.2050734375 0.46714062500000003 0.203953125 0.4760640625 0.20470000000000002 0.48567499999999997 0.20470000000000002 0.49597187500000006 0.20581875 0.500778125
1 0.335303125 0.5028374999999999 0.333809375 0.4980328125 0.330078125 0.4952859375 0.3282125 0.5055828124999999 0.3278390625 0.517940625 0.33157187499999996 0.5145078125 0.3356765625 0.5083296875000001 0.335303125 0.5028374999999999
1 0.39015625 0.49734531249999997 0.39090156249999997 0.5042109375 0.39276875 0.5117625 0.3942609375 0.5186265624999999 0.39575312500000004 0.522059375 0.39911093750000004 0.521371875 0.40247031250000004 0.5103890625 0.40209687499999996 0.5000921875000001 0.40321562499999997 0.48498906249999996 0.40135 0.47194531250000005 0.3987390625 0.4595890625 0.39649999999999996 0.46508125 0.394634375 0.4746921875 0.392021875 0.4822421875 0.39015625 0.48979375 0.39015625 0.49734531249999997
1 0.5421953125 0.496190625 0.5439796875 0.5027546875 0.5462734375 0.506975 0.5490765625 0.510725 0.5516265625 0.51119375 0.550096875 0.5022859375000001 0.5495875 0.4943140625 0.5503515625000001 0.4896265625 0.5516265625 0.48540625000000004 0.5521359375 0.4807171875 0.5513703125 0.47415312500000006 0.5513703125 0.47133906249999996 0.548821875 0.47040156250000004 0.545 0.47743437499999997 0.54270625 0.48353124999999997 0.5416859374999999 0.4896265625 0.5421953125 0.496190625
1 0.587659375 0.45406874999999997 0.5857640625 0.45833124999999997 0.5838671875 0.46646875000000004 0.5821828124999999 0.47693125 0.5815515625 0.48506875000000005 0.58239375 0.49553125 0.585553125 0.50638125 0.5885015625000001 0.50638125 0.592503125 0.50560625 0.5979796875 0.50173125 0.602403125 0.49708125000000003 0.608090625 0.48933125000000005 0.6070375 0.48468125000000006 0.6053531249999999 0.47538125000000003 0.6028249999999999 0.46569374999999996 0.5979796875 0.45755625 0.5948203125 0.45058125000000004 0.5901875000000001 0.45096875000000003 0.587659375 0.45406874999999997
1 0.6917765625000001 0.45178906249999995 0.689309375 0.4631359375 0.6923921875 0.47902187500000004 0.6942437499999999 0.476184375 0.69609375 0.4705109375 0.6994859375 0.46427031249999995 0.7041109375 0.4602984375 0.7041109375 0.453490625 0.7004109374999999 0.441009375 0.6942437499999999 0.44327812499999997 0.6917765625000001 0.45178906249999995
1 0.722615625 0.49887812499999995 0.72508125 0.4880984375 0.724465625 0.47675156249999995 0.7207640625 0.4705109375 0.7149046875 0.46256875 0.7105875 0.45973125000000004 0.707503125 0.47675156249999995 0.7071953125 0.4858296875 0.705653125 0.5022828125000001 0.7078125 0.51533125 0.7130546875 0.5176000000000001 0.7189140625 0.5073890624999999 0.722615625 0.49887812499999995
1 0.7189140625 0.597028125 0.71953125 0.6061062500000001 0.72230625 0.61348125 0.7238484374999999 0.6180203125 0.7260078125 0.61348125 0.729090625 0.604971875 0.728475 0.5981625 0.7247734375 0.5902203125 0.7189140625 0.584546875 0.7189140625 0.597028125
1 0.575853125 0.6076265624999999 0.575853125 0.6212187499999999 0.5791375000000001 0.629525 0.5816 0.6333015625 0.584884375 0.6265046875 0.586525 0.615178125 0.5857046875 0.598565625 0.58036875 0.5819515625 0.5762640625000001 0.5925234374999999 0.575853125 0.6076265624999999
5 0.2883312953125 0.627451221875 0.29626701875 0.627451221875 0.30049940625 0.625864078125 0.3036736953125 0.6263931265625 0.3089641765625 0.627980271875 0.3100222734375 0.6189864515625 0.3036736953125 0.6142250171875 0.29679606718749996 0.612637871875 0.2941508265625 0.61369596875 0.2867441515625 0.6184574031250001 0.2825117640625 0.6253350296875 0.2883312953125 0.627451221875
5 0.36292709843750004 0.611050728125 0.369275678125 0.610521678125 0.384089028125 0.6094635828125 0.3893795109375 0.60258595625 0.375095209375 0.597824521875 0.3639851953125 0.5999407140625 0.35763661562500004 0.6062892921875 0.35710756718750003 0.6094635828125 0.35763661562500004 0.612637871875 0.36292709843750004 0.611050728125
5 0.6348578984375 0.6306255125 0.6507293468750001 0.6290383671875001 0.6581360218750001 0.6253350296875 0.6602522140625 0.611050728125 0.6422645734375 0.6094635828125 0.6343288499999999 0.6078764375000001 0.6248059828125 0.6084054859375 0.6205735953125 0.6216316921875 0.6237478859375 0.6263931265625 0.6348578984375 0.6306255125
8 0.5659222421875 0.319098325 0.556376565625 0.45273779375 0.557740234375 0.45273779375 0.594559271875 0.4486467890625 0.5836499265625 0.28091561875000004 0.5781952546875 0.26864260624999997 0.5659222421875 0.319098325
0 0.6900160359374999 0.5031935125 0.7609267734375 0.4800111546875 0.7622904421875 0.44319211718749996 0.7241077359375 0.4418284484375 0.642287653125 0.45273779375 0.5713769140625 0.4541014625 0.519557528125 0.459556134375 0.44319211718749996 0.4513741265625 0.37909971875 0.4513741265625 0.3109163171875 0.46637447343750005 0.201822871875 0.4541014625 0.1977318671875 0.49773883906250005 0.31364365156249996 0.507284515625 0.398191071875 0.5045571796874999 0.5168301921875 0.49910250781250004 0.6900160359374999 0.5031935125
0 0.7363807484375 0.630014640625 0.7868364671875 0.583649928125 0.77047245 0.555012896875 0.7186530640625 0.608195953125 0.6163779609375 0.630014640625 0.5100118515625 0.6150142921875 0.38046338749999997 0.630014640625 0.27000627499999996 0.6272873046874999 0.226368896875 0.5863772625 0.212732215625 0.6245599687500001 0.2795519515625 0.6831976953125001 0.399554740625 0.6600153375 0.5291032046875 0.6559243328125001 0.6068322828125 0.6641063421875 0.6927433703125 0.6586516703124999 0.7363807484375 0.630014640625
