1 0.21801732187499998 0.45239184374999997 0.203086040625 0.4529519765625 0.2048816328125 0.5008132796875 0.21981291406249998 0.5002531484375 0.21801732187499998 0.45239184374999997
1 0.3360652609375 0.49546684687500003 0.328525075 0.495239009375 0.3278390625 0.517940625 0.335379246875 0.5181684609375 0.3360652609375 0.49546684687500003
1 0.38921507499999997 0.52186754375 0.40212242187499997 0.5222462546875 0.40395641875 0.4597421453125 0.39104919374999997 0.459363434375 0.38921507499999997 0.52186754375
3 0.4200225921875 0.47552058906249994 0.40458623281249995 0.47510076406249996 0.4031256765625 0.5287991984375 0.4185620359375 0.5292190234375 0.4200225921875 0.47552058906249994
3 0.501113446875 0.544580371875 0.5228849296875 0.543792 0.520541984375 0.47909831562500005 0.49877072343749995 0.479886684375 0.501113446875 0.544580371875
1 0.5413283296875 0.5110216421875 0.551626584375 0.51119375 0.5523073671875001 0.47045981406250004 0.542009175 0.4702877046875 0.5413283296875 0.5110216421875
1 0.584672353125 0.5071428234375001 0.6105880625 0.5020575765624999 0.6001777671874999 0.44900842656249995 0.57426225625 0.454093653125 0.584672353125 0.5071428234375001
1 0.7079486734375 0.442648225 0.6944043718749999 0.43970343125 0.6861503203125 0.47766477500000004 0.6996946203125 0.4806095609375 0.7079486734375 0.442648225
7 0.66975545 0.4654265140625 0.6765115828125 0.4650864421875 0.673271875 0.400728125 0.6665158 0.40106819375 0.66975545 0.4654265140625
7 0.674741540625 0.45977954375 0.684375 0.4614328125 0.693090365625 0.41065200468749996 0.6834569703125 0.40899874062499997 0.674741540625 0.45977954375
1 0.727050303125 0.4609240609375 0.708746078125 0.45959782968749996 0.7045876890625 0.5169865265625 0.7228919140625 0.518312753125 0.727050303125 0.4609240609375
1 0.72766158125 0.5839522296874999 0.718069415625 0.58460429375 0.7203573765625 0.6182576296875 0.72994954375 0.61760556875 0.72766158125 0.5839522296874999
7 0.7098739921874999 0.7490179625 0.7191066015625001 0.74657021875 0.69420714375 0.652667103125 0.684974715625 0.6551148203125 0.7098739921874999 0.7490179625
1 0.586525 0.5819515625 0.575853125 0.5819515625 0.575853125 0.6333015625 0.586525 0.6333015625 0.586525 0.5819515625
8 0.6129359484375 0.2724022640625 0.5768761359375 0.26780888125 0.55078125 0.47265625 0.5868410546875 0.4772495796875 0.6129359484375 0.2724022640625
5 0.6747986859374999 0.68177346875 0.67859003125 0.5983604609375 0.61652936875 0.595540075 0.612737540625 0.6789525750000001 0.6747986859374999 0.68177346875
5 0.3992994546875 0.5904138921875 0.353579503125 0.587027653125 0.3472325734375 0.6727118203125 0.39295252187499996 0.6760980328125 0.3992994546875 0.5904138921875
5 0.33130724218749996 0.6303063171875001 0.28877615156249997 0.6076863484375 0.2587890625 0.6640625 0.301320053125 0.6866823265625001 0.33130724218749996 0.6303063171875001
5 0.2980417703125 0.4544448421875 0.2503479296875 0.45280034843749994 0.24792509375 0.5230629109375 0.29561893437500003 0.52470739375 0.2980417703125 0.4544448421875
5 0.620748628125 0.5264014546875 0.6562502046875001 0.5283203234375 0.6602814296874999 0.453738715625 0.6247802499999999 0.4518198578125 0.620748628125 0.5264014546875
