1 0.209178125 0.4527234375 0.2069390625 0.46027500000000005 0.2050734375 0.46714062500000003 0.203953125 0.4760640625 0.20470000000000002 0.48567499999999997 0.20470000000000002 0.49597187500000006 0.20581875 0.500778125 0.2114171875 0.496659375 0.216640625 0.4891078125 0.21850624999999999 0.48155625 0.2188796875 0.47537812500000004 0.2162671875 0.46439375 0.21440156250000003 0.45821562499999996 0.209178125 0.4527234375
6 0.5962953125 0.28899375 0.5969265625 0.28008125 0.5956640625 0.2723296875 0.59503125 0.2692296875 0.59145 0.2614796875 0.5874484375 0.2572171875 0.583446875 0.2572171875 0.5764953125 0.26690468749999996 0.5743890625 0.27698125 0.573546875 0.28395625 0.574178125 0.29093125 0.5754421875 0.28666874999999997 0.5773375 0.28124375 0.57944375 0.27581875 0.5811296875 0.2731046875 0.5859734375000001 0.2719421875 0.5901875000000001 0.27620625 0.5901875000000001 0.28356875000000004 0.58934375 0.29596875 0.5887125 0.30488125 0.5910296875000001 0.30255624999999997 0.59355625 0.29868125 0.59503125 0.29441875 0.5962953125 0.28899375
1 0.6070375 0.48468125000000006 0.6053531249999999 0.47538125000000003 0.6028249999999999 0.46569374999999996 0.5979796875 0.45755625 0.5948203125 0.45058125000000004 0.5901875000000001 0.45096875000000003 0.587659375 0.45406874999999997 0.5857640625 0.45833124999999997 0.5838671875 0.46646875000000004 0.5821828124999999 0.47693125 0.5815515625 0.48506875000000005 0.58239375 0.49553125 0.585553125 0.50638125 0.5885015625000001 0.50638125 0.592503125 0.50560625 0.5979796875 0.50173125 0.602403125 0.49708125000000003 0.608090625 0.48933125000000005 0.6070375 0.48468125000000006
1 0.69609375 0.4705109375 0.6994859375 0.46427031249999995 0.7041109375 0.4602984375 0.7041109375 0.453490625 0.7004109374999999 0.441009375 0.6942437499999999 0.44327812499999997 0.6917765625000001 0.45178906249999995 0.689309375 0.4631359375 0.6923921875 0.47902187500000004 0.6942437499999999 0.476184375 0.69609375 0.4705109375
7 0.6689546875 0.44951875 0.6701890625 0.46540468749999997 0.67635625 0.46200156249999996 0.673271875 0.44271093749999996 0.67358125 0.42115156249999997 0.673271875 0.400728125 0.6701890625 0.4012953125 0.6686468750000001 0.43022968749999996 0.6689546875 0.44951875
7 0.6914671875 0.4103734375 0.6877671875 0.412075 0.6862250000000001 0.42512343750000003 0.6815984375 0.44271093749999996 0.67543125 0.4557609375 0.684375 0.4614328125 0.6862250000000001 0.44725000000000004 0.689925 0.4290953125 0.6908515625 0.41831562499999997 0.6914671875 0.4103734375
7 0.6837578125 0.46200156249999996 0.689 0.46427031249999995 0.6985609375 0.4041328125 0.6837578125 0.46200156249999996
1 0.707503125 0.47675156249999995 0.7071953125 0.4858296875 0.705653125 0.5022828125000001 0.7078125 0.51533125 0.7130546875 0.5176000000000001 0.7189140625 0.5073890624999999 0.722615625 0.49887812499999995 0.72508125 0.4880984375 0.724465625 0.47675156249999995 0.7207640625 0.4705109375 0.7149046875 0.46256875 0.7105875 0.45973125000000004 0.707503125 0.47675156249999995
7 0.717875 0.665771875 0.712128125 0.65066875 0.7092546875 0.6370765625 0.7047390625000001 0.648403125 0.709665625 0.6582203125 0.7158218749999999 0.67634375 0.7289578125 0.7186312499999999 0.72403125 0.6884265625 0.717875 0.665771875
6 0.749890625 0.7186312499999999 0.7466078125 0.703528125 0.7433234375 0.69295625 0.7375765624999999 0.6869156249999999 0.733471875 0.6884265625 0.73675625 0.7012625 0.7383984375 0.7133453125 0.740040625 0.7322234375 0.7363453125 0.7375093749999999 0.732240625 0.7397750000000001 0.7281359375 0.7359984374999999 0.7269046875 0.7254265625 0.7203375000000001 0.7133453125 0.7203375000000001 0.732978125 0.727315625 0.7488359375 0.734703125 0.7526125 0.7408609375 0.750346875 0.749890625 0.7367546875000001 0.749890625 0.7186312499999999
0 0.405822603125 0.496005403125 0.47195665625 0.496005403125 0.5420988359375001 0.5040216531249999 0.695409596875 0.500013528125 0.76154365 0.4849830625 0.7555314640625 0.44690587812500004 0.7264725609375 0.450914003125 0.6613405390625 0.450914003125 0.598212578125 0.45492212812500005 0.5090318093749999 0.45792822187500004 0.4459038484375 0.4438997859375 0.3677454203125 0.455924159375 0.314637771875 0.46193634531249994 0.21042653437499997 0.450914003125 0.20341231718750002 0.44991197187500004 0.19740013125 0.478970875 0.2525118421875 0.4819769671875 0.3206499578125 0.499011496875 0.405822603125 0.496005403125
5 0.263534184375 0.5020175906250001 0.263534184375 0.5100338390625 0.265538246875 0.5140419640625 0.267542309375 0.5160460265625 0.2735544953125 0.5180500875 0.27856464999999997 0.5180500875 0.2865809 0.5140419640625 0.29359511718750003 0.5090318078125 0.2925930859375 0.49800946718750005 0.28958699375 0.49299931093750005 0.28357480625 0.4889911859375 0.2765605890625 0.4869871234375 0.2695463703125 0.4899932171875 0.267542309375 0.49500337187500004 0.263534184375 0.5020175906250001
5 0.646310071875 0.496005403125 0.6513202265625 0.4899932171875 0.6533242890625 0.48798915468750004 0.646310071875 0.47396071875 0.622261325 0.47396071875 0.6202572625 0.48297899843750003 0.6232633562500001 0.5040216531249999 0.6282735109375001 0.5090318078125 0.6382938234375 0.507027746875 0.646310071875 0.496005403125
8 0.550527921875 0.45792927031249997 0.5592090453125 0.46661039375 0.5671667421875 0.462993259375 0.5830821359375 0.4572058421875 0.5982741015624999 0.4499715734375 0.5939335406249999 0.32409528125 0.580188428125 0.27779595625 0.5729541578124999 0.2937113484375 0.5469107875 0.4521418546875 0.550527921875 0.45792927031249997
5 0.2900942140625 0.63661573125 0.30094561875000003 0.6409562921874999 0.308903315625 0.6373391578125001 0.30962674218749997 0.632998596875 0.30962674218749997 0.6156363484375 0.3117970234375 0.6156363484375 0.2973284828125 0.6127426421875 0.28720050625 0.6120192140625 0.28503022499999997 0.6185300578125 0.2843067984375 0.6264877531249999 0.2900942140625 0.63661573125
5 0.36605404531249996 0.621423765625 0.368947753125 0.6192534843749999 0.3725648875 0.6185300578125 0.3812460125 0.6163597765625 0.3877568546875 0.6141894953125 0.39065056249999996 0.6098489328125 0.39282084375 0.5946569671875 0.3761820234375 0.5946569671875 0.36243691093749997 0.6018912375000001 0.3580963484375 0.607678653125 0.357372921875 0.6156363484375 0.35881977656249997 0.6192534843749999 0.36605404531249996 0.621423765625
5 0.6575951140625 0.6062317984375001 0.6590419671875 0.603338090625 0.65470140625 0.598997528125 0.64602028125 0.598997528125 0.6337220234375 0.598997528125 0.6199769109375 0.598997528125 0.6214237640625 0.6127426421875 0.62287061875 0.6156363484375 0.6293814609374999 0.6207003375 0.6431265734375 0.6163597765625 0.6503608437499999 0.6127426421875 0.6575951140625 0.6062317984375001
0 0.7306612375 0.6279346078125 0.72415039375 0.6011678093749999 0.6301048890625001 0.6207003375 0.543293653125 0.603338090625 0.4246516296875 0.6091255062500001 0.3486917984375 0.6207003375 0.2835833703125 0.628658034375 0.275625675 0.661935675 0.3544792140625 0.660488821875 0.42537505624999994 0.653977978125 0.5555919109375 0.6503608437499999 0.6011678093749999 0.6648293828125 0.679297921875 0.6575951124999999 0.7306612375 0.6279346078125
