2 0.3664452375 0.5750031 0.31184223125 0.5669745546875 0.30186475625 0.6348251453125 0.35646775 0.6428536421875 0.3664452375 0.5750031
2 0.69695410625 0.602931478125 0.672124884375 0.5658897796875 0.6168637171875 0.6029275937499999 0.6416926859375 0.639969065625 0.69695410625 0.602931478125
9 0.17784735625 0.5405327390625 0.21116904062500003 0.6265427156250001 0.2714249421875 0.6032005984375 0.23810306093750003 0.5171911078125 0.17784735625 0.5405327390625
9 0.753944428125 0.6163311015625 0.8071694609375 0.5626834625 0.7484878984375001 0.50447010625 0.695263240625 0.558117365625 0.753944428125 0.6163311015625
7 0.323017353125 0.6372616546875001 0.3152573125 0.630514671875 0.279778421875 0.6713154734375 0.2875384296875 0.6780624203125 0.323017353125 0.6372616546875001
7 0.336397059375 0.6424632359375 0.329094859375 0.6404413734375 0.308757646875 0.713881684375 0.31605984062500003 0.7159035296875 0.336397059375 0.6424632359375
7 0.6719061859375 0.719116725 0.6829046953125 0.7159925671875 0.6599264703125 0.63511029375 0.648928140625 0.638234425 0.6719061859375 0.719116725
7 0.6932454765625 0.6885168375 0.6987648625 0.6850254265625 0.6654411765625 0.6323529406249999 0.6599218437500001 0.6358443281249999 0.6932454765625 0.6885168375
6 0.7196691171875 0.6387867640625 0.69761029375 0.6387867640625 0.69761029375 0.690257353125 0.7196691171875 0.690257353125 0.7196691171875 0.6387867640625
6 0.6898789187500001 0.72331795 0.6883699671875 0.70801554375 0.672367990625 0.7095932328125001 0.6738769125 0.7248956125 0.6898789187500001 0.72331795
