9 0.308348928125 0.6504586875 0.31210013124999997 0.618948578125 0.31285037187500003 0.574684378125 0.2918436328125 0.5596795625000001 0.27983978125000003 0.5394230640625 0.2588330421875 0.52891969375 0.254331596875 0.5491761921875 0.2528311171875 0.5694326921874999 0.24832967187500002 0.6016930421875 0.2663354484375 0.6309524296875 0.2895929109375 0.665463503125 0.308348928125 0.6504586875
9 0.7339972625 0.591370403125 0.7472736984374999 0.574680028125 0.7537222531250001 0.553437728125 0.7491703328125 0.5390233125 0.7419631234375 0.5443338875 0.7241347671875 0.5454718671875 0.73665255 0.5109531328125 0.729445340625 0.49957333125 0.7102636234374999 0.5172795328124999 0.7119963109375 0.5185396671875 0.703651121875 0.5318161046875 0.689995359375 0.540919946875 0.684684784375 0.5583689781250001 0.691512665625 0.5868184828125 0.696823240625 0.6327170203125 0.7070650625 0.634234328125 0.71920351875 0.6099574140625 0.7339972625 0.591370403125
9 0.3137032234375 0.3865339578125 0.31863447031250003 0.358084453125 0.31522052968750003 0.326979659375 0.302702746875 0.308392646875 0.3038407265625 0.33532484687499997 0.3004267859375 0.33456619375 0.2943575578125 0.3626363734375 0.28601237031250004 0.39412049374999997 0.2848743890625 0.42636326718750006 0.2947368859375 0.43470845625 0.3083926484375 0.42219067343749994 0.3137032234375 0.3865339578125
1 0.6577525843750001 0.46581324999999996 0.6611665265625 0.47188247812500006 0.664201140625 0.47226180468749995 0.67027036875 0.461261328125 0.66761508125 0.455571428125 0.663063159375 0.45215748749999995 0.65964921875 0.45101950625000004 0.6569939312499999 0.45064017968750003 0.6581319125 0.45367479375 0.6592698921875 0.45708873437499997 0.6585112390625001 0.46239930781250005 0.6577525843750001 0.46581324999999996
1 0.6475107640625 0.47871035937500006 0.649407396875 0.476055071875 0.6520626843749999 0.47188247812500006 0.6528213375 0.4669512296875 0.6509247046875 0.46239930781250005 0.64864874375 0.45670940781249997 0.6456141296875 0.452916140625 0.6448554765625001 0.45064017968750003 0.6448554765625001 0.44912287187500005 0.641441534375 0.45367479375 0.641441534375 0.46050267500000003 0.6433381687499999 0.4688478625 0.64447615 0.4752964171875 0.64447615 0.4783310328125 0.64447615 0.4802276671875 0.6475107640625 0.47871035937500006
0 0.337923759375 0.4546493328125 0.30503423281250003 0.4249842703125 0.293426165625 0.4598084734375 0.401768134375 0.5088203171875 0.41208641718749994 0.4694818640625 0.386935603125 0.4636778296875 0.337923759375 0.4546493328125
0 0.4488452984375 0.5294568828124999 0.5455791999999999 0.524942634375 0.5442894140625001 0.48237971718750006 0.44691062031250006 0.48560418125 0.4488452984375 0.5294568828124999
0 0.653276275 0.4636778296875 0.6939045140625 0.42240469843749995 0.6784270890624999 0.386935603125 0.6448926703125 0.4178904515625 0.653276275 0.4636778296875
0 0.3933845296875 0.6429579921874999 0.3521113984375 0.6165173921875 0.3366339734375 0.648117134375 0.3398584375 0.6474722421875 0.390160065625 0.6874555875 0.42175980625 0.700353440625 0.44820040624999996 0.7074472593750001 0.45142486875000004 0.6681088078124999 0.4230495921875 0.6584354171875 0.3933845296875 0.6429579921874999
0 0.5488036625 0.6577905234375 0.5500934484375 0.688745371875 0.5913665796875 0.6764924125 0.618452071875 0.6603700953125 0.659725203125 0.628770353125 0.6397335296875 0.5939461500000001 0.5939461500000001 0.63844374375 0.5488036625 0.6577905234375
