2 0.6685474828125 0.4598442515625 0.62137729375 0.45639664062499996 0.6150459421875001 0.5430158453125 0.6622161281250001 0.546463434375 0.6685474828125 0.4598442515625
2 0.30352429375 0.5930184265625 0.3499676734375 0.6013482421874999 0.36163825156249996 0.5362830796875 0.31519538593749996 0.5279533125 0.30352429375 0.5930184265625
9 0.8206954828124999 0.6486576281249999 0.7804470703125 0.5764031390625 0.687799475 0.6280052234375 0.72804701875 0.7002589640625 0.8206954828124999 0.6486576281249999
5 0.7045361531250001 0.555305946875 0.6649005140625001 0.5612506078124999 0.6787108546875 0.6533203249999999 0.71834648125 0.6473757140624999 0.7045361531250001 0.555305946875
9 0.2883907328125 0.536282246875 0.2251282265625 0.5358577109375 0.22429117031249998 0.6605790921875 0.2875536765625 0.6610036234375001 0.2883907328125 0.536282246875
7 0.57783830625 0.5000789078125 0.580468775 0.5 0.578125 0.421875 0.5754945593749999 0.421953909375 0.57783830625 0.5000789078125
7 0.6200147125 0.4006021984375 0.61953125 0.40078125 0.6273437390625001 0.421875003125 0.6278272031250001 0.42169595312499997 0.6200147125 0.4006021984375
7 0.6343536609375 0.4379547515625 0.6382813015625 0.43749999375000004 0.6296875 0.36328125 0.6257598953125 0.36373600625 0.6343536609375 0.4379547515625
7 0.640295815625 0.3913303578125 0.6390625 0.39140625 0.642187490625 0.4421875 0.64342080625 0.44211160781250003 0.640295815625 0.3913303578125
7 0.6250449984374999 0.4043386671875 0.6203125 0.40546875 0.6328124578125001 0.45781250937499995 0.6375449546875 0.45668243124999996 0.6250449984374999 0.4043386671875
7 0.28110106875 0.66211114375 0.28781567343750003 0.665377325 0.31933598124999996 0.6005859578125 0.3126214546875 0.5973197984375 0.28110106875 0.66211114375
7 0.33218445 0.6213673859375 0.32212288125 0.6191747671875001 0.30859375 0.68125 0.318655315625 0.6834426046875001 0.33218445 0.6213673859375
