2 0.2968676234375 0.5242743875 0.341744171875 0.533632115625 0.35517100468749996 0.46924552343750003 0.310294890625 0.45988784374999997 0.2968676234375 0.5242743875
2 0.4112560046875 0.574394425 0.357116975 0.560211928125 0.3389308375 0.6296267484375 0.39306983125 0.6438091531250001 0.4112560046875 0.574394425
2 0.379387528125 0.5804903125 0.40765948124999996 0.5822093078125 0.412322425 0.5055229640625 0.384050828125 0.5038039796875 0.379387528125 0.5804903125
2 0.43405272500000003 0.5955664640625 0.4394696859375 0.519116140625 0.4101127078125 0.5170362671875 0.40469557187499994 0.5934864 0.43405272500000003 0.5955664640625
2 0.59052829375 0.589399453125 0.62254683125 0.5879791859375 0.619388521875 0.5167891796874999 0.587370365625 0.5182094390625 0.59052829375 0.589399453125
2 0.648241109375 0.49192424062500006 0.605236009375 0.49963119375 0.6194515015625 0.5789474421875 0.6624565890625 0.5712405390625 0.648241109375 0.49192424062500006
2 0.68948528125 0.4588447171875 0.6443636125000001 0.46447329687499994 0.6543727296874999 0.5447056765625 0.699494390625 0.53907713125 0.68948528125 0.4588447171875
2 0.6891250125 0.53780569375 0.63859799375 0.5418974171875 0.6452760015625 0.6243531796874999 0.6958030171875 0.6202614875 0.6891250125 0.53780569375
2 0.6077187515625 0.6665247437499999 0.6595558546875 0.659313603125 0.6476809203125 0.57396424375 0.5958446453125 0.5811753265624999 0.6077187515625 0.6665247437499999
9 0.2036910796875 0.6265619703125 0.2954995859375 0.634907359375 0.3073787796875 0.504222375 0.21557227031249998 0.4958770765625 0.2036910796875 0.6265619703125
7 0.33125 0.40833333281249995 0.3270833328125 0.40833333281249995 0.3270833328125 0.45208333281249996 0.33125 0.45208333281249996 0.33125 0.40833333281249995
7 0.3416666671875 0.4 0.334375 0.4 0.334375 0.45520833281249995 0.3416666671875 0.45520833281249995 0.3416666671875 0.4
7 0.3917263984375 0.5040134140625 0.3961944140625 0.5042367999999999 0.3991141921875 0.445841125 0.3946462140625 0.44561774062500004 0.3917263984375 0.5040134140625
7 0.42007801406249995 0.4353578546875 0.4153559953125 0.4354392640625 0.41666666250000006 0.5114583328125 0.42138868125 0.511376925 0.42007801406249995 0.4353578546875
7 0.48514095625 0.4516238078125 0.4791666671875 0.45208333281249996 0.48541662968750005 0.5333333359375 0.4913909203125 0.5328738125 0.48514095625 0.4516238078125
7 0.5098583046875 0.53500674375 0.5156250015625 0.5354166671875 0.5215403203125 0.4522076359375 0.51577369375 0.45179771406249997 0.5098583046875 0.53500674375
7 0.6014934140625 0.5137743828125 0.6070163640625 0.513232953125 0.5989587281250001 0.431045725 0.59343584375 0.4315871515625 0.6014934140625 0.5137743828125
7 0.6407465078125 0.732895371875 0.6479168125 0.7312499671875 0.6333333328124999 0.6677083328125 0.6261631234375 0.6693537265625 0.6407465078125 0.732895371875
7 0.6690653234374999 0.7194963890625 0.67550939375 0.716775934375 0.646875 0.6489583328124999 0.6404310171875001 0.6516787671875 0.6690653234374999 0.7194963890625
7 0.6825234296875 0.686672175 0.690625196875 0.68437494375 0.6708333328125 0.6145833328125 0.6627316750000001 0.6168805468749999 0.6825234296875 0.686672175
7 0.6846679140624999 0.5966756578125 0.6755533640625 0.59962801875 0.6989582125 0.6718750390625 0.708072753125 0.6689227 0.6846679140624999 0.5966756578125
7 0.3790039015625 0.6393549468749999 0.36816386562500003 0.635742121875 0.3427734375 0.7119140625 0.353613459375 0.7155268578125 0.3790039015625 0.6393549468749999
