2 0.448709321875 0.5783968749999999 0.4724860046875 0.5783968749999999 0.47248587343750004 0.5059234375 0.4487094765625 0.5059234375 0.448709321875 0.5783968749999999
2 0.5470618671875 0.511208675 0.5219804390625 0.512080259375 0.52444443125 0.58297984375 0.549525859375 0.5821082640624999 0.5470618671875 0.511208675
9 0.23584388750000002 0.664530834375 0.2817514171875 0.6737111640625 0.3121324546875 0.5218008921874999 0.26622616093749996 0.5126206890625 0.23584388750000002 0.664530834375
9 0.7347845093750001 0.67899895625 0.78719573125 0.6523799140625 0.7318942078124999 0.5435084984375 0.67948398125 0.5701272375 0.7347845093750001 0.67899895625
9 0.2728219265625 0.4338000046875 0.304168859375 0.435541775 0.312354009375 0.288234921875 0.2810075890625 0.286493165625 0.2728219265625 0.4338000046875
9 0.719024709375 0.3133369046875 0.67934989375 0.3179362453125 0.6957559468750001 0.45945210468750003 0.7354307546875 0.4548528015625 0.719024709375 0.3133369046875
6 0.580582846875 0.8328048203125 0.6088704375 0.8214919828125 0.5895409109374999 0.7731687984375 0.5612536421875001 0.7844815625 0.580582846875 0.8328048203125
6 0.3661303953125 0.72255979375 0.3449253953125 0.7299772531250001 0.35834140468750003 0.7683244124999999 0.37954638749999997 0.7609069875000001 0.3661303953125 0.72255979375
6 0.32045206249999997 0.7705874609375 0.3359222765625 0.7763405484375 0.3546201375 0.72606994375 0.33915009375 0.720316890625 0.32045206249999997 0.7705874609375
6 0.28454646562499997 0.7258460359375001 0.2993171921875 0.727223584375 0.30205595937499996 0.6978612 0.2872853265625 0.6964836578125 0.28454646562499997 0.7258460359375001
6 0.3986328125 0.725703125 0.3755078125 0.725703125 0.3755078125 0.763515634375 0.3986328125 0.763515634375 0.3986328125 0.725703125
6 0.700784309375 0.7484495828125 0.7192590375 0.7369425609375 0.7020843890624999 0.7093729390625 0.6836097609375 0.72087991875 0.700784309375 0.7484495828125
