9 0.264008321875 0.384631028125 0.3043060453125 0.40100138125000007 0.34054949687499997 0.3117864546875 0.3002521359375 0.295416184375 0.264008321875 0.384631028125
9 0.25632678750000004 0.601052046875 0.3231926546875 0.6043134859375 0.3277568671875 0.510736815625 0.26089205312499997 0.5074754015625 0.25632678750000004 0.601052046875
9 0.7429975437499999 0.29294935781250003 0.70047295 0.2948999484375 0.705980659375 0.41496858437500006 0.7485052515625 0.4130180046875 0.7429975437499999 0.29294935781250003
1 0.36346059375 0.53526718125 0.32402830625 0.5365528890625 0.32595445 0.5956215296875 0.3653867375 0.594335828125 0.36346059375 0.53526718125
1 0.3885375671875 0.6060743656249999 0.410736034375 0.5827097671875 0.37917005000000004 0.552722415625 0.3569716609375 0.576086921875 0.3885375671875 0.6060743656249999
1 0.65120835 0.5754173078125 0.6210957406250001 0.5804959734375 0.6295891765625 0.63085005 0.6597017796875 0.625771409375 0.65120835 0.5754173078125
6 0.7032644578125 0.7209623015625 0.683325190625 0.7060293796875 0.66011139375 0.7370208093749999 0.6800506046875 0.751953665625 0.7032644578125 0.7209623015625
6 0.660261684375 0.7727124046875 0.6813663890625 0.7585096921875001 0.660822853125 0.7279881593749999 0.6397182765625 0.7421908125 0.660261684375 0.7727124046875
6 0.3599599890625 0.739576559375 0.37550095625 0.7400204890625 0.3762058171875 0.7153475734375 0.360664934375 0.7149036453125001 0.3599599890625 0.739576559375
6 0.3409914984375 0.7283806390625001 0.3562685359375 0.72885794375 0.35716040625 0.700315025 0.34188346406250003 0.699837721875 0.3409914984375 0.7283806390625001
