2 0.6940282265625 0.49696051875 0.6387267546875 0.5039500984374999 0.6471402421875 0.5705118796875001 0.7024417078125 0.5635223390624999 0.6940282265625 0.49696051875
2 0.3646869203125 0.40542177500000004 0.28021370624999997 0.42348065 0.3168608640625 0.5948910859375001 0.40133399531249997 0.576832453125 0.3646869203125 0.40542177500000004
7 0.7071890953125 0.6312185375 0.7137446234375 0.6287113859375 0.6878515625 0.561015625 0.6812961125 0.5635227609375 0.7071890953125 0.6312185375
7 0.6836317078125 0.6427785171875 0.689882959375 0.6414843453125 0.6751953125 0.570546875 0.6689441421875 0.5718410390625001 0.6836317078125 0.6427785171875
6 0.6958639578125 0.6317811515625 0.6783854500000001 0.6427935734375 0.699527946875 0.6763457671875 0.7170064218750001 0.6653333906250001 0.6958639578125 0.6317811515625
6 0.725638590625 0.7046349249999999 0.7176825499999999 0.6742231203125 0.6911786906249999 0.6811557984375 0.6991346296875001 0.711567515625 0.725638590625 0.7046349249999999
6 0.46910198125 0.674922478125 0.4519144671875 0.674922478125 0.4519144671875 0.70898501875 0.46910198125 0.70898501875 0.46910198125 0.674922478125
6 0.501498859375 0.6991957828124999 0.4990949890625 0.6731580296875 0.4831610125 0.6746288984375 0.48556483593750005 0.70066660625 0.501498859375 0.6991957828124999
6 0.7771430765625 0.5471232515625 0.7636848140625 0.546772203125 0.7623179625 0.5991683859375 0.775776225 0.599519434375 0.7771430765625 0.5471232515625
6 0.282361071875 0.6765447921875001 0.33673850625 0.6950007593749999 0.35652088593750003 0.6367223265625 0.30214406562499996 0.6182664734375 0.282361071875 0.6765447921875001
6 0.382403771875 0.7515493421875 0.40660443125 0.7589428109374999 0.4220147859375 0.7085088578125001 0.397814390625 0.7011154328125 0.382403771875 0.7515493421875
6 0.391907809375 0.6831024875 0.368185228125 0.6831024875 0.368185228125 0.7275284171874999 0.391907809375 0.7275284171874999 0.391907809375 0.6831024875
