1 0.224844896875 0.6006621359375 0.2517824875 0.61100746875 0.271229875 0.5603745734375 0.24429251562499998 0.5500292906250001 0.224844896875 0.6006621359375
2 0.3707880171875 0.45440499843750004 0.3261710625 0.4527352515625 0.323524509375 0.523448271875 0.3681414640625 0.5251180109375 0.3707880171875 0.45440499843750004
2 0.376575196875 0.5327900421875 0.32591450625 0.5303248375 0.32202596875 0.6102278109375 0.3726866578125 0.6126929984375 0.376575196875 0.5327900421875
2 0.4093333546875 0.5529728390625 0.3756256109375 0.5506229609375 0.3707355484375 0.62076120625 0.404443290625 0.62311106875 0.4093333546875 0.5529728390625
2 0.50014598125 0.44853169375 0.472740678125 0.4478299578125 0.47035701718749995 0.5409137609375 0.4977623203125 0.5416154921875 0.50014598125 0.44853169375
2 0.5240215625 0.4449373875 0.49942384375 0.444322278125 0.4969638484375 0.5426884656250001 0.5215615671875 0.5433035703125 0.5240215625 0.4449373875
2 0.5193542484375 0.5520391499999999 0.54799195 0.5535907640625 0.5532763921875 0.45606093281250004 0.5246391203125 0.45450932968749996 0.5193542484375 0.5520391499999999
2 0.623640509375 0.5407671875 0.6698376625 0.5407671875 0.669837384375 0.4606265625 0.6236407984375 0.4606265625 0.623640509375 0.5407671875
2 0.7051624999999999 0.45435468749999997 0.66508125 0.45435468749999997 0.66508125 0.5317078125 0.7051624999999999 0.5317078125 0.7051624999999999 0.45435468749999997
2 0.6610858000000001 0.5532723109375 0.6106286171875001 0.5594212265625 0.6209291015625 0.643936665625 0.6713862749999999 0.6377877984375 0.6610858000000001 0.5532723109375
2 0.7187658 0.607944878125 0.703953184375 0.5411671671875 0.6569138453125001 0.55160041875 0.671726134375 0.6183778484375 0.7187658 0.607944878125
1 0.3156709765625 0.5856459421875 0.3241953390625 0.5849281703125 0.3211589546875 0.54887150625 0.3126346453125 0.549589275 0.3156709765625 0.5856459421875
4 0.6931272265625 0.703505871875 0.7118437796875 0.7014794921874999 0.7010596 0.6018869078125 0.68234341875 0.6039132671874999 0.6931272265625 0.703505871875
7 0.2682962640625 0.659546175 0.2734783515625 0.6611998421874999 0.29687504374999996 0.5878906390624999 0.2916930265625 0.5862369828125 0.2682962640625 0.659546175
7 0.30639165 0.594038696875 0.3011508703125 0.5936250015625 0.2954802546875 0.6654532328125 0.30072103437500003 0.665866925 0.30639165 0.594038696875
7 0.3102726234375 0.6696445421874999 0.31484375 0.67109375 0.335156359375 0.607031284375 0.3305852875 0.6055820859375001 0.3102726234375 0.6696445421874999
7 0.3560095796875 0.6042667749999999 0.346009509375 0.6030169296875 0.33515625 0.68984375 0.34515631875 0.691093584375 0.3560095796875 0.6042667749999999
7 0.388987378125 0.6221361 0.3813213640625 0.6212538078125001 0.36875 0.73046875 0.3764160125 0.7313510328125 0.388987378125 0.6221361
7 0.64457401875 0.7161451750000001 0.65390640625 0.714843728125 0.643195584375 0.6380503171874999 0.6338633421875 0.6393517531249999 0.64457401875 0.7161451750000001
7 0.6607055828124999 0.6342082609374999 0.6549956109374999 0.6359414109375 0.6721196921875 0.6923503609375 0.6778296593750001 0.690617221875 0.6607055828124999 0.6342082609374999
7 0.6455078125 0.36953125 0.6390625 0.36953125 0.6390625 0.4703125 0.6455078125 0.4703125 0.6455078125 0.36953125
7 0.6655390578125 0.40177337968750004 0.6585937281249999 0.400781246875 0.6497812484375001 0.4624687515625 0.656726578125 0.46346088124999996 0.6655390578125 0.40177337968750004
