2 0.34156398125 0.558274025 0.3907841734375 0.5642656203125 0.3989617453125 0.49709164375 0.3497420859375 0.49110008125000004 0.34156398125 0.558274025
2 0.3917814296875 0.645737415625 0.4022475671875 0.57952434375 0.34336803125 0.570218446875 0.3329016 0.6364311546875 0.3917814296875 0.645737415625
2 0.7003622265625 0.5800788671875 0.6490686671875 0.5825710265625 0.65278285625 0.659007653125 0.704076415625 0.6565155109374999 0.7003622265625 0.5800788671875
2 0.6455725171875 0.57382471875 0.6961615171875 0.5632759140625 0.6810334375 0.490733809375 0.6304450265625 0.5012825515625 0.6455725171875 0.57382471875
6 0.562580734375 0.3964795828125 0.5493446796875 0.40065917031250003 0.5570312453125 0.4250000015625 0.5702672984375 0.4208204203125 0.562580734375 0.3964795828125
6 0.6939870109374999 0.726898309375 0.6787966046875 0.7304487140625 0.6867693578125 0.7645544156249999 0.701959759375 0.761004025 0.6939870109374999 0.726898309375
6 0.7043933296875 0.740316196875 0.72805493125 0.7334254984374999 0.7099330078125 0.6712077796875 0.686271715625 0.67809843125 0.7043933296875 0.740316196875
6 0.6695655015625 0.748419528125 0.652676815625 0.7511092781250001 0.6590263953125 0.7909705781249999 0.6759150796875 0.7882808406249999 0.6695655015625 0.748419528125
6 0.3369746328125 0.78204844375 0.349475246875 0.7881373828125 0.369253478125 0.74753980625 0.3567529765625 0.7414509 0.3369746328125 0.78204844375
6 0.3946629953125 0.799583471875 0.40833480624999996 0.8002502640625 0.410875546875 0.7481638640625 0.397203903125 0.7474970734374999 0.3946629953125 0.799583471875
