2 0.3296564515625 0.6242104562499999 0.3607322984375 0.5648345124999999 0.30436050312499996 0.5353340328125 0.27328461875 0.5947096421875 0.3296564515625 0.6242104562499999
2 0.3762020765625 0.6446165515625 0.39497196093750003 0.5771500484375001 0.34854516874999997 0.5642351046875 0.3297751015625 0.6317013078125 0.3762020765625 0.6446165515625
2 0.4222140625 0.5735187500000001 0.380775 0.5735187500000001 0.380775 0.642509375 0.4222140625 0.642509375 0.4222140625 0.5735187500000001
2 0.34416262343750004 0.453461609375 0.30206093749999996 0.45104629999999996 0.2966769421875 0.544888825 0.3387786265625 0.5473041171874999 0.34416262343750004 0.453461609375
2 0.3732654 0.48078839375 0.330743321875 0.48242661875000004 0.3338289828125 0.56251223125 0.3763510609375 0.5608740171875 0.3732654 0.48078839375
2 0.4004719078125 0.49243597031249997 0.3678763875 0.4928444578125 0.36874121249999997 0.561848215625 0.40133673437499995 0.56143973125 0.4004719078125 0.49243597031249997
2 0.3967389859375 0.561671875 0.43036728437500005 0.561671875 0.4303670984375 0.49477343749999997 0.3967391609375 0.49477343749999997 0.3967389859375 0.561671875
2 0.5747282 0.48850152968750005 0.5747280453125 0.5637625484375001 0.6066578390624999 0.5637624812500001 0.6066578 0.48850165624999997 0.5747282 0.48850152968750005
2 0.6281281859375001 0.4889287390625 0.601829196875 0.49041922812500005 0.6058021953125 0.5605152796875 0.632101184375 0.5590248 0.6281281859375001 0.4889287390625
2 0.6560635609375 0.470152890625 0.615702490625 0.4773790359375 0.6297495468750001 0.5558316624999999 0.6701106046875 0.5486055640624999 0.6560635609375 0.470152890625
2 0.7005347359375 0.467936978125 0.6572911625 0.4691802359375 0.6593970296875 0.54242201875 0.702640603125 0.5411787671875 0.7005347359375 0.467936978125
4 0.36956487656250003 0.6366037984374999 0.34690454375 0.6341603625000001 0.33491502500000003 0.745335340625 0.357575353125 0.747778746875 0.36956487656250003 0.6366037984374999
