2 0.34368747499999996 0.6565626953125 0.3651153859375 0.5913982812499999 0.303990253125 0.5713009140625 0.2825621390625 0.6364649359375 0.34368747499999996 0.6565626953125
2 0.33200901250000003 0.5726712875 0.34340892031250003 0.5006274234375 0.294394625 0.4928723 0.2829944828125 0.564915875 0.33200901250000003 0.5726712875
2 0.41825684531249996 0.518788490625 0.379621296875 0.5138414578125 0.3700592109375 0.58851315 0.408694753125 0.5934601515625 0.41825684531249996 0.518788490625
2 0.44482122031250004 0.5121738484375 0.4069651828125 0.5099753109375 0.4017983703125 0.5989333 0.43965440625 0.6011318218749999 0.44482122031250004 0.5121738484375
2 0.352191928125 0.654796875 0.411598721875 0.654796875 0.411598284375 0.5843015625 0.35219228281250003 0.5843015625 0.352191928125 0.654796875
2 0.4435440203125 0.6030710218750001 0.40491748593750004 0.5975466140625 0.39530194218750003 0.66477033125 0.43392846875 0.6702947015625 0.4435440203125 0.6030710218750001
2 0.4250713265625 0.6768612734375 0.460263040625 0.6793036328125 0.46568685312499997 0.6011583125 0.43049567031249997 0.598715971875 0.4250713265625 0.6768612734375
2 0.586600409375 0.6769896453124999 0.6155925437499999 0.6735602 0.6064174015625 0.5960062749999999 0.5774257015625001 0.59943569375 0.586600409375 0.6769896453124999
2 0.6352234625000001 0.590600028125 0.6038624859375 0.59441855 0.6120294890625 0.66148515625 0.6433904593750001 0.657666659375 0.6352234625000001 0.590600028125
2 0.6242757984375 0.516582246875 0.5954664046875 0.5180587640625001 0.5991202703125 0.5893455015625 0.6279296624999999 0.5878689921875 0.6242757984375 0.516582246875
2 0.62404811875 0.5866819421875 0.6505380515625 0.5853273031249999 0.6476122828124999 0.52812195 0.6211226078125 0.529476584375 0.62404811875 0.5866819421875
2 0.648650640625 0.595265146875 0.691520065625 0.59147035 0.6846519046874999 0.5138923453124999 0.6417830375 0.5176871171874999 0.648650640625 0.595265146875
2 0.730544028125 0.5360565546875 0.6883503453125 0.5351986281250001 0.6869879609375 0.6021956687500001 0.7291816437499999 0.6030535890625 0.730544028125 0.5360565546875
4 0.7196924625000001 0.6409936046875 0.699357565625 0.6437045140625 0.713834934375 0.75228596875 0.734169825 0.7495750921875 0.7196924625000001 0.6409936046875
8 0.359469903125 0.5412655078124999 0.37992809843750003 0.53759381875 0.36583813125 0.45909325624999997 0.3453801828125 0.462764921875 0.359469903125 0.5412655078124999
8 0.34287942656250003 0.45293474375000004 0.333984371875 0.524088565625 0.349609375 0.5260416671875 0.3585043375 0.45488792812499995 0.34287942656250003 0.45293474375000004
8 0.3404906796875 0.5218752249999999 0.3652345140625 0.5195312375000001 0.358554575 0.4490224078125 0.3338109953125 0.45136638281249997 0.3404906796875 0.5218752249999999
8 0.6841588859375001 0.6373419953125 0.6659768046875 0.6375014640625001 0.6666900046875 0.7188068953125 0.6848720875 0.7186474281249999 0.6841588859375001 0.6373419953125
8 0.6396632531249999 0.7201080015625 0.6639088328125 0.7193658921874999 0.66143578125 0.6385862984374999 0.6371906078125 0.6393284015625 0.6396632531249999 0.7201080015625
