2 0.2855263015625 0.6110661015625001 0.3344929375 0.614475534375 0.33982010625000003 0.537969465625 0.29085412499999996 0.5345600546875 0.2855263015625 0.6110661015625001
2 0.33255635625 0.647634690625 0.38426384687500004 0.649114409375 0.38677125156250003 0.561489828125 0.33506459375 0.5600101203125 0.33255635625 0.647634690625
2 0.41326098125 0.5889224125 0.3761845078125 0.5854827593749999 0.36964618437499996 0.6559521875 0.40672265625000004 0.6593918171875 0.41326098125 0.5889224125
2 0.62176648125 0.579392625 0.5895551125 0.5846241484375 0.6029723671875 0.667226896875 0.635183725 0.6619954140625001 0.62176648125 0.579392625
9 0.8038981421875 0.5615762531249999 0.70625 0.5671875 0.7140624 0.70312500625 0.811710534375 0.6975138328125 0.8038981421875 0.5615762531249999
7 0.31765818125 0.6241348906249999 0.3117897453125 0.6228693125 0.2942302546875 0.704281428125 0.3000986875 0.7055469953125 0.31765818125 0.6241348906249999
7 0.308061896875 0.6032797624999999 0.29758510781249997 0.60156248125 0.28338068125000004 0.6882102265625 0.2938574671875 0.6899274937500001 0.308061896875 0.6032797624999999
7 0.31751203906250003 0.7026213625 0.32244318125000004 0.7045454546875 0.3451705671875 0.6463068625 0.34023948125 0.6443827828125 0.31751203906250003 0.7026213625
7 0.390225115625 0.6498760640625 0.382812425 0.64914771875 0.37441407187500003 0.734609375 0.3818267609375 0.7353377140624999 0.390225115625 0.6498760640625
6 0.30610795468749996 0.6789772734375 0.26846590937500003 0.6789772734375 0.26846590937500003 0.7372159093749999 0.30610795468749996 0.7372159093749999 0.30610795468749996 0.6789772734375
6 0.3765333078125 0.7889760906250001 0.4039215578125 0.7684383171875 0.368721925 0.7215061359375 0.3413339265625 0.74204376875 0.3765333078125 0.7889760906250001
7 0.31511305312500004 0.3527269078125 0.3089488453125 0.352272725 0.30397727343750003 0.41974431875 0.31014148124999996 0.4201985 0.31511305312500004 0.3527269078125
7 0.6111282953125 0.7447701984374999 0.6221592140625 0.7443181765625 0.6184204984375 0.6530966312500001 0.6073897921875 0.6535486484375 0.6111282953125 0.7447701984374999
6 0.630430509375 0.73259668125 0.6107954546875 0.7372159093749999 0.6192808328125 0.773278709375 0.6389158796875 0.7686594999999999 0.630430509375 0.73259668125
7 0.3486981921875 0.7256075625 0.3530432421875 0.7260113734375 0.360507821875 0.645703125 0.3561628453125 0.6452993171875 0.3486981921875 0.7256075625
7 0.3574135203125 0.6480551375 0.352648240625 0.6472530609375 0.3392578125 0.726796875 0.3440230890625 0.7275989453125 0.3574135203125 0.6480551375
7 0.327099659375 0.7001890546875 0.3298374375 0.70110499375 0.34769535937499996 0.6477343906249999 0.3449576109375 0.6468184578125 0.327099659375 0.7001890546875
