2 0.417498221875 0.4646659296875 0.38327556875 0.4632720625 0.38008873125 0.5415104671875001 0.4143113828125 0.5429043265625 0.417498221875 0.4646659296875
2 0.60446024375 0.5576286171875 0.60644033125 0.62809115 0.6585068125 0.6266278203125 0.6565264046875 0.5561656109374999 0.60446024375 0.5576286171875
2 0.725203196875 0.51358913125 0.72520305 0.4439030828125 0.68104690625 0.44390322812500005 0.6810468296875001 0.5135890515625 0.725203196875 0.51358913125
2 0.6438806375 0.528940659375 0.6888705625 0.52472365 0.6824897625 0.45665661562500004 0.637500296875 0.46087360312500003 0.6438806375 0.528940659375
2 0.6126966515625 0.5351987484375 0.6481843234375 0.5332759859375 0.6445352109375 0.4659345046875 0.6090479078125 0.46785725781250004 0.6126966515625 0.5351987484375
9 0.24661294531250003 0.6102855453125 0.2990679828125 0.597939228125 0.2775757234375 0.5066367875 0.22512148281250002 0.5189830078125001 0.24661294531250003 0.6102855453125
7 0.6339656484375 0.3878213828125 0.6254668109375 0.38755206875 0.6228515625 0.470078125 0.6313504 0.47034743749999997 0.6339656484375 0.3878213828125
6 0.637235459375 0.6816944421875 0.6335227265625 0.6818181812499999 0.6347807984375 0.719560321875 0.63849353125 0.7194365828125 0.637235459375 0.6816944421875
6 0.6634877765625 0.6792854640625 0.6391783249999999 0.680635778125 0.6425655546875 0.7416061859374999 0.6668750046875 0.7402558796875 0.6634877765625 0.6792854640625
6 0.6846589453124999 0.7102272734375 0.7173297265625 0.7102272734375 0.717329465625 0.6221590906250001 0.6846592671875 0.6221590906250001 0.6846589453124999 0.7102272734375
7 0.6451200046875 0.6975179625 0.6499987515625001 0.6968606328125 0.641626253125 0.634728065625 0.6367475671875 0.635385390625 0.6451200046875 0.6975179625
7 0.62022836875 0.7007329140625 0.6275404625000001 0.7014907734375 0.634100953125 0.6382012640625 0.6267889531249999 0.637443409375 0.62022836875 0.7007329140625
7 0.6822427671875 0.6060779515625 0.6744780828125 0.6062217249999999 0.6756883109375 0.6715742031249999 0.68345299375 0.67143043125 0.6822427671875 0.6060779515625
7 0.4054020921875 0.388201996875 0.4011766984375 0.38799627812500004 0.39908074375 0.431044275 0.4033061359375 0.43124999375 0.4054020921875 0.388201996875
7 0.3999367484375 0.388702359375 0.3959770859375 0.38872180625 0.39619056874999997 0.4321870703125 0.40015023281250006 0.432167621875 0.3999367484375 0.388702359375
