2 0.6696638890625 0.523725296875 0.709806784375 0.5254984828125 0.7130403109375 0.452295596875 0.6728978484375 0.45052242031249995 0.6696638890625 0.523725296875
2 0.3142880234375 0.6092354734375001 0.3656584046875 0.6270616546875 0.38308967968749996 0.5768340656250001 0.33171974843749996 0.55900796875 0.3142880234375 0.6092354734375001
7 0.928125 0.8609375 0.91875 0.8609375 0.91875 0.8765625 0.928125 0.8765625 0.928125 0.8609375
6 0.6710239046875001 0.36024464218749996 0.68359375 0.375 0.7055092296875001 0.356331275 0.6929393984375001 0.34157594062499996 0.6710239046875001 0.36024464218749996
7 0.43788115781250003 0.7387647828125 0.43707031250000006 0.7103906140625 0.43160156250000004 0.710546875 0.432412390625 0.7389210265624999 0.43788115781250003 0.7387647828125
7 0.723638265625 0.6554821640624999 0.7288377421875001 0.6534026171875 0.7114453125 0.6099218750000001 0.7062458781250001 0.6120014125 0.723638265625 0.6554821640624999
7 0.6967894171875 0.643960071875 0.7016034140625 0.6437067328125 0.6998828125000001 0.6110156250000001 0.6950688453125 0.6112689625 0.6967894171875 0.643960071875
6 0.7361821484375 0.6881306453125 0.735450046875 0.6815129625 0.7244672328124999 0.6827277921875 0.7251993265625 0.6893454671875 0.7361821484375 0.6881306453125
6 0.737539178125 0.703489340625 0.7400028734374999 0.6903946000000001 0.7225390625 0.687109375 0.72007535 0.700204090625 0.737539178125 0.703489340625
6 0.7228344546875001 0.7047149640625 0.7219549875 0.6941632203125 0.70535158125 0.6955468796875001 0.706231028125 0.7060986046875 0.7228344546875001 0.7047149640625
7 0.3096008125 0.6700606078125 0.314954790625 0.6725202390625 0.339840590625 0.618357215625 0.33448666562499996 0.6158975984375 0.3096008125 0.6700606078125
6 0.2876084859375 0.7303632046875 0.3187455078125 0.7471102359375 0.350124696875 0.68877708125 0.31898804062499997 0.6720301703125 0.2876084859375 0.7303632046875
7 0.6936328125 0.398828125 0.6880078125 0.398828125 0.6880078125 0.415703125 0.6936328125 0.415703125 0.6936328125 0.398828125
6 0.3561873796875 0.33494458125 0.3162706796875 0.33494458125 0.3162706796875 0.4096401875 0.3561873796875 0.4096401875 0.3561873796875 0.33494458125
5 0.6034198 0.5380295125 0.6270734625000001 0.5408791468749999 0.637867646875 0.4512867640625 0.61421430625 0.44843715 0.6034198 0.5380295125
