2 0.3208492984375 0.4912960015625 0.37020227656250004 0.492392553125 0.371817846875 0.41967320937499997 0.3224653671875 0.41857666406250005 0.3208492984375 0.4912960015625
2 0.601663125 0.6066019484375 0.636390153125 0.6092736171875 0.6411671109375 0.5471852828125 0.6064404578125 0.544513628125 0.601663125 0.6066019484375
2 0.6273001375 0.52871495 0.6603658 0.526855928125 0.656187346875 0.45254428437499994 0.6231220515625 0.454403296875 0.6273001375 0.52871495
2 0.6559352406250001 0.5058672875 0.69869749375 0.5037403703125001 0.6954711171875 0.4388819625 0.6527092640625 0.44100886875 0.6559352406250001 0.5058672875
7 0.6645375671875 0.41656281406250006 0.6681367453125 0.416738375 0.6708333328125 0.3614583328125 0.667234178125 0.361282771875 0.6645375671875 0.41656281406250006
7 0.67473296875 0.4142300125 0.678125 0.4145833328125 0.6842770546875 0.3555236375 0.6808850468750001 0.35517031875 0.67473296875 0.4142300125
7 0.6815705000000001 0.4172275859375 0.6854166687500001 0.41770833281249997 0.69121794375 0.3712980546875 0.687371796875 0.3708173078125 0.6815705000000001 0.4172275859375
7 0.6317323312500001 0.6166237984375 0.6259217359375 0.617140228125 0.6332200125 0.69924614375 0.6390306078125 0.69872971875 0.6317323312500001 0.6166237984375
7 0.32910416875 0.3995624734375 0.33347919375 0.398937496875 0.3260416671875 0.346875 0.32166666875 0.3474999765625 0.32910416875 0.3995624734375
7 0.34201984687500003 0.402743440625 0.35104173125 0.402083328125 0.3447916671875 0.3166666671875 0.33576986875000003 0.31732677656249997 0.34201984687500003 0.402743440625
