2 0.3402859625 0.5349883 0.3028286578125 0.5532108453125 0.33806787968749996 0.6256393265625 0.37552510156249996 0.6074169109375 0.3402859625 0.5349883
2 0.7373857421875 0.5530033484375 0.7334015593750001 0.4870882734375 0.687298934375 0.48987473281250005 0.691282859375 0.5557895640625 0.7373857421875 0.5530033484375
2 0.666409696875 0.5994011375 0.6866116484375 0.6202974765625 0.7388889187500001 0.5697625921875 0.7186870937500001 0.548866390625 0.666409696875 0.5994011375
9 0.795357115625 0.54618985 0.72396973125 0.5560797609375 0.7369176328125 0.6495305625000001 0.8083049984375 0.6396407375 0.795357115625 0.54618985
9 0.31153894375 0.5273586765625 0.2230438234375 0.5273586765625 0.2230438234375 0.6221748765624999 0.31153894375 0.6221748765624999 0.31153894375 0.5273586765625
7 0.291893228125 0.670555671875 0.29600694375000003 0.671875 0.31076394375 0.6258680734375 0.306650265625 0.6245487515625 0.291893228125 0.670555671875
7 0.32963784375 0.639795996875 0.3229166109375 0.63802081875 0.3107638890625 0.684027778125 0.31748511874999996 0.6858029484375 0.32963784375 0.639795996875
7 0.71425478125 0.6760029890625 0.71482433125 0.6758784171875 0.7092013890625 0.6501736109375 0.7086318421875 0.6502981828125 0.71425478125 0.6760029890625
7 0.724774775 0.698396425 0.725694459375 0.6979166593749999 0.7171052625 0.68145406875 0.71618558125 0.681933834375 0.724774775 0.698396425
7 0.6971972234375 0.47249127343749997 0.699771596875 0.47205496562500004 0.690972221875 0.4201388890625 0.6883978671875 0.42057519687499995 0.6971972234375 0.47249127343749997
7 0.7025566921874999 0.42864442968749994 0.7049047171875 0.4284309828125 0.7022569437499999 0.39930555624999997 0.6999089265625 0.3995190015625 0.7025566921874999 0.42864442968749994
7 0.7061592890624999 0.42833457656249996 0.7048980499999999 0.4284315890625 0.7074652718750001 0.46180555625 0.7087265109375 0.46170854375000003 0.7061592890624999 0.42833457656249996
