2 0.6464000000000001 0.5993031249999999 0.5934109375000001 0.5993031249999999 0.5934109375000001 0.6682921875 0.6464000000000001 0.6682921875 0.6464000000000001 0.5993031249999999
9 0.2725147796875 0.5688114125 0.2166181453125 0.61352255 0.2950780546875 0.7115984234375 0.35097419375 0.6668878328125001 0.2725147796875 0.5688114125
9 0.6454567250000001 0.6540175359375 0.70558961875 0.7080630343750001 0.78760543125 0.6168201265625 0.72747335 0.5627752687500001 0.6454567250000001 0.6540175359375
7 0.6320611625 0.793306265625 0.6437503140625 0.7916666234374999 0.627603115625 0.6765720703125 0.6159142546874999 0.67821169375 0.6320611625 0.793306265625
7 0.665245040625 0.7732569453125 0.6697920140625 0.7718748953125 0.6413352265625 0.6782670453125 0.6367883437499999 0.67964908125 0.665245040625 0.7732569453125
6 0.39027538281249996 0.814309959375 0.40848928281249997 0.8147595953125 0.41011010625 0.7491103796874999 0.391896490625 0.748660746875 0.39027538281249996 0.814309959375
6 0.37779343125 0.7611633484375 0.359086675 0.7499142765625 0.33179083125000003 0.7952979578125 0.350497534375 0.8065469593750001 0.37779343125 0.7611633484375
6 0.2880131078125 0.7757319765624999 0.307659715625 0.774933465625 0.30518351250000003 0.7140224640625 0.285537171875 0.71482096875 0.2880131078125 0.7757319765624999
6 0.309002065625 0.7873534921875 0.323130046875 0.7873534921875 0.3231300203125 0.7682993703125 0.309002103125 0.7682993703125 0.309002065625 0.7873534921875
6 0.70268026875 0.7774262125 0.694825240625 0.7478642546875001 0.673058365625 0.7536470171875 0.680913303125 0.7832088984375 0.70268026875 0.7774262125
6 0.3993568578125 0.40138606875000005 0.4179661546875 0.40138606875000005 0.41796612499999997 0.3748579640625 0.39935688593749996 0.3748579640625 0.3993568578125 0.40138606875000005
6 0.6314685203125 0.7888950921875 0.61782270625 0.78564671875 0.6099455671875 0.8187306765625 0.6235913765625 0.8219790359375001 0.6314685203125 0.7888950921875
