2 0.4138544640625 0.4802133171875 0.37973448125 0.476885734375 0.372652253125 0.54949901875 0.40677223281249997 0.5528265828125 0.4138544640625 0.4802133171875
2 0.6591136203125 0.555089465625 0.6058340390625 0.5570833390625001 0.60892526875 0.6396774296875 0.66220485 0.6376835703125 0.6591136203125 0.555089465625
2 0.7058421874999999 0.5212546875 0.6535328125000001 0.5212546875 0.6535328125000001 0.605575 0.7058421874999999 0.605575 0.7058421874999999 0.5212546875
9 0.7856213624999999 0.5295721859375 0.7227061046875 0.5160224984374999 0.7000549359375 0.6211886609375 0.762970153125 0.6347382203125 0.7856213624999999 0.5295721859375
9 0.2947165359375 0.5428177234375 0.23921862656249998 0.54951499375 0.2543325109375 0.6747448656249999 0.30983040625 0.6680476734374999 0.2947165359375 0.5428177234375
7 0.38636799375 0.4800891296875 0.3958333453125 0.48020833281249997 0.396790690625 0.4041918421875 0.3873254359375 0.4040726390625 0.38636799375 0.4800891296875
7 0.6401392734375 0.724736796875 0.6507355078125 0.723345559375 0.6387867640625 0.6323529406249999 0.628190725 0.633744165625 0.6401392734375 0.724736796875
7 0.661823971875 0.6855650843750001 0.66911776875 0.6838235 0.6544117640625 0.622242646875 0.6471180546874999 0.6239842203125 0.661823971875 0.6855650843750001
7 0.6800651453125 0.6664602765625001 0.6902574625 0.665441165625 0.6838235296875 0.6011029406249999 0.6736313375 0.6021220453125 0.6800651453125 0.6664602765625001
7 0.6970009359375 0.5955147421875 0.6897743828125 0.5972293093750001 0.703124934375 0.6534926624999999 0.7103514843750001 0.6517781046875 0.6970009359375 0.5955147421875
