9 0.250394203125 0.6441450859375 0.310889515625 0.645392278125 0.312866371875 0.54948959375 0.25237211406250004 0.5482424124999999 0.250394203125 0.6441450859375
9 0.7657417 0.555977175 0.7004822390625 0.5484891734375 0.6899223234375 0.64051141875 0.7551817749999999 0.6479993578125 0.7657417 0.555977175
7 0.3354002984375 0.7198537625 0.343476665625 0.72226585 0.36576554843750003 0.6476468984375 0.357689303125 0.64523483125 0.3354002984375 0.7198537625
7 0.37693793124999997 0.648769278125 0.36825773281249996 0.64738135625 0.3538929625 0.7372072875 0.3625731578125 0.7385951953125 0.37693793124999997 0.648769278125
7 0.6257851750000001 0.752903315625 0.6361706593750001 0.7512259046875001 0.6206640625000001 0.655234375 0.6102787890625 0.6569117703125 0.6257851750000001 0.752903315625
7 0.6329621390625 0.6470804796875 0.62439873125 0.6496381796875 0.6480076671874999 0.728671925 0.6565710640625 0.726114246875 0.6329621390625 0.6470804796875
6 0.3478515625 0.721796875 0.3339453125 0.721796875 0.3339453125 0.7444531296875 0.3478515625 0.7444531296875 0.3478515625 0.721796875
6 0.34441409843750004 0.7375781124999999 0.34441405 0.7657031359375 0.36394533125 0.7657031109375 0.363945315625 0.73757815 0.34441409843750004 0.7375781124999999
6 0.4099499171875 0.8154696171875001 0.4269528578125 0.8199600921875 0.4421809484375 0.7623106359375 0.4251782421875 0.75782019375 0.4099499171875 0.8154696171875001
6 0.379345403125 0.77560003125 0.39356196718750003 0.7775417499999999 0.40031249999999996 0.728125 0.38609609843750003 0.7261832921875 0.379345403125 0.77560003125
6 0.3218553734375 0.7027374265625 0.31063098125 0.7023867187499999 0.309986775 0.72300130625 0.3212111671875 0.7233520140625 0.3218553734375 0.7027374265625
6 0.30324824375000003 0.71848420625 0.310991528125 0.7157237296875001 0.3020703125 0.690703125 0.2943270671875 0.69346359375 0.30324824375000003 0.71848420625
6 0.6899713140625 0.7330960734375 0.6968214359375 0.7297641015624999 0.6817546921875001 0.6987936796875001 0.6749046140625 0.7021256390625 0.6899713140625 0.7330960734375
6 0.6618676625 0.7840480484375 0.673466021875 0.728770503125 0.6326084937500001 0.7201992734375 0.6210099421875 0.7754765546875 0.6618676625 0.7840480484375
