2 0.3107435609375 0.5418890625 0.35920021874999997 0.5418890625 0.3591998953125 0.44946875000000003 0.31074392500000003 0.44946875000000003 0.3107435609375 0.5418890625
2 0.3923842484375 0.4523072484375 0.3548551390625 0.4511857703125 0.35185802499999996 0.5514736828125 0.389387134375 0.552595153125 0.3923842484375 0.4523072484375
2 0.42247277031249997 0.4391339421875 0.38893338437499997 0.438757490625 0.3876425109375 0.5537577453125 0.421181896875 0.5541341937500001 0.42247277031249997 0.4391339421875
2 0.47471878749999996 0.5631656796875 0.4747186515625 0.4534577640625 0.448384425 0.453457865625 0.4483843390625 0.5631655609374999 0.47471878749999996 0.5631656796875
2 0.615339146875 0.55542319375 0.6009131234375 0.44412235000000005 0.4625690203125 0.46205202500000003 0.4769937171875 0.5733516703125 0.615339146875 0.55542319375
2 0.5923451890625 0.554521875 0.6355345328124999 0.554521875 0.6355342171875 0.45212812500000005 0.592345553125 0.45212812500000005 0.5923451890625 0.554521875
2 0.6662253109375 0.46602256875 0.62372996875 0.46816238749999994 0.627990203125 0.552761328125 0.6704855453125 0.5506215234375 0.6662253109375 0.46602256875
2 0.6650280046875 0.5432187500000001 0.7162925578125 0.5432187500000001 0.716292128125 0.44747343749999996 0.66502833125 0.44747343749999996 0.6650280046875 0.5432187500000001
2 0.2684362171875 0.63707709375 0.3282731046875 0.6507534671874999 0.349196384375 0.5592177875 0.2893604625 0.5455415265625 0.2684362171875 0.63707709375
2 0.39996409375 0.57686446875 0.3414684859375 0.5691427 0.32792104218749996 0.6717586375 0.386416634375 0.67948033125 0.39996409375 0.57686446875
2 0.6672814078125 0.6650757796875 0.7229445234375 0.6589753359375 0.712531296875 0.5639765515625 0.6568691640625001 0.570076940625 0.6672814078125 0.6650757796875
2 0.7182821921875 0.632642959375 0.77178895 0.6200831953125 0.754067840625 0.54459814375 0.7005617953125001 0.5571578203125 0.7182821921875 0.632642959375
1 0.4397412 0.6295656703125 0.4254092515625 0.62677926875 0.414814453125 0.681267 0.42914639687499995 0.6840533859375 0.4397412 0.6295656703125
5 0.48516251875 0.6811226031250001 0.51798454375 0.6804662453125 0.5164835437499999 0.6054293281249999 0.4836619984375 0.60608568125 0.48516251875 0.6811226031250001
6 0.5557053359374999 0.73293519375 0.5874747140625 0.7352040843750001 0.5905660703125 0.6919236375 0.5587969890625 0.6896547562500001 0.5557053359374999 0.73293519375
6 0.68676319375 0.7351234296875 0.6602476046875 0.7430202593749999 0.6720211 0.7825458203125 0.6985366734375 0.774649028125 0.68676319375 0.7351234296875
6 0.6983543671875 0.7491472 0.7246492156250001 0.7388668593750001 0.708392984375 0.697294003125 0.68209836875 0.70757429375 0.6983543671875 0.7491472
6 0.355344940625 0.73351734375 0.34284655937499997 0.73414215625 0.34386046718749996 0.7544203453125 0.3563588484375 0.7537955328125 0.355344940625 0.73351734375
6 0.3196554203125 0.7281175203125 0.3103008015625 0.7123023234375 0.2893511828125 0.7246919484375 0.29870575312500003 0.7405071046875 0.3196554203125 0.7281175203125
6 0.2819486375 0.7096803078125 0.280483371875 0.6976098625 0.26269781718749996 0.6997685703125 0.2641630578125 0.71183899375 0.2819486375 0.7096803078125
6 0.6845808515625 0.40978105156250005 0.7011476578125 0.40831934375 0.6986158609374999 0.3796259078125 0.6820491109375 0.3810876125 0.6845808515625 0.40978105156250005
