2 0.6514248499999999 0.4684085640625 0.599481009375 0.47435991875 0.6078509234375 0.5474075109375 0.65979475625 0.5414561890625 0.6514248499999999 0.4684085640625
2 0.697665625 0.46366250000000003 0.653465625 0.46366250000000003 0.653465625 0.52325625 0.697665625 0.52325625 0.697665625 0.46366250000000003
9 0.6909036453125 0.5957982546875 0.7619852375 0.5988884703124999 0.7661200625 0.5037726171875 0.695039571875 0.5006824234375 0.6909036453125 0.5957982546875
7 0.3962428703125 0.3869627484375 0.391329853125 0.3860838625 0.380085803125 0.44893544687500003 0.38499881875 0.449814328125 0.3962428703125 0.3869627484375
7 0.6247386796875001 0.47133888749999997 0.6295474375000001 0.4710560359375 0.6242133578125 0.3803771609375 0.619404659375 0.380660009375 0.6247386796875001 0.47133888749999997
7 0.6285316921875 0.4715023546875 0.6353086640625001 0.47283498437500004 0.6481658140625 0.4074549765625 0.6413889015625001 0.4061223515625 0.6285316921875 0.4715023546875
7 0.335060284375 0.6743606234375 0.3421875 0.67734375 0.3707269046875 0.6091666859375 0.3635997796875 0.60618358125 0.335060284375 0.6743606234375
6 0.34446073125 0.7156692375 0.3578125 0.71875 0.3787614640625 0.6279712171875 0.365409940625 0.624890484375 0.34446073125 0.7156692375
6 0.642629696875 0.65149761875 0.6336281859375 0.6548939203125 0.6548301859375 0.711079578125 0.6638316859375 0.707683296875 0.642629696875 0.65149761875
6 0.670000603125 0.70195126875 0.6774021234375 0.6976519671875 0.6476676718750001 0.646469453125 0.6402662218749999 0.650768728125 0.670000603125 0.70195126875
6 0.41303426249999997 0.6868729609375 0.3909721984375 0.682115215625 0.37977519531250004 0.7340288328125 0.40183725 0.73878655 0.41303426249999997 0.6868729609375
6 0.580699559375 0.772972915625 0.592332065625 0.7779070406249999 0.6026785734375 0.75351879375 0.5910461296875 0.748584684375 0.580699559375 0.772972915625
