2 0.668478125 0.5581875000000001 0.6131109375 0.5581875000000001 0.6131109375 0.639721875 0.668478125 0.639721875 0.668478125 0.5581875000000001
2 0.31936218125 0.5314521859375 0.365663553125 0.5328665515625 0.3678391140625 0.46164423125000004 0.3215382421875 0.4602298734375 0.31936218125 0.5314521859375
2 0.55570625 0.46341406249999995 0.53125 0.46341406249999995 0.53125 0.5421609375 0.55570625 0.5421609375 0.55570625 0.46341406249999995
2 0.685352878125 0.4548457078125 0.6061521937500001 0.46185958437499997 0.6136029875 0.54598775625 0.692803665625 0.538973925 0.685352878125 0.4548457078125
2 0.7282609375 0.45574843749999994 0.6868203125 0.45574843749999994 0.6868203125 0.5198609375000001 0.7282609375 0.5198609375000001 0.7282609375 0.45574843749999994
7 0.340727425 0.4573270171875 0.3460938140625 0.457031246875 0.340625 0.3578125 0.3352586796875 0.35810826875 0.340727425 0.4573270171875
7 0.543110709375 0.465835609375 0.5492187671875 0.465625 0.5461995171875 0.3780674765625 0.54009153125 0.3782780859375 0.543110709375 0.465835609375
7 0.6352075328125 0.3869534765625 0.625887478125 0.38667528125 0.6234375 0.46875 0.6327575546875 0.4690281921875 0.6352075328125 0.3869534765625
7 0.6603139859375 0.3959805578125 0.65703125 0.39609375 0.6585130265625 0.4390652828125 0.6617957624999999 0.43895209218750003 0.6603139859375 0.3959805578125
7 0.6769398578125 0.39012718281250003 0.6729789265624999 0.389714609375 0.6671875 0.4453125 0.67114843125 0.4457250734375 0.6769398578125 0.39012718281250003
7 0.6944984640625 0.4360250296875 0.6984375078125 0.4359375 0.6973600984375 0.3874545 0.693421078125 0.38754202968749996 0.6944984640625 0.4360250296875
7 0.70222474375 0.4266709796875 0.7048348609375 0.4265025921875 0.7015625 0.37578125 0.6989523984375 0.37594963593749997 0.70222474375 0.4266709796875
7 0.716769484375 0.3824444046875 0.7124999859375001 0.3820312484375 0.7078125 0.43046875 0.7120819984375 0.4308819046875 0.716769484375 0.3824444046875
