2 0.393901334375 0.525248371875 0.3375894875 0.5220821859375 0.33372345000000003 0.5908348203125 0.39003529531250003 0.5940009890625 0.393901334375 0.525248371875
2 0.6152072296875 0.6016938421875 0.6665961203124999 0.6026197921875001 0.6678549031250001 0.5327484515625 0.616466634375 0.5318225078125 0.6152072296875 0.6016938421875
8 0.6261784875 0.3718788421875 0.5939551390625 0.37375416562499997 0.599852525 0.47508265468750005 0.6320758718749999 0.47320734218749994 0.6261784875 0.3718788421875
9 0.7400324921875 0.5975233390625 0.7934711171875 0.5759504625 0.7456090843750001 0.45740219531250004 0.692171428125 0.478974853125 0.7400324921875 0.5975233390625
6 0.7410181890625 0.555118284375 0.7124695062499999 0.5773642359375 0.760842171875 0.6394349984375001 0.7893907140625 0.6171892062500001 0.7410181890625 0.555118284375
7 0.3546050375 0.580428928125 0.347070275 0.578203115625 0.32738690625 0.644827353125 0.3349216640625 0.6470531515625 0.3546050375 0.580428928125
7 0.3660276609375 0.5918282125000001 0.359414 0.5910156171875001 0.3503386515625 0.6648707 0.3569523109375 0.6656832890625 0.3660276609375 0.5918282125000001
7 0.644660115625 0.67842856875 0.6513817578125 0.677841596875 0.6445780078125 0.5999396796875 0.63785646875 0.600526646875 0.644660115625 0.67842856875
7 0.6639992953125 0.652618471875 0.6751377749999999 0.65000011875 0.6609765624999999 0.589765625 0.64983820625 0.5923839625 0.6639992953125 0.652618471875
6 0.3501443453125 0.67380795625 0.357266471875 0.6742035765625001 0.357941465625 0.6620535921874999 0.3508193578125 0.6616579734375 0.3501443453125 0.67380795625
