2 0.3131796875 0.60139375 0.3152171875 0.60139375 0.316915625 0.606271875 0.3203125 0.60975625 0.326765625 0.61533125 0.331521875 0.618815625 0.3352578125 0.6223 0.3386546875 0.627875 0.3400140625 0.62926875 0.3454484375 0.6334500000000001 0.3536 0.61811875 0.3563171875 0.606271875 0.35971406250000004 0.583971875 0.3614125 0.5783968749999999 0.3620921875 0.5707312499999999 0.362771875 0.5637624999999999 0.3620921875 0.557490625 0.3600546875 0.561671875 0.3600546875 0.55400625 0.3573375 0.5491296875 0.354959375 0.5470390625 0.3508828125 0.5442515625000001 0.3474859375 0.5428578125 0.345109375 0.5407671875 0.3417125 0.5365859375 0.3396734375 0.5331015625 0.33695624999999996 0.5275265625000001 0.3328796875 0.5282234375 0.3311828125 0.5296171875 0.32914374999999996 0.5331015625 0.3260875 0.5386765625 0.324728125 0.5428578125 0.32235 0.5498265625000001 0.32133124999999996 0.5560968749999999 0.3186140625 0.56515625 0.316915625 0.5707312499999999 0.315896875 0.575609375 0.31351874999999996 0.589546875 0.31351874999999996 0.59303125 0.3131796875 0.60139375
2 0.39877656250000004 0.6034843750000001 0.3991171875 0.5993031249999999 0.39877656250000004 0.58885 0.393003125 0.5860624999999999 0.39164374999999996 0.5811843750000001 0.387228125 0.5804875 0.38383124999999996 0.5811843750000001 0.381453125 0.5783968749999999 0.378396875 0.571428125 0.3756796875 0.564459375 0.37398125000000004 0.5658531250000001 0.3699046875 0.56655 0.36752656250000004 0.5658531250000001 0.3641296875 0.56655 0.36039374999999996 0.572125 0.3576765625 0.579790625 0.355978125 0.5860624999999999 0.353940625 0.5958187500000001 0.35190156250000004 0.60418125 0.35122343749999996 0.6139375 0.3522421875 0.624390625 0.3542796875 0.635540625 0.3566578125 0.643903125 0.35835625000000004 0.6487812500000001 0.3614125 0.6599296875 0.364809375 0.6662015625000001 0.3709234375 0.6689890625 0.3766984375 0.6703828125 0.3858703125 0.6543546874999999 0.3885875 0.645296875 0.3913046875 0.635540625 0.395040625 0.6223 0.39877656250000004 0.6034843750000001
4 0.39346590937500003 0.758522728125 0.41761363593749995 0.6690340906250001 0.39346590937500003 0.6690340906250001 0.37642045468749996 0.7528409093749999 0.39346590937500003 0.758522728125
4 0.37215909062499997 0.30965909062499997 0.35795454531250004 0.3068181828125 0.350852271875 0.43607954531250004 0.37784090937500003 0.440340909375 0.37215909062499997 0.30965909062499997
4 0.6619318171875 0.319602271875 0.6377840906250001 0.32528409062499997 0.632102271875 0.43181818281249995 0.6605113640625 0.428977271875 0.6619318171875 0.319602271875
2 0.34232954531250004 0.5255681828125 0.3693181828125 0.5340909093749999 0.3806818171875 0.444602271875 0.3480113640625 0.444602271875 0.34232954531250004 0.5255681828125
2 0.6292613640625 0.524147728125 0.6747159093749999 0.49857954531250004 0.65625 0.440340909375 0.6221590906250001 0.446022728125 0.6292613640625 0.524147728125
0 0.694602271875 0.5610795453125 0.555397728125 0.6463068171875 0.49005681718750005 0.6605113625000001 0.44886363593749995 0.6548295453125 0.424715909375 0.647727271875 0.3125 0.5923295453125 0.321022728125 0.6065340906250001 0.3636363640625 0.6534090906250001 0.42613636406250005 0.6704545453125 0.49573863593749995 0.6704545453125 0.5909090906250001 0.6534090906250001 0.7059659093749999 0.5838068171875 0.694602271875 0.5610795453125
0 0.5994318171875 0.49431818281249995 0.65625 0.45170454531250004 0.664772728125 0.40625 0.6349431828125 0.42045454531250004 0.616477271875 0.47017045468749996 0.5681818171875 0.49005681718750005 0.47301136406250005 0.497159090625 0.428977271875 0.49857954531250004 0.3849431828125 0.48295454531250004 0.3792613640625 0.430397728125 0.3480113640625 0.419034090625 0.3380681828125 0.455965909375 0.35795454531250004 0.484375 0.444602271875 0.515625 0.5056818171875 0.515625 0.5994318171875 0.49431818281249995
2 0.41051136406250005 0.6661931828125 0.42613636406250005 0.6065340906250001 0.40056818281249995 0.5994318171875 0.39204545468749996 0.6590909093749999 0.41051136406250005 0.6661931828125
