1 0.3317974359375 0.6485982531250001 0.3460127796875 0.6504846984375 0.351155521875 0.6117357671875 0.33694028593750003 0.6098493296874999 0.3317974359375 0.6485982531250001
1 0.3527548640625 0.6381837421875 0.3461812453125 0.6373546875 0.34370625 0.6569765624999999 0.35027986875 0.657805615625 0.3527548640625 0.6381837421875
1 0.6950974234375 0.660340203125 0.702617215625 0.6591562453125 0.6983657328125 0.6321569578124999 0.6908459796875001 0.6333409125 0.6950974234375 0.660340203125
1 0.7060483234375 0.6393200734375 0.7003294234374999 0.6421018875 0.707415646875 0.6566680093749999 0.7131345437500001 0.6538862015625 0.7060483234375 0.6393200734375
2 0.608910846875 0.6293609375 0.637906325 0.6293609375 0.6379061203124999 0.5515984375 0.60891105 0.5515984375 0.608910846875 0.6293609375
2 0.712531803125 0.5126845828125 0.669667475 0.5109489734375 0.6661605703125 0.5975511421874999 0.7090248984375 0.5992867375 0.712531803125 0.5126845828125
2 0.5486922 0.6599121875 0.49309734218749995 0.65832338125 0.49117028281249997 0.7257446234375 0.5467651421874999 0.72733341875 0.5486922 0.6599121875
2 0.4307665390625 0.6240450828124999 0.390846034375 0.6213840640625 0.3863415125 0.6889521140625 0.426262015625 0.6916131156249999 0.4307665390625 0.6240450828124999
4 0.3891716515625 0.80048244375 0.407347265625 0.801530865625 0.41386477343749994 0.6885583796875 0.395689625 0.6875099703124999 0.3891716515625 0.80048244375
7 0.6189066953125 0.5560328171875 0.6265625703125 0.5554687453125 0.62109375 0.48125 0.6134379640625001 0.48181406875 0.6189066953125 0.5560328171875
7 0.6476562390625 0.54375 0.6531250015625 0.54375 0.653124965625 0.465625 0.6476562703125001 0.465625 0.6476562390625 0.54375
