2 0.329490896875 0.5421056765625 0.3771459828125 0.5498516312499999 0.385915946875 0.4959000203125 0.3382612671875 0.48815410000000004 0.329490896875 0.5421056765625
2 0.626841959375 0.5524014390625 0.6714719125 0.54825614375 0.6657866218749999 0.48705349687500005 0.6211570984375 0.49119877343749996 0.626841959375 0.5524014390625
2 0.39686574218750004 0.6269466921875 0.39363066875 0.563888425 0.34402617343749997 0.5664330109375 0.34726095 0.629490996875 0.39686574218750004 0.6269466921875
2 0.6523375031249999 0.5681600296875 0.60586200625 0.57022023125 0.608351996875 0.6263852421875 0.6548274937499999 0.62432505 0.6523375031249999 0.5681600296875
7 0.6699453140625 0.43360037812499996 0.6645984781250001 0.432072809375 0.6507423718750001 0.48056931406250003 0.6560892046875 0.48209687656250005 0.6699453140625 0.43360037812499996
7 0.3337036765625 0.678001403125 0.3394886359375 0.6803977265625 0.3610719828125 0.6283002093750001 0.35528708125 0.6259039 0.3337036765625 0.678001403125
7 0.3705768984375 0.632299140625 0.36467001875 0.6317085328125 0.35866477343750003 0.6917613640625 0.36457165156250004 0.6923519687499999 0.3705768984375 0.632299140625
7 0.630864659375 0.70055353125 0.6370739296875 0.7002840875 0.6341015624999999 0.631796875 0.6278923765625 0.632066315625 0.630864659375 0.70055353125
7 0.6568212046874999 0.6831171687500001 0.6625868359375 0.681296675 0.6448828125 0.6252343796875001 0.63911724375 0.6270548640625 0.6568212046874999 0.6831171687500001
6 0.34491422968749996 0.7439804609375 0.35361513906250003 0.7425677171875 0.349858615625 0.7194357140625 0.3411577515625 0.7208484546875 0.34491422968749996 0.7439804609375
6 0.6569949921875 0.7297940125 0.6666595156249999 0.7320869234375 0.6711675734375 0.7130886203125 0.661503090625 0.7107957125000001 0.6569949921875 0.7297940125
6 0.3331831953125 0.7029016390625 0.3509246328125 0.6956951859375 0.3378515625 0.6635156249999999 0.3201102390625 0.6707220515625 0.3331831953125 0.7029016390625
6 0.6382040671875 0.7131318328125 0.634815721875 0.714087365625 0.6415326390625 0.737901946875 0.6449209828125 0.7369464171875 0.6382040671875 0.7131318328125
7 0.6508915187500001 0.3939032359375 0.6460160015625 0.3937305453125 0.6430134828125 0.47849442968749994 0.6478889999999999 0.47866712031249997 0.6508915187500001 0.3939032359375
7 0.646237596875 0.47708267812500005 0.651733996875 0.4773752453125 0.6556281828125 0.40421995624999996 0.6501318375 0.403927390625 0.646237596875 0.47708267812500005
6 0.41238070000000004 0.7219159703125 0.4078780703125 0.7474265796874999 0.426578821875 0.7507266734375 0.431081390625 0.7252161187499999 0.41238070000000004 0.7219159703125
6 0.23666448906249998 0.669606984375 0.255641015625 0.6817588796875 0.27954596875000004 0.6444335140625 0.26056956875 0.6322816718750001 0.23666448906249998 0.669606984375
