2 0.3443583625 0.46113412187499997 0.3030356875 0.4552783515625 0.2944844875 0.5156177609375 0.33580715781250003 0.521473503125 0.3443583625 0.46113412187499997
2 0.412262853125 0.48641872187499996 0.378978809375 0.48410829843750003 0.3741587359375 0.553540903125 0.40744277812499996 0.5558513140625 0.412262853125 0.48641872187499996
2 0.4375 0.4927328125 0.4018359375 0.4927328125 0.4018359375 0.5625 0.4375 0.5625 0.4375 0.4927328125
2 0.6355938328125 0.48570758437499995 0.5984784999999999 0.488889846875 0.6037238359375 0.550062321875 0.6408391671875 0.546880075 0.6355938328125 0.48570758437499995
2 0.6197099921875 0.48551073437500003 0.6394204078125 0.5321191109375001 0.6898091749999999 0.51081144375 0.6700986953125 0.4642032609375 0.6197099921875 0.48551073437500003
2 0.677048371875 0.5093643265625001 0.7232573265625 0.5058196890625 0.7187212781250001 0.4466933046875 0.6725127234375 0.45023792656249995 0.677048371875 0.5093643265625001
2 0.3410692171875 0.6231626984374999 0.393050471875 0.6393982953124999 0.41356780937500004 0.5737146375 0.361587159375 0.5574791421875 0.3410692171875 0.6231626984374999
2 0.6913044546875 0.52314954375 0.637556075 0.539901828125 0.65819215 0.6061046984375 0.7119404874999999 0.5893525125 0.6913044546875 0.52314954375
9 0.7018398640625 0.6370406578125001 0.777611496875 0.638123 0.7792491671875 0.523430178125 0.703479040625 0.522347846875 0.7018398640625 0.6370406578125001
7 0.616679884375 0.4897683625 0.6265626125 0.48906249218750003 0.61953125 0.390625 0.6096486515625 0.39133086562499997 0.616679884375 0.4897683625
7 0.6487470234375 0.45870630468750007 0.6578126 0.45703123124999995 0.64453125 0.38515625 0.6354657593749999 0.386831315625 0.6487470234375 0.45870630468750007
7 0.656711721875 0.4517925171875 0.6625000046875 0.45234375 0.6668574296875 0.4065905703125 0.6610691828124999 0.4060393390625 0.656711721875 0.4517925171875
7 0.67786756875 0.3870988046875 0.6737529 0.387890046875 0.682345525 0.4325717453125 0.6864601921875 0.43178050468749996 0.67786756875 0.3870988046875
7 0.6854124968749999 0.36064037187500003 0.6803006859375 0.36122455000000003 0.6874999953125001 0.42421875 0.69261180625 0.423634575 0.6854124968749999 0.36064037187500003
7 0.412767628125 0.49143356562499996 0.4148437609375 0.49140625 0.4140625 0.43203125 0.411986384375 0.43205856562499995 0.412767628125 0.49143356562499996
7 0.416581040625 0.48964737031250005 0.4204765234375 0.4898523828125 0.42388207187500004 0.42514674531249996 0.41998662500000006 0.42494173437500005 0.416581040625 0.48964737031250005
