2 0.4076992234375 0.47539177656250003 0.3767015484375 0.4703571578125 0.3657245015625 0.5379367109375 0.3967221703125 0.5429713031250001 0.4076992234375 0.47539177656250003
2 0.5890452734375 0.531905496875 0.6263482046875 0.533417846875 0.6290759125000001 0.4661381390625 0.5917733625 0.46462579687499994 0.5890452734375 0.531905496875
2 0.588312659375 0.63586039375 0.62519073125 0.6294469640625 0.6102893625 0.543773278125 0.573411846875 0.5501866578125 0.588312659375 0.63586039375
2 0.6735537265625 0.5908421171875 0.6529886796875 0.5243251156250001 0.6014682609374999 0.5402521578124999 0.62203295 0.6067688578125 0.6735537265625 0.5908421171875
9 0.2200411546875 0.6137698125 0.290529865625 0.6177294578125 0.29638867343749997 0.5134306234375 0.22590120625000001 0.5094710140625 0.2200411546875 0.6137698125
9 0.70767183125 0.646435515625 0.7601530109375 0.644141471875 0.7531801437500001 0.48465388593750003 0.70070038125 0.4869479 0.70767183125 0.646435515625
9 0.2786889859375 0.3883134015625 0.3347793171875 0.390984284375 0.340828490625 0.26394573125 0.284738853125 0.261274865625 0.2786889859375 0.3883134015625
6 0.6425896343749999 0.7391408453125 0.6261220140625 0.726380634375 0.6042424890625 0.7546123953125 0.6207100624999999 0.7673725546875 0.6425896343749999 0.7391408453125
6 0.6621416734375 0.6876596796875 0.6498499375 0.684884546875 0.6417954156250001 0.7205546546875 0.6540871484374999 0.7233297765625 0.6621416734375 0.6876596796875
7 0.6093528453125 0.7328485234375 0.6167915078124999 0.7324022640625001 0.6102430562500001 0.6232638890625 0.602804559375 0.62371014375 0.6093528453125 0.7328485234375
7 0.6334258734375 0.709344334375 0.6423612203125 0.7092013875000001 0.640625 0.6006944437499999 0.63168984375 0.600837390625 0.6334258734375 0.709344334375
7 0.6687202875 0.6841962921875 0.678228490625 0.6812859578125 0.6493055562500001 0.5868055562500001 0.63979751875 0.5897158640625 0.6687202875 0.6841962921875
7 0.3861210671875 0.47302619375 0.3949653109375 0.47222221875 0.3864341359375 0.3783797296875 0.37759 0.3791837 0.3861210671875 0.47302619375
7 0.6063659078125 0.4673078484375 0.613715315625 0.4670138875 0.608885490625 0.346269584375 0.6015361953125 0.3465635421875 0.6063659078125 0.4673078484375
6 0.5968426859375 0.3418489546875 0.616929278125 0.343674946875 0.6200147890625 0.3097338625 0.5999282640625 0.307907871875 0.5968426859375 0.3418489546875
