9 0.3195293453125 0.29507995 0.27569255625 0.292013296875 0.2658838609375 0.4322202203125 0.3097206484375 0.4352868484375 0.3195293453125 0.29507995
9 0.2473992015625 0.6506979390625001 0.31547306875 0.6369701812499999 0.293053678125 0.5258116953124999 0.22498117187500002 0.5395393109375 0.2473992015625 0.6506979390625001
8 0.3350040734375 0.7050193265625 0.35232355000000004 0.7076168921875 0.3628158328125 0.6376678359375 0.34549659843749997 0.6350702890625 0.3350040734375 0.7050193265625
8 0.348865359375 0.7028056890625 0.3657832109375 0.708726140625 0.38818840468750004 0.6447112828125 0.371270765625 0.6387908703125 0.348865359375 0.7028056890625
9 0.7802518187499999 0.557243315625 0.7089796171875 0.5498845015625 0.6980197890625 0.656022253125 0.76929198125 0.6633809953124999 0.7802518187499999 0.557243315625
6 0.6802860125 0.7383999390625 0.703713615625 0.73201455625 0.6858517265625 0.6664908656249999 0.6624244484374999 0.6728762015624999 0.6802860125 0.7383999390625
6 0.38003324374999997 0.679385853125 0.35746298906249996 0.676163409375 0.34810483593749997 0.7416987796875001 0.3706750859375 0.7449212000000001 0.38003324374999997 0.679385853125
6 0.32972724531250003 0.737696621875 0.350910828125 0.7394609125 0.354876778125 0.6918487203125 0.333693415625 0.6900844390625 0.32972724531250003 0.737696621875
6 0.6871053765624999 0.7369839046875 0.6796964453125 0.721221084375 0.665390709375 0.7279440625 0.6727996078125 0.7437068546875001 0.6871053765624999 0.7369839046875
6 0.3103379984375 0.7351812296875 0.32405471406249997 0.73952415625 0.331667990625 0.7154821359375 0.31795134687500004 0.7111392203125 0.3103379984375 0.7351812296875
6 0.4976058671875 0.746207334375 0.46875159843749997 0.74151094375 0.46376674375000004 0.77213221875 0.4926210078125 0.7768285921875 0.4976058671875 0.746207334375
8 0.6956463453125 0.7225218671875 0.718063665625 0.718901084375 0.7009026890625 0.612669075 0.6784858515625001 0.6162898171875 0.6956463453125 0.7225218671875
8 0.669479365625 0.730823440625 0.69466028125 0.7281731359375 0.6778039375 0.5680437656249999 0.6526238078125 0.5706940281249999 0.669479365625 0.730823440625
