8 0.35232355070695576 0.7076168923308661 0.33500407284918765 0.7050193262328627 0.3454965987440346 0.6350702885624571 0.3628158329358939 0.6376678362077002
8 0.3657832108074217 0.7087261406977979 0.348865359113006 0.7028056887842846 0.37127076505396417 0.6387908704108901 0.3881884046527375 0.6447112820550217
6 0.7037136162963407 0.7320145561645607 0.6802860125669667 0.7383999394328644 0.6624244480846073 0.6728762018972817 0.6858517270966331 0.6664908655558189
6 0.3574629883516991 0.6761634093453187 0.3800332436521785 0.6793858532648818 0.37067508671532323 0.7449211997264727 0.34810483621026833 0.7416987789556017
6 0.3509108287637446 0.739460912803946 0.3297272453755795 0.7376966225129509 0.3336934160658984 0.6900844397131163 0.35487677855053334 0.6918487207104752
6 0.6796964454566705 0.7212210840823668 0.6871053769128821 0.7369839048973963 0.6727996084625829 0.7437068553580481 0.6653907096784906 0.7279440623461065
6 0.3240547134341796 0.7395241562250618 0.3103379985442416 0.7351812294413648 0.31795134633671296 0.7111392208138665 0.3316679900167401 0.7154821354406962
6 0.4687515984986703 0.741510943997672 0.4976058672361887 0.7462073341687476 0.49262100799467134 0.7768285926612138 0.46376674331395407 0.7721322193345399
8 0.7180636649171674 0.7189010844315734 0.6956463460029454 0.722521866613348 0.6784858512746723 0.6162898169799518 0.7009026887393475 0.6126690744628264
8 0.6946602815171445 0.728173136554553 0.6694793660797131 0.7308234398524395 0.6526238082644795 0.5706940282173933 0.6778039367543442 0.5680437663784876
