1 0.252815625 0.5811375 0.25586875 0.5836328125 0.26265312500000004 0.5836328125 0.27147343749999997 0.5836328125 0.2752046875 0.5836328125 0.27825781250000003 0.5792640625 0.27791875 0.5724 0.27690000000000003 0.5624140625 0.2735078125 0.5518046875 0.2721515625 0.5461890625 0.267740625 0.544940625 0.2629921875 0.5393234375 0.258921875 0.548684375 0.25485 0.5592937499999999 0.25349374999999996 0.5717765625 0.252815625 0.5811375
1 0.306753125 0.5998593750000001 0.31794687499999996 0.604228125 0.319303125 0.6011078125 0.3243921875 0.5998593750000001 0.3267671875 0.5948671875 0.3298203125 0.578640625 0.3304984375 0.5580468749999999 0.3284625 0.55118125 0.325409375 0.5436921875 0.3199828125 0.5393234375 0.31489375000000003 0.5418203125 0.3098046875 0.544940625 0.306753125 0.565534375 0.3047171875 0.5736484374999999 0.30505625 0.591746875 0.306753125 0.5998593750000001
1 0.331509375 0.6067609375 0.3325296875 0.6053531249999999 0.3343125 0.6053531249999999 0.33813593750000004 0.602071875 0.3427234375 0.5983203125000001 0.34374375 0.5941 0.3417046875 0.5875359375 0.3391546875 0.5847234375 0.3353328125 0.5842546875 0.331509375 0.6067609375
1 0.529796875 0.5931625 0.526228125 0.58988125 0.5218953125 0.5912875 0.5196015625 0.5964453125 0.5241890625 0.5983203125000001 0.526228125 0.601603125 0.5267375000000001 0.6105109375 0.5254640625 0.6203578125 0.5246984375 0.624578125 0.520875 0.627390625 0.5175625 0.6269218750000001 0.5160328125 0.6297359375 0.5173078125 0.6334859374999999 0.52215 0.6372375 0.52571875 0.6358312500000001 0.530815625 0.6339546875 0.531325 0.6297359375 0.52903125 0.625046875 0.5282671875 0.6189515625 0.5305609375 0.61285625 0.5305609375 0.605821875 0.5318343750000001 0.5964453125 0.529796875 0.5931625
7 0.5188375 0.5626859375000001 0.5206203125 0.5880046875 0.527246875 0.580971875 0.5277578125 0.5617484375 0.5252078124999999 0.5472125 0.5216406250000001 0.5068890625 0.5213859375000001 0.49657343750000005 0.5173078125 0.48954062499999995 0.518071875 0.47781874999999996 0.5137390625 0.491884375 0.5167984375 0.52095625 0.5188375 0.5626859375000001
2 0.6034531249999999 0.6358312500000001 0.6128828125 0.625984375 0.6123734375 0.6076984375000001 0.60956875 0.5870671875 0.6052375 0.5819093750000001 0.6024328125 0.5772203124999999 0.598865625 0.5776890625 0.594278125 0.580503125 0.588415625 0.5837859375 0.5835734375 0.581440625 0.576946875 0.582846875 0.5738875 0.5931625 0.5789859374999999 0.627390625 0.588415625 0.63676875 0.596571875 0.6386437500000001 0.6034531249999999 0.6358312500000001
7 0.6554453125 0.5195484375 0.6521328125 0.49282343749999996 0.6485640625 0.46890937499999996 0.646015625 0.4731296875 0.6585046875 0.559871875 0.6615624999999999 0.5458062499999999 0.6554453125 0.5195484375
7 0.664875 0.5073578125 0.6643656250000001 0.537365625 0.66844375 0.537834375 0.667934375 0.5134531250000001 0.6653859375 0.46469062499999997 0.664875 0.5073578125
1 0.69151875 0.592284375 0.694603125 0.5917687500000001 0.6934812499999999 0.5804218750000001 0.6929203125 0.5737171875 0.688715625 0.5659796874999999 0.6856312499999999 0.5737171875 0.6859109375 0.583515625 0.688715625 0.5881578125 0.69151875 0.592284375
0 0.538352271875 0.7457386374999999 0.6051136359375 0.734375 0.647727271875 0.75 0.6931818171875 0.7400568171875 0.7386363640625 0.6860795453125 0.734375 0.6690340906250001 0.6051136359375 0.7215909093749999 0.460227271875 0.7357954546875 0.42755681718750005 0.7315340906250001 0.33096590937500003 0.7130681828125 0.296875 0.7002840906250001 0.241477271875 0.6846590906250001 0.17471590937499998 0.6051136374999999 0.164772728125 0.6434659093749999 0.25 0.71875 0.2911931828125 0.734375 0.31107954531250004 0.75 0.375 0.7329545453125 0.45454545468749996 0.7556818171875 0.538352271875 0.7457386374999999
0 0.6193181828125 0.5681818171875 0.71875 0.538352271875 0.7144886359375 0.5170454546875 0.6363636359375 0.5497159093749999 0.5823863640625 0.5639204546875 0.49005681718750005 0.569602271875 0.413352271875 0.5596590906250001 0.366477271875 0.553977271875 0.272727271875 0.5369318171875 0.221590909375 0.5184659093749999 0.3536931828125 0.5667613625000001 0.47017045468749996 0.5880681828125 0.5369318171875 0.585227271875 0.6193181828125 0.5681818171875
5 0.257102271875 0.7400568171875 0.3025568171875 0.772727271875 0.32670454531250004 0.725852271875 0.3323863640625 0.6704545453125 0.28267045468749996 0.6661931828125 0.257102271875 0.7400568171875
5 0.6377840906250001 0.7869318171875 0.7002840906250001 0.7599431828125 0.6761363640625 0.6548295453125 0.6235795453125 0.6761363625000001 0.6377840906250001 0.7869318171875
5 0.5994318171875 0.5326704546875 0.6193181828125 0.6065340906250001 0.6434659093749999 0.6051136374999999 0.6448863640625 0.5213068171875 0.6434659093749999 0.524147728125 0.5994318171875 0.5326704546875
8 0.6221590906250001 0.491477271875 0.6306818171875 0.47869318281249995 0.625 0.43892045468749996 0.609375 0.48011363749999997 0.6221590906250001 0.491477271875
