4 0.3381240520123839 0.3174609154761905 0.3400025188854489 0.2786392654761905 0.3406286749226006 0.2617330630952381 0.3356194297213623 0.2592284404761905 0.3306101845201238 0.2592284404761905 0.32622709473684214 0.26924692976190473 0.32121784953560373 0.30806858095238093 0.3174609157894737 0.346264075 0.3337409622291022 0.34814254285714286 0.3381240520123839 0.3174609154761905
4 0.37005799009287926 0.35315178809523806 0.36943183467492263 0.3168347595238095 0.36880567925696595 0.29053622261904766 0.3669272117647059 0.2811438880952381 0.36567490092879257 0.27926542023809525 0.3631702780185758 0.27926542023809525 0.3587871888544892 0.27989157619047617 0.35628256594427243 0.2949193119047619 0.3550302544891641 0.3249747833333333 0.35002100928792573 0.3625441226190476 0.35565641052631575 0.3619179666666667 0.3675533678018576 0.3650487452380952 0.37005799009287926 0.35315178809523806
4 0.39760883900928795 0.37068414642857145 0.39760883900928795 0.31370398214285716 0.3951042160990712 0.30055471309523807 0.38884266006191953 0.30118086904761904 0.3863380371517028 0.30806858095238093 0.3838334148606811 0.3556564107142857 0.3813287919504644 0.3976088392857143 0.3838334148606811 0.39698268333333336 0.38508572569659444 0.39698268333333336 0.3938519052631579 0.39447806071428576 0.39760883900928795 0.37068414642857145
4 0.7138174433436533 0.39322575000000004 0.7138174433436533 0.3306101845238095 0.7125651318885449 0.2967977785714286 0.7113128204334366 0.29053622261904766 0.7075558866873065 0.28740544404761903 0.6994158631578947 0.2892839107142857 0.6944066179566564 0.29617162380952383 0.6956589294117647 0.3249747833333333 0.6919019956656346 0.3631702785714286 0.6912758396284829 0.39322575000000004 0.6944066179566564 0.39385190476190474 0.71068666501548 0.3951042166666667 0.7138174433436533 0.39322575000000004
4 0.6574634346749226 0.6699865476190475 0.6480710996904024 0.6775004154761906 0.6530803448916408 0.7144435988095238 0.6605942130030961 0.7482560035714285 0.668108080495356 0.760152961904762 0.6812573492260061 0.7526390940476191 0.6768742594427245 0.7282190226190476 0.671865014241486 0.6775004154761906 0.669986547368421 0.6668557690476191 0.6618465238390092 0.6668557690476191 0.6574634346749226 0.6699865476190475
6 0.7344805795665635 0.6386787654761905 0.7332282687306502 0.6512018785714286 0.7376113578947368 0.661220369047619 0.7444990699690403 0.6656034583333333 0.7501344712074304 0.6574634345238095 0.7651622068111454 0.6436880107142857 0.7601529616099071 0.6311648976190476 0.748882159752322 0.6230248738095239 0.7444990699690403 0.6173894726190476 0.7363590464396285 0.6217725619047619 0.7344805795665635 0.6386787654761905
4 0.374441079876161 0.6424356988095238 0.37318876842105264 0.6605942130952381 0.37193645696594424 0.6950327738095239 0.37318876842105264 0.7163220654761905 0.3838334148606811 0.7144435988095238 0.38884266006191953 0.6887712166666666 0.3957303721362229 0.6555849678571428 0.39197343839009285 0.6436880107142857 0.3900949708978328 0.6411833880952381 0.3832072588235294 0.6399310761904762 0.3794503250773994 0.6399310761904762 0.374441079876161 0.6424356988095238
4 0.347516386996904 0.6524541892857143 0.34188098575851394 0.6831358166666666 0.3393763634674923 0.7044251083333333 0.35002100928792573 0.7144435988095238 0.35565641052631575 0.7069297309523809 0.36129181114551084 0.6693603916666667 0.36504874489164085 0.6493234107142857 0.36254412260061913 0.6436880107142857 0.34939485386996905 0.6361741428571429 0.34626407554179567 0.6399310761904762 0.347516386996904 0.6524541892857143
4 0.3074424253869969 0.6180156285714287 0.3049378024767802 0.6499495666666666 0.30118086873065014 0.6775004154761906 0.3124516705882353 0.6787527261904762 0.3180870712074303 0.6693603916666667 0.32121784953560373 0.6355479869047619 0.32560093931888545 0.6180156285714287 0.3243486278637771 0.6136325392857143 0.3143301374613003 0.6092494488095238 0.30806858080495353 0.6029878928571429 0.3074424253869969 0.6180156285714287
0 0.43329971083591334 0.6317910523809523 0.43956126749226004 0.6330433642857143 0.4489536024767802 0.6330433642857143 0.4621028712074304 0.6336695202380952 0.48464447430340557 0.6374264535714286 0.5009245213622291 0.6380526095238096 0.5090645448916409 0.6374264535714286 0.5234661250773994 0.6380526095238096 0.5353630823529412 0.6380526095238096 0.5485123510835913 0.6368002976190476 0.5560262191950465 0.6361741428571429 0.574184733126935 0.6368002976190476 0.5810724452012384 0.6374264535714286 0.5973524922600619 0.6336695202380952 0.6211464068111455 0.6292864297619047 0.6280341188854489 0.6249033404761904 0.626155652012384 0.5760632 0.58357706749226 0.5810724452380953 0.5535215962848297 0.5816986011904762 0.5115691678018576 0.5816986011904762 0.48213985201238385 0.5791939785714286 0.4639813380804954 0.5760632 0.4445705126934984 0.5754370440476191 0.42829046563467493 0.5748108880952381 0.4145150414860681 0.5698016428571429 0.4095057962848297 0.5679231761904762 0.4113842631578947 0.6155110059523808 0.4220289095975232 0.6255294964285715 0.43329971083591334 0.6317910523809523
0 0.4489536024767802 0.43329971071428575 0.45897209287925694 0.4370566452380953 0.5297276817337462 0.45271053690476193 0.6324172086687306 0.43517817857142854 0.644940321362229 0.3819549476190476 0.6399310761609907 0.3825811035714286 0.6098756049535604 0.3850857261904762 0.5647923981424149 0.39447806071428576 0.5046814557275542 0.39948730595238097 0.44957975789473686 0.3976088392857143 0.4489536024767802 0.43329971071428575
