4 0.3261137257145492 0.2582934811296701 0.34377292478939125 0.2600303998634575 0.3350931088203879 0.3482755356879922 0.31743391080033234 0.34653862399848423
4 0.3577994848775461 0.2785362393190138 0.3768038807585299 0.28029584734264484 0.3689444944246816 0.3651775485892073 0.34994009954868943 0.36341794783010734
4 0.3867844040747741 0.30008928697123527 0.40151208475992917 0.30091318044653503 0.39605647252631115 0.39843272826291143 0.3813287921875599 0.3976088390625023
4 0.6934865243806598 0.2871123430531624 0.7160183501224537 0.2875817384656855 0.7137769677862025 0.395168594142394 0.6912451421271726 0.3946992013490268
4 0.6469024810587598 0.6688817766730675 0.6702668967958516 0.6657141935121862 0.6828020340841476 0.7581608774469352 0.6594376248366416 0.7613284286348339
6 0.7434457358218651 0.6667206627037214 0.7172573506260278 0.6420318116776884 0.7428677534958297 0.6148694139728973 0.7690560356163587 0.6395581750150968
4 0.3746544827515663 0.6393413074892295 0.39674556478360046 0.6408646298382148 0.39145471940503285 0.717581610627453 0.36936363857580545 0.7160583003018931
4 0.3466960262987868 0.6358859584833888 0.3662606863753126 0.6379750940861297 0.3580031683195557 0.7152959352185259 0.33843851090125554 0.7132068162922466
4 0.3080685317682992 0.6029878876141505 0.32682975595082553 0.6047218948409551 0.31992278755137704 0.6794432399295598 0.3011615651507782 0.6777092454266361
6 0.6106151959749013 0.6787977478800116 0.6273551772612791 0.6775103165761934 0.6294267452874465 0.7044422477987572 0.6126867644197773 0.7057296754391753
6 0.4628502207109477 0.6800791938444769 0.4790103006350819 0.6808486069133121 0.4770723717896317 0.7215451613535496 0.46091229211253903 0.7207757516325314
