2 0.6519298796874999 0.38907335781249996 0.6021722125 0.39789654375 0.6196629953125 0.49652878125 0.669420646875 0.4877056546875 0.6519298796874999 0.38907335781249996
2 0.6475751296875 0.5101745265625001 0.6033048562500001 0.5163352453125001 0.6142915953125 0.5952776890625 0.6585618609375 0.5891170109375 0.6475751296875 0.5101745265625001
9 0.681493578125 0.356346575 0.7266105546875 0.3530587671875 0.7136836546875001 0.175678775 0.668567359375 0.17896655781249998 0.681493578125 0.356346575
4 0.6442534281250001 0.689389334375 0.667986171875 0.6849669656249999 0.6539236703125 0.6095108109375 0.6301912703125 0.613933146875 0.6442534281250001 0.689389334375
6 0.377013209375 0.6157167046875001 0.3418298109375 0.6146087125 0.3391861484375 0.6985453609375 0.3743695453125 0.6996533453125 0.377013209375 0.6157167046875001
7 0.6696265875 0.42829743125 0.6747031328124999 0.42745563437499995 0.665844340625 0.3740345875 0.660767828125 0.37487638125 0.6696265875 0.42829743125
7 0.6773912453125 0.4238238984375 0.6823251640625 0.42400217500000004 0.6843090609375 0.3690987375 0.6793751734375 0.3689204625 0.6773912453125 0.4238238984375
7 0.678225409375 0.3811457453125 0.6730861609375001 0.381195159375 0.6734919890625 0.4234012921875 0.6786312375 0.42335187812499997 0.678225409375 0.3811457453125
6 0.3206851328125 0.6818412375 0.3241015625 0.6830468749999999 0.33377796875 0.6556304609375 0.3303615578125 0.6544248265625 0.3206851328125 0.6818412375
6 0.37912988593749997 0.329250778125 0.3942390921875 0.330175803125 0.39601428906249997 0.3011805609375 0.380905125 0.3002555375 0.37912988593749997 0.329250778125
6 0.635505321875 0.2806040765625 0.6158676390625 0.2810830890625 0.61670844375 0.3155519328125 0.6363461265625 0.315072921875 0.635505321875 0.2806040765625
5 0.6066423671875001 0.560862821875 0.6517857140625 0.6015625 0.726419575 0.5187869234375 0.6812766875 0.478087609375 0.6066423671875001 0.560862821875
5 0.28286328906249997 0.568614340625 0.332134521875 0.5777802953125 0.3461456265625 0.50246946875 0.296875 0.493303571875 0.28286328906249997 0.568614340625
