2 0.7138728203125 0.42668466718750003 0.6692650625 0.4295455046875 0.6741877671875 0.5062981640625 0.7187955234375 0.50343734375 0.7138728203125 0.42668466718750003
2 0.6319022859375 0.517529578125 0.6752737062499999 0.5151033968750001 0.6716375609375 0.4501106765625 0.6282665625 0.4525368453125 0.6319022859375 0.517529578125
2 0.44259531250000006 0.5804875 0.40964687499999997 0.5804875 0.40964687499999997 0.6536578125 0.44259531250000006 0.6536578125 0.44259531250000006 0.5804875
9 0.278651525 0.396681409375 0.31672239375 0.39492435625 0.3108622015625 0.2679599453125 0.2727918234375 0.2697169875 0.278651525 0.396681409375
9 0.7885416671875001 0.55625 0.725 0.55625 0.725 0.6635416671875001 0.7885416671875001 0.6635416671875001 0.7885416671875001 0.55625
7 0.423674571875 0.652941603125 0.4184765453125 0.6524218734375 0.412273096875 0.7144564953125 0.4174711234375 0.7149762203125001 0.423674571875 0.652941603125
6 0.6408383234375 0.3620813609375 0.6309738609375 0.3831544328125 0.6499777046874999 0.3920498625 0.6598421359375 0.370976815625 0.6408383234375 0.3620813609375
6 0.6536745093749999 0.3876307125 0.6683409890625 0.38689741875 0.6667133875 0.3543459890625 0.6520469609374999 0.35507928125 0.6536745093749999 0.3876307125
7 0.645853375 0.43821926875 0.6503939375 0.43779504375 0.6444171875 0.3738281296875 0.6398766593749999 0.3742523515625 0.645853375 0.43821926875
7 0.642430015625 0.4432139984375 0.64828026875 0.44226048437500004 0.6385258796875 0.38241609374999996 0.6326756703124999 0.383369603125 0.642430015625 0.4432139984375
7 0.6708255953125 0.367925440625 0.6586226765625 0.3720794125 0.6811328109375 0.43820312499999997 0.693335721875 0.4340491703125 0.6708255953125 0.367925440625
7 0.68809595625 0.42593893749999995 0.694338753125 0.42559844062499996 0.6908283359375 0.36124090625 0.6845855890625 0.36158140156249996 0.68809595625 0.42593893749999995
6 0.2998879796875 0.7294502578125 0.298436821875 0.7044235140625 0.269941675 0.7060755249999999 0.27139275 0.7311021921874999 0.2998879796875 0.7294502578125
6 0.3516502921875 0.7181396984374999 0.3522549875 0.708264071875 0.3399036796875 0.707507903125 0.3392989734375 0.717383515625 0.3516502921875 0.7181396984374999
6 0.4156463296875 0.7014478671875 0.3975265109375 0.7084047578125 0.40968920468750003 0.740078540625 0.4278090109375 0.733121675 0.4156463296875 0.7014478671875
6 0.3903827375 0.7015185546875 0.3814425921875 0.6998933296875001 0.3743830578125 0.738720834375 0.3833232015625 0.7403460515625 0.3903827375 0.7015185546875
