2 0.7157 0.438953125 0.6732671875 0.438953125 0.6732671875 0.519621875 0.7157 0.519621875 0.7157 0.438953125
2 0.5561567921874999 0.7037848984374999 0.5810896999999999 0.7005311062499999 0.5686244703125001 0.6050283359375 0.5436920359374999 0.608282096875 0.5561567921874999 0.7037848984374999
2 0.5768890796874999 0.681872640625 0.5996589234374999 0.679658203125 0.5921297359375 0.6022512718749999 0.5693602375 0.6044656921875 0.5768890796874999 0.681872640625
2 0.6248234375 0.5893890625 0.5929984375 0.5893890625 0.5929984375 0.6751453125 0.6248234375 0.6751453125 0.6248234375 0.5893890625
2 0.400879434375 0.65140668125 0.4370852046875 0.65559875 0.44533548281249996 0.5843494234375 0.4091301953125 0.5801573828125 0.400879434375 0.65140668125
2 0.3560338375 0.6327569296875 0.40766393437500004 0.6379079875 0.4156423203125 0.55794378125 0.36401297499999996 0.5527927609375001 0.3560338375 0.6327569296875
2 0.36738981875 0.41133070624999996 0.30779730625 0.41369690312499996 0.31125106874999997 0.5006743984375001 0.3708435796875 0.498308215625 0.36738981875 0.41133070624999996
2 0.35891086250000004 0.5138078125 0.40028288125 0.5138078125 0.40028267656249994 0.43967968749999997 0.35891110312499996 0.43967968749999997 0.35891086250000004 0.5138078125
2 0.42326718750000003 0.45058125000000004 0.3907359375 0.45058125000000004 0.3907359375 0.5363374999999999 0.42326718750000003 0.5363374999999999 0.42326718750000003 0.45058125000000004
2 0.44154733437499993 0.47138575156250007 0.4141287671875 0.47338679531250005 0.4195384765625 0.5475056875 0.4469570421875 0.5455046546875 0.44154733437499993 0.47138575156250007
9 0.244828546875 0.7392159640625 0.3014355625 0.7258208546875 0.27647141406250003 0.6203417015625 0.219865603125 0.6337366624999999 0.244828546875 0.7392159640625
9 0.735976278125 0.6642800921875 0.7858701499999999 0.655585090625 0.764760090625 0.534467346875 0.7148673078125001 0.5431622515625001 0.735976278125 0.6642800921875
7 0.679972690625 0.349159996875 0.6762643109375001 0.34948245 0.6832386296874999 0.4296875 0.6869470093750001 0.42936505 0.679972690625 0.349159996875
