7 0.30815000000000003 0.474465625 0.30815000000000003 0.45435156250000003 0.30548125000000004 0.41912656249999997 0.3049484375 0.4538609375 0.30468125 0.496540625 0.30921875 0.4867296875 0.30815000000000003 0.474465625
1 0.7356671875 0.4891828125 0.7362015625 0.5083140625 0.737803125 0.5210703125 0.7434062499999999 0.52205 0.7476765624999999 0.5142015625 0.7506125 0.5019375 0.746609375 0.4906546875 0.7420718749999999 0.4837859375 0.7367359375 0.47740937499999997 0.7356671875 0.4891828125
7 0.6760953125 0.4867203125 0.6811078125 0.46460625 0.684315625 0.449125 0.68591875 0.4343828125 0.6855187500000001 0.42443125000000004 0.684715625 0.4259046875 0.682109375 0.4402796875 0.6783 0.46055156249999996 0.6748921875 0.47787499999999994 0.6722859375 0.482665625 0.6760953125 0.4867203125
7 0.667875 0.4738203125 0.671684375 0.4771375 0.6724859375000001 0.4262734375 0.667875 0.4738203125
7 0.6610578125 0.4929859375 0.6610578125 0.496303125 0.6636640625 0.48966875 0.6626609375 0.4738203125 0.6596546875 0.4513375 0.659053125 0.43069687500000003 0.6588515625 0.42221875000000003 0.6608562499999999 0.4119 0.6562453125000001 0.43364531250000005 0.6572484375000001 0.45612812500000005 0.6596546875 0.4771375 0.6610578125 0.4929859375
2 0.6410671875 0.652503125 0.6464046875 0.6578546875 0.6602328125 0.6614234375 0.673334375 0.6583015624999999 0.68595 0.64670625 0.688375 0.6342187499999999 0.687890625 0.61191875 0.68449375 0.5945265625 0.6781859375 0.5914046875000001 0.6728484375 0.5905125 0.665328125 0.592296875 0.6558671875 0.59541875 0.65004375 0.5940796875000001 0.641553125 0.5931890625 0.6333046875 0.6007703125 0.63015 0.60924375 0.6318484375 0.624853125 0.6354875 0.6431375 0.6410671875 0.652503125
7 0.67139375 0.6578546875 0.6789140625 0.677478125 0.68570625 0.6979921874999999 0.6934703125 0.717615625 0.6992921875 0.7292109375 0.7039015625 0.736346875 0.69104375 0.7028984375 0.6847359375 0.683721875 0.6777015625 0.6645453125 0.6743046875 0.6547328125 0.67139375 0.6578546875
7 0.66071875 0.7015609375 0.66071875 0.67703125 0.659990625 0.6627609375 0.65416875 0.6596390624999999 0.656109375 0.6712343749999999 0.656109375 0.6877359375000001 0.65805 0.7060203125 0.6633875 0.7269812499999999 0.6682390625 0.7457125 0.674546875 0.751509375 0.66605625 0.7292109375 0.66071875 0.7015609375
0 0.5765913640625 0.6745473734375 0.6153045171875 0.6704414328125 0.65167141875 0.662229553125 0.705048646875 0.655190796875 0.7455214890625 0.629382028125 0.73613648125 0.595947940625 0.6909711359374999 0.6147179546875 0.624689525 0.6311417171875 0.595947940625 0.63290140625 0.5683794828125001 0.63407453125 0.511482878125 0.646392353125 0.46397128125 0.646392353125 0.4340565703125 0.645219228125 0.39710310625 0.642872975 0.3308214953125 0.6323148421875 0.2809636453125 0.621170146875 0.22817298125000002 0.5889091859375 0.22230735156249998 0.63407453125 0.2604339421875 0.664575803125 0.3314080578125 0.671614559375 0.36601527031250003 0.676893625 0.40120904687500003 0.6833458171875 0.4463743921875 0.6880383218749999 0.47804879062500005 0.689798009375 0.5765913640625 0.6745473734375
0 0.45224002187499995 0.5478497796874999 0.5337722687500001 0.5449169656249999 0.6323148421875 0.5337722687500001 0.689211446875 0.5249738265625 0.7285111640624999 0.5079635 0.773676509375 0.485674109375 0.7654646281249999 0.4346431328125 0.7367230453125 0.4504803328125 0.6933173874999999 0.469250346875 0.6563639218749999 0.48332785781250004 0.6229298359375 0.48919348749999997 0.5818704296874999 0.495059115625 0.54902290625 0.503857559375 0.51617538125 0.5073769375 0.4803950421875 0.5073769375 0.4281909421875 0.5085500625 0.39768966875 0.5091366265625 0.3578033890625 0.495059115625 0.33023493125000003 0.4921263015625 0.29562771875 0.476875665625 0.24811612031250002 0.4557594 0.241663928125 0.5073769375 0.2926949046875 0.5220410109375 0.326128990625 0.5249738265625 0.3853718484375 0.5390513359375 0.45224002187499995 0.5478497796874999
