2 0.376590753125 0.5741281703125 0.3765905515625 0.49491243125000006 0.3235500546875 0.494912615625 0.323549915625 0.5741280140625 0.376590753125 0.5741281703125
2 0.6960822484375 0.5148996390625 0.6500876890625 0.5137822640625 0.6482422437500001 0.589739609375 0.6942368046875 0.5908569765625 0.6960822484375 0.5148996390625
2 0.6806840296875001 0.6167877296875 0.62703319375 0.6236563281249999 0.6376194015625 0.706334721875 0.6912702265624999 0.69946618125 0.6806840296875001 0.6167877296875
2 0.5980794953124999 0.7262429984375001 0.63008743125 0.7272586234375 0.6328370953125 0.6406050046875 0.6008297359375 0.6395893890625 0.5980794953124999 0.7262429984375001
2 0.33115166406249996 0.6918998015625 0.39239220937499997 0.6993448796874999 0.4033110390625 0.6095378453125 0.34207156875 0.60209283125 0.33115166406249996 0.6918998015625
2 0.43932983593749997 0.6252651015625 0.3993864140625 0.6258825328125 0.4009033203125 0.72400281875 0.44084674375 0.7233853953125 0.43932983593749997 0.6252651015625
9 0.30174088593750004 0.5890513484375 0.24801038593750002 0.58051394375 0.22299380468750002 0.7379370062499999 0.2767242734375 0.7464742734375001 0.30174088593750004 0.5890513484375
2 0.6731622484375 0.660975234375 0.7146132656249999 0.675354415625 0.7366550828125 0.6118214281250001 0.6952045546875001 0.5974423390625 0.6731622484375 0.660975234375
2 0.738721784375 0.50795491875 0.6949787421875 0.50795491875 0.6949787421875 0.57133769375 0.738721784375 0.57133769375 0.738721784375 0.50795491875
7 0.7075963140625 0.5143625640625 0.7167969828125 0.5136718671875 0.7098214281249999 0.420758928125 0.7006208828125 0.4214496203125 0.7075963140625 0.5143625640625
