0 0.7002840906250001 0.5482954546875 0.6903409093749999 0.5426136374999999 0.6136363640625 0.6079545453125 0.578125 0.6349431828125 0.5454545453125 0.663352271875 0.450284090625 0.6576704546875 0.29403409062499997 0.5170454546875 0.3025568171875 0.5497159093749999 0.40198863593749995 0.632102271875 0.430397728125 0.6605113625000001 0.48863636406250005 0.6832386374999999 0.585227271875 0.664772728125 0.6278409093749999 0.6193181828125 0.7002840906250001 0.5482954546875
0 0.5667613640625 0.497159090625 0.6036931828125 0.47017045468749996 0.6846590906250001 0.403409090625 0.6832386359375 0.37357954531250004 0.6278409093749999 0.42755681718750005 0.553977271875 0.487215909375 0.5056818171875 0.492897728125 0.440340909375 0.484375 0.419034090625 0.43607954531250004 0.3849431828125 0.40056818281249995 0.303977271875 0.36221590937500003 0.3082386359375 0.39346590937500003 0.409090909375 0.487215909375 0.434659090625 0.5099431828125 0.5355113640625 0.5142045453125 0.5667613640625 0.497159090625
4 0.37215909062499997 0.42329545468749996 0.38778409062499997 0.29829545468749996 0.37215909062499997 0.29829545468749996 0.352272728125 0.399147728125 0.37215909062499997 0.42329545468749996
4 0.5497159093749999 0.3025568171875 0.5355113640625 0.3025568171875 0.5582386359375 0.481534090625 0.5738636359375 0.477272728125 0.5497159093749999 0.3025568171875
4 0.409090909375 0.44318181718750005 0.42755681718750005 0.31107954531250004 0.40056818281249995 0.3068181828125 0.3849431828125 0.428977271875 0.409090909375 0.44318181718750005
5 0.6448863640625 0.555397728125 0.6661931828125 0.6136363625000001 0.7045454546875 0.609375 0.710227271875 0.5767045453125 0.6903409093749999 0.5255681828125 0.6448863640625 0.555397728125
5 0.6150568171875 0.5681818171875 0.6264204546875 0.6463068171875 0.664772728125 0.6519886374999999 0.6704545453125 0.6235795453125 0.640625 0.546875 0.6150568171875 0.5681818171875
5 0.5568181828125 0.5411931828125 0.5838068171875 0.538352271875 0.571022728125 0.471590909375 0.5454545453125 0.48863636250000003 0.5568181828125 0.5411931828125
5 0.36079545468749996 0.497159090625 0.39204545468749996 0.5042613625000001 0.40482954531250004 0.44744318281249995 0.382102271875 0.43323863749999997 0.36079545468749996 0.497159090625
5 0.350852271875 0.414772728125 0.3394886359375 0.453125 0.3480113640625 0.481534090625 0.36079545468749996 0.481534090625 0.382102271875 0.430397728125 0.350852271875 0.414772728125
