5 0.723551890625 0.595797196875 0.756471684375 0.5964553031250001 0.75766036875 0.5369950828125 0.7247409140625 0.5363369812500001 0.723551890625 0.595797196875
5 0.7432689703124999 0.6084525000000001 0.74376421875 0.5958942 0.7154811578125 0.5947789421875 0.714985878125 0.6073372078125 0.7432689703124999 0.6084525000000001
5 0.70429815 0.6728528203125 0.722600025 0.6555805515625 0.6970217984375 0.62848115625 0.6787199953124999 0.6457533609375 0.70429815 0.6728528203125
5 0.2735834078125 0.5846531374999999 0.2521512375 0.5635648546875001 0.22358233125 0.59259664375 0.245014425 0.6136848500000001 0.2735834078125 0.5846531374999999
5 0.24047914375 0.615240303125 0.2517589140625 0.6335604453125 0.26908003125 0.6228969953125 0.2578002625 0.6045768875 0.24047914375 0.615240303125
5 0.6817046140625 0.319036275 0.663657059375 0.3111284828125 0.6471979390625 0.3486910796875 0.665245484375 0.35659885468749997 0.6817046140625 0.319036275
5 0.6304646625 0.7019709578125 0.6096874984375 0.7026151078125 0.6110618546875 0.746938228125 0.63183901875 0.7462940828125 0.6304646625 0.7019709578125
5 0.2800592328125 0.63116065 0.26797528437499996 0.6334621 0.27321197656249996 0.6609543015625 0.285295921875 0.6586528578124999 0.2800592328125 0.63116065
5 0.6893439078125 0.6812014921875 0.67542585625 0.6572528796875 0.6590220765625 0.6667848578125 0.672940075 0.6907334234375 0.6893439078125 0.6812014921875
5 0.42695860156250004 0.37397676562500004 0.4009427078125 0.372874453125 0.3986416484375 0.427179584375 0.424657540625 0.4282818953125 0.42695860156250004 0.37397676562500004
