2 0.3326343140625 0.467617584375 0.3775821390625 0.474502325 0.39023624375 0.39189178125 0.3452889015625 0.3850070765625 0.3326343140625 0.467617584375
2 0.508151528125 0.5421609375 0.531929728125 0.5421609375 0.5319295703125 0.4599296875 0.508151671875 0.4599296875 0.508151528125 0.5421609375
9 0.68035749375 0.149600596875 0.6225107875 0.1727388265625 0.6798477890625 0.3160818515625 0.737694428125 0.29294374843750004 0.68035749375 0.149600596875
9 0.6937708640625 0.6224082328125 0.7655781421875 0.6284758874999999 0.778273128125 0.47824400312500004 0.7064676578125 0.4721764234375 0.6937708640625 0.6224082328125
7 0.5158568109375 0.41736731562499996 0.5204736125 0.417310784375 0.5196738984375 0.352005153125 0.5150571328125 0.352061684375 0.5158568109375 0.41736731562499996
6 0.7059165828125 0.6620043984375 0.761440525 0.6694067109375 0.7708333328125 0.5989583328125 0.7153101421875 0.591556071875 0.7059165828125 0.6620043984375
6 0.409412740625 0.681020453125 0.382265853125 0.6710680421874999 0.36445364062499996 0.7196467859375 0.3916005 0.72959914375 0.409412740625 0.681020453125
6 0.677965321875 0.7550296078125001 0.706357153125 0.7424130124999999 0.6835874703125 0.6911816515625 0.6551959390625 0.7037981703125 0.677965321875 0.7550296078125001
6 0.43092999374999996 0.7651266531250001 0.43137399218750005 0.73893033125 0.41024484375 0.738572278125 0.40980078124999997 0.7647685375 0.43092999374999996 0.7651266531250001
6 0.27333844531249996 0.628678884375 0.2826075546875 0.6506903562499999 0.302173484375 0.6424520609375 0.292904359375 0.620440634375 0.27333844531249996 0.628678884375
7 0.38180561874999996 0.2851375 0.3753731046875 0.2843910921875 0.3629656078125 0.3913150984375 0.36939812031249997 0.3920615015625 0.38180561874999996 0.2851375
