2 0.3760188109375 0.522648471875 0.37601870000000004 0.44669057343749996 0.33186099375 0.446690728125 0.33186085625 0.5226483734375 0.3760188109375 0.522648471875
2 0.40151281250000004 0.469185584375 0.37281176718750003 0.4670878640625 0.36748454218750004 0.539969625 0.3961855859375 0.5420673328125 0.40151281250000004 0.469185584375
2 0.612651278125 0.5435359281250001 0.6095397640625 0.4790897375 0.5658229890625 0.48120030937499997 0.5689342734375 0.5456462796875 0.612651278125 0.5435359281250001
2 0.6566908765624999 0.513929925 0.6388396640625 0.44805374843749995 0.588732525 0.4616309375 0.6065834421875 0.5275068609375 0.6566908765624999 0.513929925
2 0.42374933906249995 0.495485059375 0.3987767765625 0.493446646875 0.3950963171875 0.53853230625 0.4200688796875 0.5405707109375 0.42374933906249995 0.495485059375
2 0.5932092875 0.5154988921875 0.5958057859375 0.5830070234375 0.6509914375 0.5808844125 0.6483946390625001 0.51337659375 0.5932092875 0.5154988921875
7 0.3526439515625 0.4444583671875 0.35839845625 0.4443359375 0.35674374375 0.36656580625 0.3509892953125 0.36668823437500003 0.3526439515625 0.4444583671875
7 0.3966706109375 0.3644995296875 0.3882211328125 0.36418269062499997 0.3845985765625 0.4607847609375 0.39304805468750004 0.461101596875 0.3966706109375 0.3644995296875
7 0.6179088859374999 0.3648817734375 0.6111358 0.3655728671875 0.6201922859375 0.454326925 0.626965371875 0.4536358359375 0.6179088859374999 0.3648817734375
7 0.5899078359375001 0.3809874203125 0.578125 0.3822115390625 0.587740328125 0.474759621875 0.5995231640625 0.473535509375 0.5899078359375001 0.3809874203125
7 0.6275980453125001 0.593565759375 0.62114898125 0.5954081312499999 0.6445946765625 0.6774680109375 0.651043734375 0.6756256546875 0.6275980453125001 0.593565759375
7 0.664074115625 0.6608472578125 0.6708987 0.6582030234375 0.640625 0.580078125 0.6338005109375 0.5827223390625 0.664074115625 0.6608472578125
