2 0.3450558390625 0.44221474531249994 0.3016187390625 0.44470095625 0.30537173906250004 0.5102659968750001 0.34880883749999997 0.507779796875 0.3450558390625 0.44221474531249994
2 0.343631165625 0.428453740625 0.3416311109375 0.49376211249999996 0.3856197578125 0.4951089796875 0.387619603125 0.42980080625 0.343631165625 0.428453740625
2 0.40818485468750004 0.437261521875 0.385473540625 0.43652489531249994 0.3835130234375 0.4969666984375 0.40622433906250005 0.497703321875 0.40818485468750004 0.437261521875
2 0.4069297234375 0.4439031046875 0.40692964218750005 0.508014084375 0.4313859546875 0.5080140375 0.431385921875 0.443903171875 0.4069297234375 0.4439031046875
2 0.44870682500000003 0.4018966578125 0.42665327968750005 0.4023631765625 0.42927730625000005 0.526400159375 0.451330853125 0.5259336453125 0.44870682500000003 0.4018966578125
2 0.4716462359375 0.45591688281250004 0.4496179171875 0.455617815625 0.44884313281250005 0.512681871875 0.4708714515625 0.5129809375 0.4716462359375 0.45591688281250004
2 0.472146828125 0.5247390625 0.4945656953125 0.5247390625 0.494565565625 0.441115625 0.47214697499999997 0.441115625 0.472146828125 0.5247390625
2 0.4969421453125 0.5303140625 0.522757896875 0.5303140625 0.5227577390625 0.44250937500000004 0.4969423234375 0.44250937500000004 0.4969421453125 0.5303140625
2 0.520379646875 0.5386765625 0.5427985375 0.5386765625 0.5427984 0.4564453125 0.5203797890625 0.4564453125 0.520379646875 0.5386765625
2 0.5705494953125 0.4463465703125 0.5474677453125001 0.4440962203125 0.5379296796874999 0.5419209 0.5610114281249999 0.5441712328125 0.5705494953125 0.4463465703125
2 0.5808421125 0.5379796875 0.613451621875 0.5379796875 0.6134514515625 0.4682921875 0.5808422921874999 0.4682921875 0.5808421125 0.5379796875
2 0.653871875 0.4703828125 0.606996875 0.4703828125 0.606996875 0.5421609375 0.653871875 0.5421609375 0.653871875 0.4703828125
2 0.6973653296875 0.47075145 0.6505830515625 0.46867758437499996 0.6477361171875 0.5328939765625 0.6945183953125 0.53496783125 0.6973653296875 0.47075145
2 0.6523098843749999 0.5940308234375 0.6905724625 0.6259988078125 0.7426480140625 0.5636755234375 0.7043857734375 0.5317077671875 0.6523098843749999 0.5940308234375
2 0.6759157375 0.6500896734375 0.67240140625 0.5661721843749999 0.6151153484375 0.5685710375 0.6186292156250001 0.6524880796875 0.6759157375 0.6500896734375
9 0.273491446875 0.519574321875 0.21003860468750002 0.5266231734375 0.224751553125 0.65905388125 0.28820438125000003 0.6520051140625001 0.273491446875 0.519574321875
7 0.43588277968750005 0.3815331171875 0.44097225624999997 0.38107638593750004 0.4348958328125 0.31336805624999997 0.42980639375 0.31382478593749996 0.43588277968750005 0.3815331171875
7 0.45598431093749997 0.4603717203125 0.46354168281249997 0.46006944375 0.4594787171875 0.35849585156249997 0.45192144375 0.3587981265625 0.45598431093749997 0.4603717203125
7 0.5084024703125001 0.445006275 0.5147569484375001 0.4453125 0.5182291671875 0.3732638890625 0.511874746875 0.372957665625 0.5084024703125001 0.445006275
7 0.532161425 0.46015359843750003 0.5390625359375 0.46006944375 0.5381944437499999 0.3888888890625 0.5312933984375 0.38897304374999997 0.532161425 0.46015359843750003
7 0.55435004375 0.448234028125 0.5633680562500001 0.44878472187499996 0.57031250625 0.33506944375000003 0.5612946187500001 0.33451875468750003 0.55435004375 0.448234028125
7 0.6638527296875 0.474256259375 0.6788195124999999 0.4748263921875 0.6822916671875 0.38368055624999997 0.6673250687500001 0.3831104265625 0.6638527296875 0.474256259375
