2 0.30252413749999996 0.45508960781249996 0.24903637031249998 0.4539269109375 0.247723190625 0.5143331765625 0.3012109578125 0.51549586875 0.30252413749999996 0.45508960781249996
2 0.35 0.4728 0.2992 0.4728 0.2992 0.5304 0.35 0.5304 0.35 0.4728
2 0.35351918125 0.6112904015625 0.378259328125 0.5718643703125 0.321768759375 0.53641969375 0.2970286390625 0.5758454921875 0.35351918125 0.6112904015625
2 0.24893046562499999 0.570941890625 0.3091504765625 0.5897587921875 0.32459521874999997 0.54033468125 0.2643757 0.5215178625 0.24893046562499999 0.570941890625
2 0.6826893640625 0.5985121484375 0.6683734828125 0.5333031015625 0.6062265890625 0.546945434375 0.6205420546875 0.61215411875 0.6826893640625 0.5985121484375
2 0.6964426671874999 0.5208731578125 0.687177396875 0.4502322859375 0.6315894578125001 0.45752274374999996 0.6408544015625 0.52816331875 0.6964426671874999 0.5208731578125
2 0.75216795 0.49397364218749995 0.73860795625 0.44199780625 0.680085778125 0.45726467031249995 0.6936455078125 0.5092402765624999 0.75216795 0.49397364218749995
4 0.6522806437499999 0.3362906953125 0.62530589375 0.335013853125 0.6184991828124999 0.47880679375 0.64547393125 0.4800836234375 0.6522806437499999 0.3362906953125
7 0.2610108078125 0.42165131406249995 0.26682692812500003 0.421875 0.26959825937500004 0.349819975 0.2637821890625 0.3495962890625 0.2610108078125 0.42165131406249995
7 0.283666378125 0.35775049062500003 0.27764423125 0.3581730765625 0.2824519046875 0.42668269375 0.2884740515625 0.426260109375 0.283666378125 0.35775049062500003
7 0.2829231 0.59776904375 0.27403843437500003 0.5961538421875 0.26082689062500003 0.6688173828124999 0.2697115546875 0.6704325734375 0.2829231 0.59776904375
7 0.6670696609375 0.70141826875 0.677251696875 0.6991193953125 0.6602496953125 0.623825584375 0.6500678093750001 0.6261244390625 0.6670696609375 0.70141826875
7 0.34448415468750004 0.6311910984375 0.34046299062499996 0.630814165625 0.334134615625 0.6983173078125 0.3381557796875 0.6986942375 0.34448415468750004 0.6311910984375
7 0.311204709375 0.43797123281249994 0.3161058046875 0.437499996875 0.310096153125 0.375 0.3051950953125 0.375471234375 0.311204709375 0.43797123281249994
7 0.700721140625 0.4387019234375 0.7043269375000001 0.4387019234375 0.7043269234375 0.36298076875 0.700721159375 0.36298076875 0.700721140625 0.4387019234375
7 0.72235576875 0.35576923125 0.716346153125 0.35576923125 0.716346153125 0.4362980765625 0.72235576875 0.4362980765625 0.72235576875 0.35576923125
