2 0.36687930468749996 0.67233221875 0.397021928125 0.6237041484375 0.3429099703125 0.5901664359375001 0.3127673765625 0.6387942062499999 0.36687930468749996 0.67233221875
2 0.38757239062500004 0.605307275 0.4047433140625 0.552396190625 0.3700831046875 0.541149278125 0.3529120921875 0.5940601937500001 0.38757239062500004 0.605307275
2 0.6511343796875 0.531573553125 0.6251391671875 0.53368081875 0.6311811625 0.6082076828125 0.657176371875 0.60610043125 0.6511343796875 0.531573553125
2 0.648160815625 0.5843015625 0.694484521875 0.5843015625 0.69448425 0.5036343750000001 0.6481611625 0.5036343750000001 0.648160815625 0.5843015625
9 0.739433115625 0.542324459375 0.7436045421874999 0.64457180625 0.8152325312500001 0.6416494109374999 0.8110604703125001 0.5394027359375 0.739433115625 0.542324459375
9 0.7472729140625 0.3489621375 0.7013761671875 0.350545446875 0.7056483671875 0.4743813890625 0.7515451140625 0.4727980921875 0.7472729140625 0.3489621375
7 0.38018420625 0.5465651609375 0.38958335625 0.546875 0.3927083328125 0.45208333281249996 0.383309321875 0.4517734953125 0.38018420625 0.5465651609375
7 0.4110836921875 0.55119391875 0.4166667421875 0.551041665625 0.4135416671875 0.43645833281249996 0.40795871562499997 0.43661058593749996 0.4110836921875 0.55119391875
7 0.49467263125 0.5697292875 0.49989913125 0.5698297890624999 0.5020833328125 0.45625 0.496856928125 0.45614949843749997 0.49467263125 0.5697292875
7 0.637464959375 0.47708630156250004 0.637500021875 0.47708333124999996 0.6322916671875001 0.415625 0.6322566046875 0.41562797187499995 0.637464959375 0.47708630156250004
7 0.6579784796875 0.43400838906250006 0.6552083328125 0.434375 0.6645832859375 0.5052083390625 0.6673534328125 0.5048417296875 0.6579784796875 0.43400838906250006
7 0.6700320453125 0.50713135 0.6770833671875 0.5062499953125 0.6645032125 0.4056090125 0.6574519921875 0.4064903609375 0.6700320453125 0.50713135
7 0.6729952796875 0.4841766859375 0.677556821875 0.484375 0.679745109375 0.4340440015625 0.6751836 0.4338456875 0.6729952796875 0.4841766859375
7 0.346990828125 0.6782040953124999 0.3416192953125 0.6754261234375 0.31332669218750003 0.7301251078125001 0.3186982125 0.7329030609375 0.346990828125 0.6782040953124999
8 0.325149990625 0.5821768140625 0.365294821875 0.5860458875 0.38307267500000003 0.4015943078125 0.342928975 0.397725290625 0.325149990625 0.5821768140625
