2 0.6291061375 0.5560430296875001 0.6730214812499999 0.5539065203125 0.67019906875 0.49590170625 0.6262841328125 0.49803820468750004 0.6291061375 0.5560430296875001
2 0.6249996203125 0.5728157578124999 0.5893678390625 0.5786039453125 0.5987240203125 0.6361937906249999 0.63435579375 0.6304056328125001 0.6249996203125 0.5728157578124999
2 0.6626005015625 0.56457274375 0.6234102828125 0.5715177421875001 0.63636525 0.6446138890625 0.6755554578125 0.6376689390625 0.6626005015625 0.56457274375
2 0.71870389375 0.5514952 0.6905129796875 0.5297431046875001 0.6461184249999999 0.5872734046875 0.67430921875 0.6090253640625 0.71870389375 0.5514952
2 0.37398125000000004 0.48362343750000003 0.325746875 0.48362343750000003 0.325746875 0.5463421875 0.37398125000000004 0.5463421875 0.37398125000000004 0.48362343750000003
2 0.3062417140625 0.51915079375 0.2785730609375 0.552023396875 0.331813553125 0.5968311203125001 0.35948199999999997 0.5639587125000001 0.3062417140625 0.51915079375
2 0.3897005140625 0.5610572984375 0.3387314890625 0.5578504093750001 0.3334724328125 0.6414268875 0.3844414546875 0.6446337515625 0.3897005140625 0.5610572984375
2 0.42242929531250006 0.570129225 0.387558128125 0.5681287875 0.3836048671875 0.637033665625 0.418476034375 0.6390340921875 0.42242929531250006 0.570129225
5 0.634557784375 0.49756202656250004 0.6707589281249999 0.5345982140625 0.7426474187500001 0.464335240625 0.7064465265625001 0.42729932187499997 0.634557784375 0.49756202656250004
6 0.6571454890624999 0.740985590625 0.64967328125 0.7011410609375 0.615877490625 0.707477953125 0.6233495265625 0.7473223296875 0.6571454890624999 0.740985590625
6 0.7233106140625 0.662050234375 0.7032817171875 0.662050234375 0.7032817171875 0.699604490625 0.7233106140625 0.699604490625 0.7233106140625 0.662050234375
