2 0.464167559375 0.572445521875 0.49182695625 0.5739410453125 0.49658962500000003 0.4858612953125 0.46893062343749997 0.4843657828125 0.464167559375 0.572445521875
2 0.49082805 0.575609375 0.51596413125 0.575609375 0.515963959375 0.4871078125 0.49082824062499997 0.4871078125 0.49082805 0.575609375
2 0.5879749999999999 0.4696859375 0.551290625 0.4696859375 0.551290625 0.5442515625000001 0.5879749999999999 0.5442515625000001 0.5879749999999999 0.4696859375
2 0.5815217640625 0.5442515625000001 0.6175266515625 0.5442515625000001 0.617526459375 0.4745640625 0.5815219625 0.4745640625 0.5815217640625 0.5442515625000001
2 0.36243290625 0.5477358828125001 0.36243266875 0.6174219296875 0.4096469046875 0.61742185 0.40964685 0.547736096875 0.36243290625 0.5477358828125001
9 0.7414959609375 0.64244115625 0.807132975 0.5921239218750001 0.7386658234375 0.502821053125 0.673029696875 0.5531377749999999 0.7414959609375 0.64244115625
7 0.4768299515625 0.376087496875 0.47017045468749996 0.37642045468749996 0.47528550625 0.4787215171875 0.4819450015625 0.4783885625 0.4768299515625 0.376087496875
7 0.49799443906249996 0.3787074078125 0.49063937187500006 0.379506821875 0.502604125 0.48958333749999994 0.509959190625 0.488783928125 0.49799443906249996 0.3787074078125
7 0.57392901875 0.4775885546875 0.5781250328125 0.47743055468750006 0.5752840906250001 0.40198863593749995 0.5710881203125 0.40214663437500003 0.57392901875 0.4775885546875
7 0.6003580421875 0.39607627343749996 0.5942551093749999 0.3963474984375 0.5980902609375 0.482638890625 0.60419319375 0.4823676671875 0.6003580421875 0.39607627343749996
7 0.37403567031249996 0.61380220625 0.3711843453125 0.6127654953125 0.34306566250000003 0.6900920937499999 0.34591698437499996 0.691128796875 0.37403567031249996 0.61380220625
7 0.3902509203125 0.6202449 0.3835226609375 0.619318171875 0.37393465937500003 0.6889204546875 0.3806629171875 0.6898471765624999 0.3902509203125 0.6202449
