2 0.335054109375 0.5663069562499999 0.37914989375 0.567964775 0.3818592328125 0.49589972812500005 0.337763965625 0.49424191874999995 0.335054109375 0.5663069562499999
2 0.657105946875 0.5739046390625 0.6017282875000001 0.5829014546875 0.6134316171875 0.654930284375 0.6688092625000001 0.6459335312500001 0.657105946875 0.5739046390625
2 0.32911827968749996 0.6404617359375 0.3856156984375 0.6571809359375 0.40522069062500005 0.5909385671875 0.34872395625 0.574219475 0.32911827968749996 0.6404617359375
9 0.68786021875 0.40627502499999996 0.727479578125 0.41064149062500005 0.7400833640625 0.2962831578125 0.7004644859375 0.29191671874999997 0.68786021875 0.40627502499999996
9 0.3227675734375 0.578348828125 0.2713049578125 0.554309071875 0.215264190625 0.6742639406250001 0.266726615625 0.6983033953125 0.3227675734375 0.578348828125
7 0.3487960015625 0.47707478124999997 0.3515625109375 0.4765624984375 0.3438144734375 0.43472315312500004 0.34104798125 0.435235434375 0.3487960015625 0.47707478124999997
7 0.3515625 0.41319444375 0.35069444375000003 0.41319444375 0.35069444375000003 0.44965277812500004 0.3515625 0.44965277812500004 0.3515625 0.41319444375
7 0.36650244062500004 0.42720675156250004 0.3628472171875 0.4270833328125 0.3612748953125 0.47364714374999994 0.36493011875 0.47377056250000005 0.36650244062500004 0.42720675156250004
7 0.5938923046875 0.5010388109374999 0.5972222546875 0.5008680546875001 0.59375 0.43315972187499996 0.5904200828125 0.4333304765625 0.5938923046875 0.5010388109374999
7 0.32870714375 0.7090556828125 0.33680555624999997 0.7126736109375 0.3572224140625 0.6669788515625 0.349124075 0.6633609421875 0.32870714375 0.7090556828125
7 0.3688667875 0.6632744125000001 0.3624614046875 0.662642990625 0.35590277812500004 0.7291666671875 0.36230816093749996 0.7297980843749999 0.3688667875 0.6632744125000001
7 0.6371461734375 0.7302152421875 0.644097275 0.7300347203124999 0.6423611109375 0.6631944437499999 0.6354101078125 0.6633749640625 0.6371461734375 0.7302152421875
