2 0.2785138015625 0.3948863875 0.324384621875 0.3982692578125 0.3310455421875 0.3079499859375 0.2851751640625 0.30456713281250003 0.2785138015625 0.3948863875
2 0.37852608125 0.333448178125 0.32736995156250004 0.328229359375 0.3187048671875 0.41316320468749995 0.3698609921875 0.4183819984375 0.37852608125 0.333448178125
2 0.35981359375 0.44451511874999994 0.39312868437500004 0.44721762031249995 0.4001246296875 0.3609773046875 0.36680989531249997 0.3582748171875 0.35981359375 0.44451511874999994
2 0.431180265625 0.375870196875 0.3943313203125 0.37306779687499997 0.388601828125 0.4484015453125 0.425450771875 0.4512039328125 0.431180265625 0.375870196875
2 0.5611676906249999 0.40273428281249996 0.5367801484375 0.40174597656250005 0.533404365625 0.4850424453125 0.557791909375 0.48603074375000005 0.5611676906249999 0.40273428281249996
2 0.556223359375 0.48546562499999996 0.58557350625 0.48546562499999996 0.5855733546875 0.40116250000000003 0.5562235484375 0.40116250000000003 0.556223359375 0.48546562499999996
2 0.6135078125 0.39316874999999996 0.5813296875 0.39316874999999996 0.5813296875 0.47165625 0.6135078125 0.47165625 0.6135078125 0.39316874999999996
2 0.6382609375 0.3902609375 0.6092640625 0.3902609375 0.6092640625 0.4731109375 0.6382609375 0.4731109375 0.6382609375 0.3902609375
2 0.67649098125 0.370812315625 0.6259129265625 0.383118603125 0.6415844328125 0.44752424843750005 0.69216246875 0.43521801250000003 0.67649098125 0.370812315625
2 0.7208637390625 0.3519066609375 0.6759321984375 0.3560059921875 0.681846103125 0.420823684375 0.726777640625 0.41672436875 0.7208637390625 0.3519066609375
2 0.572071740625 0.5805124921875 0.612657190625 0.5796532453125 0.6107312953124999 0.48870802187500006 0.5701464406250001 0.48956726249999993 0.572071740625 0.5805124921875
1 0.29013343593749996 0.4180404390625 0.26724539062499997 0.41606745624999997 0.2613427890625 0.484537828125 0.28423083125000004 0.48651080156250004 0.29013343593749996 0.4180404390625
9 0.225479946875 0.522112734375 0.28151127656249997 0.527108825 0.2926389359375 0.402313990625 0.2366086 0.39731794531250003 0.225479946875 0.522112734375
7 0.3029573484375 0.307806396875 0.3132797515625 0.30689561875 0.3064395921875 0.22937414843749998 0.2961172578125 0.2302849234375 0.3029573484375 0.307806396875
7 0.32315340937500003 0.23650568125000002 0.31747159062499997 0.23650568125000002 0.31747159062499997 0.31036931874999996 0.32315340937500003 0.31036931874999996 0.32315340937500003 0.23650568125000002
7 0.3404676609375 0.3535553078125 0.35227280781250003 0.35298295 0.34659090937500003 0.2357954546875 0.3347858859375 0.236367809375 0.3404676609375 0.3535553078125
7 0.360873125 0.2614914609375 0.3556711203125 0.26135976875 0.353552159375 0.34505900624999997 0.3587541640625 0.345190696875 0.360873125 0.2614914609375
7 0.38174994687499997 0.3695267640625 0.38849434843749997 0.36931817968749997 0.3863636359375 0.3004261359375 0.3796192828125 0.30063471875 0.38174994687499997 0.3695267640625
7 0.5434411625 0.4094235140625 0.5504261609375 0.40909090781249996 0.5460603203125001 0.3174089265625 0.53907539375 0.3177415296875 0.5434411625 0.4094235140625
7 0.576876025 0.2934433140625 0.569081265625 0.29328424375 0.5667613640625 0.40696022656249997 0.5745561234375 0.4071192953125 0.576876025 0.2934433140625
7 0.595830115625 0.3160118375 0.5919496421875 0.3160664890625 0.593039771875 0.39346590937500003 0.5969202453125 0.3934112578125 0.595830115625 0.3160118375
7 0.6058646140625 0.3084566875 0.5994318062499999 0.3082386359375 0.596477190625 0.395400140625 0.6029099984374999 0.3956181921875 0.6058646140625 0.3084566875
7 0.6215049953125 0.3800690625 0.6278409265625 0.37997159062499997 0.626791190625 0.311740365625 0.6204553046875 0.3118378375 0.6215049953125 0.3800690625
7 0.6585610749999999 0.37722851562500004 0.66477273125 0.37784090937500003 0.6719361078125 0.305183665625 0.6657244999999999 0.3045712734375 0.6585610749999999 0.37722851562500004
7 0.6884990734375 0.2653815828125 0.683557375 0.265765925 0.69034089375 0.35298295625 0.6952825921875 0.352598615625 0.6884990734375 0.2653815828125
7 0.6967716484375 0.25852132031249997 0.6922837796875 0.2586845109375 0.6956635109375 0.3516272125 0.7001513796875 0.3514640234375 0.6967716484375 0.25852132031249997
7 0.6004305359375001 0.5908751546875 0.595155903125 0.5914956234375001 0.6036931234375 0.66406250625 0.60896775625 0.6634420421875 0.6004305359375001 0.5908751546875
