9 0.6949404765625 0.5625 0.6355627515625 0.5890926296875 0.6936377421875 0.718750290625 0.7530152421875 0.6921580296875 0.6949404765625 0.5625
9 0.730346934375 0.322649196875 0.68183005625 0.3357107578125 0.7148435875 0.45833337656250006 0.763360425 0.4452719140625 0.730346934375 0.322649196875
9 0.3328614328125 0.3628975625 0.28124990156249996 0.3346353640625 0.243961475 0.40272751093750003 0.2955729171875 0.4309895828125 0.3328614328125 0.3628975625
9 0.1929673875 0.60679365 0.252040928125 0.6293784578125 0.2967152875 0.5125367515625 0.237642896875 0.48995219062500006 0.1929673875 0.60679365
5 0.46714206562499994 0.5032019125 0.46308484375000003 0.597163096875 0.5440203703125001 0.6006569671875 0.5480769234375 0.5066964281249999 0.46714206562499994 0.5032019125
7 0.448575921875 0.5399536781250001 0.45982146874999996 0.5401785734375 0.4621177796875 0.42535841718749995 0.450872425 0.425133525 0.448575921875 0.5399536781250001
8 0.6453097015625 0.431251975 0.6175063062499999 0.43397165624999995 0.6309717781249999 0.571619615625 0.65877516875 0.5688999640625 0.6453097015625 0.431251975
8 0.7439513828125001 0.6732386671875 0.76816483125 0.6649967343750001 0.7374940078125001 0.5749025734375001 0.713280959375 0.5831444328125001 0.7439513828125001 0.6732386671875
8 0.7197444078124999 0.686828953125 0.7401684234375 0.6819980390625 0.714290121875 0.5726049093750001 0.6938665296875001 0.5774357703125 0.7197444078124999 0.686828953125
8 0.2377849265625 0.62192069375 0.265625 0.6448863640625 0.3181666484375 0.5811996984375 0.290326834375 0.5582342 0.2377849265625 0.62192069375
8 0.325979634375 0.6073421875 0.30504587031249997 0.59462454375 0.26343476093749996 0.6631099875 0.28436845 0.6758275328125001 0.325979634375 0.6073421875
