2 0.3641296875 0.392334375 0.3155578125 0.392334375 0.3155578125 0.48919843749999997 0.3641296875 0.48919843749999997 0.3641296875 0.392334375
2 0.6798346343749999 0.3828395484375 0.6205665921875 0.385729703125 0.625057115625 0.4778113390625 0.68432515625 0.4749212015625 0.6798346343749999 0.3828395484375
2 0.6771494875 0.5351392953125 0.732396359375 0.5291594625 0.7229275125 0.4416879234375 0.6676813578125 0.44766771875 0.6771494875 0.5351392953125
2 0.28275062812499996 0.534375484375 0.33102558437499996 0.54277114375 0.344014309375 0.46809055468749994 0.295739896875 0.4596949421875 0.28275062812499996 0.534375484375
2 0.3222800765625 0.551896221875 0.374369596875 0.56332949375 0.388482428125 0.4990362015625 0.336393434375 0.48760298906250005 0.3222800765625 0.551896221875
9 0.301562234375 0.427144878125 0.2546314125 0.4188988796875 0.225626725 0.5839628515624999 0.2725575203125 0.5922087453125 0.301562234375 0.427144878125
7 0.3188678296875 0.542979784375 0.30965894375 0.539772675 0.280439546875 0.6236647671875 0.2896484203125 0.6268718515625 0.3188678296875 0.542979784375
7 0.3583806328125 0.566619159375 0.3494316890625 0.565340890625 0.33522727343750003 0.6647727265625 0.3441762140625 0.6660509828125 0.3583806328125 0.566619159375
7 0.33951628125 0.305276253125 0.330574484375 0.305466496875 0.332386359375 0.390625 0.34132815625 0.3904347578125 0.33951628125 0.305276253125
7 0.3498186875 0.282684521875 0.342158353125 0.282405975 0.33806818125000004 0.3948863640625 0.345728515625 0.395164909375 0.3498186875 0.282684521875
7 0.33721243749999996 0.3837377546875 0.34659090937500003 0.3863636359375 0.3700621796875 0.302537821875 0.3606837875 0.29991195312499996 0.33721243749999996 0.3837377546875
7 0.28028348593749997 0.6061156234375 0.2864583328125 0.6072916671875 0.3009094546875 0.5314232140625 0.2947346890625 0.530247178125 0.28028348593749997 0.6061156234375
7 0.7107467921875 0.62949383125 0.7187501390625 0.6281249765625 0.7026070609375 0.5337509328125 0.694603846875 0.5351197765625 0.7107467921875 0.62949383125
7 0.7181815265625 0.5285480859375 0.7093795593750001 0.52972155625 0.7229165656250001 0.6312500140624999 0.7317185312500001 0.630076553125 0.7181815265625 0.5285480859375
7 0.3104200078125 0.64353019375 0.31652032812500003 0.6453785703125 0.34290809375000003 0.558299065625 0.33680786875 0.5564507046875 0.3104200078125 0.64353019375
