2 0.3755594953125 0.5668399359375 0.35359095625000003 0.5970431406250001 0.4041517109375 0.633814615625 0.42612005937499997 0.60361158125 0.3755594953125 0.5668399359375
6 0.36482853125000003 0.762223221875 0.390600640625 0.757288903125 0.37642045468749996 0.6832386359375 0.3506487671875 0.6881729125 0.36482853125000003 0.762223221875
6 0.6659809484375 0.7351360046875001 0.6521582265625 0.7223787203125001 0.6338662609375 0.7421950953125 0.6476889453125 0.7549523406249999 0.6659809484375 0.7351360046875001
6 0.6751113625 0.7265727 0.6871830734375 0.7265727 0.687183046875 0.6998426 0.67511140625 0.6998426 0.6751113625 0.7265727
6 0.3590162640625 0.7335641093749999 0.362455375 0.707875128125 0.33205456875 0.7038058453125 0.3286153875 0.7294947390625001 0.3590162640625 0.7335641093749999
7 0.3449831484375 0.7117071140625 0.350446715625 0.7142947562499999 0.374615278125 0.6632724859375 0.3691517671875 0.660684859375 0.3449831484375 0.7117071140625
7 0.384898640625 0.7121617437500001 0.389691340625 0.71289385625 0.3950390625 0.6778906328125001 0.39024639843750003 0.6771585234375 0.384898640625 0.7121617437500001
6 0.6354758921875 0.7314201171875 0.6042199890625 0.739455925 0.6138679046875 0.776975790625 0.6451237953125 0.7689400187500001 0.6354758921875 0.7314201171875
8 0.6634203109375 0.7248406078125 0.6884980281249999 0.7184660890625 0.65625 0.5916193187500001 0.6311729171875 0.597993753125 0.6634203109375 0.7248406078125
8 0.6285350921874999 0.74394074375 0.6510750078124999 0.743083359375 0.6456657531250001 0.600906953125 0.6231264875 0.601764325 0.6285350921874999 0.74394074375
