1 0.29697090625 0.504902209375 0.272191928125 0.5133386546875001 0.29368540625 0.576462334375 0.3184643625 0.5680259359375001 0.29697090625 0.504902209375
1 0.7127664828125 0.5365862453125 0.7398755687499999 0.5478927296875 0.762220665625 0.4943210234375 0.7351117984375 0.483014590625 0.7127664828125 0.5365862453125
2 0.3568182828125 0.5893668890625 0.3714392484375 0.5316660765625 0.3168770359375 0.517841678125 0.302255890625 0.5755422171875 0.3568182828125 0.5893668890625
2 0.6372 0.46220937500000003 0.605375 0.46220937500000003 0.605375 0.519621875 0.6372 0.519621875 0.6372 0.46220937500000003
6 0.3457385171875 0.6910238296875 0.341132809375 0.68507810625 0.32065082500000003 0.700941625 0.325256515625 0.7068873328125 0.3457385171875 0.6910238296875
6 0.361561734375 0.73603145625 0.3747810453125 0.7402253609375 0.3848617515625 0.70845568125 0.3716425296875 0.7042617921875001 0.361561734375 0.73603145625
6 0.7647117437500001 0.6276735515625 0.7755247796875 0.6037734390625 0.73463663125 0.5852766375 0.72382356875 0.60917665 0.7647117437500001 0.6276735515625
6 0.7878238625 0.5789252671875 0.77421958125 0.5753897968749999 0.766847284375 0.603754978125 0.7804515624999999 0.6072904390625 0.7878238625 0.5789252671875
6 0.742748515625 0.6786435765625 0.7376024 0.674318484375 0.7274501109375 0.68639625625 0.7325962203125 0.6907213421875 0.742748515625 0.6786435765625
6 0.2655510953125 0.6392160687499999 0.2756429890625 0.6205700843749999 0.25427451562500003 0.609006053125 0.24418261874999997 0.6276519953124999 0.2655510953125 0.6392160687499999
6 0.7168185546875 0.341371609375 0.709584409375 0.34223106875 0.7141347953125 0.3805306140625 0.721368940625 0.37967115625000003 0.7168185546875 0.341371609375
