2 0.2975281875 0.512149053125 0.34294647500000003 0.517331415625 0.350861025 0.44797097499999994 0.305443203125 0.4427886390625 0.2975281875 0.512149053125
2 0.5039767859375 0.55231708125 0.5321712828125 0.5529927171875 0.534184153125 0.4689942625 0.505990034375 0.46831862968750004 0.5039767859375 0.55231708125
2 0.41266408125 0.638160703125 0.44539818125 0.5636979281250001 0.3514835921875 0.5224168796875001 0.3187492875 0.5968789859375 0.41266408125 0.638160703125
2 0.55146538125 0.4697858015625 0.5821117874999999 0.541910121875 0.726474490625 0.4805722109375 0.6958278203125 0.40844872812500005 0.55146538125 0.4697858015625
9 0.7135416671875 0.24869791718749998 0.6673845078125 0.2535057921875 0.6809895078125 0.384114590625 0.7271466625 0.379306746875 0.7135416671875 0.24869791718749998
9 0.2847656640625 0.5167533343749999 0.1940104171875 0.51953125 0.1981852140625 0.6559093375 0.288940459375 0.65313145625 0.2847656640625 0.5167533343749999
7 0.3242834109375 0.42667057656249996 0.32968752968750004 0.4265625 0.328125 0.3484375 0.32272093125 0.34854557656249996 0.3242834109375 0.42667057656249996
7 0.367966090625 0.44395213437500003 0.3723958484375 0.4440104171875 0.3734375 0.36484375 0.3690077859375 0.3647854671875 0.367966090625 0.44395213437500003
7 0.3959243625 0.4726394921875 0.40859383281249995 0.4718749953125 0.40293427031249995 0.37808936718749997 0.39026495156249996 0.378853859375 0.3959243625 0.4726394921875
7 0.42033766093749997 0.47587614218749996 0.4238928296875 0.47565670000000004 0.41796875 0.3796875 0.41441362656249997 0.3799069421875 0.42033766093749997 0.47587614218749996
7 0.42356254531250004 0.3819625953125 0.42025528593750006 0.3822131296875 0.4273437359375 0.4757812515625 0.43065099531250006 0.47553071718749995 0.42356254531250004 0.3819625953125
7 0.448601653125 0.4541889453125 0.4531250328125 0.4539062484375 0.44633085625 0.3452000296875 0.4418075375 0.345482725 0.448601653125 0.4541889453125
7 0.5833796296875 0.4590564 0.5945312640625 0.459375 0.597477165625 0.3562672046875 0.5863256734375 0.3559486046875 0.5833796296875 0.4590564
7 0.6149534234375 0.3460054921875 0.6089123843750001 0.34613825625 0.61102594375 0.44230574218749996 0.617066984375 0.44217297968749997 0.6149534234375 0.3460054921875
7 0.3379156390625 0.6796952015625 0.361718765625 0.6023437 0.3515625 0.59921875 0.3277593296875 0.676570171875 0.3379156390625 0.6796952015625
7 0.3802141203125 0.6037299578125 0.369273328125 0.6026259859375 0.36015625 0.69296875 0.371097040625 0.6940727109375 0.3802141203125 0.6037299578125
