2 0.3771444328125 0.4697509765625 0.328464053125 0.46480781093749995 0.3210266671875 0.5380458531250001 0.3697070421875 0.542988990625 0.3771444328125 0.4697509765625
2 0.32614847187499996 0.44332702812499997 0.2870842234375 0.4456111671875 0.29111600625 0.5145595953125001 0.3301802546875 0.5122754671874999 0.32614847187499996 0.44332702812499997
2 0.31302609062500003 0.5068321296875 0.2807899046875 0.5509093546875 0.33457807812499996 0.5902438140624999 0.36681399375 0.54616683125 0.31302609062500003 0.5068321296875
2 0.3298852375 0.60401705 0.3821329078125 0.6243906625 0.4089717171875 0.5555693374999999 0.35672464375 0.5351958546875 0.3298852375 0.60401705
2 0.60597816875 0.4864109296875 0.605978034375 0.5470390921875 0.639265640625 0.54703905 0.6392656156250001 0.486411046875 0.60597816875 0.4864109296875
6 0.733452475 0.6105774484375 0.7191824015625 0.6190087390625 0.7349075734375 0.6456205921875 0.749177628125 0.6371893265625 0.733452475 0.6105774484375
7 0.6148202546875 0.4123827234375 0.6207386359375 0.490056828125 0.626953125 0.4895833328125 0.6210347125 0.4119092609375 0.6148202546875 0.4123827234375
7 0.3211746015625 0.5783557546875 0.308238584375 0.5767045390625001 0.29971590937500003 0.6434659093749999 0.312651925 0.6451171140625 0.3211746015625 0.5783557546875
7 0.36163738749999996 0.6145326984375 0.3544625234375 0.611446465625 0.32726547031250003 0.674666271875 0.3344403234375 0.677752484375 0.36163738749999996 0.6145326984375
7 0.351911225 0.6905570921875 0.359375 0.6917613640625 0.3711000328125 0.6191019890625 0.3636363640625 0.6178977265625 0.351911225 0.6905570921875
7 0.3566911546875 0.36070563125 0.35085227343750003 0.36079545468749996 0.35227271875 0.453125 0.35811160000000003 0.45303517656250003 0.3566911546875 0.36070563125
6 0.3464016609375 0.7084828203125 0.3617478578125 0.709783153125 0.363828871875 0.68522676875 0.3484827546875 0.6839264390625 0.3464016609375 0.7084828203125
6 0.328583015625 0.612042590625 0.2949017640625 0.60320921875 0.2799210296875 0.6603232453125 0.3136022625 0.6691565671874999 0.328583015625 0.612042590625
6 0.34957525 0.6454387484375 0.3283504171875 0.643358175 0.3225127484375 0.7029026484374999 0.3437375796875 0.7049832109375 0.34957525 0.6454387484375
6 0.6070294921875 0.3961308234375 0.61121815 0.41795521718749995 0.6348990859375 0.4134104328125 0.6307104031249999 0.3915860703125 0.6070294921875 0.3961308234375
