7 0.3235244546875 0.5890801406249999 0.31668417656250003 0.5876924234375001 0.3020266375 0.659933421875 0.3088669125 0.6613211296875 0.3235244546875 0.5890801406249999
7 0.6525261625 0.439405728125 0.6570313062500001 0.4390624953125 0.65078125 0.35703125 0.6462761515625 0.35737448125000004 0.6525261625 0.439405728125
7 0.6451939640625 0.44048488125 0.6507812796875 0.439843746875 0.6453125 0.3921875 0.6397252171875001 0.3928286328125 0.6451939640625 0.44048488125
7 0.6871438999999999 0.41979669062499997 0.6921875109375 0.41953125 0.688639496875 0.3521193125 0.6835959265625 0.3523847515625 0.6871438999999999 0.41979669062499997
7 0.7014295234375 0.36154411875000003 0.69453125 0.36171875 0.69609374375 0.4234375 0.7029920171875 0.42326286875 0.7014295234375 0.36154411875000003
7 0.2790620953125 0.6293754265625 0.290625 0.63515625 0.31546905625 0.58546829375 0.30390625 0.5796875 0.2790620953125 0.6293754265625
7 0.6703340437499999 0.39192885 0.6640624890625 0.3914062484375 0.66015625 0.43828125 0.6664278046875001 0.43880385000000005 0.6703340437499999 0.39192885
2 0.33763574687500003 0.5712242984375 0.358498490625 0.538346915625 0.30221000937500003 0.502631509375 0.2813472890625 0.535508715625 0.33763574687500003 0.5712242984375
2 0.63166130625 0.5374497515625001 0.6788811078125 0.5362193828125 0.6772325625 0.472965828125 0.6300132171875 0.474196190625 0.63166130625 0.5374497515625001
2 0.7201929796875 0.45508410781249997 0.6782382859375 0.4534187875 0.6760074578124999 0.509616596875 0.71796215 0.511281909375 0.7201929796875 0.45508410781249997
