2 0.3932835859375 0.506108346875 0.34619970312500004 0.502979928125 0.3404098328125 0.590112140625 0.38749371250000003 0.5932405375 0.3932835859375 0.506108346875
2 0.4401058953125 0.41229904375000004 0.446152209375 0.515135359375 0.5767851796875 0.5074542546874999 0.570737975 0.4046189015625 0.4401058953125 0.41229904375000004
1 0.63226670625 0.4507348609375 0.6212164484375 0.45100366562499994 0.6219980390625001 0.48313178125 0.633048296875 0.4828629765625 0.63226670625 0.4507348609375
9 0.797438590625 0.4285761 0.738054165625 0.41687345000000003 0.7068004453125 0.5754578078125 0.76618483125 0.5871603171875 0.797438590625 0.4285761
5 0.3383745921875 0.384283828125 0.3080357109375 0.38392857187499996 0.3070778421875 0.4657263828125 0.337416721875 0.46608163593749996 0.3383745921875 0.384283828125
7 0.3793951515625 0.5885676625 0.37076672187500004 0.58769523125 0.36328125 0.66171875 0.37190967812500003 0.662591175 0.3793951515625 0.5885676625
7 0.3466033375 0.651351928125 0.3585937546875 0.5914062265625 0.35078125 0.58984375 0.3387908 0.6497894078125 0.3466033375 0.651351928125
7 0.574143471875 0.57881640625 0.5640625 0.5796875 0.56953121875 0.642968753125 0.5796121890625 0.6420976640625 0.574143471875 0.57881640625
5 0.666082290625 0.4582025859375 0.6996462078125 0.45380096875 0.6863839281249999 0.35267857187499996 0.65282043125 0.3570801625 0.666082290625 0.4582025859375
5 0.2966756546875 0.5934282578125 0.3435110796875 0.5969406 0.35044642812500004 0.5044642859375 0.3036117484375 0.500951971875 0.2966756546875 0.5934282578125
