2 0.3054640625 0.4912078125 0.3068875 0.49948125 0.310090625 0.502490625 0.315071875 0.50775625 0.3211203125 0.5017390625 0.32859375 0.502490625 0.3325078125 0.50775625 0.3378453125 0.5130234375 0.34709687499999997 0.51151875 0.35528125 0.506253125 0.3559921875 0.4881984375 0.3542140625 0.4663828125 0.3503 0.45359375 0.339625 0.446071875 0.333575 0.44080624999999996 0.3239671875 0.4362921875 0.3132921875 0.43704375000000006 0.3086671875 0.45585156250000003 0.3068875 0.47089687500000005 0.3054640625 0.4912078125
2 0.3773421875 0.497225 0.378765625 0.50775625 0.38339218750000004 0.5175359375 0.3919328125 0.5273156250000001 0.3972703125 0.5228015625 0.40367499999999995 0.5122703125 0.40758906250000004 0.497225 0.411146875 0.4791703125 0.41043593749999996 0.46036406249999995 0.40723281250000004 0.45284218750000005 0.40189531250000005 0.44983281249999996 0.39584687500000004 0.4430625 0.385171875 0.4385484375 0.3776984375 0.4445671875 0.37805468750000004 0.4656296875 0.3769875 0.47616250000000004 0.3773421875 0.497225
1 0.6374593749999999 0.4746578125 0.636390625 0.46186875 0.6321218749999999 0.45359375 0.6285624999999999 0.4513375 0.6246484375 0.46186875 0.6253609375 0.4739046875 0.6299859375 0.4844375 0.6349671875 0.4844375 0.6374593749999999 0.4746578125
7 0.703459375 0.574975 0.7136750000000001 0.595628125 0.7194484375 0.6125265625 0.725665625 0.632240625 0.7367703125 0.6575890625 0.7234453125 0.6078328125 0.7163390625 0.5853015625 0.7110093749999999 0.5721578125 0.70745625 0.563709375 0.703459375 0.574975
7 0.6981296875 0.5853015625 0.69235625 0.595628125 0.6932437499999999 0.608771875 0.698228125 0.625559375 0.696796875 0.613465625 0.6981296875 0.5853015625
7 0.64035 0.6905578125 0.6409015625000001 0.6305171875 0.637040625 0.623521875 0.6375921875 0.63518125 0.6362140625 0.6555828125 0.64035 0.6905578125
7 0.6698593749999999 0.62876875 0.666825 0.63518125 0.683371875 0.6794828125000001 0.6698593749999999 0.62876875
7 0.643384375 0.627603125 0.64696875 0.6864765625 0.645865625 0.6217734375 0.643384375 0.627603125
1 0.6141515625 0.5879640625 0.619115625 0.5844671875 0.6196671874999999 0.573975 0.6174609375 0.5628984375 0.616909375 0.5518234375 0.6138765625 0.5494921875000001 0.6094640625000001 0.5506578125 0.60670625 0.5564875 0.607809375 0.568728125 0.6089125 0.5792203125000001 0.6141515625 0.5879640625
7 0.286040625 0.5797921875000001 0.2775984375 0.5751375000000001 0.2761296875 0.5797921875000001 0.2761296875 0.5929828125000001 0.2537390625 0.6728953125 0.25961249999999997 0.6558265624999999 0.2658515625 0.6418609375 0.272459375 0.622465625 0.277965625 0.60384375 0.2849390625 0.5991890625 0.28934375 0.606171875 0.28824218749999997 0.627896875 0.2798 0.6868609375 0.287509375 0.6488437499999999 0.29264687500000003 0.6201375 0.298153125 0.5836718750000001 0.2930140625 0.5860000000000001 0.286040625 0.5797921875000001
9 0.25522812500000003 0.6450234375 0.2578921875 0.6271859375 0.2578921875 0.612165625 0.2583375 0.58775625 0.26189062500000004 0.5699203125000001 0.26499843749999996 0.54645 0.26544375 0.5248578125 0.2601140625 0.512653125 0.25256249999999997 0.50608125 0.24456875 0.507959375 0.241015625 0.5042046874999999 0.233909375 0.5070203125 0.2294671875 0.507959375 0.22102968750000002 0.507959375 0.21303437500000003 0.512653125 0.21259062499999998 0.521103125 0.2117015625 0.5408171875 0.2143671875 0.5539609375000001 0.22014062499999998 0.567103125 0.22413750000000002 0.5840015625 0.2254703125 0.598084375 0.226803125 0.612165625 0.2250265625 0.6243703125 0.2254703125 0.644084375 0.22991250000000002 0.6459625 0.233465625 0.64220625 0.2374625 0.630003125 0.24012656250000003 0.6065328125 0.241015625 0.6196765625 0.244125 0.6478390625 0.2472328125 0.66004375 0.25123125 0.6544109375 0.25522812500000003 0.6450234375
7 0.382757396875 0.3457163578125 0.3856625765625 0.3762207421875 0.378399628125 0.42924026875 0.379125921875 0.43359803750000003 0.382757396875 0.43650321718749996 0.38929405 0.44013469218749995 0.3980095890625 0.44376616718750006 0.40205157812500003 0.44730290781250004 0.406725128125 0.4379558078125 0.4089040125 0.407451421875 0.4096303078125 0.382757396875 0.4074514234375 0.3653263203125 0.403093653125 0.3529793078125 0.3921992296875 0.32973787187500003 0.390020346875 0.32973787187500003 0.382757396875 0.3457163578125
9 0.7488532578125 0.6567855234375 0.7509943671875 0.6123574890625 0.7568824203125 0.633768590625 0.75634714375 0.6514327484375 0.75902353125 0.6503621921875 0.7627704734375 0.6305569249999999 0.7622351968750001 0.6096811015625 0.766517415625 0.566323621875 0.7745465796875 0.5422361328124999 0.7734760234375 0.514401703125 0.766517415625 0.5117253140625 0.7509943671875 0.5069078171875 0.7402888171875001 0.5031608734375 0.7242304921875 0.5111900375 0.719948271875 0.518683921875 0.716201328125 0.5491947406250001 0.7290479890625 0.5850583359375 0.7327949312500001 0.5898758328125 0.7349360421875 0.5979049953125 0.7349360421875 0.6182455421874999 0.738682984375 0.640727196875 0.7488532578125 0.6567855234375
