1 0.3226557375 0.564388540625 0.3031833796875 0.57189945 0.314897265625 0.602265071875 0.3343696109375 0.5947541843749999 0.3226557375 0.564388540625
2 0.376121328125 0.6235491609375 0.384396040625 0.5661319734375 0.3314090375 0.5584965125 0.323134096875 0.615913425 0.376121328125 0.6235491609375
7 0.34846783124999997 0.618712953125 0.340901340625 0.6170171375 0.31851250000000003 0.7169 0.3260789859375 0.7185957968750001 0.34846783124999997 0.618712953125
7 0.36202275 0.6240825390625 0.354132703125 0.623173425 0.3429375 0.720321875 0.3508275453125 0.7212309796875 0.36202275 0.6240825390625
7 0.39214294375000003 0.6497361500000001 0.3853470546875 0.648753309375 0.37143281250000004 0.74495 0.3782286984375 0.74593283125 0.39214294375000003 0.6497361500000001
1 0.4278857234375 0.606203884375 0.411312846875 0.60250686875 0.4023 0.6429046875 0.418872871875 0.6466016875 0.4278857234375 0.606203884375
1 0.42258363593750004 0.49940693593749996 0.40870211875000007 0.4985974421875 0.405884490625 0.5469112593750001 0.41976600625 0.54772075 0.42258363593750004 0.49940693593749996
7 0.4640938546875 0.49132183593749995 0.46900626093750003 0.4914078125 0.470809375 0.3883890625 0.4658970390625 0.38830308750000003 0.4640938546875 0.49132183593749995
7 0.5580628015625 0.41458985000000004 0.5513389734375 0.413840615625 0.53931875 0.52170625 0.5460425765625 0.5224554796875001 0.5580628015625 0.41458985000000004
1 0.56156065625 0.5480484546875 0.556146875 0.5483703125 0.5579484328125 0.5786703125 0.5633622140625001 0.5783484546875 0.56156065625 0.5480484546875
7 0.5857973859375 0.49095204375 0.590334390625 0.490975 0.5907859375 0.4017375 0.5862489890625 0.40171454375 0.5857973859375 0.49095204375
7 0.5912331828124999 0.5007805000000001 0.595753125 0.500990625 0.5998171937500001 0.41357499999999997 0.5952973078125 0.4133648765625 0.5912331828124999 0.5007805000000001
7 0.6892621828125 0.4799719609375 0.6866443 0.4800045671875 0.68724375 0.5281296875 0.6898616328125 0.52809708125 0.6892621828125 0.4799719609375
7 0.6913988234375 0.518243046875 0.6955843859375 0.5183171875 0.696975 0.43981562500000004 0.6927894859375 0.439741484375 0.6913988234375 0.518243046875
5 0.3846061828125 0.507417934375 0.398055671875 0.517023978125 0.411186678125 0.4986405609375 0.397737221875 0.489034534375 0.3846061828125 0.507417934375
6 0.3295467015625 0.758218353125 0.3571134296875 0.7512160156250001 0.3441015625 0.7 0.31653514375 0.7070022953125 0.3295467015625 0.758218353125
8 0.609441740625 0.528880475 0.62381976875 0.5296521375000001 0.6292613640625 0.42826704531250004 0.6148835453125 0.42749538749999993 0.609441740625 0.528880475
5 0.688698925 0.664266321875 0.6853019078125 0.6099301453125 0.6010887046875 0.6151942703125 0.60448525 0.66953 0.688698925 0.664266321875
