1 0.31892343749999996 0.569253125 0.3069046875 0.5704640624999999 0.3045 0.5753125 0.3087078125 0.5862203125 0.3123125 0.5947046874999999 0.321928125 0.599553125 0.3279375 0.5862203125 0.3273375 0.576525 0.31892343749999996 0.569253125
2 0.345365625 0.56076875 0.33515 0.5656171875 0.3279375 0.5825843749999999 0.329140625 0.6056125 0.33515 0.6165203125 0.35017343749999996 0.6177328125 0.360990625 0.62136875 0.3742125 0.614096875 0.376015625 0.598340625 0.382025 0.5825843749999999 0.38082343750000003 0.5656171875 0.37240937500000004 0.5644046875 0.35498124999999997 0.5631921875 0.345365625 0.56076875
7 0.3409015625 0.6170171875 0.31851250000000003 0.7169 0.32699375 0.692271875 0.33445625 0.6601171875 0.3470078125 0.6252265625 0.3409015625 0.6170171875
7 0.3568453125 0.6690109375 0.358203125 0.6259109375 0.3541328125 0.6231734375 0.35345312500000003 0.64711875 0.3524359375 0.6799578125 0.3429375 0.720321875 0.3531140625 0.6915875 0.3568453125 0.6690109375
7 0.3598984375 0.6587484375 0.355828125 0.6861140625 0.35209687500000003 0.7004812499999999 0.345990625 0.7237421875 0.3554890625 0.6950078125 0.3602390625 0.666959375 0.3629515625 0.638225 0.36363124999999996 0.6211218749999999 0.3592203125 0.6252265625 0.3598984375 0.6587484375
7 0.387128584375 0.648664653125 0.37143281250000004 0.74495 0.37346875 0.74358125 0.37855625000000004 0.7244265624999999 0.39678954843750003 0.6465944453125 0.387128584375 0.648664653125
1 0.42213124999999996 0.631996875 0.41912656249999997 0.617453125 0.4131171875 0.6029093750000001 0.4077078125 0.618665625 0.4023 0.6429046875 0.40891093749999996 0.6441171875 0.41672343749999996 0.6380578125 0.42213124999999996 0.631996875
1 0.4209296875 0.5277671875000001 0.42152968749999997 0.5095875000000001 0.4101125 0.49867968749999997 0.4077078125 0.5156468750000001 0.40650624999999996 0.53625 0.4101125 0.5471578125 0.4155203125 0.5398859375 0.4209296875 0.5277671875000001
7 0.470809375 0.3883890625 0.4641984375 0.485346875 0.46900624999999996 0.4914078125 0.470809375 0.3883890625
7 0.53931875 0.52170625 0.5465312499999999 0.5180703125 0.5513390625000001 0.413840625 0.53931875 0.52170625
1 0.5621562499999999 0.558065625 0.556146875 0.5483703125 0.5579484375 0.5786703125 0.56275625 0.5713984375 0.5621562499999999 0.558065625
7 0.5907859375 0.4017375 0.5858203125 0.486421875 0.5903343750000001 0.490975 0.5907859375 0.4017375
7 0.5998171875 0.41357499999999997 0.5916890625 0.490975 0.595753125 0.500990625 0.5998171875 0.41357499999999997
8 0.6273593749999999 0.508275 0.6269078125 0.48551093749999996 0.6278109374999999 0.465478125 0.6278109374999999 0.450909375 0.6287140625000001 0.432696875 0.6251015625 0.42632343749999996 0.6210375 0.42905468750000003 0.612459375 0.45181875 0.6129109374999999 0.48186875 0.6083953125 0.5091859375000001 0.612459375 0.5164703125 0.6160703125 0.5237546875 0.6219406249999999 0.542878125 0.6260046874999999 0.5264875 0.6273593749999999 0.508275
7 0.68724375 0.5281296875 0.6897921874999999 0.522521875 0.6870109375 0.48 0.6870109375 0.5094390625 0.68724375 0.5281296875
7 0.695815625 0.48700937499999997 0.696975 0.43981562500000004 0.6951203125000001 0.46645000000000003 0.69373125 0.48233750000000003 0.6914140625 0.5173828125 0.6955843749999999 0.5183171875 0.695815625 0.48700937499999997
7 0.7048515625 0.45243124999999995 0.7034625 0.48420625 0.7011453125 0.5019625 0.69766875 0.522521875 0.702303125 0.5211203125 0.7029984375 0.5057 0.7046203125 0.49215 0.705315625 0.472990625 0.7048515625 0.45243124999999995
6 0.337044875 0.752218753125 0.3427985609375 0.749493321875 0.344918340625 0.74797919375 0.34703812031250003 0.7443452875000001 0.344918340625 0.7395000781250001 0.341587259375 0.7298096578125 0.34037595781249996 0.7195135890625 0.34037595781249996 0.710731646875 0.33977030625000004 0.707400565625 0.3379533515625 0.7040694843749999 0.3312911890625 0.7095203437500001 0.325234678125 0.7167881578124999 0.323417725 0.7255701 0.32493185156250004 0.7358661703125 0.3306855375 0.7455565890625 0.337044875 0.752218753125
5 0.6091086234375 0.6357027875 0.61780286875 0.6418399015625 0.64388560625 0.6377484921875001 0.6761054578125 0.6300770984375 0.6735483265625 0.621382853125 0.6674112125 0.618825721875 0.6576941140625 0.619337146875 0.6357027875 0.619337146875 0.6290542453125 0.62036 0.62036 0.6224057046875 0.611154328125 0.6254742624999999 0.6024600828125 0.629565671875 0.6091086234375 0.6357027875
5 0.397889596875 0.5150062 0.399423875 0.5119376421874999 0.40351528437499995 0.5093805125 0.4055609890625 0.5052891015625 0.411186678125 0.4986405609375 0.40095815312500005 0.49557200312500005 0.3948210390625 0.49557200312500005 0.388683925 0.5017091171875 0.3881724984375 0.5088690859375 0.390218203125 0.5114262171874999 0.397889596875 0.5150062
