1 0.2875390625 0.47047343750000004 0.28257187500000003 0.4613359375 0.27760625 0.46681875 0.276115625 0.47869687499999997 0.2736328125 0.493315625 0.277109375 0.5061078125 0.2786 0.49879843749999997 0.28257187500000003 0.48966093749999995 0.2885328125 0.493315625 0.291015625 0.48600625 0.2875390625 0.47047343750000004
1 0.6428265625 0.501590625 0.6446765625 0.49024531250000003 0.641284375 0.4806 0.63635 0.4800328125 0.6338828125 0.48684062499999997 0.63635 0.49875468749999996 0.6375828125 0.5101015624999999 0.6357328125 0.52088125 0.637275 0.5327953125 0.642209375 0.5305265625 0.6406671875 0.5237171875 0.6428265625 0.501590625
7 0.7129527890625 0.675094978125 0.7371921875 0.7018625000000001 0.7257828125 0.6769000000000001 0.7186890625 0.6547734375 0.7621633921875001 0.706327078125 0.712171740625 0.5298657515625 0.6676477875 0.5571938390625 0.7129527890625 0.675094978125
7 0.6926437328125 0.7359975390625 0.6692101234375001 0.5650018640625001 0.6192183515624999 0.588425940625 0.6443671875 0.670659375 0.646834375 0.6978921875 0.6523859375 0.7228546875 0.6597875 0.7500875 0.653003125 0.7086718750000001 0.6505359375 0.6751984375 0.659836584375 0.6501092625 0.6926437328125 0.7359975390625
1 0.589984375 0.6084984375 0.5909109375 0.614465625 0.593459375 0.6217125 0.59485 0.6221375 0.5971656249999999 0.62000625 0.5992515625 0.6153187499999999 0.59855625 0.6076453125 0.59485 0.6042359375 0.5909109375 0.60253125 0.589984375 0.6084984375
1 0.580946875 0.6131875 0.5844234375 0.62000625 0.590215625 0.6234171875000001 0.5897515624999999 0.61745 0.5895203125 0.6089249999999999 0.5892890625 0.6012515625 0.5892890625 0.59826875 0.5865078125000001 0.5978421875000001 0.5811796874999999 0.60679375 0.580946875 0.6131875
7 0.40206694218749994 0.7164774765625 0.406753653125 0.6782182 0.4153459640625 0.6040419609375001 0.40597254375 0.5931106828125 0.3794144421875 0.5899874921875 0.378633334375 0.6829030031250001 0.3794144421875 0.7125734625 0.37316545625 0.7383399703125 0.3848296875 0.7811625 0.39894245 0.78050331875 0.401285775 0.755517603125 0.40206694218749994 0.7164774765625
7 0.33957731875 0.7141351031250001 0.336452825 0.7570792421875 0.334109440625 0.7742568750000001 0.3417484375 0.7948921875 0.362229759375 0.7758185156249999 0.359886434375 0.7508327984375 0.3637920359375 0.7211623390625 0.38332004375 0.5876450890625 0.3505129546875 0.5829602578124999 0.33957731875 0.7141351031250001
7 0.3074859375 0.719378125 0.30511093749999996 0.7356046875 0.3013796875 0.7474624999999999 0.29798749999999996 0.75931875 0.3068078125 0.74246875 0.31393125 0.7231234375 0.32003750000000003 0.6887984375 0.321734375 0.668828125 0.32275156250000003 0.6513546875 0.3489507375 0.570467428125 0.29817791875 0.562659403125 0.28724222187500004 0.6087267640625 0.2755254171875 0.6930533999999999 0.2700575984375 0.7500520078124999 0.30520801249999996 0.659478928125 0.3105390625 0.6994078125 0.3074859375 0.719378125
7 0.556728728125 0.4088413 0.5536042343750001 0.525961678125 0.5646484203125001 0.5548828125 0.58953575625 0.5501665453125 0.584849046875 0.5040992140625 0.5809434453125 0.3986908734375 0.5707889171875 0.33466506093750004 0.556728728125 0.4088413
7 0.43096837031249996 0.4767711265625 0.43096837031249996 0.531427303125 0.43096837031249996 0.558755390625 0.44160154531250007 0.5685546875 0.4590886890625 0.56734420625 0.4590886890625 0.49629118906249997 0.4544019796875 0.394006040625 0.442685175 0.3791708109375 0.43096837031249996 0.4767711265625
7 0.39503684843750003 0.52674246875 0.38878786249999997 0.4767711265625 0.38878786249999997 0.3908828484375 0.38019555 0.3690203828125 0.36847874531249997 0.370581965625 0.36738279375 0.4708984375 0.35754305 0.49394878750000004 0.3559808328125 0.5470433531250001 0.36847874531249997 0.5696866078125 0.38332004375 0.55172815625 0.39503684843750003 0.52674246875
7 0.297396809375 0.40571807812499994 0.27630652499999997 0.3791708109375 0.27864991093749997 0.4556894515625 0.2775390453125 0.5255859375 0.33176611562499997 0.5322080921875 0.3223926359375 0.4697438921875 0.3169248171875 0.359650746875 0.302864628125 0.339349878125 0.297396809375 0.40571807812499994
7 0.6271484203125001 0.5382812515625 0.644214178125 0.5368929265625 0.638746359375 0.4666206984375 0.6356219265624999 0.40415649687500005 0.623123953125 0.37370518750000004 0.613750534375 0.45022382812500006 0.6271484203125001 0.5382812515625
7 0.6793645921875 0.385417225 0.680926928125 0.3432538921875 0.6676477875 0.33544586718749997 0.659055534375 0.382294003125 0.648900946875 0.3776092 0.648900946875 0.47599030468750003 0.6434331296875 0.5306464828124999 0.654368765625 0.5462625328125 0.6671874828125001 0.5382812515625 0.685613578125 0.5368929265625 0.6949869984375 0.5329889125 0.690300346875 0.49629118906249997 0.6817079765625 0.4510046484375 0.6918625640625 0.392444459375 0.6793645921875 0.385417225
