7 0.74914028125 0.7513536281250001 0.7548251640625 0.7496140484375 0.7362950500000001 0.689068090625 0.730610240625 0.690807659375 0.74914028125 0.7513536281250001
7 0.728582809375 0.763701265625 0.7376638125 0.76032434375 0.7103703125 0.686940625 0.7012894515625 0.6903175171875 0.728582809375 0.763701265625
1 0.3394973140625 0.6447208015625 0.3295882671875 0.643018396875 0.3228532703125 0.68221505625 0.332762315625 0.6839174546875 0.3394973140625 0.6447208015625
1 0.324261040625 0.6554019546875 0.312599175 0.6549487734375 0.31117612031249997 0.6915637015625 0.3228379859375 0.69201688125 0.324261040625 0.6554019546875
2 0.26943965468750003 0.6519233375 0.3267042234375 0.660476446875 0.3375053484375 0.5881669734375 0.28024155781250004 0.5796139218749999 0.26943965468750003 0.6519233375
7 0.3124766375 0.6844672546874999 0.2963594359375 0.67778838125 0.2623515625 0.7598421875 0.2784687265625 0.7665209953125001 0.3124766375 0.6844672546874999
7 0.2549717921875 0.720581578125 0.2519093203125 0.718695278125 0.23458125000000002 0.7468234375 0.23764371718750002 0.7487097296874999 0.2549717921875 0.720581578125
8 0.6475881484375 0.41174964843749995 0.6167353703125 0.40827592343749997 0.6047408 0.51480214375 0.6355935734375 0.5182758421875 0.6475881484375 0.41174964843749995
1 0.1837539921875 0.56018144375 0.20734408750000002 0.5456330078125 0.1801554984375 0.501551021875 0.156565553125 0.5160993953124999 0.1837539921875 0.56018144375
5 0.24986858281250002 0.5146008265625001 0.27812367031249996 0.4553591234375 0.2008928578125 0.41852678593750003 0.1726377 0.4777681125 0.24986858281250002 0.5146008265625001
5 0.6359725890625 0.628509609375 0.6339285718750001 0.6785714281249999 0.688616065625 0.6808037265625 0.6906597999999999 0.63074218125 0.6359725890625 0.628509609375
