7 0.3153265625 0.6163546875 0.2931609375 0.7054671875 0.3214828125 0.622078125 0.3153265625 0.6163546875
7 0.32928125 0.6269828125 0.32394531249999997 0.6703125 0.3104 0.735715625 0.3259984375 0.68339375 0.3305140625 0.6515093750000001 0.333796875 0.62453125 0.32928125 0.6269828125
7 0.358425 0.6539625 0.3461109375 0.73816875 0.36211875 0.659684375 0.358425 0.6539625
7 0.380590625 0.7013796875 0.383053125 0.62861875 0.3785375 0.6294359375 0.380590625 0.7013796875
7 0.39413593750000003 0.6744 0.39003125 0.6294359375 0.39003125 0.6842109375 0.3859265625 0.7430734375 0.3933140625 0.6948390625 0.39413593750000003 0.6744
7 0.362940625 0.685028125 0.36663437499999996 0.6613203125 0.358425 0.6972921875 0.348984375 0.740621875 0.3592453125 0.7111890625 0.362940625 0.685028125
2 0.3752546875 0.563215625 0.3649921875 0.562396875 0.3530890625 0.5697546874999999 0.3518578125 0.59428125 0.3555515625 0.6114499999999999 0.369096875 0.6163546875 0.39003125 0.62453125 0.400703125 0.6098140625 0.4015234375 0.5803828125 0.3986515625 0.5525875 0.3916734375 0.5493171875 0.3752546875 0.563215625
2 0.42820468749999996 0.5509515625 0.41876406250000003 0.54768125 0.40685937499999997 0.5501343750000001 0.39741875000000004 0.554221875 0.393725 0.5722078125000001 0.39249375 0.587740625 0.395778125 0.6106328125 0.40357656249999996 0.6155375000000001 0.41137499999999994 0.6122671875 0.41712187500000003 0.5959171875 0.4236890625 0.59428125 0.4286140625 0.59019375 0.432309375 0.5648500000000001 0.42820468749999996 0.5509515625
8 0.33320584062499997 0.7174870296875 0.347798796875 0.6724920796875 0.355095275 0.6420900875 0.35995959375000003 0.6226328125 0.313748565625 0.6104720140625 0.29064305 0.671276 0.2809144125 0.71627095 0.28213049218749997 0.735728225 0.29672345 0.749105103125 0.3173968046875 0.7454568625 0.33320584062499997 0.7174870296875
0 0.6528072593750001 0.587919790625 0.49091630156250005 0.540728903125 0.35130993125 0.6010283703125 0.24316415 0.5630134890625 0.23071099843749998 0.5990620828125001 0.301497328125 0.616758665625 0.3650739390625 0.6233129546875 0.460111140625 0.60496094375 0.5564592 0.6141369484375 0.6423203953125001 0.629211815625 0.6528072593750001 0.587919790625
5 0.6796875 0.6302083328125 0.7135416671875 0.5963541671875 0.7109375 0.5807291671875 0.7005208328125 0.5703125 0.6953125 0.5651041671875 0.671875 0.5625 0.6536458328125 0.5651041671875 0.640625 0.5833333328125 0.6380208328125 0.6171875 0.6510416671875 0.6302083328125 0.6796875 0.6302083328125
