1 0.280375 0.330534375 0.2525546875 0.330534375 0.2525546875 0.40644375000000005 0.280375 0.40644375000000005 0.280375 0.330534375
1 0.3542090859375 0.40232730156249996 0.33762056406249996 0.4042885359375 0.3430118140625 0.4498864 0.3596003359375 0.44792517187499997 0.3542090859375 0.40232730156249996
1 0.38284101718749997 0.3741988953125 0.35780495625 0.371936328125 0.3488463890625 0.47106079375 0.37388244843749996 0.473323346875 0.38284101718749997 0.3741988953125
1 0.5972594234375 0.41332787968750007 0.579136046875 0.4150421515625 0.5840866874999999 0.46737757343749997 0.6022100640625 0.4656633078125 0.5972594234375 0.41332787968750007
2 0.6648876046875001 0.5597851046875 0.70069763125 0.5529366140625 0.684747078125 0.46954119531250005 0.648937525 0.4763896390625 0.6648876046875001 0.5597851046875
7 0.724414728125 0.6188952234375 0.7285610124999999 0.6174687234375 0.7131171875 0.572584375 0.708970934375 0.5740108671875 0.724414728125 0.6188952234375
7 0.7016379109375 0.6469301078125 0.7088170296875 0.6451464546875 0.68665401875 0.555951828125 0.679475015625 0.557735465625 0.7016379109375 0.6469301078125
7 0.6536144312500001 0.538291996875 0.648034375 0.5399406250000001 0.67228966875 0.6220285984375 0.67786971875 0.6203799828125 0.6536144312500001 0.538291996875
7 0.6344270234375 0.603786528125 0.6381531515625001 0.603395309375 0.6336937500000001 0.5609265625 0.62996765 0.561317778125 0.6344270234375 0.603786528125
6 0.6800724625 0.597057359375 0.6576009265625 0.6039340546874999 0.6729162640624999 0.6539752875 0.6953877828125 0.647098625 0.6800724625 0.597057359375
2 0.369022990625 0.4903380390625 0.33171874375 0.48806093749999996 0.329040765625 0.531929046875 0.3663450109375 0.5342061421875 0.369022990625 0.4903380390625
7 0.326822046875 0.5824870625 0.3228936703125 0.5813281015625 0.3068984375 0.6355390625 0.3108268109375 0.6366980171875001 0.326822046875 0.5824870625
7 0.3490524796875 0.604861371875 0.34605936718749997 0.6046453125 0.3435765625 0.6390359375 0.346569675 0.639251996875 0.3490524796875 0.604861371875
7 0.3154985953125 0.5363227984375001 0.3074314484375 0.5340050546875 0.279596875 0.6308765625 0.28766401406250003 0.6331942859375 0.3154985953125 0.5363227984375001
6 0.359565828125 0.726770521875 0.356271021875 0.705906996875 0.33595215624999997 0.7091152890625 0.339246909375 0.7299787671875 0.359565828125 0.726770521875
8 0.29686156406249997 0.47275487031249996 0.2784087421875 0.46235775781250005 0.22228852500000001 0.5619522109374999 0.240741278125 0.572349228125 0.29686156406249997 0.47275487031249996
8 0.286992059375 0.4501445765625 0.264204275 0.43465890781249994 0.207038465625 0.5187749125 0.22982615312500002 0.534260465625 0.286992059375 0.4501445765625
8 0.666371834375 0.6282733375 0.6846575953125 0.6229219234375 0.6538353406249999 0.517614053125 0.6355499109375 0.522965415625 0.666371834375 0.6282733375
8 0.6369102046874999 0.5332827453125 0.6171875 0.5376420453125 0.640930371875 0.64505051875 0.6606530609375 0.6406912625000001 0.6369102046874999 0.5332827453125
8 0.734250646875 0.4518731765625 0.7140906015625 0.460742859375 0.7565458875 0.5572328375 0.776705890625 0.5483632265625 0.734250646875 0.4518731765625
8 0.7450378390625 0.58959474375 0.769224840625 0.577863159375 0.7144970953125 0.46504151875 0.6903105125 0.47677298125 0.7450378390625 0.58959474375
8 0.5917867671875 0.422439809375 0.6262475937499999 0.42175062187499995 0.6228751625 0.2531391015625 0.58841493125 0.2538282828125 0.5917867671875 0.422439809375
8 0.26937073906250003 0.6310794234375 0.2880272921875 0.6378479625 0.33533769062499996 0.50745625625 0.316681546875 0.5006877984375 0.26937073906250003 0.6310794234375
8 0.24857890781249997 0.5937500453125 0.2676135953125 0.603266571875 0.32301158124999996 0.492471171875 0.3039772203125 0.48295474218749995 0.24857890781249997 0.5937500453125
