6 0.6576009269475662 0.6039340553667438 0.6800724618414051 0.597057358856525 0.6953877832863782 0.6470986250588453 0.6729162633032502 0.6539752871970476
6 0.35627102223566 0.7059069963098115 0.35956582762992184 0.7267705218902659 0.3392469096684181 0.7299787672810082 0.3359521569085473 0.7091152886501181
8 0.2784087423084429 0.4623577584308467 0.296861563395737 0.4727548696786113 0.24074127846995452 0.5723492283778315 0.2222885243473911 0.561952211217687
8 0.2642042756218643 0.43465890735381485 0.28699205917087056 0.45014457618610143 0.22982615355238067 0.5342604653547246 0.2070384652104167 0.5187749131806886
8 0.6846575945768336 0.6229219236675272 0.6663718347854228 0.6282733379431612 0.6355499115890098 0.5229654156313813 0.6538353400273991 0.5176140532330379
8 0.6171875 0.5376420453124999 0.6369102041996939 0.5332827451166439 0.6606530613391897 0.6406912618321273 0.6409303712699739 0.6450505188773688
8 0.714090601575549 0.46074285934203985 0.7342506475085884 0.4518731760134953 0.776705890840276 0.5483632265223973 0.7565458875725426 0.5572328378745268
8 0.7692248413638936 0.5778631599839228 0.7450378394139534 0.5895947442917373 0.6903105120177315 0.47677298165840604 0.7144970957482428 0.4650415182853291
8 0.6262475934476015 0.4217506216124816 0.5917867672364991 0.4224398087794176 0.5884149313010312 0.253828282431666 0.6228751628497093 0.2531391011910621
8 0.28802729166920926 0.6378479626679628 0.2693707388193616 0.631079422746656 0.31668154668841453 0.5006877984432961 0.33533769065149954 0.5074562565731601
8 0.26761359461170287 0.6032665719937281 0.2485789083381178 0.5937500450063767 0.3039772206146836 0.48295474231700647 0.3230115806793492 0.49247117158244447
