6 0.6842270883570336 0.6143867789220211 0.6988002198590948 0.6356366283929014 0.6795305389946407 0.6488501018773196 0.6649574609375577 0.6276003000000105
6 0.7109373776222583 0.6528181926876312 0.7019554694754788 0.6520697940077994 0.702862947591484 0.6411802310475005 0.7118448364572032 0.6419286289188044
6 0.37342633246771584 0.2956270866307667 0.3549511952452349 0.2921463472296245 0.3608438261981064 0.2608702219017865 0.37931891525192896 0.2643509566648852
6 0.6795286179407185 0.2788491535016005 0.6688213380665502 0.2734956250893056 0.6800249621550165 0.2510884178864024 0.6907322240651865 0.25644194093507594
6 0.7432460262726863 0.633201406900177 0.7183494185060226 0.6390586612580045 0.7101328143429555 0.6041372609503872 0.7350292612493377 0.5982800262569247
6 0.2725674362748123 0.6086278107814176 0.2859492607980201 0.6074114238612388 0.2884282216152769 0.6346800159410085 0.2750463975265802 0.6358963997060827
8 0.2755678836028892 0.46377825935430167 0.29499861697820506 0.47357177110700005 0.24468205264156495 0.5733938896339532 0.22525137656646166 0.5636004645374323
8 0.26420431526855737 0.43465895439561214 0.28724845937585997 0.4483054160858963 0.23378751089160232 0.5385758370344599 0.21074344431292502 0.5249294819915413
8 0.30027960938264187 0.48376769708366407 0.319743534172062 0.4923971202743586 0.2701407826293689 0.6042678182464358 0.2506769101480586 0.5956384825584783
8 0.28693472813449716 0.634704733204595 0.2682031236564626 0.6276332795963798 0.3177885874738422 0.49630041199373226 0.33651977584565884 0.5033717775909968
8 0.777935584419879 0.5449313696917542 0.7583990820670579 0.5549559573729845 0.7112876219939608 0.4631495065483679 0.7308238640625859 0.4531249999999749
8 0.7669632495849328 0.5761015729922242 0.7470622143816854 0.585737068170306 0.6943837209896628 0.47694474868097186 0.7142844274812887 0.46730934802962476
8 0.6815355769341522 0.621808419419472 0.6648257452069402 0.6262639412007872 0.637654450853006 0.5243716713232549 0.6543639922728062 0.5199161902037351
8 0.6189243774209672 0.5273119424919831 0.6410047388644671 0.5251041146798412 0.6528114470559103 0.6431706645715679 0.6307310891090765 0.6453784690849834
8 0.6305578506687652 0.4218886784556497 0.5956305497935546 0.4245595071130614 0.5819495501273195 0.24565083847038074 0.6168762488359789 0.24298003211458502
