5 0.6988002203125 0.635636628125 0.6842270890625 0.6143867796875 0.6649574609375 0.6276003 0.6795305390624999 0.6488501015625 0.6988002203125 0.635636628125
5 0.70195546875 0.65206979375 0.710937378125 0.6528181921875 0.7118448359375 0.6419286296875 0.7028629468750001 0.64118023125 0.70195546875 0.65206979375
5 0.3549511953125 0.29214634687499996 0.3734263328125 0.2956270859375 0.379318915625 0.26435095625 0.36084382656249997 0.260870221875 0.3549511953125 0.29214634687499996
5 0.6688213375000001 0.273495625 0.6795286171875 0.278849153125 0.6907322234375 0.256441940625 0.6800249625 0.25108841718749997 0.6688213375000001 0.273495625
5 0.71834941875 0.6390586609375 0.7432460265625 0.63320140625 0.7350292609375 0.5982800265625 0.7101328140625001 0.6041372609375 0.71834941875 0.6390586609375
5 0.2859492609375 0.6074114234375 0.2725674359375 0.6086278109375 0.275046396875 0.6358964 0.288428221875 0.634680015625 0.2859492609375 0.6074114234375
8 0.2949986171875 0.473571771875 0.275567884375 0.463778259375 0.2252513765625 0.5636004640625 0.24468205312500002 0.5733938890625 0.2949986171875 0.473571771875
8 0.287248459375 0.448305415625 0.264204315625 0.43465895468750004 0.21074344374999998 0.5249294812499999 0.2337875109375 0.5385758375 0.287248459375 0.448305415625
8 0.319743534375 0.49239712031250005 0.300279609375 0.48376769687500004 0.250676909375 0.5956384828125 0.2701407828125 0.60426781875 0.319743534375 0.49239712031250005
8 0.2682031234375 0.6276332796874999 0.286934728125 0.6347047328125 0.3365197765625 0.503371778125 0.3177885875 0.4963004125 0.2682031234375 0.6276332796874999
8 0.7583990828125 0.5549559578125 0.777935584375 0.5449313703125 0.7308238640625 0.453125 0.711287621875 0.46314950625 0.7583990828125 0.5549559578125
8 0.7470622140625001 0.58573706875 0.76696325 0.5761015734375 0.714284428125 0.46730934843750005 0.6943837203125 0.4769447484375 0.7470622140625001 0.58573706875
8 0.6648257453124999 0.626263940625 0.6815355765625 0.6218084187499999 0.6543639921875 0.5199161906249999 0.6376544515625 0.524371671875 0.6648257453124999 0.626263940625
8 0.6410047390625 0.5251041140625 0.618924378125 0.5273119421875 0.6307310890625 0.6453784687499999 0.652811446875 0.6431706640625 0.6410047390625 0.5251041140625
8 0.59563055 0.42455950781249996 0.63055785 0.421888678125 0.6168762484375 0.24298003281249997 0.58194955 0.2456508390625 0.59563055 0.42455950781249996
