1 0.28166925468750004 0.54117466875 0.29801833437499997 0.5283293765625 0.25869999374999997 0.4782903390625 0.24235102031250003 0.49113556718750007 0.28166925468750004 0.54117466875
1 0.3063119109375 0.5508545406249999 0.3531020484375 0.5452858015625 0.3456609859375 0.4827709984375 0.29887131093749997 0.4883397109375 0.3063119109375 0.5508545406249999
1 0.6270835546875 0.498929525 0.63623535625 0.4960691703125 0.6283765625 0.4709265625 0.6192247937500001 0.47378691249999993 0.6270835546875 0.498929525
1 0.6813746609375 0.504927559375 0.7008927953125 0.5107409984375 0.7180452796875 0.453156875 0.6985273046875 0.44734346093750005 0.6813746609375 0.504927559375
1 0.7206372515624999 0.6331504546875 0.7137042359375 0.5906975328125 0.6636481421875 0.5988713015625 0.6705809296874999 0.6413240203125 0.7206372515624999 0.6331504546875
1 0.5953565937499999 0.6363662671875 0.61915149375 0.665823525 0.6547172296875 0.6370978015625 0.6309224 0.6076406750000001 0.5953565937499999 0.6363662671875
1 0.6028979750000001 0.6590333140625 0.6124406984374999 0.6579489640625 0.6084226375 0.622593096875 0.5988799796875 0.6236774421875 0.6028979750000001 0.6590333140625
1 0.3727735546875 0.6317983578125 0.3498810859375 0.6241702921875001 0.32514373750000003 0.6983994625000001 0.3480361765625 0.7060274671875 0.3727735546875 0.6317983578125
1 0.37471970625 0.68543541875 0.3828764703125 0.687289265625 0.38934848125 0.65881684375 0.3811917640625 0.656963003125 0.37471970625 0.68543541875
1 0.41911734687499996 0.6648139953125 0.412462946875 0.6650801703125 0.4139078109375 0.701196875 0.420562209375 0.7009307015624999 0.41911734687499996 0.6648139953125
1 0.57624553125 0.52057504375 0.5795171984375 0.5204953125 0.578696875 0.48683750000000003 0.575425225 0.48691723124999997 0.57624553125 0.52057504375
5 0.383056803125 0.7192706281250001 0.41661121718749994 0.718134828125 0.41403065625 0.641916634375 0.38047677812499997 0.643052425 0.383056803125 0.7192706281250001
5 0.265356596875 0.71660793125 0.32812546249999996 0.7243304140625 0.33984375 0.6290922625 0.2770761 0.6213698546875001 0.265356596875 0.71660793125
5 0.6731770828125 0.44140625 0.6281492703125 0.44676632187500004 0.6354166421875 0.507812503125 0.68044445 0.5024524546875 0.6731770828125 0.44140625
5 0.609375 0.46484375 0.5833333328125 0.46484375 0.5833333328125 0.5520833328125 0.609375 0.5520833328125 0.609375 0.46484375
8 0.3792613640625 0.37642045468749996 0.34872159062499997 0.37642045468749996 0.34872159062499997 0.5376420453125 0.3792613640625 0.5376420453125 0.3792613640625 0.37642045468749996
