2 0.310463515625 0.52433156875 0.29684642499999997 0.5734055859375 0.3335342375 0.5835846453125 0.3471511421875 0.5345107859375 0.310463515625 0.52433156875
1 0.37544374999999997 0.5556390625 0.3678125 0.5556390625 0.3678125 0.582621875 0.37544374999999997 0.582621875 0.37544374999999997 0.5556390625
1 0.4164983078125 0.5860778734375 0.4251475953125 0.5864535015625 0.42650384687500004 0.555226653125 0.41785460625 0.554851028125 0.4164983078125 0.5860778734375
2 0.42691981874999996 0.6049595234375 0.45883238437499996 0.602893971875 0.4549508890625 0.542934190625 0.42303865937499996 0.5449997328125 0.42691981874999996 0.6049595234375
2 0.46286835000000004 0.6087243578125 0.48694961562500005 0.6049150921875001 0.47559129687499996 0.53311881875 0.4515103296875 0.5369280609375 0.46286835000000004 0.6087243578125
2 0.5108532421875001 0.53417805 0.47513118906249996 0.5418681734375 0.489304765625 0.6077006515625001 0.5250268046875 0.6000105734375001 0.5108532421875001 0.53417805
7 0.5120919500000001 0.4462556828125 0.5038999 0.44530128125 0.49726875000000004 0.502215625 0.5054608 0.503170021875 0.5120919500000001 0.4462556828125
2 0.6411604 0.573234634375 0.68267020625 0.5641395484375 0.665941290625 0.4877971546875 0.6244319984375 0.49689218124999995 0.6411604 0.573234634375
7 0.6583585921874999 0.491452534375 0.6637109375 0.492503125 0.6775995734375 0.42175054687499997 0.6722472796875001 0.42069996249999997 0.6583585921874999 0.491452534375
7 0.649373125 0.49326216718750004 0.658244596875 0.492414934375 0.650148609375 0.4076467859375 0.6412772390625 0.4084940140625 0.649373125 0.49326216718750004
1 0.64762761875 0.6221818171875 0.662693321875 0.6179746328125 0.6540250000000001 0.5869375 0.6389593828125 0.591144671875 0.64762761875 0.6221818171875
1 0.700036125 0.5641925515625 0.688310978125 0.568555534375 0.695929359375 0.5890272234375 0.7076545015625 0.5846642484375 0.700036125 0.5641925515625
1 0.3832418890625 0.6239706171875 0.3715643671875 0.6234830328125 0.369691128125 0.668340996875 0.38136864843749996 0.66882858125 0.3832418890625 0.6239706171875
1 0.3410855640625 0.608821671875 0.320044609375 0.6078036640625 0.31737033124999997 0.6630709203125 0.3384112875 0.6640889234375 0.3410855640625 0.608821671875
1 0.32665277187499997 0.6859677843750001 0.34235844375 0.68826735 0.34585480625 0.6643908374999999 0.3301492109375 0.6620912765625 0.32665277187499997 0.6859677843750001
9 0.7367244953125 0.45019465625 0.779274740625 0.42244562343750003 0.6978243796875 0.29755625937499997 0.6552746953125 0.32530504374999997 0.7367244953125 0.45019465625
8 0.6278103203125001 0.6317931328124999 0.6034244531249999 0.6364145640625 0.629261128125 0.77272731875 0.6536469765625 0.7681059546875 0.6278103203125001 0.6317931328124999
7 0.329734153125 0.4251749109375 0.3267045234375 0.42471590625 0.3168353140625 0.4898528171875 0.31986494374999996 0.4903118203125 0.329734153125 0.4251749109375
7 0.3384732140625 0.44217612500000003 0.33380679375 0.44176136250000003 0.328125 0.5056818187500001 0.33279142031250003 0.5060965796875 0.3384732140625 0.44217612500000003
