2 0.3108015625 0.577265625 0.3225234375 0.5805296875 0.3303375 0.5792234374999999 0.336375 0.573346875 0.337440625 0.5557171875 0.33566562499999997 0.541353125 0.33246875 0.5433125000000001 0.327140625 0.5361296875 0.3246546875 0.52829375 0.32003593750000003 0.5269874999999999 0.314353125 0.5354765625 0.3129328125 0.5439640625 0.31115624999999997 0.553759375 0.3065390625 0.553759375 0.3012109375 0.5576765625 0.2980140625 0.5720421875 0.30369687500000003 0.57530625 0.3108015625 0.577265625
1 0.3686921875 0.582621875 0.3730953125 0.577225 0.37544374999999997 0.5712890625 0.37544374999999997 0.562115625 0.372803125 0.5556390625 0.3689859375 0.5577984375 0.3678125 0.563734375 0.3678125 0.5734468749999999 0.3686921875 0.582621875
1 0.41742187499999994 0.5648140625 0.41712812499999996 0.571828125 0.418596875 0.5783046875 0.4200640625 0.584240625 0.42387968750000005 0.5863984375 0.4256421875 0.5750656249999999 0.426228125 0.561575 0.4235875 0.5551 0.4203578125 0.55995625 0.41742187499999994 0.5648140625
2 0.454703125 0.59773125 0.45734531250000005 0.5799234375 0.455878125 0.5572578125 0.4508875 0.548625 0.44208125000000004 0.5437671875000001 0.435621875 0.5475453124999999 0.42916406250000005 0.5561796875 0.426815625 0.563734375 0.42505468750000003 0.5761453125 0.426521875 0.5912546875 0.42945781250000004 0.5966515625000001 0.43180625 0.6015078125 0.43855781250000003 0.6042062500000001 0.4479515625 0.6031265625 0.454703125 0.59773125
2 0.4811234375 0.571828125 0.47906875 0.5551 0.474078125 0.5437671875000001 0.46967499999999995 0.5340546875000001 0.463803125 0.5367531249999999 0.46028125 0.546465625 0.4576390625 0.5583375 0.4582265625 0.5793828125 0.4611609375 0.59449375 0.4667390625 0.606365625 0.474371875 0.6069046874999999 0.482296875 0.598809375 0.4837640625 0.5847796875 0.4811234375 0.571828125
2 0.5034328125 0.6042062500000001 0.5098906249999999 0.6015078125 0.5157625 0.592334375 0.5169359375 0.5745265625 0.5160546874999999 0.5583375 0.5122390625000001 0.5459265624999999 0.5034328125 0.5405296875000001 0.4963875 0.5372921875000001 0.48758125 0.5426890625 0.48317812499999996 0.5507828124999999 0.4805359375 0.5577984375 0.4805359375 0.566971875 0.4837640625 0.5799234375 0.48611250000000006 0.5928734375 0.48934218749999997 0.6004296874999999 0.49550625000000004 0.606365625 0.5034328125 0.6042062500000001
2 0.6505015625 0.49951875 0.6425765625000001 0.514628125 0.6361171875 0.525959375 0.63435625 0.5340546875000001 0.63553125 0.5475453124999999 0.639346875 0.5648140625 0.6416953125 0.568590625 0.6455109375 0.5696703125 0.647859375 0.5675109375 0.6519703125 0.5648140625 0.6540250000000001 0.5691296875 0.6598953125 0.5691296875 0.666353125 0.5658921875 0.668115625 0.560496875 0.6716375 0.5583375 0.6766281249999999 0.55671875 0.6792703125 0.548625 0.6751609375000001 0.5437671875000001 0.6704640625 0.5351343749999999 0.6710499999999999 0.52488125 0.6707562499999999 0.5097703124999999 0.6651796875 0.49466093750000006 0.6601890625 0.49034374999999997 0.6543187500000001 0.49034374999999997 0.6505015625 0.49951875
1 0.6540250000000001 0.6203953125 0.6596015625 0.6182375 0.6596015625 0.6069046874999999 0.656959375 0.60096875 0.6557859374999999 0.5966515625000001 0.6540250000000001 0.5869375 0.6499140625 0.5901765625000001 0.6466859375 0.5912546875 0.6419890625 0.592334375 0.6414015625 0.5998890625 0.6452171875 0.6117609374999999 0.6499140625 0.6133796874999999 0.6540250000000001 0.6203953125
1 0.69981875 0.5642734375 0.6942406250000001 0.5664328125 0.6910125 0.5691296875 0.6901312500000001 0.5734468749999999 0.693946875 0.5837 0.69864375 0.5880171875 0.7012859375 0.5815421875 0.703046875 0.5766859375 0.7018734375 0.5691296875 0.69981875 0.5642734375
1 0.381315625 0.6576296875 0.382196875 0.6489953125000001 0.382196875 0.6355046875 0.37896718749999997 0.6241734375 0.37515156250000004 0.6236328125 0.3739765625 0.62956875 0.370746875 0.643059375 0.3701609375 0.657090625 0.37162812500000003 0.668421875 0.3748578125 0.6646453125 0.3777921875 0.6614078125 0.381315625 0.6576296875
1 0.326421875 0.6106812500000001 0.32377968749999997 0.607984375 0.3196703125 0.6155390625 0.3193765625 0.62795 0.31849531249999996 0.639821875 0.3182015625 0.65816875 0.32201875 0.6624859375 0.3275953125 0.663565625 0.3322921875 0.6592484375 0.335815625 0.6538515625 0.3375765625 0.64521875 0.339925 0.63280625 0.334934375 0.62956875 0.32965 0.6268703125 0.326128125 0.6171578125 0.326421875 0.6106812500000001
1 0.3284765625 0.6786749999999999 0.3314125 0.6851515625 0.335815625 0.687309375 0.33904375 0.6867703125 0.34344687500000004 0.680834375 0.3455015625 0.666803125 0.34021875 0.663565625 0.33464062499999997 0.663565625 0.3290640625 0.6695015625 0.3284765625 0.6786749999999999
0 0.4854791984375 0.55670560625 0.547018815625 0.5549961718749999 0.627362203125 0.5384716453125 0.6843433296875 0.5077018375 0.72992823125 0.48832825468749996 0.727079175 0.4501509 0.6860527640625 0.477501840625 0.6393282390625 0.4968754234375 0.558415040625 0.5185282515625 0.5401810796875 0.5185282515625 0.47123391718749996 0.5139697609375 0.428498071875 0.5253659875000001 0.3743660015625 0.528784853125 0.347584871875 0.525935796875 0.3065584609375 0.5014339125 0.2535660125 0.48206033125000003 0.2455886546875 0.5082716484375001 0.2706603515625 0.528784853125 0.327071665625 0.5515773046875 0.40456599843749996 0.5578452281249999 0.4854791984375 0.55670560625
8 0.6239433359375 0.642177296875 0.6222339015625 0.6410376734375001 0.6188150343750001 0.642177296875 0.607418809375 0.6484452203125 0.627362203125 0.75841879375 0.63761880625 0.7681055859375 0.6393282390625 0.704856534375 0.62565276875 0.6478754078125 0.6239433359375 0.642177296875
0 0.5071320265625 0.6980188 0.549867871875 0.68947163125 0.5897546593749999 0.6803546515625001 0.6512942765624999 0.6632603125000001 0.6980188 0.6398980515625 0.7407546453125 0.6034301296875 0.7236603078125 0.578358434375 0.6757961609375001 0.6250829578125 0.6171056 0.6484452203125 0.5618339078125001 0.6518640875 0.4900376875 0.6541433328124999 0.44103391875 0.65471314375 0.41368297812500004 0.65471314375 0.3846226046875 0.6552829546875001 0.3584112859375 0.6524338984375 0.341886759375 0.6455961625 0.327071665625 0.63704899375 0.26553205 0.60855843125 0.2586943140625 0.633060315625 0.3019999703125 0.6706678593750001 0.32023393125 0.67807540625 0.3732263796875 0.687762196875 0.40513580937500004 0.6917508765625 0.46211693593750003 0.705426346875 0.5071320265625 0.6980188
