1 0.2017859375 0.526528125 0.2017859375 0.515428125 0.196103125 0.5115109375 0.1868671875 0.504328125 0.18225 0.5141218750000001 0.1804734375 0.525221875 0.1804734375 0.5395875 0.1850921875 0.548728125 0.19184062500000001 0.5474234375 0.197878125 0.5448109375 0.19965468749999998 0.536975 0.2017859375 0.526528125
1 0.3190015625 0.5866 0.32397343749999996 0.5755 0.3271703125 0.5572171875 0.32503906250000003 0.5493812499999999 0.32184218750000004 0.538934375 0.314028125 0.5428515625 0.30870000000000003 0.5539515625 0.305859375 0.5591765625 0.30124062500000004 0.5709296875 0.30088593750000003 0.5781109375 0.309765625 0.5931296875000001 0.311896875 0.5944359375 0.3190015625 0.5866
1 0.3527453125 0.5905171874999999 0.35523125 0.5892125 0.36126874999999997 0.5839875 0.3641109375 0.57680625 0.3641109375 0.5696234375 0.360559375 0.5617875 0.35700625 0.5709296875 0.35345468750000003 0.5787640625 0.3527453125 0.5905171874999999
1 0.3829359375 0.5644 0.3861328125 0.5676640625 0.38897499999999996 0.5670109375 0.3871984375 0.550034375 0.3861328125 0.5337109375 0.38151562499999997 0.538934375 0.3786734375 0.548075 0.38045 0.5585234375 0.3829359375 0.5644
1 0.7409749999999999 0.5546046875 0.7441718749999999 0.5728875 0.7502093750000001 0.5696234375 0.754828125 0.559828125 0.7495 0.5506875 0.7466578125 0.5467703125 0.7409749999999999 0.5546046875
1 0.7658390625 0.5395875 0.7601546875 0.5467703125 0.754471875 0.5474234375 0.752696875 0.5474234375 0.7519859375 0.559828125 0.752696875 0.5696234375 0.75340625 0.5794171875 0.762996875 0.5892125 0.77045625 0.5800703125 0.7736531249999999 0.57419375 0.777915625 0.574846875 0.782178125 0.5709296875 0.78501875 0.551340625 0.7814671875 0.5435046875 0.778625 0.538934375 0.7729421875 0.5350171875 0.768325 0.536321875 0.7658390625 0.5395875
1 0.6781046875000001 0.6773609375 0.6951546875 0.681278125 0.7068765625 0.6721375 0.7129140625 0.6564656249999999 0.7065203125 0.64601875 0.6997718749999999 0.634265625 0.6940890625 0.6283890624999999 0.6841437499999999 0.63491875 0.6727765625 0.6525484374999999 0.6688703125 0.6616890625 0.6720671874999999 0.67083125 0.6781046875000001 0.6773609375
1 0.6173656249999999 0.67083125 0.614525 0.6545062500000001 0.6074203125000001 0.6603828125 0.6031578125 0.6727890624999999 0.6035140625000001 0.681278125 0.6070656249999999 0.691071875 0.611328125 0.7015203125 0.6163000000000001 0.70413125 0.619853125 0.6969484375 0.6180765625 0.682584375 0.6173656249999999 0.67083125
7 0.6542953125000001 0.7223609375 0.648425 0.697340625 0.6428203124999999 0.70371875 0.65803125 0.7758328125 0.655096875 0.7449265625 0.6636359374999999 0.7827015625 0.6569640625 0.7434546875 0.6542953125000001 0.7223609375
7 0.6273421875 0.70568125 0.6281421875000001 0.73756875 0.62894375 0.759153125 0.6361484374999999 0.79545625 0.6273421875 0.70568125
7 0.6294765625000001 0.70371875 0.623071875 0.7022468749999999 0.6220046875 0.70568125 0.6212046875 0.7238328125 0.6225390625 0.7478703125 0.62894375 0.7817203125 0.6270749999999999 0.7709265624999999 0.6273421875 0.757190625 0.6262749999999999 0.7414921875 0.6262749999999999 0.727265625 0.6294765625000001 0.70371875
1 0.2854890625 0.6227734375 0.285221875 0.6325859375 0.2857546875 0.63994375 0.28655624999999996 0.6522078125 0.2894921875 0.6507359375 0.29429531249999996 0.644359375 0.2961625 0.638471875 0.29536250000000003 0.6286609375000001 0.290559375 0.6232640625 0.2854890625 0.6227734375
1 0.27854999999999996 0.6414156249999999 0.28201875 0.642396875 0.28388749999999996 0.6350390625 0.2846875 0.6271890625000001 0.282553125 0.617378125 0.278015625 0.6227734375 0.27534843750000004 0.6306234374999999 0.2748140625 0.6350390625 0.27854999999999996 0.6414156249999999
1 0.2318484375 0.606584375 0.228646875 0.613453125 0.2281125 0.6237546875 0.22971406249999998 0.6360187500000001 0.2318484375 0.6325859375 0.2337171875 0.6301328125000001 0.2363859375 0.6237546875 0.237453125 0.615415625 0.23531875000000002 0.6036421875 0.2318484375 0.606584375
1 0.2059625 0.585490625 0.20115937499999997 0.5903968749999999 0.1960890625 0.5948109374999999 0.19448749999999998 0.6031515625 0.1939546875 0.61394375 0.1974234375 0.6237546875 0.2022265625 0.6271890625000001 0.216103125 0.6316046875 0.22544375 0.6222828125000001 0.2289125 0.612471875 0.2310484375 0.6006984375 0.22384218749999998 0.589415625 0.21930624999999998 0.584509375 0.2094328125 0.578621875 0.2059625 0.585490625
5 0.33145161875 0.57443306875 0.3351897953125 0.57443306875 0.340797059375 0.5738100390625 0.3476503828125 0.5719409515625 0.35014249999999997 0.57256398125 0.353257646875 0.571317921875 0.35450370468750003 0.5700718625000001 0.35824188125 0.5619724828125 0.3445352359375 0.563218540625 0.3351897953125 0.563218540625 0.3258443546875 0.563218540625 0.32272920781250003 0.5644645984375 0.32397526718749997 0.5700718625000001 0.33145161875 0.57443306875
8 0.6881539234375 0.5684749796874999 0.7012438078125001 0.5167387703124999 0.6981271687499999 0.5017789031250001 0.6937638734375 0.4955456234375 0.6925172171875 0.494922296875 0.6931405453124999 0.4849490515625 0.690647234375 0.45939260937500004 0.6825439734375001 0.43695280781249995 0.665714121875 0.428849546875 0.66259748125 0.4375761359375 0.6613508265625 0.44941936406250005 0.6594808421875 0.467495871875 0.657610859375 0.5036488859375 0.6470142859375 0.5479051625 0.637041040625 0.55226845625 0.638911025 0.566604996875 0.6551175484375 0.5778248968749999 0.6812973171875 0.5809415375 0.6881539234375 0.5684749796874999
