4 0.34127198124999997 0.3851779046875 0.3155933203125 0.3831040859375 0.3067434828125 0.49267934843749994 0.3324221421875 0.4947531515625 0.34127198124999997 0.3851779046875
4 0.3804992734375 0.374202409375 0.3604379828125 0.37463671718749997 0.363043396875 0.4949778875 0.38310468750000004 0.49454358281250005 0.3804992734375 0.374202409375
4 0.42602695781250005 0.37145977812500003 0.4089393859375 0.3721249921875 0.4138427546875 0.49807251875 0.4309303265625 0.49740730937500005 0.42602695781250005 0.37145977812500003
4 0.44592610468749994 0.499702575 0.46310628749999994 0.4988249984375 0.45754462343749996 0.38995478281249996 0.4403647015625 0.39083235312500003 0.44592610468749994 0.499702575
4 0.5317572875 0.5184343421875 0.5496651859374999 0.5176842328125 0.5450153156249999 0.406685475 0.5271077 0.40743557812500003 0.5317572875 0.5184343421875
4 0.5861090875 0.390858940625 0.56690259375 0.3907770953125 0.5663220796874999 0.5269981453125 0.5855285734375 0.5270799890625 0.5861090875 0.390858940625
4 0.6319274078125 0.39620904375 0.6128013140624999 0.3967926796875 0.615851084375 0.49672949062500005 0.634977178125 0.4961458578125 0.6319274078125 0.39620904375
4 0.672343353125 0.361617878125 0.6509485140625 0.36304440625 0.6574764875 0.4609450796875 0.678871325 0.459518559375 0.672343353125 0.361617878125
5 0.4360799984375 0.6462805328125001 0.41105747812500004 0.60096115 0.32340250312499996 0.649352603125 0.34842450468749997 0.6946715375 0.4360799984375 0.6462805328125001
5 0.5776115390625 0.57880200625 0.55783336875 0.6739646593749999 0.6954658031250001 0.7025644468750001 0.7152424749999999 0.6074031109375 0.5776115390625 0.57880200625
