1 0.26806765781249997 0.5604717640625 0.2841094296875 0.5611311734375 0.2873681328125 0.4818599078125 0.271326559375 0.4812005015625 0.26806765781249997 0.5604717640625
1 0.28468846718749996 0.5343148531249999 0.295211290625 0.53604395 0.3044429859375 0.47986649843749996 0.293920253125 0.47813740937500004 0.28468846718749996 0.5343148531249999
1 0.31620496875000004 0.550007278125 0.3275864328125 0.5497638453125 0.32653726875 0.5007171421875001 0.31515589374999997 0.500960575 0.31620496875000004 0.550007278125
8 0.6128930203125 0.5301863890625 0.6357429765625 0.53560340625 0.652305346875 0.4657454171875 0.6294556296875 0.4603284296875 0.6128930203125 0.5301863890625
1 0.7087004015625 0.6103709984375 0.715790234375 0.6094174109375 0.7126107953124999 0.5857813078125 0.7055209921875 0.58673489375 0.7087004015625 0.6103709984375
1 0.6110910796875 0.6667429671875 0.61958079375 0.665480515625 0.61345 0.6242578125 0.604960353125 0.625520259375 0.6110910796875 0.6667429671875
1 0.6045873187499999 0.609834796875 0.6251713390625 0.629836796875 0.6569273390625 0.59716029375 0.6363434078125 0.577158378125 0.6045873187499999 0.609834796875
8 0.671100365625 0.43855903124999995 0.6520661999999999 0.438064671875 0.6499121796875 0.52099464375 0.66894634375 0.521489 0.671100365625 0.43855903124999995
8 0.6407546796875 0.5050067984375 0.6605114734375 0.503551128125 0.65408838125 0.41638239375 0.6343318234375 0.41783805625000003 0.6407546796875 0.5050067984375
5 0.3162018640625 0.7098613281249999 0.37772500781249996 0.7153701328125 0.3858173078125 0.625 0.324295309375 0.619491246875 0.3162018640625 0.7098613281249999
