1 0.28466562500000003 0.5172984375 0.2849484375 0.50300625 0.286921875 0.49271562500000005 0.287203125 0.48185312500000005 0.28071875 0.4847125 0.27592656249999997 0.491571875 0.2733890625 0.504721875 0.269725 0.5201578125 0.26944218750000004 0.53559375 0.27508125 0.5533171875 0.2747984375 0.5607484375 0.2804375 0.554459375 0.28466562500000003 0.5476 0.28466562500000003 0.533878125 0.28466562500000003 0.5172984375
1 0.2855109375 0.53445 0.29115 0.5327359375 0.2970703125 0.52473125 0.299325 0.5110109375 0.297634375 0.5007203125 0.29904375 0.48757031250000005 0.2956609375 0.47842343749999994 0.292559375 0.48757031250000005 0.2880484375 0.51386875 0.28607499999999997 0.52701875 0.2855109375 0.53445
1 0.327234375 0.53330625 0.326953125 0.5201578125 0.3263890625 0.5007203125 0.321878125 0.5018625 0.31736718750000004 0.5092953125 0.3156765625 0.525303125 0.31905937500000003 0.5390234375 0.321878125 0.5498859375 0.3255421875 0.5418828125 0.327234375 0.53330625
8 0.638878125 0.5223796875 0.6419796875 0.5072875 0.64663125 0.489678125 0.6460109375 0.4720703125 0.6391890625000001 0.4626359375 0.633296875 0.4651515625 0.626784375 0.4827609375 0.6199625 0.50036875 0.6215124999999999 0.5072875 0.6230640625 0.5154625 0.6249234375 0.52866875 0.6277140625000001 0.5337 0.6329859375 0.5324421874999999 0.638878125 0.5223796875
8 0.6357781250000001 0.47144062499999995 0.6410484375000001 0.484646875 0.6438406249999999 0.49785312499999995 0.6472515624999999 0.499740625 0.64818125 0.5072875 0.6537640625 0.5198640625000001 0.6605859374999999 0.517978125 0.6646171875 0.504771875 0.6677171875 0.481503125 0.6652375 0.45571875000000006 0.66120625 0.4387390625 0.6553140625 0.4355953125 0.6506624999999999 0.43119218750000005 0.6444609375 0.42679062500000003 0.6379484375 0.42993437500000004 0.6351578124999999 0.45760625 0.633296875 0.4626359375 0.6357781250000001 0.47144062499999995
1 0.7089609375 0.6066499999999999 0.7129921875 0.6097937499999999 0.7151640625 0.6047625 0.713303125 0.590928125 0.7117515625 0.585896875 0.7083406250000001 0.5902984375 0.7071 0.5984734375 0.7089609375 0.6066499999999999
1 0.61345 0.6242578125 0.6100390625000001 0.631175 0.608178125 0.64438125 0.6097296875 0.6575890625 0.61345 0.6663921875 0.6193421875 0.6638765624999999 0.61345 0.6242578125
5 0.357304625 0.6536060203125 0.37473411875 0.65835951875 0.37790311718749997 0.647268021875 0.37631861718750004 0.6385532765625 0.364434871875 0.6290462781249999 0.357304625 0.6282540296875 0.345420878125 0.629838528125 0.33987513125 0.630630778125 0.33829063125 0.6377610265625 0.34304412968750003 0.6433067734375 0.347005378125 0.648060271875 0.357304625 0.6536060203125
1 0.6481653765625001 0.6061762578125001 0.652830834375 0.593179625 0.6478321296875 0.5888474140625 0.6345022499999999 0.590846896875 0.6258378296875 0.592179884375 0.6185063953125 0.595512353125 0.6161736656250001 0.5991780703125 0.6165069140625 0.6075092453125001 0.6188396421875 0.615173925 0.620839125 0.620505878125 0.6251713343749999 0.6275040640625 0.6251713343749999 0.6298367921875 0.6288370515625 0.6208391234375 0.6295035453125 0.6185063953125 0.6361684859375 0.6145074328125 0.6481653765625001 0.6061762578125001
0 0.3951647546875 0.69539846875 0.410033471875 0.6959703421875 0.41518033593750003 0.6982578375 0.43233654843749997 0.7056921968750001 0.44606151875 0.7131265546875001 0.46607709843749995 0.725135903125 0.480945815625 0.72971089375 0.49467078593749997 0.7274233984375 0.5181176093750001 0.7177015453125 0.5512862859375 0.7022609531249999 0.5644393828125 0.6982578375 0.574733109375 0.6988297125 0.5838830890625 0.6976859640625 0.600467428125 0.6919672265625 0.61590801875 0.6873922375 0.6376392203125001 0.680529753125 0.659942296875 0.669092278125 0.68396099375 0.6565110546875 0.6868203625 0.6553673078125 0.7440077375 0.6136205234375 0.760592075 0.566726878125 0.7514420953125 0.5524300328125 0.688535984375 0.597608059375 0.6187673874999999 0.6547954328125 0.5507144125 0.6748110140625 0.4780864484375 0.6845328671875001 0.42718968437499993 0.679957878125 0.40545848281249997 0.6730953921875 0.3883022703125 0.6668047828125 0.3825835328125 0.665661034375 0.2819337546875 0.6124767765625 0.27335564843750004 0.6467892015625 0.3236805375 0.6753828875 0.34312424531249996 0.7096953125 0.35684921406250003 0.7131265546875001 0.3682866890625 0.708551565625 0.38487102812499996 0.7005453328125 0.3951647546875 0.69539846875
0 0.3842991546875 0.5604362671875001 0.4283334328125 0.563295634375 0.49981764999999995 0.5684424984375 0.6067580390625 0.5455675484375 0.6862484890625 0.49753015468750006 0.7302827671875 0.46779272031249997 0.727995271875 0.43576779062500004 0.722848409375 0.4369115375 0.69539846875 0.4494927609375 0.67252351875 0.44777713906249994 0.6416423375 0.4929551640625 0.5547175281250001 0.52498009375 0.5255519671875 0.529555084375 0.48895204843749995 0.5329863265625 0.40145536562500006 0.5181176093750001 0.382011659375 0.5146863671874999 0.3402648765625 0.5078238828125 0.30709619843749997 0.4935270375 0.25905880468750003 0.46378960312500006 0.2464775828125 0.498673903125 0.2670650375 0.5175457359375 0.3156743046875 0.5392769375 0.34369611875 0.5512862875 0.3842991546875 0.5604362671875001
