1 0.298976465625 0.54960566875 0.2603388578125 0.540110821875 0.2452691140625 0.60142850625 0.283906703125 0.6109233 0.298976465625 0.54960566875
1 0.28778006875 0.6818689046874999 0.29811319062499997 0.6823368421875 0.30022631093749996 0.635679409375 0.28989328593749997 0.6352114734375001 0.28778006875 0.6818689046874999
1 0.32334981093750004 0.695180646875 0.34522781406249997 0.6968814734375 0.34971117500000004 0.6392176375 0.327833428125 0.6375168203125 0.32334981093750004 0.695180646875
1 0.34410153125 0.6839734375 0.35845941406250004 0.6839734375 0.3584593625 0.6494718749999999 0.34410158125 0.6494718749999999 0.34410153125 0.6839734375
1 0.39417608125000003 0.6565406578124999 0.3845844890625 0.6554229796875 0.38197987968749997 0.6777719828125 0.39157147187499997 0.678889659375 0.39417608125000003 0.6565406578124999
1 0.549030234375 0.5803788515625 0.5575980796875 0.5798968421875 0.5552271109375 0.5377567625 0.5466593265624999 0.53823876875 0.549030234375 0.5803788515625
1 0.618635525 0.593927315625 0.6270596203125 0.5930427 0.6229250000000001 0.5536734375 0.6145009640625 0.55455805 0.618635525 0.593927315625
1 0.6428696125 0.5494332843749999 0.6256557375 0.5481839203125001 0.6229882124999999 0.584933790625 0.6402020875 0.5861831515625 0.6428696125 0.5494332843749999
1 0.755380578125 0.609539484375 0.73900998125 0.611937634375 0.7439365265625 0.6455639390625 0.760307121875 0.643165796875 0.755380578125 0.609539484375
2 0.6443718640625 0.7158946921875 0.69636195 0.6997312906250001 0.6720111171875 0.62141815 0.620021828125 0.63758141875 0.6443718640625 0.7158946921875
7 0.675800878125 0.6983398765625 0.6697182546875 0.6999266171875 0.6916903343749999 0.7841406875 0.6977729515625 0.7825539609375001 0.675800878125 0.6983398765625
1 0.5846891234375 0.6663319609375 0.5894218953125 0.665645309375 0.585903125 0.6413953125 0.5811703765625 0.6420819625 0.5846891234375 0.6663319609375
9 0.1489650890625 0.7206021890625001 0.23463252343750002 0.705306471875 0.2173207203125 0.6083649328125 0.1316549265625 0.623660503125 0.1489650890625 0.7206021890625001
8 0.293960725 0.6479739609374999 0.2662181484375 0.639727328125 0.227884446875 0.7686672609375 0.25562697343749996 0.7769137734375 0.293960725 0.6479739609374999
8 0.2634143890625 0.6380728625 0.2357951875 0.6335226828125 0.212823715625 0.772937390625 0.24044290156249998 0.7774875015625 0.2634143890625 0.6380728625
5 0.399463859375 0.5197975625 0.342824525 0.51882111875 0.34119720625 0.61320625625 0.3978365390625 0.6141826921875 0.399463859375 0.5197975625
5 0.69951923125 0.506009615625 0.651394165625 0.5128839734375 0.662259575 0.5889423140625001 0.71038463125 0.582068 0.69951923125 0.506009615625
5 0.6826923078125 0.6418269234375 0.676211028125 0.6893477921875 0.733173071875 0.697115415625 0.7396540421875 0.6495948296875 0.6826923078125 0.6418269234375
