7 0.6831030453125 0.5006704828124999 0.700342590625 0.498840203125 0.6857410374999999 0.361317153125 0.6685018234375 0.36314741562499997 0.6831030453125 0.5006704828124999
7 0.7177345609375 0.398781071875 0.7099515015625 0.3977906171875 0.6976553515624999 0.494408971875 0.7054384109375 0.49539941875000004 0.7177345609375 0.398781071875
7 0.6861100312499999 0.49083615312499995 0.6952330531250001 0.4912005171875 0.6995125 0.38405625 0.6903896125 0.3836918875 0.6861100312499999 0.49083615312499995
7 0.6727099546875001 0.78896205625 0.686889434375 0.786909321875 0.6707442640625 0.6754052015625 0.6565651328125 0.6774579125 0.6727099546875001 0.78896205625
7 0.6874123265625001 0.6860774609375 0.683743815625 0.6863959703125 0.6880897874999999 0.73644428125 0.6917582984374999 0.7361257734375 0.6874123265625001 0.6860774609375
7 0.7168691828125 0.7782958171875001 0.722133415625 0.7769151140624999 0.6963343390625 0.6785670078125 0.69107021875 0.6799476953125 0.7168691828125 0.7782958171875001
1 0.6987301 0.68497644375 0.7082703390625 0.683710934375 0.7056953125 0.6643015625 0.6961551109374999 0.6655670687499999 0.6987301 0.68497644375
1 0.6444820874999999 0.641206371875 0.6194556234374999 0.6407046875 0.618028946875 0.71186463125 0.6430554109375 0.7123663125 0.6444820874999999 0.641206371875
7 0.6328831484374999 0.72342805 0.63124375 0.723475 0.633562478125 0.804425 0.6352018765625 0.8043780500000001 0.6328831484374999 0.72342805
1 0.417757090625 0.6306930046875 0.4040956265625 0.6274136609375 0.393386878125 0.672019728125 0.4070483375 0.6752990578125 0.417757090625 0.6306930046875
1 0.38299872968750004 0.619529790625 0.3665170390625 0.61922030625 0.3654665359375 0.67515828125 0.38194822500000003 0.6754677625000001 0.38299872968750004 0.619529790625
1 0.319044134375 0.620508828125 0.3062715796875 0.6200502453125 0.30381562500000003 0.6884453125000001 0.31658817968749997 0.6889038921874999 0.319044134375 0.620508828125
9 0.3148935109375 0.2969590890625 0.24805801249999998 0.2597161890625 0.1734397671875 0.39362057500000003 0.24027505468750002 0.430863175 0.3148935109375 0.2969590890625
9 0.8284154625 0.55372883125 0.7624101578125 0.5635062750000001 0.7870930781250001 0.7301154624999999 0.8530983437499999 0.7203381796875 0.8284154625 0.55372883125
6 0.2063884515625 0.7061205968750001 0.170605953125 0.711148665625 0.1763047359375 0.7516978265625001 0.2120872296875 0.7466697796874999 0.2063884515625 0.7061205968750001
