5 0.218085646875 0.39674827968750004 0.260694771875 0.40337155156250004 0.2740318265625 0.31757338281249997 0.2314230859375 0.3109501421875 0.218085646875 0.39674827968750004
5 0.308601296875 0.36463769375 0.27659696562499997 0.3629795890625 0.27302777031250003 0.43186815 0.3050321015625 0.4335262484375 0.308601296875 0.36463769375
5 0.3241882546875 0.402613159375 0.34437448593750003 0.3985874203125 0.33257422812500004 0.33942031250000004 0.3123881296875 0.3434460375 0.3241882546875 0.402613159375
5 0.4364556734375 0.3584441328125 0.4138131625 0.3581183015625 0.41289701718750005 0.4217797375 0.4355395265625 0.4221055671875 0.4364556734375 0.3584441328125
5 0.6140899046875 0.76953195625 0.6344890609375 0.7672622703124999 0.6296984375 0.7242140625 0.6092994828125 0.7264837375 0.6140899046875 0.76953195625
5 0.2963090640625 0.663408121875 0.25810181875 0.6712010953124999 0.2736441765625 0.7473905234375 0.3118514 0.7395976156249999 0.2963090640625 0.663408121875
8 0.6106601765625 0.7598897765625 0.6321046453125 0.7587995390625 0.6263691765625 0.6460086171875 0.6049252296875001 0.647098840625 0.6106601765625 0.7598897765625
8 0.3418891109375 0.6407424515625 0.32348396875 0.6293201859375 0.2713930640625 0.7132448671875 0.289798115625 0.7246670171875 0.3418891109375 0.6407424515625
8 0.24687516406249999 0.6948969109375 0.27627840937500003 0.7116477265625 0.315750975 0.6423694453125 0.2863481 0.6256187625 0.24687516406249999 0.6948969109375
8 0.25832246406250003 0.6718262312500001 0.262463559375 0.639735825 0.2308238640625 0.6356534093749999 0.2266826828125 0.6677437140625 0.25832246406250003 0.6718262312500001
8 0.7191918546875 0.41987746875000004 0.6924343281249999 0.41566869687499997 0.6803977265625 0.4921875 0.7071552484375 0.49639625 0.7191918546875 0.41987746875000004
8 0.6532597296875 0.48250488750000003 0.6769931687499999 0.49129453749999996 0.7084607593750001 0.406332034375 0.68472758125 0.39754243749999996 0.6532597296875 0.48250488750000003
8 0.35064825312500003 0.3654306515625 0.320410134375 0.36370285468749997 0.31339688125 0.4864351828125 0.343635 0.4881629671875 0.35064825312500003 0.3654306515625
8 0.3139329234375 0.38833125156250003 0.27488293750000004 0.3853276 0.265625 0.5056818187500001 0.3046749828125 0.5086854453125 0.3139329234375 0.38833125156250003
8 0.22788325625 0.5218455953125 0.26728057031249997 0.5193834203125001 0.2579505546875 0.37010863125000004 0.2185540171875 0.3725707828125 0.22788325625 0.5218455953125
