5 0.271559375 0.3189359375 0.256059375 0.3147796875 0.24023750000000002 0.3201234375 0.2299046875 0.3325875 0.22473749999999998 0.35395781249999997 0.22538437500000003 0.3978828125 0.22893593750000002 0.397290625 0.23119687500000002 0.3889796875 0.2324875 0.37829531250000004 0.2360390625 0.369984375 0.24056093750000002 0.3658296875 0.24701875 0.373546875 0.25283125 0.3860109375 0.257675 0.40025781250000003 0.2602578125 0.3895734375 0.263809375 0.3741390625 0.2673609375 0.36048749999999996 0.270590625 0.3397109375 0.271559375 0.3189359375
5 0.28576718749999996 0.3634546875 0.2789859375 0.369984375 0.275434375 0.38541875000000003 0.27349687500000003 0.4228140625 0.2776953125 0.4109421875 0.2796328125 0.396103125 0.28350624999999996 0.3895734375 0.2867359375 0.38482500000000003 0.2941625 0.394915625 0.29900625000000003 0.415690625 0.3044953125 0.43349843750000006 0.3054640625 0.4251890625 0.3057875 0.41272343749999996 0.30288125 0.394915625 0.30288125 0.3759203125 0.2935171875 0.36404843750000004 0.28576718749999996 0.3634546875
5 0.315475 0.356925 0.320640625 0.38482500000000003 0.32225625 0.3741390625 0.3238703125 0.3664234375 0.325484375 0.3634546875 0.33000625 0.3646421875 0.334203125 0.3747328125 0.3387234375 0.3866046875 0.34195312499999997 0.3990703125 0.3416296875 0.38482500000000003 0.338078125 0.3670171875 0.3325890625 0.349803125 0.3251625 0.34089843750000004 0.3190265625 0.3438671875 0.315475 0.356925
5 0.4314265625 0.36343749999999997 0.42481093750000004 0.3582765625 0.4187953125 0.36159375 0.41358281249999995 0.374125 0.41338125000000003 0.38813125 0.4139828125 0.4047171875 0.4157875 0.3969765625 0.416590625 0.387025 0.4187953125 0.3781796875 0.42360781249999996 0.3733890625 0.42841874999999996 0.3785484375 0.4302234375 0.389975 0.43062500000000004 0.4065609375 0.43102656250000004 0.422040625 0.43403281250000003 0.4128265625 0.4358375 0.4006625 0.4360390625 0.38739375 0.43363281249999996 0.37191406250000003 0.4314265625 0.36343749999999997
8 0.5901 0.4943890625 0.60253125 0.5067953125 0.60253125 0.48655468749999997 0.6003999999999999 0.464353125 0.6028859375 0.44215312500000004 0.595428125 0.42387031249999996 0.589034375 0.433665625 0.584771875 0.457825 0.5790890625 0.4734953125 0.576246875 0.48981874999999997 0.580509375 0.4943890625 0.5901 0.4943890625
8 0.668953125 0.47610625000000006 0.67428125 0.476759375 0.6860031249999999 0.4839421875 0.7009203125 0.47610625000000006 0.708025 0.466965625 0.71015625 0.4473765625 0.7069593750000001 0.422565625 0.7005656250000001 0.4114640625 0.6952375 0.40297656249999997 0.6852921875 0.40950625 0.6735703125 0.43301249999999997 0.664690625 0.46892500000000004 0.668953125 0.47610625000000006
8 0.6199359375 0.64195625 0.6103453125 0.6432625 0.6060828125 0.656975 0.6085703125 0.6719921875 0.611694809375 0.7521322046875001 0.6261950390625 0.7540118640625 0.6241984375 0.671340625 0.624553125 0.65566875 0.6199359375 0.64195625
5 0.6315031249999999 0.74043125 0.6296984375 0.7242140625 0.629296875 0.7363765625 0.6284953125 0.7511203125 0.6258890625 0.7562796875 0.6216781250000001 0.7573859374999999 0.6174671875 0.75480625 0.6136578125 0.747434375 0.6108515625 0.74043125 0.6154625 0.7555421875 0.6186703125 0.761809375 0.623884375 0.7684421875 0.6276937499999999 0.7658625 0.6303 0.759596875 0.6307015625 0.748540625 0.6315031249999999 0.74043125
8 0.2825578125 0.7124328125 0.28469375 0.7124328125 0.29083125 0.7094890625 0.2951015625 0.7065453125000001 0.30177187499999997 0.7011484375 0.308978125 0.69231875 0.31324843750000003 0.685940625 0.3188515625 0.6756390624999999 0.32365468750000004 0.668771875 0.3268578125 0.663375 0.32979375 0.6511109375 0.33059375 0.6442421875 0.3268578125 0.6354124999999999 0.3215203125 0.63835625 0.31645 0.6413 0.3079109375 0.640809375 0.30230625 0.637375 0.2865609375 0.6432609375 0.278021875 0.6481671875 0.2737515625 0.65650625 0.27135 0.6722046875000001 0.27054999999999996 0.697225 0.2742859375 0.7089984375 0.2825578125 0.7124328125
5 0.29910312499999997 0.723715625 0.30177187499999997 0.7143953125 0.3039078125 0.7006578125 0.3012390625 0.7016390625 0.2967015625 0.7026203125 0.2884296875 0.7065453125000001 0.282290625 0.7060546875 0.27935625000000003 0.7016390625 0.27481875 0.6913375 0.27215 0.6820171875 0.2724171875 0.6682812499999999 0.2684140625 0.670734375 0.2644109375 0.6717140625 0.262009375 0.6761296875 0.2609421875 0.6839796875 0.262009375 0.69035625 0.264678125 0.7006578125 0.26868125 0.7124328125 0.26868125 0.719790625 0.270015625 0.729603125 0.27562031249999996 0.7403953125 0.2804234375 0.7443203125 0.28869687499999996 0.7443203125 0.29376718749999997 0.7354890625 0.29910312499999997 0.723715625
8 0.2644109375 0.6457140625 0.2609421875 0.6457140625 0.254003125 0.6422796875000001 0.2467984375 0.6413 0.23478906249999998 0.63835625 0.2307859375 0.638846875 0.22891875 0.6432609375 0.225715625 0.6599406250000001 0.2278515625 0.6668093749999999 0.236390625 0.6741671874999999 0.24279531250000003 0.668771875 0.25266875 0.660921875 0.25800625 0.6525828125 0.2644109375 0.6457140625
0 0.39256275 0.5255023249999999 0.628725996875 0.5348862953125 0.6396739609375001 0.47076250000000003 0.39725473437500003 0.48640245000000004 0.39256275 0.5255023249999999
0 0.3378229234375 0.6678258718750001 0.46450651875000004 0.6646978828125001 0.57085818125 0.6678258718750001 0.6271620015625 0.666261878125 0.5896261203125001 0.6396739625000001 0.3300029484375 0.620906021875 0.3378229234375 0.6678258718750001
8 0.33616261875000003 0.3715481578125 0.3311075421875 0.37028438750000003 0.327316234375 0.379130771875 0.32415681093750004 0.38544961875 0.3209973875 0.40377427343749994 0.3235249265625 0.4309453125 0.31973361875 0.45685258281249996 0.3228930421875 0.46633085156250004 0.32668434999999996 0.4625395421875 0.3469046578125 0.44737431250000004 0.3374263875 0.377867003125 0.33616261875000003 0.3715481578125
8 0.271078503125 0.4732815828125 0.27739735 0.472649696875 0.2881393875 0.472649696875 0.30204084999999997 0.4682265046875 0.310887234375 0.46506708281250003 0.3014089640625 0.43852792812499997 0.286243734375 0.3867133875 0.2761335796875 0.3968235421875 0.271078503125 0.4732815828125
8 0.22937411718749998 0.376603234375 0.22937411718749998 0.398719196875 0.22115961718750002 0.42968154218750004 0.2274784640625 0.45432504218750003 0.2287422328125 0.46127577343750004 0.2388523875 0.4682265046875 0.24833065625 0.47770477343750006 0.2636389546875 0.4815318484375 0.26475965625 0.46696273593750004 0.26475965625 0.43979169687499997 0.2634958875 0.40756558125 0.2634958875 0.397455428125 0.2533857328125 0.38544961875 0.24517123281250003 0.379130771875 0.2363248484375 0.375339465625 0.22937411718749998 0.376603234375
