1 0.2509546875 0.4424265625 0.24007968750000003 0.4493796875 0.22920625 0.45459375 0.22400625000000002 0.45372500000000004 0.22211562499999998 0.47805937500000006 0.227315625 0.494571875 0.2410265625 0.5015234375000001 0.2547359375 0.5154296875 0.2613546875 0.505 0.2613546875 0.481534375 0.2599359375 0.45459375 0.2509546875 0.4424265625
1 0.26891875 0.50586875 0.2755375 0.5162984374999999 0.288303125 0.519775 0.30343125 0.5093453125 0.3057953125 0.48588125 0.300121875 0.4745828125 0.28735625 0.4754515625 0.2779015625 0.4745828125 0.26891875 0.48761875000000005 0.26891875 0.50586875
1 0.341725 0.44590312499999996 0.333215625 0.4406890625 0.3261234375 0.4415578125 0.31666875 0.45372500000000004 0.313359375 0.46154687499999997 0.3161953125 0.4824046875 0.32092343749999996 0.48674999999999996 0.326596875 0.48674999999999996 0.3360515625 0.4841421875 0.3421984375 0.4754515625 0.341725 0.45980781249999997 0.341725 0.44590312499999996
1 0.41920156249999996 0.5063671875 0.41116562500000003 0.5063671875 0.4069109375 0.517665625 0.40454687500000003 0.5463453125 0.4116375 0.5654640625 0.428184375 0.5663343750000001 0.43433124999999995 0.5576421875 0.43291250000000003 0.5376546875 0.4305484375 0.5202718749999999 0.42629374999999997 0.5107125 0.41920156249999996 0.5063671875
1 0.4669515625 0.5237484375 0.4650609375 0.5133203125 0.4541875 0.5150578125 0.4489859375 0.52635625 0.44756875 0.551559375 0.4522953125 0.5706796875 0.4589140625 0.5559046875 0.4589140625 0.5393921875000001 0.4669515625 0.5237484375
2 0.5133765625 0.5786203125 0.515153125 0.5655609375 0.5137328125 0.52834375 0.51195625 0.5087546875 0.5020109374999999 0.504184375 0.4892234375 0.5113671875 0.4775015625 0.527690625 0.475015625 0.548584375 0.4735953125 0.5786203125 0.5133765625 0.5786203125
2 0.5421484375000001 0.52834375 0.5403718750000001 0.5094078125 0.5343328125 0.4943890625 0.526875 0.4963484375 0.520125 0.50353125 0.5137328125 0.51724375 0.5155078125 0.5381375 0.5147984375 0.5629500000000001 0.5215468750000001 0.573396875 0.527584375 0.576009375 0.5378859375 0.573396875 0.54356875 0.56425625 0.5428578125 0.547278125 0.5421484375000001 0.52834375
2 0.5861921875 0.548584375 0.57944375 0.513325 0.5705640625 0.504184375 0.5609734375000001 0.4976546875 0.5517375 0.50353125 0.5432140624999999 0.5081015625 0.5403718750000001 0.5178953125 0.5396609375 0.5270374999999999 0.5414375 0.5440140625 0.5442796875 0.563603125 0.5524484375000001 0.572090625 0.5627500000000001 0.5786203125 0.5709187499999999 0.573396875 0.580509375 0.5649078125 0.5861921875 0.548584375
1 0.57518125 0.4637015625 0.5705640625 0.46174218749999996 0.5680765625 0.4748015625 0.5723390625 0.48328906250000003 0.5716296875 0.49373750000000005 0.5687875 0.49961406249999996 0.5737609375 0.5061421875 0.5780234375 0.5067953125 0.57518125 0.4637015625
1 0.5964937499999999 0.5081015625 0.5957828125 0.5296484375 0.5979140625 0.5453203125 0.6050171875 0.551196875 0.6089249999999999 0.5459734375 0.6107015625 0.526384375 0.609990625 0.5113671875 0.6039515625 0.501571875 0.5979140625 0.4956953125 0.5964937499999999 0.5081015625
1 0.6217125 0.5531546875 0.62810625 0.563603125 0.6305921875 0.5577265625 0.6316578125000001 0.5466265625 0.6313015625 0.5335671875 0.6313015625 0.5178953125 0.6302359375 0.5061421875 0.62384375 0.5087546875 0.61958125 0.5198546875 0.620290625 0.537484375 0.6217125 0.5531546875
1 0.6241984375 0.671340625 0.624553125 0.65566875 0.6199359375 0.64195625 0.6103453125 0.6432625 0.6060828125 0.656975 0.6085703125 0.6719921875 0.6131875 0.679828125 0.6192249999999999 0.678521875 0.6241984375 0.671340625
1 0.5956140624999999 0.6129046875 0.594009375 0.616590625 0.594009375 0.6232249999999999 0.5970171875 0.6265421875 0.5998234375 0.628384375 0.601228125 0.62285625 0.601428125 0.616590625 0.601428125 0.60995625 0.598821875 0.6110609375 0.5956140624999999 0.6129046875
1 0.5709515625 0.628753125 0.5735578125 0.6328078125000001 0.5757640625 0.6291218749999999 0.57756875 0.62285625 0.5747609375 0.6173265625 0.5719546875 0.6132734375 0.5697484375 0.615853125 0.5697484375 0.6232249999999999 0.5709515625 0.628753125
1 0.370853125 0.6206437499999999 0.373059375 0.6202765625 0.3738609375 0.6191703125 0.375665625 0.6121671875 0.37666875 0.6066390625 0.3736609375 0.6007421875000001 0.3698515625 0.6062703125 0.3698515625 0.616959375 0.370853125 0.6206437499999999
1 0.36075 0.6094125 0.36021562500000004 0.6187328125 0.363684375 0.6251109375 0.36555312500000003 0.6162796875 0.366353125 0.60843125 0.36288437500000004 0.605978125 0.36075 0.6094125
5 0.73687460625 0.6924679296875 0.7306255015625001 0.636250053125 0.6540756875 0.6518661031249999 0.6603246734375 0.7127686640625 0.73687460625 0.6924679296875
