8 0.26350061875 0.63555886875 0.22814636406250002 0.633202221875 0.2255285828125 0.672468965625 0.2608828359375 0.6748256031250001 0.26350061875 0.63555886875
8 0.2673539328125 0.71253855 0.289655353125 0.7255459359375 0.340066640625 0.639126771875 0.317765584375 0.6261195234375 0.2673539328125 0.71253855
8 0.2555257828125 0.6977586015624999 0.2813125171875 0.7089974609375 0.3089488640625 0.6455965906250001 0.28316245 0.6343578109375 0.2555257828125 0.6977586015624999
8 0.6271702796875 0.647559728125 0.6050300281250001 0.648422209375 0.6093753578125 0.759952278125 0.631515609375 0.7590898078125 0.6271702796875 0.647559728125
8 0.70881411875 0.41447948281249997 0.6808752515625 0.41776620781249996 0.687075775 0.470470828125 0.715014640625 0.467184115625 0.70881411875 0.41447948281249997
8 0.6594130125000001 0.480790934375 0.6852558 0.4874014953125 0.7066033078125 0.40395196875000006 0.6807608046875 0.39734144531250004 0.6594130125000001 0.480790934375
8 0.3153408734375 0.48650568125 0.3473011875 0.48650568125 0.3473009109375 0.36221590937500003 0.3153411109375 0.36221590937500003 0.3153408734375 0.48650568125
8 0.31441069375 0.3851810109375 0.273578015625 0.38226458281250003 0.26491477343750003 0.5035511359375 0.30574745000000003 0.506467540625 0.31441069375 0.3851810109375
8 0.21946014531250002 0.5170454546875 0.26278423125 0.5170454546875 0.2627838828125 0.3671875 0.2194606640625 0.3671875 0.21946014531250002 0.5170454546875
5 0.2748621859375 0.36862574375 0.27764423125 0.3978365390625 0.30288461718750004 0.3954327078125 0.300102534375 0.36622195468749996 0.2748621859375 0.36862574375
5 0.2131691671875 0.41115702499999995 0.26562527187499996 0.4170673390625 0.27755516406249997 0.31118639375 0.2250996734375 0.3052761140625 0.2131691671875 0.41115702499999995
