6 0.271559375 0.3189359375 0.256059375 0.3147796875 0.24023750000000002 0.3201234375 0.2299046875 0.3325875 0.22473749999999998 0.35395781249999997 0.22538437500000003 0.3978828125 0.22893593750000002 0.397290625 0.23119687500000002 0.3889796875 0.2324875 0.37829531250000004 0.2360390625 0.369984375 0.24056093750000002 0.3658296875 0.24701875 0.373546875 0.25283125 0.3860109375 0.257675 0.40025781250000003 0.2602578125 0.3895734375 0.263809375 0.3741390625 0.2673609375 0.36048749999999996 0.270590625 0.3397109375 0.271559375 0.3189359375
6 0.28576718749999996 0.3634546875 0.2789859375 0.369984375 0.275434375 0.38541875000000003 0.27349687500000003 0.4228140625 0.2776953125 0.4109421875 0.2796328125 0.396103125 0.28350624999999996 0.3895734375 0.2867359375 0.38482500000000003 0.2941625 0.394915625 0.29900625000000003 0.415690625 0.3044953125 0.43349843750000006 0.3054640625 0.4251890625 0.3057875 0.41272343749999996 0.30288125 0.394915625 0.30288125 0.3759203125 0.2935171875 0.36404843750000004 0.28576718749999996 0.3634546875
6 0.315475 0.356925 0.320640625 0.38482500000000003 0.32225625 0.3741390625 0.3238703125 0.3664234375 0.325484375 0.3634546875 0.33000625 0.3646421875 0.334203125 0.3747328125 0.3387234375 0.3866046875 0.34195312499999997 0.3990703125 0.3416296875 0.38482500000000003 0.338078125 0.3670171875 0.3325890625 0.349803125 0.3251625 0.34089843750000004 0.3190265625 0.3438671875 0.315475 0.356925
1 0.4116375 0.5654640625 0.428184375 0.5663343750000001 0.43433124999999995 0.5576421875 0.43291250000000003 0.5376546875 0.4305484375 0.5202718749999999 0.42629374999999997 0.5107125 0.41920156249999996 0.5063671875 0.41116562500000003 0.5063671875 0.4069109375 0.517665625 0.40454687500000003 0.5463453125 0.4116375 0.5654640625
1 0.4541875 0.5150578125 0.4489859375 0.52635625 0.44756875 0.551559375 0.4522953125 0.5706796875 0.4589140625 0.5559046875 0.4589140625 0.5393921875000001 0.4669515625 0.5237484375 0.4650609375 0.5133203125 0.4541875 0.5150578125
6 0.4314265625 0.36343749999999997 0.42481093750000004 0.3582765625 0.4187953125 0.36159375 0.41358281249999995 0.374125 0.41338125000000003 0.38813125 0.4139828125 0.4047171875 0.4157875 0.3969765625 0.416590625 0.387025 0.4187953125 0.3781796875 0.42360781249999996 0.3733890625 0.42841874999999996 0.3785484375 0.4302234375 0.389975 0.43062500000000004 0.4065609375 0.43102656250000004 0.422040625 0.43403281250000003 0.4128265625 0.4358375 0.4006625 0.4360390625 0.38739375 0.43363281249999996 0.37191406250000003 0.4314265625 0.36343749999999997
2 0.51195625 0.5087546875 0.5020109374999999 0.504184375 0.4892234375 0.5113671875 0.4775015625 0.527690625 0.475015625 0.548584375 0.4735953125 0.5786203125 0.5133765625 0.5786203125 0.515153125 0.5655609375 0.5137328125 0.52834375 0.51195625 0.5087546875
2 0.5147984375 0.5629500000000001 0.5215468750000001 0.573396875 0.527584375 0.576009375 0.5378859375 0.573396875 0.54356875 0.56425625 0.5428578125 0.547278125 0.5421484375000001 0.52834375 0.5403718750000001 0.5094078125 0.5343328125 0.4943890625 0.526875 0.4963484375 0.520125 0.50353125 0.5137328125 0.51724375 0.5155078125 0.5381375 0.5147984375 0.5629500000000001
2 0.5414375 0.5440140625 0.5442796875 0.563603125 0.5524484375000001 0.572090625 0.5627500000000001 0.5786203125 0.5709187499999999 0.573396875 0.580509375 0.5649078125 0.5861921875 0.548584375 0.57944375 0.513325 0.5705640625 0.504184375 0.5609734375000001 0.4976546875 0.5517375 0.50353125 0.5432140624999999 0.5081015625 0.5403718750000001 0.5178953125 0.5396609375 0.5270374999999999 0.5414375 0.5440140625
1 0.5680765625 0.4748015625 0.5723390625 0.48328906250000003 0.5716296875 0.49373750000000005 0.5687875 0.49961406249999996 0.5737609375 0.5061421875 0.5780234375 0.5067953125 0.57518125 0.4637015625 0.5705640625 0.46174218749999996 0.5680765625 0.4748015625
8 0.5901 0.4943890625 0.60253125 0.5067953125 0.60253125 0.48655468749999997 0.6003999999999999 0.464353125 0.6028859375 0.44215312500000004 0.595428125 0.42387031249999996 0.589034375 0.433665625 0.584771875 0.457825 0.5790890625 0.4734953125 0.576246875 0.48981874999999997 0.580509375 0.4943890625 0.5901 0.4943890625
1 0.6050171875 0.551196875 0.6089249999999999 0.5459734375 0.6107015625 0.526384375 0.609990625 0.5113671875 0.6039515625 0.501571875 0.5979140625 0.4956953125 0.5964937499999999 0.5081015625 0.5957828125 0.5296484375 0.5979140625 0.5453203125 0.6050171875 0.551196875
1 0.6313015625 0.5335671875 0.6313015625 0.5178953125 0.6302359375 0.5061421875 0.62384375 0.5087546875 0.61958125 0.5198546875 0.620290625 0.537484375 0.6217125 0.5531546875 0.62810625 0.563603125 0.6305921875 0.5577265625 0.6316578125000001 0.5466265625 0.6313015625 0.5335671875
8 0.668953125 0.47610625000000006 0.67428125 0.476759375 0.6860031249999999 0.4839421875 0.7009203125 0.47610625000000006 0.708025 0.466965625 0.71015625 0.4473765625 0.7069593750000001 0.422565625 0.7005656250000001 0.4114640625 0.6952375 0.40297656249999997 0.6852921875 0.40950625 0.6735703125 0.43301249999999997 0.664690625 0.46892500000000004 0.668953125 0.47610625000000006
8 0.6199359375 0.64195625 0.6103453125 0.6432625 0.6060828125 0.656975 0.6085703125 0.6719921875 0.611694809375 0.7521322046875001 0.6261950390625 0.7540118640625 0.6241984375 0.671340625 0.624553125 0.65566875 0.6199359375 0.64195625
6 0.6315031249999999 0.74043125 0.6296984375 0.7242140625 0.629296875 0.7363765625 0.6284953125 0.7511203125 0.6258890625 0.7562796875 0.6216781250000001 0.7573859374999999 0.6174671875 0.75480625 0.6136578125 0.747434375 0.6108515625 0.74043125 0.6154625 0.7555421875 0.6186703125 0.761809375 0.623884375 0.7684421875 0.6276937499999999 0.7658625 0.6303 0.759596875 0.6307015625 0.748540625 0.6315031249999999 0.74043125
1 0.5970171875 0.6265421875 0.5998234375 0.628384375 0.601228125 0.62285625 0.601428125 0.616590625 0.601428125 0.60995625 0.598821875 0.6110609375 0.5956140624999999 0.6129046875 0.594009375 0.616590625 0.594009375 0.6232249999999999 0.5970171875 0.6265421875
1 0.5757640625 0.6291218749999999 0.57756875 0.62285625 0.5747609375 0.6173265625 0.5719546875 0.6132734375 0.5697484375 0.615853125 0.5697484375 0.6232249999999999 0.5709515625 0.628753125 0.5735578125 0.6328078125000001 0.5757640625 0.6291218749999999
1 0.3738609375 0.6191703125 0.375665625 0.6121671875 0.37666875 0.6066390625 0.3736609375 0.6007421875000001 0.3698515625 0.6062703125 0.3698515625 0.616959375 0.370853125 0.6206437499999999 0.373059375 0.6202765625 0.3738609375 0.6191703125
1 0.36075 0.6094125 0.36021562500000004 0.6187328125 0.363684375 0.6251109375 0.36555312500000003 0.6162796875 0.366353125 0.60843125 0.36288437500000004 0.605978125 0.36075 0.6094125
8 0.2825578125 0.7124328125 0.28469375 0.7124328125 0.29083125 0.7094890625 0.2951015625 0.7065453125000001 0.30177187499999997 0.7011484375 0.308978125 0.69231875 0.31324843750000003 0.685940625 0.3188515625 0.6756390624999999 0.32365468750000004 0.668771875 0.3268578125 0.663375 0.32979375 0.6511109375 0.33059375 0.6442421875 0.3268578125 0.6354124999999999 0.3215203125 0.63835625 0.31645 0.6413 0.3079109375 0.640809375 0.30230625 0.637375 0.2865609375 0.6432609375 0.278021875 0.6481671875 0.2737515625 0.65650625 0.27135 0.6722046875000001 0.27054999999999996 0.697225 0.2742859375 0.7089984375 0.2825578125 0.7124328125
6 0.29910312499999997 0.723715625 0.30177187499999997 0.7143953125 0.3039078125 0.7006578125 0.3012390625 0.7016390625 0.2967015625 0.7026203125 0.2884296875 0.7065453125000001 0.282290625 0.7060546875 0.27935625000000003 0.7016390625 0.27481875 0.6913375 0.27215 0.6820171875 0.2724171875 0.6682812499999999 0.2684140625 0.670734375 0.2644109375 0.6717140625 0.262009375 0.6761296875 0.2609421875 0.6839796875 0.262009375 0.69035625 0.264678125 0.7006578125 0.26868125 0.7124328125 0.26868125 0.719790625 0.270015625 0.729603125 0.27562031249999996 0.7403953125 0.2804234375 0.7443203125 0.28869687499999996 0.7443203125 0.29376718749999997 0.7354890625 0.29910312499999997 0.723715625
8 0.2644109375 0.6457140625 0.2609421875 0.6457140625 0.254003125 0.6422796875000001 0.2467984375 0.6413 0.23478906249999998 0.63835625 0.2307859375 0.638846875 0.22891875 0.6432609375 0.225715625 0.6599406250000001 0.2278515625 0.6668093749999999 0.236390625 0.6741671874999999 0.24279531250000003 0.668771875 0.25266875 0.660921875 0.25800625 0.6525828125 0.2644109375 0.6457140625
0 0.39256275 0.5255023249999999 0.628725996875 0.5348862953125 0.6396739609375001 0.47076250000000003 0.39725473437500003 0.48640245000000004 0.39256275 0.5255023249999999
0 0.3378229234375 0.6678258718750001 0.46450651875000004 0.6646978828125001 0.57085818125 0.6678258718750001 0.6271620015625 0.666261878125 0.5896261203125001 0.6396739625000001 0.3300029484375 0.620906021875 0.3378229234375 0.6678258718750001
8 0.33616261875000003 0.3715481578125 0.3311075421875 0.37028438750000003 0.327316234375 0.379130771875 0.32415681093750004 0.38544961875 0.3209973875 0.40377427343749994 0.3235249265625 0.4309453125 0.31973361875 0.45685258281249996 0.3228930421875 0.46633085156250004 0.32668434999999996 0.4625395421875 0.3469046578125 0.44737431250000004 0.3374263875 0.377867003125 0.33616261875000003 0.3715481578125
8 0.271078503125 0.4732815828125 0.27739735 0.472649696875 0.2881393875 0.472649696875 0.30204084999999997 0.4682265046875 0.310887234375 0.46506708281250003 0.3014089640625 0.43852792812499997 0.286243734375 0.3867133875 0.2761335796875 0.3968235421875 0.271078503125 0.4732815828125
8 0.22937411718749998 0.376603234375 0.22937411718749998 0.398719196875 0.22115961718750002 0.42968154218750004 0.2274784640625 0.45432504218750003 0.2287422328125 0.46127577343750004 0.2388523875 0.4682265046875 0.24833065625 0.47770477343750006 0.2636389546875 0.4815318484375 0.26475965625 0.46696273593750004 0.26475965625 0.43979169687499997 0.2634958875 0.40756558125 0.2634958875 0.397455428125 0.2533857328125 0.38544961875 0.24517123281250003 0.379130771875 0.2363248484375 0.375339465625 0.22937411718749998 0.376603234375
