6 0.218085646875 0.39674827968750004 0.260694771875 0.40337155156250004 0.2740318265625 0.31757338281249997 0.2314230859375 0.3109501421875 0.218085646875 0.39674827968750004
6 0.308601296875 0.36463769375 0.27659696562499997 0.3629795890625 0.27302777031250003 0.43186815 0.3050321015625 0.4335262484375 0.308601296875 0.36463769375
6 0.3241882546875 0.402613159375 0.34437448593750003 0.3985874203125 0.33257422812500004 0.33942031250000004 0.3123881296875 0.3434460375 0.3241882546875 0.402613159375
1 0.40607705781250003 0.5679034515625 0.4349143921875 0.565856709375 0.43059371874999997 0.5049882625000001 0.40175666874999993 0.5070349953125 0.40607705781250003 0.5679034515625
1 0.4387531078125 0.5672950921875 0.45504901562500005 0.57136791875 0.4692936546875 0.514378196875 0.45299789687500003 0.510305390625 0.4387531078125 0.5672950921875
6 0.4364556734375 0.3584441328125 0.4138131625 0.3581183015625 0.41289701718750005 0.4217797375 0.4355395265625 0.4221055671875 0.4364556734375 0.3584441328125
2 0.47359571562499997 0.5041841953125 0.4735953125 0.5786203125 0.5151531 0.5786203234375 0.5151532484375 0.504184459375 0.47359571562499997 0.5041841953125
2 0.5153340546875 0.576493821875 0.5440079984375 0.5753598906249999 0.540795378125 0.49413349375 0.5121218140625 0.49526741875 0.5153340546875 0.576493821875
2 0.578435265625 0.4951213671875 0.5352526421875 0.501386196875 0.5467943921875 0.580935096875 0.5899770078125 0.574670309375 0.578435265625 0.4951213671875
1 0.569299075 0.507370675 0.5780234734375 0.506795309375 0.5750325843749999 0.4614474921875 0.56630824375 0.46202285468750004 0.569299075 0.507370675
1 0.6116991374999999 0.49615011249999996 0.5969041890625 0.4956619953125 0.5950826359375 0.5508691140625 0.6098775843750001 0.5513572296875 0.6116991374999999 0.49615011249999996
1 0.6201248859375 0.5637020796875001 0.6318677734375 0.5635564890625 0.6311556796875 0.506130784375 0.6194129015625001 0.506276375 0.6201248859375 0.5637020796875001
6 0.6140899046875 0.76953195625 0.6344890609375 0.7672622703124999 0.6296984375 0.7242140625 0.6092994828125 0.7264837375 0.6140899046875 0.76953195625
1 0.601428125 0.60995625 0.594009375 0.60995625 0.594009375 0.628384375 0.601428125 0.628384375 0.601428125 0.60995625
1 0.575323625 0.61254031875 0.5677803124999999 0.614181828125 0.5719119609375001 0.6331659671875001 0.5794552734375 0.6315244609375 0.575323625 0.61254031875
1 0.37666875 0.6007421875000001 0.3698515625 0.6007421875000001 0.3698515625 0.6206437499999999 0.37666875 0.6206437499999999 0.37666875 0.6007421875000001
1 0.359196453125 0.62465353125 0.36464299218749996 0.6252086390625 0.3665649375 0.606353246875 0.36111841718750004 0.6057981390625 0.359196453125 0.62465353125
6 0.2963090640625 0.663408121875 0.25810181875 0.6712010953124999 0.2736441765625 0.7473905234375 0.3118514 0.7395976156249999 0.2963090640625 0.663408121875
8 0.6106601765625 0.7598897765625 0.6321046453125 0.7587995390625 0.6263691765625 0.6460086171875 0.6049252296875001 0.647098840625 0.6106601765625 0.7598897765625
8 0.3418891109375 0.6407424515625 0.32348396875 0.6293201859375 0.2713930640625 0.7132448671875 0.289798115625 0.7246670171875 0.3418891109375 0.6407424515625
8 0.24687516406249999 0.6948969109375 0.27627840937500003 0.7116477265625 0.315750975 0.6423694453125 0.2863481 0.6256187625 0.24687516406249999 0.6948969109375
8 0.25832246406250003 0.6718262312500001 0.262463559375 0.639735825 0.2308238640625 0.6356534093749999 0.2266826828125 0.6677437140625 0.25832246406250003 0.6718262312500001
8 0.7191918546875 0.41987746875000004 0.6924343281249999 0.41566869687499997 0.6803977265625 0.4921875 0.7071552484375 0.49639625 0.7191918546875 0.41987746875000004
8 0.6532597296875 0.48250488750000003 0.6769931687499999 0.49129453749999996 0.7084607593750001 0.406332034375 0.68472758125 0.39754243749999996 0.6532597296875 0.48250488750000003
8 0.35064825312500003 0.3654306515625 0.320410134375 0.36370285468749997 0.31339688125 0.4864351828125 0.343635 0.4881629671875 0.35064825312500003 0.3654306515625
8 0.3139329234375 0.38833125156250003 0.27488293750000004 0.3853276 0.265625 0.5056818187500001 0.3046749828125 0.5086854453125 0.3139329234375 0.38833125156250003
8 0.22788325625 0.5218455953125 0.26728057031249997 0.5193834203125001 0.2579505546875 0.37010863125000004 0.2185540171875 0.3725707828125 0.22788325625 0.5218455953125
