1 0.29400855625 0.56484531875 0.2766074953125 0.5642125250000001 0.27480870625 0.6136719562499999 0.2922097671875 0.614304746875 0.29400855625 0.56484531875
1 0.7269462359375 0.6670053859375 0.703731309375 0.657882353125 0.6882796625000001 0.6971959531249999 0.7114945671874999 0.706318946875 0.7269462359375 0.6670053859375
1 0.691372634375 0.7039594109375 0.696939234375 0.70311140625 0.6938421875 0.682784375 0.6882756109375 0.683632378125 0.691372634375 0.7039594109375
1 0.64226196875 0.7286229640624999 0.65778219375 0.728153390625 0.6568649546875001 0.6978435484375 0.64134483125 0.6983131203124999 0.64226196875 0.7286229640624999
1 0.6391672328125 0.7263880312500001 0.64351799375 0.7252701265625 0.637640175 0.702397934375 0.6332894375 0.7035158359375 0.6391672328125 0.7263880312500001
1 0.605081240625 0.745615625 0.61023438125 0.745615625 0.6102343671875 0.7193640625 0.6050812578125 0.7193640625 0.605081240625 0.745615625
1 0.5991423984375001 0.74340091875 0.6056458109375 0.7428120625 0.603342253125 0.7173756359375 0.5968388765625 0.7179644921875 0.5991423984375001 0.74340091875
1 0.5783604625 0.7252442 0.5726650703125 0.7254657171875001 0.5733838234374999 0.74394245 0.579079215625 0.7437209328125001 0.5783604625 0.7252442
1 0.5649891046875 0.7456931203125 0.5699531328125 0.7460453125 0.5716195625 0.722561309375 0.566655559375 0.7222091171875 0.5649891046875 0.7456931203125
1 0.322379321875 0.6930169578125 0.3249871015625 0.736994596875 0.35955215156250003 0.73494514375 0.3569442171875 0.69096766875 0.322379321875 0.6930169578125
1 0.30610692500000003 0.719515271875 0.3159996375 0.7228146546875001 0.324065590625 0.6986337546875 0.314172928125 0.6953343828125 0.30610692500000003 0.719515271875
1 0.27670234531250004 0.668963121875 0.26759489062499997 0.6672291625 0.2632809828125 0.6898843984374999 0.2723884359375 0.691618353125 0.27670234531250004 0.668963121875
1 0.2515130125 0.705852975 0.255896875 0.706884375 0.2633906359375 0.675037503125 0.259006803125 0.67400610625 0.2515130125 0.705852975
9 0.7203717703125 0.4894745875 0.7692963765624999 0.485025346875 0.7601038390625 0.383952553125 0.71117989375 0.38840176249999997 0.7203717703125 0.4894745875
9 0.15557414687499999 0.4473667265625 0.203825140625 0.48256212343750005 0.2671644 0.395731728125 0.21891387031249998 0.36053657656250004 0.15557414687499999 0.4473667265625
9 0.21994791249999998 0.6493631390625 0.16432261718750002 0.6213540281250001 0.1161298234375 0.71705060625 0.171754909375 0.745059403125 0.21994791249999998 0.6493631390625
