1 0.41902381406250006 0.5382337203125 0.40817938906249995 0.53797829375 0.40703898125000004 0.586390953125 0.41788340625 0.5866463796875 0.41902381406250006 0.5382337203125
1 0.675645771875 0.537593275 0.653741428125 0.5344437671875 0.6458687578125 0.589191846875 0.6677730984375 0.5923413390625 0.675645771875 0.537593275
5 0.670419465625 0.5346098296874999 0.7001953125 0.578125 0.7621976625 0.5357024125 0.732421875 0.4921875 0.670419465625 0.5346098296874999
8 0.7534052859375 0.698060746875 0.7888525828125 0.673523090625 0.7265202375 0.58348931875 0.6910734828125 0.6080267109374999 0.7534052859375 0.698060746875
8 0.7744484125 0.6701843937499999 0.8101129968749999 0.64147035 0.740234375 0.5546875 0.7045702656249999 0.5834012421875 0.7744484125 0.6701843937499999
5 0.74056038125 0.6514580750000001 0.7050779031250001 0.6035153249999999 0.6212006671875 0.665585128125 0.6566825859375001 0.7135273703125 0.74056038125 0.6514580750000001
5 0.35627975312500004 0.7253027328125 0.38039674218749997 0.6556377765625 0.270448203125 0.6175802859374999 0.24633081093750003 0.6872444078125 0.35627975312500004 0.7253027328125
8 0.388989434375 0.8345838703125 0.4224788515625 0.835465028125 0.4268963453125 0.667586825 0.393408190625 0.666705684375 0.388989434375 0.8345838703125
8 0.3541841296875 0.560955115625 0.38330123125000004 0.5586651734375 0.37186241875000003 0.4132340109375 0.34274594375 0.4155239296875 0.3541841296875 0.560955115625
8 0.40484839062500005 0.40233831093749994 0.38592725 0.40398352812500005 0.3972465984375 0.5341558 0.4161677359375 0.5325105984375 0.40484839062500005 0.40233831093749994
8 0.39662221249999996 0.45324268125 0.382422025 0.45436365937499995 0.3897673625 0.54740524375 0.40396755000000006 0.546284275 0.39662221249999996 0.45324268125
8 0.3815704484375 0.4319047796875 0.37103448125 0.433047153125 0.3824286953125 0.5381275515625 0.3929646625 0.5369851875 0.3815704484375 0.4319047796875
