7 0.3667078125 0.5027421875 0.3639796875 0.466078125 0.35783906249999997 0.4162703125 0.3598859375 0.4460171875 0.3605671875 0.4840640625 0.35783906249999997 0.5304125 0.36773125 0.538021875 0.36773125 0.5262609375 0.3667078125 0.5027421875
8 0.3755765625 0.483371875 0.37591718749999997 0.5055078125 0.37830625 0.5345625 0.38069375 0.5463234375 0.385128125 0.5560078125000001 0.3888796875 0.5546234375 0.39502031249999997 0.551165625 0.4021828125 0.5449390625 0.407640625 0.5276453125 0.407640625 0.4937484375 0.40934687500000005 0.48060468749999996 0.40866406250000004 0.46054375 0.40320625000000004 0.4515515625 0.3957015625 0.4557015625 0.39502031249999997 0.47507031250000004 0.39604374999999997 0.494440625 0.3933140625 0.5013578125 0.39195 0.49651562499999996 0.389903125 0.4840640625 0.3864921875 0.4729953125 0.3789875 0.47022812500000005 0.3755765625 0.483371875
1 0.40798281249999996 0.5463234375 0.407640625 0.5608500000000001 0.4083234375 0.57814375 0.40934687500000005 0.5864453125 0.41309843749999997 0.5795281250000001 0.4175328125 0.5677671875 0.41855624999999996 0.5580828125 0.41480468750000005 0.54978125 0.41002968749999996 0.538021875 0.40798281249999996 0.5463234375
1 0.6658625 0.5691515625 0.667909375 0.5643078125 0.6713203125 0.5663843749999999 0.672003125 0.562925 0.6692734375 0.5518562499999999 0.6651796875 0.542171875 0.65938125 0.5352546874999999 0.6515359375 0.54978125 0.6491484375 0.5663843749999999 0.6498296875 0.581603125 0.6556296875000001 0.5905953125 0.6651796875 0.5878281249999999 0.663134375 0.57814375 0.6658625 0.5691515625
7 0.632434375 0.529028125 0.6385734375000001 0.5297203125000001 0.6399375 0.49513281249999996 0.6453953125 0.4480921875 0.6409609374999999 0.4522421875 0.6372093750000001 0.477146875 0.6337984375 0.5103515625 0.632434375 0.529028125
1 0.747686659375 0.560760696875 0.741886659375 0.558684134375 0.739158534375 0.555916946875 0.7374522828125001 0.563526321875 0.735405409375 0.575979446875 0.725855409375 0.584971634375 0.7190319703125 0.587046634375 0.709139784375 0.5953481968750001 0.7087991578125 0.610566946875 0.7159632203124999 0.631320071875 0.723808534375 0.641696634375 0.7347241578125 0.649998196875 0.7415460328125 0.6486138218749999 0.747344471875 0.643771634375 0.751778846875 0.634087259375 0.757236659375 0.6216356968750001 0.759283534375 0.608491946875 0.756555409375 0.587046634375 0.7534850953125 0.575287259375 0.747686659375 0.560760696875
7 0.41616875000000003 0.7379421875000001 0.41412187500000003 0.72410625 0.40866406250000004 0.720646875 0.40798281249999996 0.72618125 0.40934687500000005 0.7593859375 0.41002968749999996 0.7912078124999999 0.40730000000000005 0.834096875 0.4096875 0.8195703125 0.41344062499999995 0.7967421875 0.4144640625 0.7669953125 0.41616875000000003 0.7379421875000001
8 0.7455418421875 0.6752077062499999 0.751793765625 0.6853670828125 0.7580456890625 0.6853670828125 0.7713310250000001 0.6845855921874999 0.78305338125 0.6806781390625 0.7900867953125 0.6705187640625 0.7900867953125 0.6642668406250001 0.783834871875 0.66192236875 0.7674235734375 0.652544484375 0.7627346312500001 0.64472958125 0.7627346312500001 0.643948090625 0.7642976125 0.645511071875 0.785397853125 0.65488895625 0.7916497765625 0.652544484375 0.7971202093749999 0.6400406375000001 0.7955572281250001 0.62128486875 0.7900867953125 0.6142514546875 0.785397853125 0.6150329453125 0.782271890625 0.6158144359375 0.7768014578125 0.6150329453125 0.7736754968749999 0.620503378125 0.772112515625 0.618940396875 0.7697680453125 0.6150329453125 0.7666420828125 0.6087810218749999 0.7666420828125 0.6025290984375 0.7627346312500001 0.5986216468750001 0.7541382375000001 0.6126884734375 0.74241588125 0.6384776578125 0.7369454484375 0.645511071875 0.7299120343750001 0.649418521875 0.7346009765625 0.6603593890624999 0.7353824671875 0.661140878125 0.7353824671875 0.66192236875 0.7447603515625 0.6705187640625 0.7455418421875 0.6752077062499999
8 0.4001230859375 0.7932127578125 0.404812028125 0.8252538625 0.4196603453125 0.783834871875 0.4306012109375 0.70881179375 0.428256740625 0.7033413609375 0.41184544218749997 0.6955264578125 0.39777861406250004 0.697870928125 0.39543414375 0.7017783796875 0.394652653125 0.7158452078125 0.3962156328125 0.7228786203124999 0.40324904687499996 0.7385084281250001 0.4040305375 0.7658605921875 0.4001230859375 0.7932127578125
8 0.3673004890625 0.4391976046875 0.357922603125 0.41575289218749995 0.3524521703125 0.4196603453125 0.350889190625 0.5189096265625001 0.35167068125 0.5321949625 0.35167068125 0.53688390625 0.369644959375 0.5454803 0.37042644999999996 0.5407913578125 0.371207940625 0.5454803 0.3782413546875 0.5415728468750001 0.3758968828125 0.5204726078124999 0.372770921875 0.48686852031249994 0.3673004890625 0.4391976046875
5 0.30399976562500003 0.6603593890624999 0.303218275 0.6681742921875 0.3016552953125 0.6720817453125 0.302436784375 0.675989196875 0.3086887078125 0.6806781390625 0.314159140625 0.686148571875 0.31494063125 0.686148571875 0.32822596875 0.6939634765625 0.33760385312499996 0.7002153984375 0.349326209375 0.7009968890625 0.3571411140625 0.6908375140625 0.361048565625 0.6838041015625 0.3680819796875 0.6689557828125 0.3641745265625 0.66504833125 0.340729815625 0.661140878125 0.329007459375 0.65488895625 0.3102516890625 0.647074053125 0.307125728125 0.647074053125 0.3063442375 0.647074053125 0.30399976562500003 0.6603593890624999
5 0.69552645625 0.665829821875 0.7080303031249999 0.6376961671875 0.6931819859374999 0.632225734375 0.65488895625 0.654107465625 0.652544484375 0.6587964078125 0.6502000140625 0.6783336671875 0.65176299375 0.6814596296875 0.655670446875 0.6869300625 0.677552178125 0.6838041015625 0.69552645625 0.665829821875
5 0.741634390625 0.5290690015624999 0.7408528999999999 0.5282875109375 0.73928991875 0.5204726078124999 0.7361639578125 0.5150021734375 0.7346009765625 0.512657703125 0.7338194859375 0.5110947218749999 0.7322565062499999 0.5103132328125 0.7236601109375 0.5103132328125 0.72053415 0.5134391921875 0.7080303031249999 0.5189096265625001 0.7025598703125 0.5306319828125 0.7009968890625 0.5392283765625 0.7072488124999999 0.5501692421875 0.7174081875 0.549387753125 0.741634390625 0.5290690015624999
0 0.706467321875 0.5157836640625 0.6158144359375 0.5275060203125 0.5392283765625 0.534539434375 0.45639039375 0.53688390625 0.3446372671875 0.5423543375000001 0.24773245625 0.5150021734375 0.25007692812500004 0.55720265625 0.40559351875000005 0.5790843875 0.5939327046875 0.5728324640625 0.70881179375 0.5720509734375 0.706467321875 0.5157836640625
0 0.3657375078125 0.66348535 0.35167068125 0.709593284375 0.43997909531249996 0.7236601109375 0.5861178 0.7260045828125 0.6494185234375001 0.719752659375 0.6595778984375 0.6705187640625 0.475927653125 0.6798966484375 0.3657375078125 0.66348535
