5 0.389734375 0.36014375 0.3907390625 0.349996875 0.39375 0.34630625 0.3992734375 0.3619890625 0.4032890625 0.3859734375 0.40379062499999996 0.373059375 0.40379062499999996 0.34630625 0.399775 0.3204765625 0.39375 0.31494062500000003 0.385215625 0.322321875 0.38270624999999997 0.3536859375 0.3862203125 0.37859375 0.389734375 0.36014375
5 0.68659375 0.39097499999999996 0.6809265625 0.389934375 0.6746921875 0.40763906250000004 0.674125 0.401390625 0.6673250000000001 0.3847265625 0.6579734375 0.3732703125 0.6472046875 0.3706671875 0.6395531250000001 0.3816015625 0.6330359375 0.40555624999999995 0.6381359375 0.4289890625 0.6409703125 0.42534375 0.6429546875 0.4170109375 0.6452218750000001 0.40919999999999995 0.6506046875 0.40711718750000003 0.65740625 0.414928125 0.6622234375 0.4243015625 0.6676078125 0.4368 0.6727093749999999 0.44929687500000004 0.674975 0.44356875 0.6763921875000001 0.43055000000000004 0.678659375 0.4190953125 0.6860265625 0.408159375 0.68659375 0.39097499999999996
5 0.62651875 0.3675421875 0.6188671875 0.3675421875 0.613765625 0.3748328125 0.610365625 0.388371875 0.6132 0.41232499999999994 0.6160328125000001 0.41805312499999997 0.6154671875 0.40555624999999995 0.6166 0.39930625000000003 0.6171671875 0.39462031249999996 0.62085 0.38785156249999997 0.625384375 0.38264375 0.63076875 0.3888921875 0.63416875 0.3961828125 0.6367203124999999 0.4086796875 0.6367203124999999 0.3961828125 0.63416875 0.38264375 0.6302015625 0.3711875 0.62651875 0.3675421875
8 0.36129687499999996 0.6932578125 0.362996875 0.67659375 0.3661140625 0.6562859375000001 0.3689484375 0.6375390624999999 0.3706484375 0.6281671875 0.36781406250000004 0.6208765625 0.3627140625 0.6219171875 0.3561953125 0.6193140625 0.35081093750000003 0.6266046875 0.347128125 0.6422265625 0.3465609375 0.6620140625000001 0.3431609375 0.6724281249999999 0.33890937499999996 0.6896125 0.33834375 0.7120031250000001 0.34429375 0.7229390625 0.351378125 0.7192937500000001 0.3573296875 0.706796875 0.36129687499999996 0.6932578125
8 0.3298421875 0.690653125 0.33409218749999997 0.6849265625000001 0.33749375000000004 0.675553125 0.34259375 0.6594109375 0.34684375 0.641184375 0.3493953125 0.6266046875 0.347128125 0.609940625 0.3428765625 0.6120234375 0.33749375000000004 0.6255625 0.332675 0.631290625 0.329275 0.6422265625 0.32672500000000004 0.6677421875 0.32360781250000004 0.683884375 0.32559062499999997 0.6937781249999999 0.3298421875 0.690653125
8 0.3083046875 0.6786765625 0.310571875 0.6734703125 0.3049046875 0.6661796875 0.3006546875 0.6667 0.2969703125 0.6713875 0.29782031249999996 0.6807593749999999 0.3049046875 0.6833640625 0.3083046875 0.6786765625
8 0.384749346875 0.384749346875 0.3926940234375 0.42447273125 0.39496393125 0.4562514375 0.3926940234375 0.48008546875 0.3892891625 0.5005146375 0.4063134703125 0.5005146375 0.41425814687500007 0.4766806078125 0.4063134703125 0.3972338390625 0.39836879375 0.358645409375 0.384749346875 0.384749346875
0 0.5425079296875001 0.6401139578125 0.38588430156250003 0.616279928125 0.369994946875 0.6174148828125 0.369994946875 0.67643248125 0.60606534375 0.6821072499999999 0.6128750671875001 0.6378440515625 0.5425079296875001 0.6401139578125
0 0.7649588796875 0.4426319921875 0.7082111875 0.45511648437499996 0.6083352515625 0.4778155609375 0.4380921765625 0.4982447296875 0.31324725625 0.4562514375 0.23208086093750002 0.47541572656250003 0.22245094999999998 0.473275746875 0.2156412265625 0.5095942671875 0.297357903125 0.5084593140625 0.4573863921875 0.5368331609375 0.6843771578125 0.5095942671875 0.77290355625 0.47214079218749994 0.7649588796875 0.4426319921875
5 0.452003871875 0.3867464125 0.45872155000000003 0.3531580140625 0.446245859375 0.3166906109375 0.44144751718749997 0.320529284375 0.4318508328125 0.3569966875 0.4260928203125 0.36659337187499996 0.421294478125 0.37619005781250003 0.41361713125 0.37619005781250003 0.40593978281250004 0.37906906406249996 0.4021011078125 0.384827075 0.4049801140625 0.3934640921875 0.42417348437499997 0.4088187875 0.4395281796875 0.40977845625000003 0.452003871875 0.3867464125
