1 0.5395187499999999 0.502896875 0.5353046875 0.5041875 0.533196875 0.5102125 0.532025 0.5158078125000001 0.5310890625 0.51968125 0.5308546875 0.526996875 0.5308546875 0.5364640625 0.532259375 0.54335 0.5355375 0.5519578125 0.540690625 0.5592734375 0.5474828125 0.5622859375 0.5507609375 0.5605640625 0.5512296875 0.548084375 0.5507609375 0.5394765625 0.5481843750000001 0.52269375 0.548653125 0.50763125 0.5465453124999999 0.49859375000000006 0.5420953125 0.4994546875 0.5395187499999999 0.502896875
1 0.5692625 0.532590625 0.5711359375 0.541628125 0.5760546875 0.5519578125 0.5800359375 0.5549703125 0.5826109374999999 0.557121875 0.5816749999999999 0.54076875 0.5812062499999999 0.530009375 0.581440625 0.5209718750000001 0.580971875 0.5140859375 0.5819093750000001 0.5080609375 0.5812062499999999 0.50160625 0.5767562500000001 0.5063390625 0.5748828125000001 0.5106437500000001 0.5704328125 0.51925 0.569496875 0.5222625 0.5692625 0.532590625
2 0.6134828125 0.559690625 0.6143328125 0.551359375 0.6129156250000001 0.5378203125 0.6115 0.5248015625 0.608665625 0.5086593749999999 0.60243125 0.49824531250000004 0.5947796875 0.4992859375 0.5871296874999999 0.50605625 0.582028125 0.5201156250000001 0.581178125 0.5419859375 0.5831625 0.5487546875 0.5891124999999999 0.5591703125 0.60158125 0.5690640625000001 0.6069656250000001 0.5675015625000001 0.6134828125 0.559690625
2 0.6205671875000001 0.5039734375 0.6126328125 0.5133453125 0.6097984375000001 0.528446875 0.6115 0.551359375 0.6205671875000001 0.5617734375000001 0.6321859375 0.56698125 0.6443703125 0.56073125 0.6480546875 0.546671875 0.6449374999999999 0.5221984375 0.6406875000000001 0.50449375 0.6324687499999999 0.4998078125 0.6205671875000001 0.5039734375
2 0.6446546875 0.5013687499999999 0.6435203125 0.5081390625 0.6432375 0.51595 0.6429546875 0.521678125 0.641253125 0.5289671874999999 0.6418203124999999 0.5451109375 0.6466375 0.556565625 0.6571234375 0.555525 0.6673250000000001 0.5570875 0.6780921875 0.559690625 0.6851765624999999 0.5586484375 0.691978125 0.5508375 0.6925453125 0.5341750000000001 0.687728125 0.5185531250000001 0.6840437500000001 0.5102218749999999 0.6783765625 0.5050140625 0.667890625 0.5034515625 0.6633578124999999 0.5018906249999999 0.6551390625 0.500328125 0.650321875 0.4998078125 0.6446546875 0.5013687499999999
7 0.68574375 0.4060765625 0.6820593749999999 0.4456515625 0.676959375 0.470125 0.674125 0.4810609375 0.6775265625 0.48366406250000005 0.68574375 0.43471562500000005 0.68574375 0.4060765625
1 0.6026171875 0.6033609375 0.595378125 0.603753125 0.592184375 0.6029703125 0.5881390625 0.6072734375 0.5877140625 0.6143156249999999 0.5896296875 0.6209671875 0.5945265625 0.6268359375 0.6011265625 0.63426875 0.602190625 0.6413109375 0.6079390625000001 0.652265625 0.60985625 0.6487437500000001 0.61006875 0.638571875 0.6094296875 0.6237046875 0.6073015625 0.609621875 0.6026171875 0.6033609375
7 0.5627 0.674890625 0.5665640625 0.7108671875 0.5742921875 0.7563125 0.572746875 0.7331171875 0.5717156250000001 0.7127609374999999 0.5683671875 0.67915 0.5699125 0.6403328125 0.5652765625 0.654534375 0.5611546875 0.654534375 0.5627 0.674890625
8 0.3627140625 0.6219171875 0.3561953125 0.6193140625 0.35081093750000003 0.6266046875 0.347128125 0.6422265625 0.3465609375 0.6620140625000001 0.3431609375 0.6724281249999999 0.33890937499999996 0.6896125 0.33834375 0.7120031250000001 0.34429375 0.7229390625 0.351378125 0.7192937500000001 0.3573296875 0.706796875 0.36129687499999996 0.6932578125 0.362996875 0.67659375 0.3661140625 0.6562859375000001 0.3689484375 0.6375390624999999 0.3706484375 0.6281671875 0.36781406250000004 0.6208765625 0.3627140625 0.6219171875
8 0.347128125 0.609940625 0.3428765625 0.6120234375 0.33749375000000004 0.6255625 0.332675 0.631290625 0.329275 0.6422265625 0.32672500000000004 0.6677421875 0.32360781250000004 0.683884375 0.32559062499999997 0.6937781249999999 0.3298421875 0.690653125 0.33409218749999997 0.6849265625000001 0.33749375000000004 0.675553125 0.34259375 0.6594109375 0.34684375 0.641184375 0.3493953125 0.6266046875 0.347128125 0.609940625
8 0.3049046875 0.6833640625 0.3083046875 0.6786765625 0.310571875 0.6734703125 0.3049046875 0.6661796875 0.3006546875 0.6667 0.2969703125 0.6713875 0.29782031249999996 0.6807593749999999 0.3049046875 0.6833640625
5 0.6271085046875 0.6498141578125 0.6476517140625 0.6573827078125001 0.6584639296875 0.6519766 0.6800883609375 0.6400831625000001 0.715768671875 0.631433390625 0.7114437859375 0.6152150671875 0.6876569109374999 0.6217023968750001 0.67360103125 0.6238648390625 0.6325146125 0.6227836171875001 0.6141338453125 0.6390019421875001 0.61845873125 0.6465704921875 0.6271085046875 0.6498141578125
5 0.23786874375 0.6552202640625 0.2551682875 0.66170759375 0.299498371875 0.6606263718750001 0.30057959375 0.6444080484375 0.30166081562499997 0.63035216875 0.2962547078125 0.6173775109374999 0.2854424921875 0.629270946875 0.27571149687499996 0.6217023968750001 0.2486809578125 0.6152150671875 0.2400311859375 0.6173775109374999 0.2389499640625 0.631433390625 0.23678752187500002 0.643326828125 0.23786874375 0.6552202640625
5 0.3654528859375 0.5287173421875 0.37085899375000003 0.5146614625 0.376265103125 0.5016868031249999 0.371940215625 0.48114359375 0.33517868281249996 0.4768187078125 0.32004158125000004 0.4757374859375 0.299498371875 0.48438725781249997 0.2962547078125 0.5016868031249999 0.34382845624999997 0.5341234499999999 0.3654528859375 0.5287173421875
8 0.388158540625 0.49952436093749997 0.40870175 0.5060116890625 0.40221442031250004 0.36329044375 0.38707731875 0.3481533421875 0.38707731875 0.4227576296875 0.388158540625 0.49952436093749997
0 0.76982975 0.441138396875 0.6519766 0.4735750421875 0.5708849828125 0.48654970156250005 0.44978816874999994 0.48546847968750007 0.33734112656250004 0.44978816874999994 0.20975698281250002 0.46816893437499996 0.22597530625 0.511417796875 0.43789473125 0.542773221875 0.6498141562499999 0.5179051265625 0.7719921937499999 0.47898114999999997 0.76982975 0.441138396875
0 0.47898114999999997 0.6346770546875 0.36977777343749996 0.609808959375 0.37518388125 0.6714385875 0.44870694687499996 0.682250803125 0.6130526234375 0.6779259171875001 0.619539953125 0.627108503125 0.47898114999999997 0.6346770546875
6 0.6512842921875001 0.41968004218750005 0.6542956953125 0.4270716671875 0.6603185015624999 0.43063059687500005 0.670721528125 0.431725653125 0.6685314171875001 0.425702846875 0.6655200156250001 0.4166686390625 0.6625086125 0.4103720703125 0.6600447375 0.405991846875 0.657033334375 0.4024329171875 0.652105584375 0.39942151406250004 0.649641709375 0.3969576390625 0.6477253625 0.394767528125 0.6460827796874999 0.394767528125 0.6411550296875 0.395862584375 0.6389649171875 0.399695278125 0.638691153125 0.40900325156250006 0.638417390625 0.4163948765625 0.6381436265625 0.42488155625 0.6430713765625 0.439117278125 0.6427976125 0.4361058765625 0.645809015625 0.43227318124999997 0.64635654375 0.427892959375 0.6477253625 0.42159638906249997 0.6507367640624999 0.41748993125 0.6512842921875001 0.41968004218750005
6 0.61840533125 0.3993453515625 0.6326558296875 0.3900659578125 0.6343128640625 0.4053106765625 0.6353070859375001 0.4152528828125 0.6425980375 0.41591569687499996 0.644255071875 0.40630489687500004 0.6445864796875 0.3966940953125 0.6419352234375 0.3900659578125 0.6386211546875 0.38509485312499997 0.63331864375 0.3811179703125 0.628347540625 0.379129528125 0.6240392499999999 0.37946093593749997 0.62138799375 0.38045515625 0.61177719375 0.3860890734375 0.6091259375 0.388408921875 0.6051490546875 0.394705653125 0.601503578125 0.40232801250000005 0.60017795 0.4116074078125 0.6011721718749999 0.42088680156249997 0.6048176484375001 0.42983478750000004 0.6124400062500001 0.43314885781249995 0.613434228125 0.4334802640625 0.6174111109375 0.42751494062499995 0.61840533125 0.41989258124999995 0.6157540765625 0.40630489687500004 0.61840533125 0.3993453515625
6 0.40531067500000006 0.3768096796875 0.40630489687500004 0.39271721249999997 0.4268521265625 0.4165785125 0.43845136875 0.4165785125 0.4510448328125 0.41094459375000003 0.458335784375 0.385426259375 0.46065563281250005 0.3681931 0.45933000625 0.3542740078125 0.4543589015625 0.3377036625 0.4477307625 0.3314069296875 0.43513729999999995 0.32875567499999997 0.4374571484375 0.3446632078125 0.43348026562499997 0.36421621718749997 0.42917197500000004 0.3725013890625 0.42751494062499995 0.37581545781250003 0.42088680156249997 0.3797923421875 0.4129330359375 0.379129528125 0.4086247453125 0.3721699828125 0.40829333749999996 0.361233553125 0.40763052499999997 0.3483086828125 0.4039850484375 0.3373722546875 0.3976883171875 0.330081303125 0.3874147015625 0.3324011515625 0.38642048125 0.3390292890625 0.3874147015625 0.3496343125 0.39271721249999997 0.351954159375 0.400339571875 0.3572566703125 0.4039850484375 0.366867471875 0.40531067500000006 0.3768096796875
