6 0.3827062078125 0.3859734375 0.40379066249999995 0.3859734375 0.40379059531249994 0.31494062500000003 0.3827063 0.31494062500000003 0.3827062078125 0.3859734375
1 0.5326288531250001 0.563269025 0.5522498875 0.5619704359375 0.5480483421875 0.4984942734375 0.5284275078125 0.49979285625000003 0.5326288531250001 0.563269025
1 0.5696159265625 0.5573076859375 0.58261099375 0.5571218734375 0.5818169421875 0.5015975171875 0.5688219921875 0.5017833281249999 0.5696159265625 0.5573076859375
2 0.58432645625 0.5709401375 0.6161409625000001 0.5674810171875 0.608540065625 0.4975811109375 0.5767259218749999 0.5010402109375 0.58432645625 0.5709401375
2 0.6137881625 0.5693243734375 0.65034703125 0.56466826875 0.641932028125 0.49860257187499996 0.6053735484375 0.50325865 0.6137881625 0.5693243734375
2 0.6442108046875 0.49920064999999997 0.6385902984375 0.5557661375 0.690971353125 0.5609701734375 0.6965916 0.5044049234375 0.6442108046875 0.49920064999999997
7 0.6900772703125 0.40674799375 0.6857436921875 0.406076553125 0.673810853125 0.48308835625 0.6781444296875 0.48375979375 0.6900772703125 0.40674799375
6 0.6232430124999999 0.433858815625 0.6731448875 0.4494327953125 0.6934590921875 0.38434514218750004 0.643557609375 0.368771228125 0.6232430124999999 0.433858815625
6 0.633131559375 0.3658543640625 0.6080522796875 0.3688218546875 0.6139075625 0.41830459375 0.638986840625 0.4153371109375 0.633131559375 0.3658543640625
1 0.5937722890625 0.654406184375 0.6136161453125 0.6514078343749999 0.60598136875 0.600885615625 0.586137703125 0.6038839515625 0.5937722890625 0.654406184375
7 0.565011278125 0.7566629218750001 0.574292359375 0.75631249375 0.5699125 0.6403328125 0.5606316453125 0.6406832359375 0.565011278125 0.7566629218750001
8 0.3343269015625 0.7215073171874999 0.35677506718749996 0.7247320125 0.3716173703125 0.621422915625 0.3491696765625 0.61819825625 0.3343269015625 0.7215073171874999
8 0.3176840703125 0.691934746875 0.3341166390625 0.6957659265625 0.3537680140625 0.611488696875 0.3373357171875 0.60765755 0.3176840703125 0.691934746875
5 0.282755690625 0.690013596875 0.3039985828125 0.6127739171875 0.2290969046875 0.5921766265625 0.207853653125 0.6694157171875 0.282755690625 0.690013596875
6 0.5851214328125 0.31804486718749997 0.5726233921875 0.314399721875 0.5591133562499999 0.3607197796875 0.57161139375 0.364364915625 0.5851214328125 0.31804486718749997
5 0.298513525 0.44082979062499994 0.2859581484375 0.5249384203125 0.3846153359375 0.53966378125 0.3971700125 0.4555557828125 0.298513525 0.44082979062499994
5 0.4542379109375 0.482192678125 0.4160485890625 0.481304628125 0.413981934375 0.570170934375 0.45217125625000004 0.5710589781250001 0.4542379109375 0.482192678125
5 0.7484041140625 0.657579659375 0.711403925 0.56400514375 0.5889665109375 0.6124123890625001 0.6259652874999999 0.705985703125 0.7484041140625 0.657579659375
8 0.4071360828125 0.3398946203125 0.38124612343750003 0.34112739687500004 0.390202996875 0.5292238953124999 0.41609295625 0.527991134375 0.4071360828125 0.3398946203125
8 0.310546875 0.662109375 0.297470440625 0.6606566375 0.29493378125 0.6834865812500001 0.30801021562500003 0.684939315625 0.310546875 0.662109375
