6 0.39375 0.314940625 0.38521562476780186 0.32232187500000004 0.38270625015479875 0.3536859369047619 0.3862203126934985 0.37859375 0.38973437523219817 0.36014375000000004 0.39073906253869967 0.349996875 0.39375 0.34630625 0.3992734377708978 0.3619890619047619 0.40328906253869967 0.3859734380952381 0.40379062476780186 0.37305937499999997 0.40379062476780186 0.34630625 0.399775 0.3204765619047619 0.39375 0.314940625
6 0.674975 0.44356875 0.6763921876160991 0.43055 0.6786593752321981 0.4190953119047619 0.6860265622291022 0.40815937500000005 0.6865937498452012 0.39097499999999996 0.6809265622291022 0.389934375 0.6746921876160992 0.4076390619047619 0.674125 0.40139062499999995 0.667325 0.38472656190476195 0.6579734377708978 0.3732703119047619 0.6472046873065016 0.3706671869047619 0.6395531250773994 0.3816015619047619 0.6330359374613003 0.40555625 0.6381359374613004 0.4289890630952381 0.6409703126934984 0.42534374999999996 0.6429546873065016 0.41701093809523815 0.6452218749226006 0.4092 0.6506046873065016 0.4071171869047619 0.6574062501547988 0.414928125 0.6622234377708978 0.4243015630952381 0.667607812383901 0.43679999999999997 0.6727093752321982 0.44929687500000004 0.674975 0.44356875
6 0.6367203126934984 0.40867968690476186 0.6367203126934984 0.3961828130952381 0.6341687498452012 0.38264375 0.6302015622291022 0.3711875 0.6265187498452012 0.36754218690476187 0.618867187616099 0.36754218690476187 0.6137656247678018 0.37483281190476186 0.6103656247678019 0.388371875 0.6132 0.412325 0.616032812383901 0.418053125 0.6154671876160991 0.40555625 0.6165999999999999 0.39930625000000003 0.6171671876160991 0.3946203130952381 0.62085 0.38785156190476194 0.6253843752321981 0.38264375 0.6307687498452013 0.3888921880952381 0.6341687498452012 0.3961828130952381 0.6367203126934984 0.40867968690476186
8 0.33834374984520127 0.712003125 0.3442937498452012 0.722939061904762 0.3513781250773994 0.7192937500000001 0.35732968730650155 0.706796875 0.36129687492260065 0.693257813095238 0.36299687492260063 0.67659375 0.3661140625386997 0.656285938095238 0.3689484377708978 0.637539061904762 0.37064843777089784 0.6281671869047619 0.3678140625386997 0.6208765630952381 0.3627140625386997 0.6219171869047619 0.35619531269349847 0.6193140630952381 0.3508109374613003 0.6266046869047619 0.34712812507739943 0.6422265619047619 0.34656093746130034 0.6620140630952381 0.34316093746130033 0.6724281249999999 0.33890937523219816 0.6896125 0.33834374984520127 0.712003125
8 0.32927500000000004 0.6422265619047619 0.32672500000000004 0.667742186904762 0.32360781238390096 0.6838843750000001 0.3255906247678018 0.693778125 0.3298421876160991 0.6906531250000001 0.3340921876160991 0.684926563095238 0.33749374984520125 0.675553125 0.34259374984520125 0.659410938095238 0.3468437498452012 0.641184375 0.34939531269349844 0.6266046869047619 0.34712812507739943 0.609940625 0.3428765622291021 0.6120234369047619 0.33749374984520125 0.6255624999999999 0.332675 0.631290625 0.32927500000000004 0.6422265619047619
8 0.3006546873065016 0.6667000000000001 0.29697031269349844 0.6713875 0.29782031269349846 0.680759375 0.30490468730650155 0.683364063095238 0.30830468730650157 0.678676563095238 0.31057187492260063 0.6734703130952381 0.30490468730650155 0.6661796869047619 0.3006546873065016 0.6667000000000001
8 0.4063134699690402 0.5005146380952381 0.41425814674922606 0.47668060714285715 0.4063134699690402 0.39723383928571426 0.3983687931888545 0.3586454095238095 0.38474934736842104 0.38474934761904767 0.39269402414860677 0.42447273095238097 0.3949639318885449 0.4562514380952381 0.39269402414860677 0.48008546904761906 0.38928916284829723 0.5005146380952381 0.4063134699690402 0.5005146380952381
0 0.36999494736842103 0.6174148821428572 0.36999494736842103 0.6764324809523811 0.6060653436532507 0.68210725 0.612875066873065 0.6378440511904762 0.5425079294117647 0.6401139583333334 0.3858843015479876 0.6162799285714287 0.36999494736842103 0.6174148821428572
0 0.29735790278637775 0.5084593142857142 0.45738639256965946 0.5368331607142858 0.6843771578947369 0.5095942678571429 0.7729035560371517 0.47214079166666667 0.7649588792569659 0.4426319928571429 0.708211188235294 0.45511648452380954 0.6083352513931888 0.4778155607142857 0.43809217708978326 0.49824472976190476 0.3132472563467492 0.4562514380952381 0.23208086130030958 0.47541572619047623 0.22245094984520125 0.4732757464285714 0.21564122724458204 0.5095942678571429 0.29735790278637775 0.5084593142857142
6 0.4021011083591331 0.384827075 0.40498011393188854 0.3934640916666667 0.4241734842105263 0.4088187880952381 0.43952818018575857 0.409778455952381 0.45200387120743035 0.3867464119047619 0.4587215504643963 0.3531580142857143 0.44624586006191946 0.31669061071428567 0.4414475170278638 0.3205292845238095 0.4318508321981424 0.3569966880952381 0.4260928210526316 0.36659337261904756 0.4212944786377709 0.3761900583333333 0.4136171306501548 0.3761900583333333 0.4059397820433437 0.3790690642857143 0.4021011083591331 0.384827075
