1 0.5326288531250001 0.563269025 0.5522498875 0.5619704359375 0.5480483421875 0.4984942734375 0.5284275078125 0.49979285625000003 0.5326288531250001 0.563269025
1 0.5696159265625 0.5573076859375 0.58261099375 0.5571218734375 0.5818169421875 0.5015975171875 0.5688219921875 0.5017833281249999 0.5696159265625 0.5573076859375
2 0.58432645625 0.5709401375 0.6161409625000001 0.5674810171875 0.608540065625 0.4975811109375 0.5767259218749999 0.5010402109375 0.58432645625 0.5709401375
2 0.6137881625 0.5693243734375 0.65034703125 0.56466826875 0.641932028125 0.49860257187499996 0.6053735484375 0.50325865 0.6137881625 0.5693243734375
2 0.6442108046875 0.49920064999999997 0.6385902984375 0.5557661375 0.690971353125 0.5609701734375 0.6965916 0.5044049234375 0.6442108046875 0.49920064999999997
7 0.6900772703125 0.40674799375 0.6857436921875 0.406076553125 0.673810853125 0.48308835625 0.6781444296875 0.48375979375 0.6900772703125 0.40674799375
1 0.5937722890625 0.654406184375 0.6136161453125 0.6514078343749999 0.60598136875 0.600885615625 0.586137703125 0.6038839515625 0.5937722890625 0.654406184375
2 0.5894595421875 0.5920452609375 0.5468084875 0.6004839 0.557814621875 0.65610524375 0.6004656625 0.64766665 0.5894595421875 0.5920452609375
7 0.565011278125 0.7566629218750001 0.574292359375 0.75631249375 0.5699125 0.6403328125 0.5606316453125 0.6406832359375 0.565011278125 0.7566629218750001
8 0.3763631328125 0.622359134375 0.3513269421875 0.618017378125 0.333455109375 0.721059453125 0.3584912890625 0.7254011625000001 0.3763631328125 0.622359134375
8 0.3176840703125 0.691934746875 0.3341166390625 0.6957659265625 0.3537680140625 0.611488696875 0.3373357171875 0.60765755 0.3176840703125 0.691934746875
5 0.73855428125 0.66370998125 0.7262381734375001 0.588186303125 0.6022109265625 0.6084096234375 0.614525996875 0.683932371875 0.73855428125 0.66370998125
5 0.2939453125 0.6806640625 0.29688503593750004 0.6159852625 0.21657369843750002 0.6123353453125 0.21363348906250001 0.6770136390625 0.2939453125 0.6806640625
6 0.5873356859375 0.40080946875 0.6087225078125 0.4363180171875 0.6535366140625001 0.409327675 0.6321497984375 0.37381923906250003 0.5873356859375 0.40080946875
6 0.396229878125 0.403048875 0.41854435 0.3964245359375 0.39842451093750003 0.3286527890625 0.3761102046875 0.3352771015625 0.396229878125 0.403048875
6 0.5860534015625001 0.3196507015625 0.5702865453125 0.31535082187499996 0.5580107703125 0.360362296875 0.5737776234374999 0.364662165625 0.5860534015625001 0.3196507015625
6 0.649459184375 0.387859609375 0.6425796203125 0.395103625 0.6656117140625 0.4169758671875 0.6724912640625 0.40973186562499997 0.649459184375 0.387859609375
5 0.291243440625 0.45207034999999995 0.295859240625 0.54285481875 0.3948655921875 0.5378207500000001 0.39024915 0.44703697187499997 0.291243440625 0.45207034999999995
5 0.44847091250000004 0.47949304687499994 0.412802796875 0.48007772031249996 0.41410867187499995 0.55973645625 0.44977678593750003 0.5591517859375 0.44847091250000004 0.47949304687499994
8 0.3896666234375 0.5301601687499999 0.41761452656250003 0.52776476875 0.40132994375 0.3377822578125 0.3733827265625 0.340177628125 0.3896666234375 0.5301601687499999
8 0.3115234375 0.6611328125 0.2978515625 0.6611328125 0.2978515625 0.6826171875 0.3115234375 0.6826171875 0.3115234375 0.6611328125
