2 0.31936324531250004 0.553187290625 0.3709555453125 0.5388779046875001 0.3416016921875 0.43305278593749996 0.29001021875 0.4473620484375 0.31936324531250004 0.553187290625
1 0.6443662453125001 0.485016625 0.6195973515625 0.4847947078125 0.6188603859375 0.5670433140625 0.6436292796874999 0.5672652296875 0.6443662453125001 0.485016625
2 0.641985225 0.5753602 0.6927313578125001 0.5678531609374999 0.6777081671875 0.4663107125 0.6269628703125 0.4738176890625 0.641985225 0.5753602
1 0.7145661796875 0.6417281484374999 0.7203408421875 0.6412192265625001 0.7177341140625 0.611644771875 0.711959484375 0.6121536921875 0.7145661796875 0.6417281484374999
1 0.659997721875 0.6581855890625 0.6686123234375 0.6572265078124999 0.6653252875 0.6277058640625001 0.6567107359375 0.6286649421875 0.659997721875 0.6581855890625
1 0.6270629703124999 0.643383671875 0.6165384109375001 0.64453569375 0.619293146875 0.66969895 0.62981770625 0.6685469312500001 0.6270629703124999 0.643383671875
1 0.6759675515625 0.6381608937500001 0.6658559984375 0.6396953890625 0.6691385390625 0.661322915625 0.6792500921875 0.6597884234375 0.6759675515625 0.6381608937500001
1 0.26928781874999996 0.6564090890625 0.300139103125 0.657496059375 0.30300749531250004 0.5760865374999999 0.2721566796875 0.5749995734375 0.26928781874999996 0.6564090890625
7 0.3379576421875 0.44991932031250004 0.3463542 0.4496527765625 0.3432328203125 0.35133091250000004 0.334836365625 0.3515974546875 0.3379576421875 0.44991932031250004
7 0.659132321875 0.47229895156249996 0.6659664890625 0.47193928124999995 0.6630505609374999 0.4165371859375 0.6562164453125 0.41689685625 0.659132321875 0.47229895156249996
7 0.6701388875000001 0.46006944375 0.67708335 0.46006944375 0.6770833171875 0.3689236109375 0.6701389359375 0.3689236109375 0.6701388875000001 0.46006944375
7 0.6986336921875 0.39955533593750003 0.691840228125 0.3984374921875 0.6775187046875 0.4854685734375 0.6843121671875 0.4865864109375 0.6986336921875 0.39955533593750003
