1 0.4431953125 0.5343140625 0.43896562499999997 0.5196078125 0.4299015625 0.5183828125 0.4299015625 0.54534375 0.43050625 0.5588234375 0.43715312500000003 0.5661765625 0.44198750000000003 0.552696875 0.4431953125 0.5343140625
8 0.49093593750000003 0.498775 0.48549687500000005 0.47426406249999997 0.48307968749999997 0.4571078125 0.47461875 0.448528125 0.469784375 0.4644609375 0.4734109375 0.498775 0.47885 0.5110296875 0.49093593750000003 0.5098046875 0.49093593750000003 0.498775
1 0.516290625 0.54015 0.511296875 0.530021875 0.5081187500000001 0.5530406250000001 0.5131125 0.5511984375 0.514928125 0.5456734375 0.516290625 0.54015
1 0.7496562499999999 0.715090625 0.7519265625 0.732584375 0.7587375 0.7371875 0.760553125 0.727059375 0.761915625 0.704040625 0.7569203124999999 0.6975953125000001 0.7519265625 0.7031203125000001 0.7496562499999999 0.715090625
1 0.721053125 0.7482359375 0.7283171875 0.7537609375 0.729225 0.734425 0.72695625 0.71969375 0.721053125 0.727059375 0.721053125 0.7482359375
1 0.435284375 0.6722453125000001 0.432978125 0.6691265625 0.43041406249999997 0.6722453125000001 0.42836406250000003 0.6769234375 0.43220937499999995 0.682640625 0.43605312500000004 0.6784828125 0.435284375 0.6722453125000001
9 0.7486539640625 0.340015825 0.7455582203125 0.3049307328125 0.743494390625 0.2966754171875 0.7398826890625 0.29512754375 0.7357550328125 0.3085424328125 0.7347231171875 0.3137020046875 0.7264678015625 0.32660093749999997 0.7233720578125 0.33072859375 0.7176965281250001 0.33692008125 0.7156327 0.338467953125 0.7006699390625 0.3560104984375 0.6893188796875 0.3668456015625 0.675903990625 0.3797445328125 0.65732953125 0.3978030359375 0.6485582578125 0.4385636578125 0.6506220859375 0.44991471718750004 0.655781659375 0.4592019484375 0.662489103125 0.4638455625 0.6681646328124999 0.46539343593750004 0.6764199484375 0.461781734375 0.6996380249999999 0.425664728125 0.7486539640625 0.340015825
5 0.8012816031250001 0.5603295687500001 0.7961220296875 0.55052638125 0.791478415625 0.5494944671875001 0.78115926875 0.5546540390625 0.774451825 0.5608455265625001 0.76774438125 0.5706487124999999 0.7842550125 0.5794199875 0.7863188421875 0.57993594375 0.7904465 0.57993594375 0.801797559375 0.57013275625 0.8012816031250001 0.5603295687500001
5 0.8301752078125 0.6697125046875 0.82604755 0.6717763328124999 0.8167603187499999 0.67693590625 0.814696490625 0.6795156921875 0.8116007468750001 0.6846752640625 0.8208879781249999 0.6893188796875 0.8270794640625001 0.688802921875 0.8337869093749999 0.68673909375 0.8358507375 0.6728082468750001 0.8301752078125 0.6697125046875
5 0.46694130781250004 0.685191221875 0.458685990625 0.6986061109375 0.4638455640625 0.7094412125 0.47674449531249996 0.72234014375 0.49686682656250003 0.7238880156249999 0.50873384375 0.7233720578125 0.5092498015625 0.720792271875 0.5040902296875001 0.7058295125 0.49738278437499994 0.6939624953125 0.4855157671875 0.6872550515625 0.46694130781250004 0.685191221875
0 0.7284596421875 0.7878680015625 0.7638217609375 0.7744303968749999 0.7822100625 0.7609927921875 0.8175721812500001 0.74684794375 0.8592994812500001 0.70512064375 0.8932471156249999 0.6641005875 0.8819312375000001 0.6259094984375 0.838082209375 0.6740019796875 0.7800883359374999 0.7129003109375 0.70512064375 0.7362393078125 0.6025705 0.7475551874999999 0.5134579609375 0.7220944609375 0.410200575 0.659149890625 0.4017136671875 0.70865685625 0.48446102343749997 0.773723153125 0.5290172937500001 0.7758448812500001 0.6082284390625 0.793525940625 0.6563209203125 0.7864535171875 0.68319613125 0.8020128484375 0.7284596421875 0.7878680015625
0 0.8875891765624999 0.51275071875 0.8791022671875 0.4717306625 0.8140359687500001 0.4978986296875 0.7510913984375 0.5113362343750001 0.6987554625 0.5028493265625 0.6648078296875 0.51628693125 0.5870111687499999 0.5035565671875 0.5396259296875 0.5106289921875 0.4399047546875 0.4978986296875 0.3840326078125 0.4462699359375 0.3762529421875 0.5106289921875 0.5523562921875 0.5636721703124999 0.69521925 0.5686228671875 0.8387894515625 0.5431621421874999 0.8875891765624999 0.51275071875
