1 0.654884375 0.5695218750000001 0.6551671875 0.5523374999999999 0.653184375 0.54088125 0.6512 0.5320296875 0.6506328124999999 0.5216140625000001 0.645815625 0.5257796875 0.6418484375 0.533590625 0.6384484375 0.546609375 0.6401484375 0.5606687499999999 0.6438328125 0.5710828125 0.65035 0.5773328125 0.6577171875000001 0.5814984375 0.654884375 0.5695218750000001
1 0.71864375 0.48412187500000003 0.7189265625 0.4966203125 0.7192109375 0.5127625 0.7245953125 0.5190109374999999 0.7342296875 0.5101578124999999 0.7384796875 0.5085968750000001 0.7430140625 0.5096375 0.7469812499999999 0.5096375 0.74868125 0.5148453125 0.7517984375 0.5122421875 0.752365625 0.5013062500000001 0.7512328125 0.48880937500000005 0.74613125 0.47422812499999994 0.7418812499999999 0.46693749999999995 0.7379140625 0.46016874999999996 0.7325296875 0.46433437499999997 0.7251609375 0.4695421875 0.71864375 0.48412187500000003
1 0.7058921875 0.5221359375 0.702490625 0.516928125 0.7013578125000001 0.523696875 0.702775 0.528384375 0.7056078125 0.5320296875 0.7075921875 0.5377562499999999 0.708725 0.53255 0.7058921875 0.5221359375
1 0.71354375 0.5216140625000001 0.7104265625 0.514325 0.7058921875 0.5117203124999999 0.706459375 0.5216140625000001 0.7081593749999999 0.526821875 0.7109921875 0.5377562499999999 0.7129765625 0.5320296875 0.71354375 0.5216140625000001
1 0.7404640625 0.6502343749999999 0.7458484375000001 0.648671875 0.7537828125 0.6439843749999999 0.7583171875 0.6346125 0.763134375 0.625759375 0.7654015625 0.620553125 0.7659671875 0.6122203125000001 0.762284375 0.60024375 0.7580328125 0.5981609375 0.7526484375 0.5898296875 0.7466984375 0.5778531250000001 0.7438640624999999 0.566396875 0.7427312500000001 0.5575453125000001 0.7381968750000001 0.5554609375 0.7353625 0.5554609375 0.7308296875 0.5591062499999999 0.7294125 0.5658765625 0.7311124999999999 0.5762906250000001 0.7322453125 0.58045625 0.7333796875 0.5924328125 0.7260109375 0.5908703125 0.7200609375 0.5809765625 0.71609375 0.5799359374999999 0.712409375 0.579415625 0.705325 0.5809765625 0.701640625 0.5919125000000001 0.7033421875 0.6101375 0.7112765624999999 0.6309671875 0.7180765625000001 0.63981875 0.7262953125 0.6439843749999999 0.733946875 0.647109375 0.7404640625 0.6502343749999999
1 0.66791875 0.655440625 0.6704703125 0.66585625 0.6758546875 0.6788734375 0.6829390625 0.686684375 0.6931406250000001 0.686684375 0.703625 0.6752281250000001 0.7104265625 0.66429375 0.7146765625 0.6523171875 0.710709375 0.6351328125 0.7075921875 0.6268015625000001 0.703625 0.6184703125000001 0.69455625 0.6054515625 0.6843546875000001 0.60180625 0.6769875 0.6163859375 0.6769875 0.6226359375 0.685771875 0.6294046875 0.6854890625000001 0.6361749999999999 0.6801046875 0.645546875 0.6730203125 0.6502343749999999 0.6696203125 0.6476296875 0.66791875 0.655440625
1 0.6597015625 0.609096875 0.6554515624999999 0.609096875 0.65205 0.62003125 0.652334375 0.6335703125000001 0.655734375 0.6346125 0.657434375 0.638778125 0.65941875 0.6419015625 0.66196875 0.640340625 0.6622515625000001 0.6356531249999999 0.6622515625000001 0.625759375 0.6625359375000001 0.6184703125000001 0.6597015625 0.609096875
1 0.6480828125 0.6564828125 0.6461 0.66585625 0.6492171875 0.6741875 0.6543171875 0.671584375 0.6577171875000001 0.670021875 0.658284375 0.6632515625 0.6560171875 0.6559625 0.6534671875 0.6512749999999999 0.65035 0.655440625 0.6480828125 0.6564828125
1 0.6208796875 0.6736671875 0.6225796875 0.6819984375 0.625696875 0.688246875 0.6285296875 0.688246875 0.6307968749999999 0.68095625 0.6319312499999999 0.6741875 0.6296640625000001 0.6679390625 0.625696875 0.66585625 0.6220125000000001 0.6668968750000001 0.6208796875 0.6736671875
1 0.6180453124999999 0.6960578125 0.6208796875 0.6991828124999999 0.6225796875 0.68564375 0.6220125000000001 0.6736671875 0.6188953125000001 0.6637734375 0.6154953125 0.670021875 0.613228125 0.6788734375 0.6146453125 0.6898093750000001 0.6180453124999999 0.6960578125
1 0.38511093750000003 0.6762703125 0.381709375 0.6648140625 0.378025 0.6622109375 0.375759375 0.6689796875 0.372925 0.6846015624999999 0.372925 0.6944953125 0.374909375 0.7106375 0.378025 0.7043890625 0.380859375 0.6976203125 0.38624375 0.6887671875 0.38511093750000003 0.6762703125
1 0.3644234375 0.6705421874999999 0.36357343750000004 0.6872046875 0.364990625 0.6970984375 0.36555781249999997 0.7033484375 0.369525 0.6898093750000001 0.3717921875 0.6835609375 0.3740578125 0.6736671875 0.3740578125 0.6648140625 0.368675 0.66273125 0.3644234375 0.6705421874999999
1 0.339203125 0.681478125 0.3445875 0.6773109374999999 0.349971875 0.672625 0.35195468750000003 0.6674171875 0.3471375 0.6538796875 0.343453125 0.648671875 0.3394859375 0.658565625 0.337503125 0.671584375 0.339203125 0.681478125
6 0.714957240625 0.7720739375 0.7193508328125 0.7760681109374999 0.7221467546875 0.77766578125 0.7281380171875 0.7796628671875 0.7337298609375 0.776467528125 0.7357269484375 0.768878596875 0.736126365625 0.76049083125 0.7349281140625 0.7560972375 0.7313333562500001 0.7505053937499999 0.7289368515625 0.7489077234375 0.7213479203125 0.7493071421875 0.7153566578125 0.7529018984375 0.71016423125 0.7576949078124999 0.7077677265625 0.7608902468750001 0.7097648140625 0.7652838390625 0.7125607359374999 0.7684791796875 0.714957240625 0.7720739375
6 0.62548773125 0.8435696609375001 0.6298813234375 0.8443684953125 0.63347608125 0.8423714078125 0.6366714203125 0.836380146875 0.639067925 0.8323859718750001 0.6414644296875001 0.8247970406249999 0.6430620984375001 0.8196046125 0.639866759375 0.8116162640625 0.635872584375 0.8084209250000001 0.6330766624999999 0.8096191781250001 0.6250883140625 0.8124150984374999 0.620694721875 0.8124150984374999 0.6198958859375 0.8104180124999999 0.6155022953125 0.8088203421875001 0.6119075375 0.81401276875 0.6095110328125 0.8212022828125001 0.6107092859375001 0.828391796875 0.6155022953125 0.8403743218749999 0.6218929734375 0.8435696609375001 0.62548773125 0.8435696609375001
6 0.29429095 0.7859559828125 0.30092909218749997 0.788168696875 0.3057970625 0.7859559828125 0.3080097765625 0.7810880124999999 0.31243520468749997 0.7731222421874999 0.3137628328125 0.7669266421875001 0.31464791875000003 0.762058671875 0.31464791875000003 0.759403415625 0.3097799484375 0.7629437578125 0.3071246921875 0.7669266421875001 0.30446943437499996 0.770909528125 0.301814178125 0.7717946140625 0.3013716359375 0.7673691859375 0.3013716359375 0.76382884375 0.29915892187500004 0.76073104375 0.29783129218750004 0.7585183296875 0.2951760359375 0.754092903125 0.2898655234375 0.7625012156250001 0.29163569375 0.7691393578125 0.29119315156250003 0.776662584375 0.2920782359375 0.7815305546875 0.29296332187499996 0.7841858125 0.29429095 0.7859559828125
6 0.258253003125 0.769103834375 0.2631002953125 0.771796775 0.2671397078125 0.769103834375 0.269294059375 0.7634486578125 0.27306417656250004 0.758332071875 0.276565 0.7545619546875 0.277642175 0.74998395625 0.277642175 0.7445980750000001 0.27306417656250004 0.746752428125 0.2709098234375 0.752946190625 0.26606253125 0.758870659375 0.26417747187499996 0.7577934828124999 0.263908178125 0.7494453671875 0.2668704125 0.7413665468749999 0.269563353125 0.736519253125 0.2684861765625 0.726555371875 0.266331825 0.7235931375 0.2604073546875 0.72305455 0.2622924140625 0.7238624328125 0.257714415625 0.7303254890625 0.25475217968749997 0.736519253125 0.2544828859375 0.7454059578125001 0.25529076875 0.7553698375 0.25556006249999996 0.764256540625 0.258253003125 0.769103834375
6 0.7594072203125 0.7371682171875 0.760500940625 0.7378973656250001 0.762688384375 0.739720234375 0.7641466796875 0.7404493828125001 0.7718027281250001 0.7426368250000001 0.773990171875 0.7400848078125 0.77508389375 0.7378973656250001 0.77508389375 0.7335224796875 0.773990171875 0.7309704640625 0.7725318765625 0.728783021875 0.7692507125 0.7273247265625 0.765604975 0.7262310046875 0.7648758265625 0.7262310046875 0.760500940625 0.7262310046875 0.759042646875 0.7273247265625 0.7583134984375001 0.7280538734374999 0.7575843515625 0.7309704640625 0.7572197765625 0.733887053125 0.7572197765625 0.7357099218750001 0.7594072203125 0.7371682171875
