1 0.1442442625 0.47893265625000003 0.154194646875 0.47790114375000003 0.1495977265625 0.433560515625 0.13964740312499999 0.434592025 0.1442442625 0.47893265625000003
1 0.2314462671875 0.521315640625 0.2193038296875 0.5178175765625 0.2096251703125 0.551411134375 0.22176760468749998 0.5549091890625 0.2314462671875 0.521315640625
7 0.22155433125 0.398769503125 0.21239218750000002 0.3988671875 0.213442790625 0.49740125781250005 0.222604934375 0.49730357343750003 0.22155433125 0.398769503125
7 0.2018197609375 0.395025234375 0.19432517968750002 0.3950994421875 0.19513125 0.47650312499999997 0.20262583125 0.4764289171875 0.2018197609375 0.395025234375
1 0.24276495156250003 0.5104776984375 0.2310671203125 0.5087727421875 0.22516863125 0.5492393359375 0.23686646093750002 0.5509442859375 0.24276495156250003 0.5104776984375
2 0.3034895 0.4968674125 0.2626992640625 0.49515876875 0.25885151562500003 0.587007603125 0.29964175000000004 0.588716234375 0.3034895 0.4968674125
4 0.2932308875 0.3891944828125 0.2691738203125 0.38872059999999997 0.26700625 0.498753125 0.291063315625 0.499227003125 0.2932308875 0.3891944828125
2 0.59529459375 0.6021830031250001 0.545716503125 0.6097937156250001 0.5558332078125 0.67568843125 0.6054112859375 0.66807776875 0.59529459375 0.6021830031250001
1 0.2498222953125 0.64600516875 0.2430890625 0.6464875 0.24514313125 0.675158059375 0.2518763640625 0.674675728125 0.2498222953125 0.64600516875
1 0.1808787859375 0.6017210484375 0.1682082921875 0.5979179171875 0.153628125 0.6464875 0.1662986109375 0.6502906125 0.1808787859375 0.6017210484375
5 0.61298076875 0.462740384375 0.5520050765625 0.471736034375 0.5661057078125 0.5673077015625 0.627081384375 0.55831211875 0.61298076875 0.462740384375
5 0.1804189078125 0.41420776875 0.14423076875000002 0.41947115312500005 0.15985064531249998 0.52685796875 0.1960387765625 0.521594625 0.1804189078125 0.41420776875
5 0.279214453125 0.6407779437500001 0.241586178125 0.6141824375 0.1831447828125 0.69685643125 0.22077283125 0.7234516625 0.279214453125 0.6407779437500001
8 0.6309570703125 0.48933855312499996 0.6560653296875001 0.4925731953125 0.67306453125 0.36062621875 0.6479566859375 0.357391603125 0.6309570703125 0.48933855312499996
8 0.6024438562500001 0.52425346875 0.628634421875 0.5263836875 0.6420801921875 0.36107860468749997 0.6158902 0.358948409375 0.6024438562500001 0.52425346875
8 0.6231770703125 0.51409965 0.6495582703125 0.5145544734375 0.6522195140625 0.360187165625 0.6258388421875 0.3597323453125 0.6231770703125 0.51409965
