1.0 0.7684200701771338 0.44462478093355856 0.28575515470119683 0.5439902788622323 0.14959771931171417 0.4335605204105377 0.13964740931987762 0.43459203839302063 0.1442442685365677 0.478932648897171
1.0 0.7046936657310877 0.5121578517671633 0.35573911615304454 0.6031287079962988 0.20962516963481903 0.5514111518859863 0.2217676043510437 0.5549091696739197 0.2314462661743164 0.5213156342506409
1.0 0.6913070065471147 0.5037078133911823 0.3632939618865182 0.5966845831984963 0.2251686304807663 0.5492393374443054 0.23686645925045013 0.5509442687034607 0.24276494979858398 0.5104777216911316
2.0 0.6334297274240888 0.5052976868690409 0.38696144166317437 0.5906385525387035 0.2588515281677246 0.5870075821876526 0.29964175820350647 0.5887162089347839 0.3034895062446594 0.49686741828918457
4.0 0.6087799201137005 0.3891571772596766 0.35935711772713974 0.4801888073773748 0.2670062482357025 0.4987531304359436 0.2910633087158203 0.49922701716423035 0.29323089122772217 0.3891944885253906
2.0 0.4087512277072854 0.6499899249805077 0.6727374947924357 0.7000201500389847 0.5558332204818726 0.6756884455680847 0.6054112911224365 0.6680777668952942 0.5952945947647095 0.6021829843521118
1.0 0.7275033481215815 0.6379433824974747 0.41702101564133653 0.7241132350050506 0.2451431304216385 0.6751580834388733 0.2518763542175293 0.674675703048706 0.24982228875160217 0.6460051536560059
1.0 0.7745133723889803 0.5836110399013281 0.3357003654161439 0.674121926560174 0.1536281257867813 0.6464874744415283 0.16629861295223236 0.6502906084060669 0.18087878823280334 0.6017210483551025
5.0 0.34948200252188927 0.5505309723710501 0.6350702055613601 0.6418549834933602 0.5661057233810425 0.567307710647583 0.6270813941955566 0.5583121180534363 0.6129807829856873 0.46274039149284363
5.0 0.7162173419455922 0.385917524274327 0.25866570656965593 0.4798117546061975 0.15985064208507538 0.5268579721450806 0.19603878259658813 0.5215946435928345 0.18041890859603882 0.4142077565193176
5.0 0.6999152904845508 0.6476529929788777 0.4055807913366567 0.7046940140422446 0.18314477801322937 0.6968564391136169 0.22077283263206482 0.7234516739845276 0.27921444177627563 0.6407779455184937
8.0 0.354336561874216 0.5832719071168648 0.708673123748432 0.6911089253451285 0.6730645298957825 0.360626220703125 0.6479566693305969 0.3573915958404541 0.6309570670127869 0.48933854699134827
8.0 0.37804253822650924 0.6125798457805814 0.7198374652995636 0.7195370504417624 0.6420801877975464 0.3610785901546478 0.6158902049064636 0.35894840955734253 0.6024438738822937 0.5242534875869751
8.0 0.36193103115876335 0.6073203947913723 0.7238620623175267 0.712562421410729 0.6522195339202881 0.3601871728897095 0.6258388161659241 0.35973235964775085 0.6231770515441895 0.514099657535553
