1.0 0.1442442685365677 0.4789326563477516 0.1541946530342102 0.4779011458158493 0.14959771931171417 0.4335605204105377 0.13964740931987762 0.43459203839302063 0.1442442685365677 0.478932648897171
1.0 0.2314462698996067 0.5213156491518021 0.21930383890867233 0.5178175866603851 0.20962516963481903 0.5514111518859863 0.2217676043510437 0.5549091696739197 0.2314462661743164 0.5213156342506409
7.0 0.22155432403087616 0.39876948297023773 0.2123921811580658 0.3988671600818634 0.21344278752803802 0.49740126729011536 0.2226049304008484 0.4973035752773285 0.22155432403087616 0.3987694978713989
1.0 0.24276494979858398 0.5104777216911316 0.23106712102890015 0.5087727308273315 0.2251686304807663 0.5492393374443054 0.23686645925045013 0.5509442687034607 0.24276494979858398 0.5104777216911316
2.0 0.3034894987940788 0.49686742573976517 0.26269926130771637 0.49515877664089203 0.2588515281677246 0.5870075821876526 0.29964175820350647 0.5887162089347839 0.3034895062446594 0.49686741828918457
4.0 0.29323089867830276 0.3891944959759712 0.26917384564876556 0.3887206166982651 0.2670062482357025 0.4987531304359436 0.2910633087158203 0.49922701716423035 0.29323089122772217 0.3891944885253906
2.0 0.5952945947647095 0.6021829694509506 0.5457165241241455 0.6097936928272247 0.5558332204818726 0.6756884455680847 0.6054112911224365 0.6680777668952942 0.5952945947647095 0.6021829843521118
1.0 0.24982228875160217 0.6460051536560059 0.24308907985687256 0.6464874744415283 0.2451431304216385 0.6751580834388733 0.2518763542175293 0.674675703048706 0.24982228875160217 0.6460051536560059
1.0 0.18087879195809364 0.6017210483551025 0.1682082936167717 0.597917914390564 0.1536281257867813 0.6464874744415283 0.16629861295223236 0.6502906084060669 0.18087878823280334 0.6017210483551025
5.0 0.6129807829856873 0.46274038404226303 0.5520050525665283 0.47173602879047394 0.5661057233810425 0.567307710647583 0.6270813941955566 0.5583121180534363 0.6129807829856873 0.46274039149284363
5.0 0.18041891232132912 0.4142077565193176 0.14423077553510666 0.4194711446762085 0.15985064208507538 0.5268579721450806 0.19603878259658813 0.5215946435928345 0.18041890859603882 0.4142077565193176
5.0 0.27921444922685623 0.6407779604196548 0.24158619344234467 0.6141824424266815 0.18314477801322937 0.6968564391136169 0.22077283263206482 0.7234516739845276 0.27921444177627563 0.6407779455184937
8.0 0.6309570670127869 0.48933854699134827 0.6560653448104858 0.49257320165634155 0.6730645298957825 0.360626220703125 0.6479566693305969 0.3573915958404541 0.6309570670127869 0.48933854699134827
8.0 0.6024438589811325 0.5242534726858139 0.6286343634128571 0.5263836681842804 0.6420801877975464 0.3610785901546478 0.6158902049064636 0.35894840955734253 0.6024438738822937 0.5242534875869751
8.0 0.6231770664453506 0.514099657535553 0.6495582759380341 0.514554500579834 0.6522195339202881 0.3601871728897095 0.6258388161659241 0.35973235964775085 0.6231770515441895 0.514099657535553
