1.0 0.8417362358851032 0.5286161079631272 0.1807095434974093 0.4699163038234215 0.14959771931171417 0.4335605204105377 0.13964740931987762 0.43459203839302063 0.1442442685365677 0.478932648897171
1.0 0.7534058935103836 0.564024488444304 0.24716452453698656 0.5124103537621005 0.20962516963481903 0.5514111518859863 0.2217676043510437 0.5549091696739197 0.2314462661743164 0.5213156342506409
7.0 0.7705901120817196 0.4465965214104023 0.23312981845536862 0.3974021411763233 0.21344278752803802 0.49740126729011536 0.2226049304008484 0.4973035752773285 0.22155432403087616 0.3987694978713989
1.0 0.7429349773840728 0.5528817504594532 0.25818180159889514 0.5044286452984431 0.2251686304807663 0.5492393374443054 0.23686645925045013 0.5509442687034607 0.24276494979858398 0.5104777216911316
2.0 0.6840487571109496 0.535999438068754 0.2884592653512301 0.49328000402973504 0.2588515281677246 0.5870075821876526 0.29964175820350647 0.5887162089347839 0.3034895062446594 0.49686741828918457
4.0 0.7006885380038628 0.4329208775695716 0.28834948936860927 0.3911557719441593 0.2670062482357025 0.4987531304359436 0.2910633087158203 0.49922701716423035 0.29323089122772217 0.3891944885253906
2.0 0.3906895042058558 0.6193175775322588 0.5737439706459528 0.6212829932966757 0.5558332204818726 0.6756884455680847 0.6054112911224365 0.6680777668952942 0.5952945947647095 0.6021829843521118
1.0 0.7277482635781759 0.6820377412356798 0.27838355668203385 0.6359245175286403 0.2451431304216385 0.6751580834388733 0.2518763542175293 0.674675703048706 0.24982228875160217 0.6460051536560059
1.0 0.7982395661888959 0.6446161493816671 0.2017930055899183 0.5863928462546724 0.1536281257867813 0.6464874744415283 0.16629861295223236 0.6502906084060669 0.18087878823280334 0.6017210483551025
5.0 0.38178250702722566 0.4839010011060943 0.5715271808116095 0.48868975058921016 0.5661057233810425 0.567307710647583 0.6270813941955566 0.5583121180534363 0.6129807829856873 0.46274039149284363
5.0 0.8101018423923125 0.46402275428031536 0.16735594204968474 0.41301471290916325 0.15985064208507538 0.5268579721450806 0.19603878259658813 0.5215946435928345 0.18041890859603882 0.4142077565193176
5.0 0.6991631524159023 0.6761290625973082 0.2749399480206657 0.6066178710148371 0.18314477801322937 0.6968564391136169 0.22077283263206482 0.7234516739845276 0.27921444177627563 0.6407779455184937
8.0 0.3624867816750442 0.508404963931132 0.6751243454868381 0.5152253604917794 0.6730645298957825 0.360626220703125 0.6479566693305969 0.3573915958404541 0.6309570670127869 0.48933854699134827
8.0 0.38840110702838826 0.5438079660077819 0.6502069943168749 0.5460892386396097 0.6420801877975464 0.3610785901546478 0.6158902049064636 0.35894840955734253 0.6024438738822937 0.5242534875869751
8.0 0.3686306802649494 0.5327393698929636 0.6700630976895077 0.5359946040388419 0.6522195339202881 0.3601871728897095 0.6258388161659241 0.35973235964775085 0.6231770515441895 0.514099657535553
