1 0.3204983859375 0.5688573859375 0.3452469375 0.5713826109375 0.3503338796875 0.521531546875 0.3255855328125 0.5190063328125001 0.3204983859375 0.5688573859375
1 0.4652966875 0.5700117875 0.4445031234375 0.5696328125 0.4438497078125 0.6054806140625 0.464643271875 0.6058595875 0.4652966875 0.5700117875
1 0.5002475453125 0.5833011671875 0.484094565625 0.584362809375 0.48668777656250006 0.623814440625 0.5028407578125 0.6227528015625 0.5002475453125 0.5833011671875
1 0.548475 0.578840625 0.5389406250000001 0.578840625 0.5389406250000001 0.6175109375 0.548475 0.6175109375 0.548475 0.578840625
1 0.5078984328125 0.6328019390625 0.5302740906250001 0.6298581734375001 0.5244356953125 0.5854861875 0.5020602203125 0.588429940625 0.5078984328125 0.6328019390625
1 0.6150942125000001 0.5870204640625001 0.62907560625 0.5829652515625 0.6178734375 0.544346875 0.6038921359375 0.548402071875 0.6150942125000001 0.5870204640625001
1 0.6254459953125 0.6737972265625001 0.63829316875 0.673934603125 0.6386632 0.6393311609375 0.625816115625 0.639193784375 0.6254459953125 0.6737972265625001
1 0.6117565421875 0.635980978125 0.601855415625 0.6382786890625 0.607640621875 0.6632046875000001 0.617541746875 0.6609069828125 0.6117565421875 0.635980978125
1 0.6001598421875001 0.666075325 0.6068489390625 0.665132921875 0.6046138765625 0.649270815625 0.597924803125 0.6502132171875 0.6001598421875001 0.666075325
6 0.6616211609375 0.7980620468749999 0.7125661562500001 0.8035449984374999 0.71811936875 0.7519540953125 0.66717499375 0.746471175 0.6616211609375 0.7980620468749999
6 0.6922995578125 0.771146934375 0.7224021796875 0.7607541203125 0.7059071984374999 0.7129851703125001 0.67580489375 0.7233779234375 0.6922995578125 0.771146934375
6 0.34549520624999996 0.726706815625 0.3216730671875 0.72044160625 0.307753365625 0.773359475 0.3315754890625 0.7796246453125 0.34549520624999996 0.726706815625
6 0.2829215390625 0.7748830609375 0.31180189999999997 0.7792784203124999 0.3202305796875 0.723905228125 0.2913505828125 0.719509896875 0.2829215390625 0.7748830609375
6 0.6551137640625 0.7924112984375 0.6386601859375001 0.796522109375 0.6449932875 0.821865428125 0.6614468609374999 0.8177546296875 0.6551137640625 0.7924112984375
8 0.3735676234375 0.641977346875 0.34588048437499996 0.63494313125 0.31759123906250003 0.746275765625 0.3452783484375 0.7533098953125 0.3735676234375 0.641977346875
8 0.28782773437500003 0.7461704265625 0.317634296875 0.753371009375 0.347534515625 0.629617190625 0.317728725 0.62241670625 0.28782773437500003 0.7461704265625
8 0.6789679375000001 0.7513437875 0.7063611328125 0.746500509375 0.6806349453125 0.6010182609375 0.653242571875 0.6058614640625 0.6789679375000001 0.7513437875
8 0.6598272640625 0.622702225 0.6344331671875 0.628930096875 0.6697746359375001 0.773014165625 0.6951686968749999 0.7667863921875 0.6598272640625 0.622702225
