7 0.655919959375 0.37319729687500003 0.6594203140625 0.3733515625 0.6630354234375 0.2913260515625 0.6595350984375 0.2911717875 0.655919959375 0.37319729687500003
7 0.6414138656249999 0.23726023281250003 0.6370953984375001 0.2375999765625 0.6467171734375 0.3598984390625 0.6510356421875 0.3595586953125 0.6414138656249999 0.23726023281250003
7 0.6403151453125 0.36769023437500004 0.6458311671875 0.3675494765625 0.6438453125 0.28973125 0.6383293343750001 0.2898720078125 0.6403151453125 0.36769023437500004
7 0.5843577437499999 0.3871548546875 0.5936984625 0.386934375 0.59157058125 0.2967909921875 0.5822299515625 0.2970114703125 0.5843577437499999 0.3871548546875
2 0.69981010625 0.40944816875 0.6541571953124999 0.41607918593750004 0.6672135984375 0.5059637421875001 0.7128665015625 0.499332765625 0.69981010625 0.40944816875
7 0.7056416125 0.4939597796875 0.6991578125 0.49636874999999997 0.724990484375 0.565892240625 0.7314742765625 0.5634832828125 0.7056416125 0.4939597796875
7 0.710688 0.57168450625 0.714657946875 0.57039839375 0.693384375 0.5047375 0.68941446875 0.5060236046875 0.710688 0.57168450625
2 0.6594927078125 0.44032346093749997 0.6151095421874999 0.4485400046875 0.6342246171875 0.55178614375 0.6786077671874999 0.543569665625 0.6594927078125 0.44032346093749997
2 0.6009418421875 0.5544216640624999 0.63223448125 0.5496565984374999 0.6201185109375 0.4700977375 0.5888262578125001 0.474862771875 0.6009418421875 0.5544216640624999
7 0.6323974140625 0.6474828375 0.6377674859375 0.6463593125 0.6105797843749999 0.51642540625 0.60520983125 0.51754891875 0.6323974140625 0.6474828375
7 0.4006492 0.6624113281249999 0.40421147812499997 0.66252353125 0.4067890625 0.5806984374999999 0.4032268390625 0.5805862359375 0.4006492 0.6624113281249999
1 0.46544409687500005 0.5873310953125 0.47744334843749997 0.5873310953125 0.47744332656250005 0.564595696875 0.46544412187499995 0.564595696875 0.46544409687500005 0.5873310953125
1 0.5124629140625 0.5917903109375 0.528960009375 0.589957484375 0.5253324625 0.5573099921875 0.5088354609375 0.5591428125 0.5124629140625 0.5917903109375
1 0.4904272140625 0.5914407781250001 0.5053247765625 0.5885761484375001 0.498851696875 0.5549163890625 0.4839542203125 0.557781009375 0.4904272140625 0.5914407781250001
5 0.3566487109375 0.5764241625000001 0.3959331140625 0.52732175625 0.3016826921875 0.4519230765625 0.2623985265625 0.5010250171874999 0.3566487109375 0.5764241625000001
5 0.34542205937500003 0.338584096875 0.3233173078125 0.346153846875 0.3533652359375 0.4338942828125 0.37546996718750003 0.4263245734375 0.34542205937500003 0.338584096875
8 0.3574686609375 0.66425726875 0.37644224375 0.66621985 0.390625 0.5291193187500001 0.37165189062500004 0.5271567625 0.3574686609375 0.66425726875
8 0.7009943187500001 0.21306818125000002 0.6690340906250001 0.21306818125000002 0.6690340906250001 0.33096590937500003 0.7009943187500001 0.33096590937500003 0.7009943187500001 0.21306818125000002
8 0.6126438609375 0.461137484375 0.6529418796875001 0.45427475 0.6221414484375 0.273425015625 0.581844240625 0.280287678125 0.6126438609375 0.461137484375
8 0.3918490984375 0.27025115 0.3633294859375 0.2685051265625 0.35131906874999996 0.4646767203125 0.3798386796875 0.466422725 0.3918490984375 0.27025115
