7 0.290821075 0.295410859375 0.281946875 0.295440625 0.282279528125 0.3946150265625 0.291153728125 0.39458526250000003 0.290821075 0.295410859375
7 0.268484421875 0.348076340625 0.264674490625 0.3487972078125 0.2745062296875 0.40075781718750003 0.278316159375 0.40003695156249997 0.268484421875 0.348076340625
7 0.3656534921875 0.3292937109375 0.3582890359375 0.3289515609375 0.353335475 0.435568084375 0.36069992968750003 0.4359102328125 0.3656534921875 0.3292937109375
2 0.4004752015625 0.45429668906250004 0.3678266046875 0.4520918921875 0.36274907343749996 0.52727463125 0.39539766875 0.5294794140625 0.4004752015625 0.45429668906250004
2 0.38919177031249996 0.5403204515625 0.42244378281249995 0.542680225 0.42874264687499997 0.45392538125000004 0.39549108125 0.4515656234375 0.38919177031249996 0.5403204515625
7 0.40405481718749997 0.2890148703125 0.4006234375 0.2891921875 0.4049609203125 0.3731265640625 0.40839229843749997 0.37294924687500003 0.40405481718749997 0.2890148703125
7 0.39712975 0.3537208328125 0.39328123125 0.3533781234375 0.3879421875 0.41333125 0.39179070625 0.4136739578125 0.39712975 0.3537208328125
7 0.38368300624999996 0.3585207453125 0.3772640421875 0.358315625 0.373928125 0.462703125 0.3803470890625 0.4629082453125 0.38368300624999996 0.3585207453125
1 0.5494484374999999 0.477515625 0.5417734375000001 0.477515625 0.5417734375000001 0.52265625 0.5494484374999999 0.52265625 0.5494484374999999 0.477515625
2 0.611704909375 0.4933944171875 0.6447030625 0.48932353125 0.636258403125 0.4208779171875 0.6032605640625001 0.4249487828125 0.611704909375 0.4933944171875
7 0.61620424375 0.3944463375 0.6188562656250001 0.3942874984375 0.61551875 0.338565625 0.6128667453125 0.3387244625 0.61620424375 0.3944463375
2 0.6450651296875 0.4889718875 0.6962567156249999 0.47938762187500006 0.6824928796874999 0.4058781265625 0.6313017999999999 0.4154623453125 0.6450651296875 0.4889718875
7 0.7142906250000001 0.280728125 0.7086187500000001 0.280728125 0.7086187500000001 0.395696875 0.7142906250000001 0.395696875 0.7142906250000001 0.280728125
7 0.6945798765625 0.29666970625 0.6845915234375 0.2976144703125 0.69393593125 0.396403125 0.703924284375 0.39545836562500003 0.6945798765625 0.29666970625
7 0.66347028125 0.42152999687500003 0.66890938125 0.4217953125 0.6739560390625 0.3183408015625 0.6685170031250001 0.3180754875 0.66347028125 0.42152999687500003
7 0.6518239953125 0.33104222499999997 0.6452171875 0.3315125 0.6508906 0.41121406406250005 0.6574974078125 0.4107437921875 0.6518239953125 0.33104222499999997
7 0.6565400078125 0.30787386875 0.6495562500000001 0.3082359375 0.654895284375 0.41121406406250005 0.6618790421875 0.41085199687499996 0.6565400078125 0.30787386875
7 0.707995425 0.277835221875 0.7022781250000001 0.27790781249999996 0.70361249375 0.3830015625 0.7093297921875 0.3829289734375 0.707995425 0.277835221875
2 0.595506540625 0.5835534984375 0.6270103265625 0.5801674046875 0.619010671875 0.50574841875 0.5875072734375 0.5091344921875 0.595506540625 0.5835534984375
7 0.6256396125 0.6372229125 0.623528125 0.637625 0.63387181875 0.6919359484375 0.63598330625 0.6915338640625001 0.6256396125 0.6372229125
2 0.41511390156249994 0.5422987765625 0.3870299296875 0.5412133140625001 0.3841694875 0.6152137093750001 0.41225345625000004 0.6162991640625 0.41511390156249994 0.5422987765625
2 0.388938425 0.532650759375 0.35891412031250003 0.531072321875 0.355340903125 0.5990339765625 0.38536520625000004 0.6006124046875 0.388938425 0.532650759375
2 0.2995201640625 0.58111073125 0.352280034375 0.5927313015625 0.370502575 0.510003084375 0.31774342031249997 0.49838259531249995 0.2995201640625 0.58111073125
7 0.34125729374999997 0.585143546875 0.3330847 0.58313080625 0.303853125 0.7018093750000001 0.31202570937499996 0.703822090625 0.34125729374999997 0.585143546875
2 0.2965270140625 0.46096854687500005 0.253854015625 0.4798801046875 0.2863922375 0.5532952640625 0.3290651640625 0.5343838234375 0.2965270140625 0.46096854687500005
6 0.298254971875 0.6465507984375 0.2699750765625 0.6469450546875 0.2706527609375 0.6955485265625 0.29893265625 0.6951542703125 0.298254971875 0.6465507984375
6 0.24327333437499998 0.6791990593749999 0.2620927859375 0.6711503796875 0.23477968749999997 0.6072953125 0.21596045937500002 0.6153439374999999 0.24327333437499998 0.6791990593749999
1 0.43846123593749997 0.5587222281249999 0.42502438124999997 0.5635590015624999 0.43619263750000004 0.5945819828125 0.44962948437500005 0.589745221875 0.43846123593749997 0.5587222281249999
6 0.366204790625 0.709939021875 0.35952209687500003 0.708238796875 0.34778868749999997 0.754349275 0.3544713796875 0.7560494906249999 0.366204790625 0.709939021875
6 0.3701906640625 0.702851834375 0.3408738484375 0.686077909375 0.30220045156249997 0.753659090625 0.3315171640625 0.77043286875 0.3701906640625 0.702851834375
5 0.703843078125 0.5576814437500001 0.6804742015625 0.49092016093749996 0.601720190625 0.5184845859375 0.6250885265624999 0.5852454109375 0.703843078125 0.5576814437500001
5 0.337740384375 0.474759615625 0.3546353125 0.42520306249999995 0.2884615390625 0.40264423125000004 0.2715664953125 0.45220055312499996 0.337740384375 0.474759615625
