1 0.3859987671875 0.571239359375 0.39544352968749996 0.570812265625 0.3939952265625 0.5387880546875 0.384550515625 0.5392151468749999 0.3859987671875 0.571239359375
1 0.69430670625 0.59210085 0.7310884875 0.6033441546875 0.7545819578125 0.5264935546875 0.71780065 0.5152503265624999 0.69430670625 0.59210085
6 0.810466740625 0.6212782515625 0.7832147125 0.5954314421875 0.7515145421875 0.6288512109375 0.778766459375 0.65469790625 0.810466740625 0.6212782515625
1 0.5832811375 0.636473678125 0.6150246078125 0.6371369640625 0.6163409046874999 0.5741403046875 0.5845978046875 0.5734770234375001 0.5832811375 0.636473678125
1 0.5691562796875 0.601860921875 0.5691562328125 0.635560946875 0.5861171890625 0.635560934375 0.5861171828125 0.6018609640625 0.5691562796875 0.601860921875
1 0.55604516875 0.58631651875 0.536817825 0.5821024031250001 0.5251450140625 0.63535490625 0.54437235 0.639569 0.55604516875 0.58631651875
6 0.38292013125 0.80780625 0.4168423953125 0.80780625 0.416842153125 0.747271875 0.382920375 0.747271875 0.38292013125 0.80780625
6 0.39434896406250003 0.6933203875 0.37207296093750003 0.68957223125 0.36266816875 0.745458090625 0.384944165625 0.7492062234375 0.39434896406250003 0.6933203875
8 0.72272764375 0.4810078875 0.7480608359375001 0.464576528125 0.7241354671875 0.42769182031249997 0.6988023875 0.4441231296875 0.72272764375 0.4810078875
8 0.6479673453125 0.5665281203125 0.6702578031249999 0.56685114375 0.6714410984375 0.48519215468750004 0.64915093125 0.4848691328125 0.6479673453125 0.5665281203125
8 0.6886749328125 0.5160705453125 0.7031250984375 0.49857942499999996 0.6704545453125 0.471590909375 0.6560044125 0.48908197343750004 0.6886749328125 0.5160705453125
8 0.5930155015625 0.5399472656250001 0.621448928125 0.537642040625 0.6171797171875 0.48498994375000004 0.5887465234375 0.487295159375 0.5930155015625 0.5399472656250001
8 0.5658754328125 0.48914537812500003 0.5630749734375 0.531146284375 0.59819350625 0.53348755 0.60099384375 0.49148675781250006 0.5658754328125 0.48914537812500003
8 0.53641953125 0.4453467421875 0.5200982765625 0.445106740625 0.519074784375 0.5147044078125 0.5353960390625 0.514944409375 0.53641953125 0.4453467421875
8 0.3603355359375 0.409826884375 0.335683284375 0.4088574875 0.32935514062500004 0.5697743875 0.3540073921875 0.5707437734374999 0.3603355359375 0.409826884375
8 0.3011363640625 0.411221590625 0.2698863640625 0.411221590625 0.2698863640625 0.5482954546875 0.3011363640625 0.5482954546875 0.3011363640625 0.411221590625
8 0.38599960312500003 0.7641671953125 0.4136724671875 0.767029496875 0.42755681875 0.6328125 0.399884753125 0.629950240625 0.38599960312500003 0.7641671953125
8 0.390166028125 0.654115453125 0.374249775 0.6543602843749999 0.3750344484375 0.7053644 0.3909507015625 0.705119571875 0.390166028125 0.654115453125
8 0.3333510328125 0.678441659375 0.35042352656250003 0.68331885625 0.35795454531250004 0.6569602265625 0.340882140625 0.6520830421875 0.3333510328125 0.678441659375
