1 0.33660798281250004 0.5260240578125 0.3274038265625 0.523715553125 0.3227265625 0.5423625000000001 0.3319307171875 0.5446710015625 0.33660798281250004 0.5260240578125
7 0.3337984203125 0.526774921875 0.34216659531250004 0.5272711 0.34719375 0.44249218749999997 0.33882568125 0.44199601250000004 0.3337984203125 0.526774921875
7 0.3685137609375 0.44655467968749996 0.36426875000000003 0.44671093749999996 0.367582790625 0.5367359390625001 0.3718278015625 0.53657968125 0.3685137609375 0.44655467968749996
1 0.6267828125 0.5297031249999999 0.6165875 0.5297031249999999 0.6165875 0.553146875 0.6267828125 0.553146875 0.6267828125 0.5297031249999999
7 0.71054354375 0.761168753125 0.71624085625 0.7589842859375 0.6899890625 0.6905281249999999 0.68429183125 0.692712575 0.71054354375 0.761168753125
7 0.6797964515625 0.7885872359375 0.6888888015625 0.7868386890625 0.6701004375 0.6891575203125 0.6610082875 0.690906046875 0.6797964515625 0.7885872359375
1 0.350002478125 0.6655013203125 0.3424140625 0.665359375 0.34218281250000004 0.6777203125 0.3497712296875 0.6778622578125 0.350002478125 0.6655013203125
2 0.3486281953125 0.6238953828125 0.2933188484375 0.613586609375 0.2847515046875 0.6595470953125 0.3400608375 0.6698558218749999 0.3486281953125 0.6238953828125
7 0.32217714375 0.691155403125 0.3116737703125 0.6896490921875 0.2981609375 0.7838578125 0.3086643078125 0.7853641078125 0.32217714375 0.691155403125
7 0.299267559375 0.68631688125 0.294221659375 0.68454055 0.26780781249999996 0.7595609375000001 0.27285370468750003 0.761337253125 0.299267559375 0.68631688125
1 0.2849073125 0.6431909609375001 0.27945682031249997 0.642599634375 0.277988740625 0.6561297703125 0.2834392328125 0.656721096875 0.2849073125 0.6431909609375001
2 0.6994938828125 0.6896228859375 0.6910863296875001 0.6223740359375001 0.6321404875 0.6297425999999999 0.6405476 0.6969910500000001 0.6994938828125 0.6896228859375
