1 0.3699859375 0.5666015625 0.3684953125 0.55655 0.35955625 0.5547234375000001 0.3585625 0.5647734375 0.358065625 0.5748249999999999 0.35955625 0.5839609375 0.36601249999999996 0.58030625 0.3699859375 0.5666015625
1 0.3809125 0.57025625 0.38687187500000003 0.57025625 0.39034843750000003 0.5620328125 0.3908453125 0.549240625 0.38736875 0.5309671875 0.381409375 0.5364484375 0.3764421875 0.5455859375000001 0.37594531249999996 0.5574640625 0.3809125 0.57025625
8 0.35210625 0.72101875 0.34266874999999997 0.7091406250000001 0.3342265625 0.7054843749999999 0.31585 0.6917796875 0.30939218749999997 0.6899515625 0.306909375 0.7063984375000001 0.3049234375 0.7201046875 0.3019421875 0.7392921875 0.2949890625 0.752084375 0.292009375 0.76853125 0.292009375 0.7840640624999999 0.2915125 0.7959421875 0.2895265625 0.8306640625 0.29548593749999996 0.851678125 0.3024390625 0.8498515624999999 0.30889687499999996 0.8562468750000001 0.3178359375 0.8571609375 0.3257828125 0.8461968750000001 0.3317421875 0.83523125 0.33621249999999997 0.8242671874999999 0.3416765625 0.8069062499999999 0.34565 0.789546875 0.34614531249999997 0.7694453125 0.350615625 0.7557390625 0.35607968749999996 0.7365515625 0.35210625 0.72101875
1 0.3899765625 0.6472875 0.39120937499999997 0.6399125 0.386584375 0.6331046875 0.381340625 0.6370765625 0.3810328125 0.6455859375 0.381340625 0.65239375 0.3868921875 0.651259375 0.3899765625 0.6472875
1 0.6172593749999999 0.5247421875 0.6107828125 0.5321171875 0.6076984375000001 0.53949375 0.608315625 0.5502734375 0.612015625 0.5599171875 0.616334375 0.5678609375 0.6191093750000001 0.5678609375 0.6212671875 0.5548109375 0.6234265625 0.54403125 0.6218843749999999 0.5338203125 0.6172593749999999 0.5247421875
1 0.64748125 0.5065875 0.6437796875 0.502615625 0.6379203125 0.502615625 0.629903125 0.502615625 0.6274359375 0.5054531250000001 0.6271265625 0.5111265625 0.6271265625 0.5185015625 0.6283609375 0.5298484375 0.6308281250000001 0.53665625 0.6339125 0.5434640625 0.6348374999999999 0.55708125 0.6379203125 0.568428125 0.6419296875 0.5746687500000001 0.647171875 0.5723984375 0.65210625 0.5723984375 0.6604328125000001 0.573534375 0.6616671875 0.5610515625 0.661975 0.5502734375 0.66105 0.540628125 0.6585828125 0.5275796875000001 0.6554984375 0.5168 0.6511812499999999 0.5111265625 0.64748125 0.5065875
1 0.723653125 0.5701296874999999 0.721803125 0.575803125 0.719953125 0.586015625 0.7224203124999999 0.5950921874999999 0.725503125 0.60246875 0.7298203125 0.60700625 0.7347546875 0.607575 0.7415390625 0.607575 0.7458578124999999 0.605871875 0.7455484375 0.594525 0.74308125 0.58941875 0.73938125 0.5843125 0.7350640625 0.5792078125 0.7301296875000001 0.5746687500000001 0.723653125 0.5701296874999999
0 0.6670889984375 0.6999736671875 0.72894349375 0.6396851078125 0.7586962890625 0.593489978125 0.7359902093749999 0.591924040625 0.6991906984375 0.6342043281249999 0.62950651875 0.6725697765625 0.56452015 0.669437903125 0.48152550937500005 0.669437903125 0.3734758828125 0.656910409375 0.31005545 0.6326383921875001 0.2677751609375 0.58566029375 0.2568136046875 0.6122812171875001 0.3108384171875 0.6741357125 0.38756931250000004 0.6944928890625001 0.4408111578125 0.7070203828125 0.5175420515625 0.6984077296875 0.580962484375 0.6890121109375 0.6670889984375 0.6999736671875
5 0.69684179375 0.6201109 0.679616490625 0.611498246875 0.6459488531249999 0.6216768359375 0.6169790265625 0.6381191703125 0.602102628125 0.6482977578125 0.5974048187500001 0.656910409375 0.6107152796875 0.6600422828125 0.640468075 0.6553444734375 0.6663060296875 0.64125104375 0.69684179375 0.6201109
5 0.29641001093749997 0.5436502875 0.2889881640625 0.539475496875 0.279246990625 0.537156171875 0.279246990625 0.543186421875 0.29501841562500003 0.5510721328125 0.29919320312500003 0.556174653125 0.3191394171875 0.564988096875 0.32331420624999996 0.5626687703125001 0.3400133625 0.558957846875 0.3497545359375 0.5529275953125 0.35624865156249996 0.5487528078125 0.3427965546875 0.5510721328125 0.32470580312499997 0.5510721328125 0.31774782031250004 0.5524637296875 0.316356225 0.5533914609374999 0.3107898390625 0.5533914609374999 0.310451490625 0.5540681578125 0.29641001093749997 0.5436502875
5 0.4054183875 0.5844704453125 0.40634611875 0.580759521875 0.4095931765625 0.5751931375 0.3961410796875 0.578904059375 0.3938217515625 0.579367925 0.3933578859375 0.580759521875 0.3933578859375 0.5844704453125 0.40124360000000003 0.586789771875 0.4054183875 0.5844704453125
5 0.579831790625 0.574729271875 0.5816872531249999 0.57240994375 0.5853981765625 0.5673074234375 0.5858620421875 0.565915828125 0.579831790625 0.5677712890625 0.5816872531249999 0.5677712890625 0.57844019375 0.5700906171875 0.572873809375 0.574729271875 0.57240994375 0.5765847328125 0.573337675 0.577976328125 0.5770485984375 0.577976328125 0.579831790625 0.574729271875
0 0.6067359859375 0.5617410390625001 0.656833453125 0.5510721328125 0.70878638125 0.5306620546875 0.7124973046874999 0.49911920624999995 0.63967043125 0.5325175171875001 0.5872536375 0.5237040734375 0.57426540625 0.5292704578125 0.52509566875 0.5399393625 0.5051494562500001 0.5436502875 0.46061837499999997 0.537156171875 0.4026351953125 0.535764575 0.3585679796875 0.5315897859375001 0.35300159375 0.5301981890625 0.35485705625 0.5603494421875 0.4476301421875 0.5765847328125 0.5301981890625 0.5700906171875 0.6067359859375 0.5617410390625001
