1 0.3791390625 0.5573625 0.3826546875 0.5517531250000001 0.3874265625 0.5430843750000001 0.390190625 0.533396875 0.3899390625 0.5242171875 0.387678125 0.51656875 0.38566875 0.5145296874999999 0.3806453125 0.510959375 0.375621875 0.5124890625 0.3690921875 0.516059375 0.3618078125 0.5379859375 0.3630640625 0.5497140625 0.3685890625 0.5568531250000001 0.3731109375 0.5578734375 0.3791390625 0.5573625
1 0.675521875 0.6420109375 0.6752703125 0.6307921875 0.6720046875000001 0.62314375 0.6677359375 0.617025 0.6664796875000001 0.62569375 0.665475 0.6364015625 0.67075 0.6486390625 0.675521875 0.6420109375
1 0.6504046875 0.6343625 0.6463859375000001 0.6476203125 0.6504046875 0.6517000000000001 0.6579390625 0.6506796875 0.662209375 0.6409906249999999 0.6637171875 0.6302828125 0.66145625 0.6272234375 0.6556796874999999 0.628753125 0.6504046875 0.6343625
1 0.6363390625 0.6562890625 0.6313156249999999 0.6593484375 0.6275484375 0.660878125 0.62126875 0.6613875 0.6230265625 0.6705671875 0.628553125 0.680765625 0.6333249999999999 0.6797453124999999 0.6330734375 0.673115625 0.6333249999999999 0.664446875 0.6368406249999999 0.6669968749999999 0.64010625 0.6766859375000001 0.6463859375000001 0.6843343749999999 0.644628125 0.6777062500000001 0.64286875 0.6690375000000001 0.639353125 0.6629171875 0.6363390625 0.6562890625
1 0.35728593750000004 0.6986125000000001 0.360803125 0.6879046875 0.36406875 0.676175 0.36683125 0.6598578125000001 0.36155624999999997 0.6624078124999999 0.35703593749999996 0.6654671875 0.351509375 0.67005625 0.347490625 0.6822953125 0.34824375 0.6945328125 0.35351875 0.6828046875 0.352765625 0.698103125 0.35728593750000004 0.6986125000000001
1 0.325890625 0.6833140625 0.33116406249999997 0.6797453124999999 0.3351828125 0.676175 0.3387 0.6598578125000001 0.3361875 0.6583281249999999 0.3344296875 0.660878125 0.3291546875 0.6593484375 0.322625 0.6573078125 0.31634531250000003 0.6629171875 0.3201125 0.6771953125 0.32237343749999997 0.6828046875 0.325890625 0.6833140625
7 0.3196070640625 0.436984628125 0.3078442671875 0.427431284375 0.3129905046875 0.4053850953125 0.3063739453125 0.3906876375 0.2953463640625 0.415673328125 0.2843187828125 0.45976570624999996 0.292405665625 0.4818118953125 0.27182088125 0.5200252937500001 0.26888018125 0.5494202125000001 0.285110278125 0.5617647078125 0.30049254687500004 0.587633584375 0.31004980625 0.585428971875 0.321812546875 0.54133659375 0.320342225 0.5038580828125 0.3196070640625 0.436984628125
7 0.3291642671875 0.44212874375 0.32475324687499996 0.43551490312499996 0.32475324687499996 0.4913652375 0.321812546875 0.5633827828125 0.3262235671875 0.5986567078125 0.33382351250000003 0.5985294125 0.35268980625 0.5567689421875001 0.36077668749999997 0.4810770046875 0.351954590625 0.41493843750000003 0.3482787296875 0.41493843750000003 0.340927009375 0.5097370625 0.3291642671875 0.44212874375
7 0.3637173875 0.445068246875 0.35496321875 0.5636029421875 0.3820966890625 0.56999665 0.389448409375 0.5170857921875001 0.37989115 0.45462158906249994 0.373274590625 0.40905946093749995 0.3637173875 0.445068246875
7 0.6541102921874999 0.4693190484375 0.646758571875 0.389217884375 0.6313200265625001 0.375255315625 0.6291144875 0.4347800140625 0.6269089484375 0.5134114265624999 0.6291144875 0.558238665625 0.6489641109375001 0.5604433078125 0.6619485125 0.554411765625 0.676165453125 0.5457458468749999 0.6783709921875001 0.5222299078125 0.6666083078125 0.47666777812500005 0.6717544890625 0.436984628125 0.6666083078125 0.3950968921875 0.6541102921874999 0.4693190484375
7 0.70483723125 0.6559767640625 0.7401255124999999 0.71623638125 0.741595834375 0.696394778125 0.71807035 0.6207028953125 0.703366909375 0.558238665625 0.66746321875 0.595772059375 0.6739600265625 0.6567116828125 0.6893985734375 0.7066830093750001 0.7246868546874999 0.73901743125 0.7107186296875 0.704478425 0.7018964750000001 0.689780965625 0.70483723125 0.6559767640625
7 0.35048426875 0.7522451671875 0.36665803124999996 0.67508350625 0.346691159375 0.6840073531249999 0.332840128125 0.7544497531250001 0.35048426875 0.7522451671875
6 0.3196070640625 0.7838446703125 0.351954590625 0.7838446703125 0.3615118484375 0.7551846140625 0.313725665625 0.7360779281250001 0.3085794828125 0.7544497531250001 0.3196070640625 0.7838446703125
6 0.671019271875 0.7544497531250001 0.679106209375 0.7353430671875001 0.643566159375 0.7272058828125 0.64528825 0.7507753875 0.671019271875 0.7544497531250001
7 0.635730990625 0.7140317390625001 0.6614620125 0.73901743125 0.6570510484375001 0.71550151875 0.637201425 0.66332549375 0.6270220421875 0.6729779421875 0.635730990625 0.7140317390625001
7 0.6732248109375 0.7368127906249999 0.6673434125 0.642749084375 0.649080865625 0.6509191171875 0.6673434125 0.7368127906249999 0.6732248109375 0.7368127906249999
