7 0.28970874375 0.499613559375 0.2953125046875 0.5 0.301114996875 0.41586352031249996 0.2955113015625 0.41547708125 0.28970874375 0.499613559375
7 0.295249028125 0.49715784999999996 0.3015625 0.49765625 0.309574459375 0.39617117031250004 0.303261075 0.39567277343749996 0.295249028125 0.49715784999999996
7 0.322203815625 0.42394155468749994 0.311718728125 0.4234374984375 0.307525321875 0.51066079375 0.31801040937499997 0.5111648468750001 0.322203815625 0.42394155468749994
7 0.6350081609375 0.46927587187500003 0.6366487890625 0.4690415109375 0.6326875015625 0.44131250624999996 0.631046878125 0.441546865625 0.6350081609375 0.46927587187500003
7 0.6427761359375 0.48020116718750006 0.6476563328125 0.47968749062500005 0.63828125 0.390625 0.6334011109375 0.39113867343750003 0.6427761359375 0.48020116718750006
7 0.6636472421875 0.4195697734375 0.6619798515624999 0.41939426874999997 0.65546875 0.48125 0.657136140625 0.481425503125 0.6636472421875 0.4195697734375
7 0.3286802859375 0.5176303921875001 0.33437505624999997 0.5171874953125 0.32890625 0.446875 0.3232115375 0.44731789375000003 0.3286802859375 0.5176303921875001
7 0.339843734375 0.51953125 0.3492187578125 0.51953125 0.34921868125 0.41796875 0.33984380000000003 0.41796875 0.339843734375 0.51953125
8 0.34177409375 0.6551040171875 0.3153635609375 0.6567544296875 0.320941728125 0.746005484375 0.3473522578125 0.7443550890624999 0.34177409375 0.6551040171875
8 0.372175053125 0.643825634375 0.34090900468749996 0.6413352203125 0.3317857546875 0.7558570796875 0.3630517984375 0.7583474640625 0.372175053125 0.643825634375
8 0.645496384375 0.7497042781250001 0.6656520421875001 0.743841665625 0.6398059593750001 0.654997065625 0.6196506765625001 0.6608596203125 0.645496384375 0.7497042781250001
8 0.663311340625 0.7422856609374999 0.6845154703125 0.7381854234375 0.66171875 0.6203125 0.6405151453125 0.6244126859375 0.663311340625 0.7422856609374999
6 0.33351763125 0.7877794625 0.3557612484375 0.7627595281249999 0.31929501562499996 0.7303455796875 0.297051503125 0.755365371875 0.33351763125 0.7877794625
6 0.675286240625 0.7369813 0.64921874375 0.734375 0.6455213234375 0.7713492390625001 0.6715888203125 0.7739555265625 0.675286240625 0.7369813
6 0.659183471875 0.387948146875 0.6390625 0.39140625 0.6476562234375 0.4414062546875 0.6677771921875 0.43794816093750005 0.659183471875 0.387948146875
8 0.352569971875 0.5896381203125001 0.384019403125 0.591135584375 0.39305416875 0.4013940234375 0.361605609375 0.39989658125 0.352569971875 0.5896381203125001
