7 0.317040625 0.45275 0.31558281250000003 0.438446875 0.310721875 0.42463749999999995 0.314125 0.44880312499999997 0.312665625 0.46655781249999995 0.30950625 0.48480625 0.3058609375 0.50009375 0.30464531250000004 0.5089718750000001 0.3092640625 0.5208078125 0.3114515625 0.4936828125 0.315096875 0.47642187500000005 0.317040625 0.45275
7 0.3068328125 0.393075 0.30148593749999997 0.43894062500000003 0.29686875 0.4719828125 0.2975984375 0.5020671875 0.301971875 0.4996015625 0.301971875 0.4700109375 0.304403125 0.438446875 0.3068328125 0.40984218749999995 0.3082921875 0.3999796875 0.3068328125 0.393075
7 0.2932234375 0.44091250000000004 0.29152187500000004 0.4828328125 0.293709375 0.50108125 0.2963828125 0.503546875 0.2973546875 0.4986140625 0.29516718750000004 0.4734625 0.29565312499999996 0.4512703125 0.2971109375 0.4340078125 0.29905624999999997 0.428090625 0.2932234375 0.44091250000000004
7 0.3423171875 0.5045328125 0.33964375 0.51735625 0.34839375 0.513409375 0.34839375 0.4774078125 0.346934375 0.44189999999999996 0.347178125 0.4128015625 0.345234375 0.40885625000000003 0.3445046875 0.4675453125 0.3423171875 0.5045328125
7 0.3263921875 0.46863593750000004 0.3253875 0.45129843750000004 0.3276484375 0.4956625 0.33116406249999997 0.5114687499999999 0.3371921875 0.5155484375 0.330159375 0.49770156249999997 0.3263921875 0.46863593750000004
7 0.372859375 0.45588749999999995 0.371603125 0.4263109375 0.3705984375 0.49311249999999995 0.372859375 0.5180984375000001 0.376375 0.513509375 0.3736125 0.48903281249999997 0.372859375 0.45588749999999995
7 0.6632140625 0.43600000000000005 0.660953125 0.44925781249999996 0.6556796874999999 0.47271562500000003 0.6544234375 0.48342343750000005 0.656934375 0.48903281249999997 0.6604515625 0.46302656249999996 0.6644703125 0.44721875000000005 0.6657265625 0.4278421875 0.6627125 0.40693437499999996 0.6632140625 0.43600000000000005
7 0.642015625 0.4127015625 0.6398546875 0.429371875 0.6396843750000001 0.435975 0.641746875 0.44979375 0.640609375 0.43651093750000003 0.642015625 0.4127015625
7 0.639353125 0.44874843750000004 0.6396843750000001 0.435975 0.6363390625 0.4135640625 0.638096875 0.438040625 0.638096875 0.455378125 0.643471875 0.487184375 0.639353125 0.44874843750000004
7 0.71520625 0.72461875 0.7061640625 0.7113609375000001 0.7013921875 0.6996328125 0.6981265624999999 0.6833140625 0.6941078125 0.6685265625000001 0.69084375 0.6511890625000001 0.6833078125000001 0.6481296875 0.6880796874999999 0.6777062500000001 0.6961171875 0.7001421875 0.71520625 0.72461875
1 0.6752703125 0.6307921875 0.6720046875000001 0.62314375 0.6677359375 0.617025 0.6664796875000001 0.62569375 0.665475 0.6364015625 0.67075 0.6486390625 0.675521875 0.6420109375 0.6752703125 0.6307921875
6 0.308559375 0.7659234374999999 0.31056875 0.78275 0.31483906250000004 0.788359375 0.319359375 0.7954984375 0.32789999999999997 0.79906875 0.338196875 0.79141875 0.34271875 0.7812203125 0.347490625 0.7654124999999999 0.34899843750000004 0.7501156250000001 0.35351875 0.7307375 0.3464859375 0.7460359375000001 0.342215625 0.756234375 0.33744375 0.753684375 0.3349328125 0.7429765625 0.328653125 0.7414468750000001 0.3243828125 0.7358374999999999 0.322121875 0.72206875 0.31910781250000003 0.7093203124999999 0.31634531250000003 0.7179890624999999 0.31307968750000004 0.7261484375 0.308559375 0.73940625 0.30755468750000003 0.7531749999999999 0.308559375 0.7659234374999999
8 0.3718747078125 0.4215844890625 0.36390596406250003 0.436383584375 0.3650443546875 0.5062049578125001 0.3635264984375 0.51682995 0.3642854265625 0.5198656625 0.36959792343750003 0.524039765625 0.37984344999999997 0.5213835171875 0.3775666671875 0.45801303281249994 0.376428275 0.4371425125 0.376428275 0.4189282421875 0.3718747078125 0.4215844890625
8 0.36130044687499996 0.69962098125 0.365569196875 0.6812631671875 0.363811384375 0.6725944171875 0.357783259375 0.6741241062500001 0.350498884375 0.6812631671875 0.345225446875 0.6904412921875 0.342461384375 0.7072694171875 0.336936384375 0.7307256671875 0.33216450937499997 0.7501037921875 0.336936384375 0.7567319171875 0.340703571875 0.7567319171875 0.344973884375 0.74857410625 0.350498884375 0.7332756671875 0.355773884375 0.71440848125 0.36130044687499996 0.69962098125
8 0.3350667 0.6993521281249999 0.33241045156250004 0.6925217765625 0.330892596875 0.6845530328125 0.331272059375 0.6765842875 0.33013366875 0.6735485765625 0.3225443890625 0.67165125625 0.31723189218750003 0.6727896484375 0.31647296406250003 0.6860708875 0.32671849218750004 0.7323654937499999 0.3282363484375 0.7410931656249999 0.3282363484375 0.740713703125 0.334307771875 0.7391958468750001 0.3354461640625 0.7365395968749999 0.3381024125 0.7270529984375 0.338861340625 0.7160485421875 0.3377229484375 0.707320871875 0.3350667 0.6993521281249999
8 0.6606468 0.631048609375 0.6598878734375 0.6314280734375 0.6576110890625 0.6329459296875 0.6553343046875 0.6371200328125 0.6530575203125 0.6409146734375 0.650021809375 0.6458477046875 0.6496423453125 0.6538164484375 0.664441440625 0.7183253265625 0.672410184375 0.7467851265625 0.6727896484375 0.7084592625 0.6640619765625 0.6393968171875 0.6606468 0.631048609375
8 0.6519191281250001 0.7308476374999999 0.6583700171875 0.7327449578125 0.66216465625 0.7247762140625 0.6405352093750001 0.6727896484375 0.6393968171875 0.66520036875 0.6378789609375 0.6648209046875 0.6344637859375 0.6655798328125 0.6291512890625001 0.669374471875 0.6257361140625 0.676963753125 0.6257361140625 0.6784816078125 0.6302896812500001 0.6910039203125 0.6344637859375 0.6982137359375 0.638258425 0.7080797984375 0.6431914578125 0.718704790625 0.6519191281250001 0.7308476374999999
6 0.660501784375 0.7487922078125 0.6645251453125 0.747898128125 0.6676544265625 0.747004046875 0.669219065625 0.7452158875 0.6698896265625 0.7373926859375 0.6683249859375 0.7322517234375 0.66631330625 0.726663721875 0.664301625 0.718617 0.663631065625 0.7136995578125 0.66228994375 0.707217478125 0.6618429046875 0.7011824359375 0.6582665828125001 0.6987237140625 0.6587136234375001 0.7074409968750001 0.661619384375 0.717946440625 0.66228994375 0.7246520421875 0.6607253046875 0.7291224421875 0.6555843421875001 0.7306870828124999 0.6520080218750001 0.730910603125 0.649996340625 0.729793003125 0.6486552203125 0.7295694828125 0.647761140625 0.7326987640625 0.647761140625 0.7364986046875 0.6495493015625 0.7407454875 0.6522315421875 0.7440982875000001 0.6549137828125 0.7465570078125 0.660501784375 0.7487922078125
5 0.620191628125 0.55524106875 0.6236403312500001 0.55236715 0.6213411953125 0.544320178125 0.6236403312500001 0.538572340625 0.6173177109375 0.533974071875 0.61214465625 0.5316749374999999 0.606971603125 0.5379975578125 0.6058220359375001 0.541446259375 0.6132942234375001 0.5535167171875 0.620191628125 0.55524106875
0 0.5462954609375 0.5514573078125 0.60221546875 0.542424075 0.6736210171875 0.5187656109375001 0.7239490234375 0.4804819125 0.7119047140625 0.43832682968750003 0.6740511703125 0.4744597578125 0.630175471875 0.48392314374999995 0.5540382312500001 0.508872071875 0.5359717671875 0.51962591875 0.5024197625 0.5329606890624999 0.47101852656250004 0.5338209968750001 0.45080129375 0.523497303125 0.387138515625 0.523497303125 0.32734712187500004 0.5157545328124999 0.2813206546875 0.48521360625 0.2692763453125 0.5166148421875 0.3479945109375 0.5570493078125 0.43703636875 0.564361925 0.489084990625 0.57468561875 0.5462954609375 0.5514573078125
0 0.6047963921874999 0.7097539453125 0.6426499359375 0.6929779421875 0.6753416328124999 0.671470246875 0.727820409375 0.622002546875 0.7114745609375001 0.5858696203125 0.6202819328125 0.6439403968749999 0.586729928125 0.6671687078125 0.5355416125 0.6822240953125001 0.4404776 0.683084403125 0.3983225171875 0.6671687078125 0.3703625140625 0.6568450140625 0.366491128125 0.703731790625 0.4103668265625 0.7157761 0.42628252031249997 0.7239490234375 0.47833114375 0.727820409375 0.5161846875 0.727820409375 0.5708142328125 0.71792686875 0.6047963921874999 0.7097539453125
