1 0.2238671875 0.48151093749999996 0.2251890625 0.49913749999999996 0.22849375 0.5032046875 0.23444375 0.49778124999999995 0.24568125 0.4842234375 0.244359375 0.467953125 0.24303750000000002 0.45439375000000004 0.23708749999999998 0.45168125000000003 0.22849375 0.45168125000000003 0.2238671875 0.48151093749999996
1 0.36401249999999996 0.45846093750000005 0.359384375 0.45303750000000004 0.353434375 0.45575 0.3554171875 0.48151093749999996 0.3600453125 0.4923578125 0.365334375 0.48015468749999995 0.365334375 0.467953125 0.36401249999999996 0.45846093750000005
1 0.6172953125 0.5025484375 0.627228125 0.5025484375 0.629215625 0.49337968749999994 0.6297109375 0.4719875 0.6321953125 0.4516125 0.6331875 0.43429531250000003 0.6302078125 0.420034375 0.6227578125 0.4292015625 0.6182890624999999 0.4353140625 0.61381875 0.44142656249999995 0.6088515625 0.45263125000000004 0.60438125 0.47096875000000005 0.6083546875 0.4903234375 0.6172953125 0.5025484375
7 0.7214937499999999 0.32744062500000004 0.71364375 0.36079218750000003 0.7080359374999999 0.3757421875 0.700746875 0.39816875 0.693178125 0.41944375 0.6962609375000001 0.42807031249999994 0.71168125 0.3849421875 0.7175687500000001 0.36079218750000003 0.7214937499999999 0.32744062500000004
7 0.7043921875 0.331465625 0.6906546875 0.41081874999999995 0.6954203125 0.41484375 0.7043921875 0.331465625
1 0.757378125 0.479821875 0.7562578125 0.4556703125 0.7528921875 0.4389953125 0.74896875 0.4447453125 0.7425203125000001 0.45452031249999997 0.7405578125 0.466596875 0.741678125 0.48614687500000003 0.7481265625 0.49592187499999996 0.7551359375 0.49822187500000004 0.757378125 0.479821875
1 0.7649484375 0.45452031249999997 0.759340625 0.44762031249999995 0.7579390625 0.45969531249999995 0.759621875 0.47349687500000004 0.7618640625 0.487296875 0.7666296874999999 0.493046875 0.7708359375 0.493046875 0.775040625 0.489596875 0.777284375 0.480971875 0.7697140625000001 0.47119687499999996 0.7649484375 0.45452031249999997
8 0.604025 0.6486234375000001 0.604703125 0.6319250000000001 0.6060609375 0.615921875 0.6064 0.6068765625 0.604025 0.6082687499999999 0.5989375 0.61453125 0.5955453125 0.6194015625 0.5918125 0.622184375 0.5857078125 0.6152265625 0.579940625 0.609659375 0.5796015625 0.6207921875 0.5826546875 0.6430578125 0.586725 0.667409375 0.587403125 0.6952406250000001 0.5894390625 0.7140265625 0.5945265625 0.731421875 0.599615625 0.7321171875 0.603346875 0.7251593749999999 0.604025 0.70915625 0.6036859375 0.6882828125 0.600971875 0.6667140625 0.604025 0.6486234375000001
1 0.3699578125 0.5957453125 0.3706359375 0.6075734374999999 0.3743671875 0.6013109375 0.3777609375 0.5936578124999999 0.3781 0.5853078125 0.3760640625 0.572784375 0.37199375 0.5713921875 0.3692796875 0.5818296875 0.3699578125 0.5957453125
1 0.3601203125 0.5992234375 0.364190625 0.6089640625 0.3669046875 0.609659375 0.3682625 0.596440625 0.36588750000000003 0.582525 0.3607984375 0.5887875 0.3601203125 0.5992234375
1 0.3350171875 0.6305328125 0.34010625 0.6194015625 0.3448546875 0.6075734374999999 0.346890625 0.59783125 0.346890625 0.5867 0.34315937500000004 0.5762625 0.336375 0.5700000000000001 0.33366093750000003 0.5762625 0.3312859375 0.590178125 0.3312859375 0.6047890625 0.3306078125 0.620096875 0.331625 0.6347078125000001 0.3350171875 0.6305328125
1 0.30584375 0.5950484375 0.3055046875 0.6173140625 0.3061828125 0.6354046875 0.312628125 0.6451453125 0.31805625000000004 0.6507109375 0.32551874999999997 0.6451453125 0.327215625 0.6367953125 0.32687656249999997 0.6207921875 0.3275546875 0.6068765625 0.321109375 0.5887875 0.315003125 0.562346875 0.310253125 0.5797421875000001 0.30584375 0.5950484375
