1 0.243158346875 0.45058158125 0.2216685515625 0.45219305781249997 0.225510846875 0.5034283687500001 0.247000640625 0.5018168968750001 0.243158346875 0.45058158125
1 0.3641580484375 0.45267009687500004 0.3532618640625 0.45350871562500006 0.3562744046875 0.49264803749999997 0.3671705875 0.4918094203125 0.3641580484375 0.45267009687500004
1 0.6022050609375 0.5014719640624999 0.6285045421875 0.5033480546875 0.6344265859375 0.42033532500000004 0.6081274125 0.4184592453125 0.6022050609375 0.5014719640624999
7 0.6890500671875001 0.33835315 0.6849896906249999 0.33849468437499997 0.6878515593750001 0.42059375 0.6919119359375 0.42045221718750003 0.6890500671875001 0.33835315
7 0.7286960890625 0.329657171875 0.7214936062499999 0.32744058125 0.691019584375 0.426457275 0.6982220609375 0.428673853125 0.7286960890625 0.329657171875
7 0.6902810765625 0.4142907671875 0.6954203125 0.41484375 0.7043922140625 0.331465628125 0.6992530296874999 0.330912646875 0.6902810765625 0.4142907671875
1 0.742052909375 0.4988287140625 0.758225046875 0.49807859062500004 0.75547873125 0.43887533906250004 0.7393067296875 0.4396254578125 0.742052909375 0.4988287140625
1 0.7715434046875 0.4456377734375 0.7555184296874999 0.44824129062500007 0.76300501875 0.49431913125 0.779029990625 0.49171562187499995 0.7715434046875 0.4456377734375
8 0.5770283046875 0.7315927640625 0.6034899874999999 0.732207140625 0.6064 0.6068765625 0.5799390062499999 0.60626219375 0.5770283046875 0.7315927640625
1 0.37740901875 0.5711283234375 0.3687786921875 0.5715488453125 0.3705344515625 0.6075783828125 0.3791647796875 0.6071578625 0.37740901875 0.5711283234375
1 0.369152946875 0.582737165625 0.36122505625 0.5822220687499999 0.3594735609375 0.6091765546875 0.36740145 0.6096916515624999 0.369152946875 0.582737165625
1 0.347515709375 0.5702524828125 0.331745659375 0.5698950843749999 0.3302773390625 0.6346772703125 0.3460473890625 0.635034665625 0.347515709375 0.5702524828125
1 0.3126179421875 0.6286993546875 0.3288626984375 0.6281189859375 0.326714590625 0.5680016250000001 0.3104700109375 0.5685819921874999 0.3126179421875 0.6286993546875
6 0.5701704359375 0.7458221953125 0.5937500140624999 0.7604166765625 0.6121211046874999 0.73074025625 0.5885416671875 0.7161458328125 0.5701704359375 0.7458221953125
