4 0.35618906250000004 0.634375 0.341878125 0.6218265625 0.32658125 0.699209375 0.33645 0.7107125 0.35618906250000004 0.634375
4 0.38530312499999997 0.6552890625 0.3680328125 0.639603125 0.3556953125 0.722215625 0.36605781249999997 0.7326718750000001 0.38530312499999997 0.6552890625
4 0.4331703125 0.65738125 0.41441718749999995 0.6615640625 0.4198453125 0.745221875 0.430209375 0.7494046875 0.4356375 0.73685625 0.4331703125 0.65738125
4 0.591571875 0.6437859375 0.5743 0.649015625 0.5841703125000001 0.7075750000000001 0.592065625 0.719078125 0.5979875 0.7128046875 0.591571875 0.6437859375
4 0.6098296875 0.626009375 0.59650625 0.64065 0.6073625 0.6981640625 0.614271875 0.7013015625000001 0.617725 0.6918890625 0.6098296875 0.626009375
4 0.6433859375 0.60823125 0.624140625 0.6155515625 0.636478125 0.685615625 0.647334375 0.69398125 0.65128125 0.6782953125 0.6433859375 0.60823125
2 0.6463125 0.5390984375000001 0.6336078125 0.527253125 0.6214125 0.527253125 0.6127734375 0.5369453125 0.6112484375 0.5574046874999999 0.6153140625 0.5918625 0.6183625 0.5983234375 0.6244609375 0.6101687499999999 0.632084375 0.612321875 0.6391984374999999 0.6080140625 0.6463125 0.5875546875000001 0.6493625 0.5541734375 0.6463125 0.5390984375000001
2 0.5888875 0.55094375 0.578215625 0.5369453125 0.57059375 0.5337140625 0.561446875 0.5444828125 0.559921875 0.55525 0.5660203125 0.5800171875 0.56754375 0.61770625 0.5736421875 0.6446265624999999 0.5904125 0.6403187499999999 0.5909203125 0.6209359375 0.589396875 0.5832484375 0.5888875 0.55094375
2 0.5990515624999999 0.5337140625 0.5914296875 0.5326375 0.586346875 0.5412515625000001 0.586346875 0.5595578125 0.589396875 0.5961703125 0.5934625 0.6317046875 0.599559375 0.6349359375 0.6041328125 0.6317046875 0.6127734375 0.6220140625 0.61175625 0.6080140625 0.6112484375 0.578940625 0.6087078125 0.5337140625 0.5990515624999999 0.5337140625
2 0.3830734375 0.5574046874999999 0.377484375 0.5455593750000001 0.3622390625 0.5347906250000001 0.34597656250000003 0.5412515625000001 0.3388625 0.55848125 0.3393703125 0.601553125 0.3393703125 0.612321875 0.349534375 0.6295515625 0.35868125 0.627396875 0.3668125 0.6241671875 0.37291093750000004 0.6112453125 0.3785 0.5854015625 0.3830734375 0.5574046874999999
2 0.41610625 0.5563281250000001 0.41102343750000003 0.5703265625 0.4074671875 0.604784375 0.40899062500000005 0.6467796875 0.4166140625 0.653240625 0.4216953125 0.6521640625 0.43084375 0.6446265624999999 0.4379578125 0.6220140625 0.44151562499999997 0.5854015625 0.44049843749999995 0.5617109375 0.431859375 0.5477125 0.41610625 0.5563281250000001
2 0.41051562500000005 0.5574046874999999 0.39781093749999996 0.5477125 0.3820578125 0.55094375 0.3754515625 0.5703265625 0.367828125 0.6026312500000001 0.3657953125 0.6349359375 0.37341875 0.648934375 0.380025 0.6521640625 0.390696875 0.6510875 0.398828125 0.6413968750000001 0.40848281249999996 0.61770625 0.41305625 0.589709375 0.41051562500000005 0.5574046874999999
5 0.4908854171875 0.4765625 0.48828125 0.4309895828125 0.4583333328125 0.4375 0.45703125 0.4791666671875 0.4908854171875 0.4765625
5 0.5286458328125 0.421875 0.48828125 0.4348958328125 0.4921875 0.4752604171875 0.5325520828125 0.4713541671875 0.5286458328125 0.421875
5 0.5559895828125 0.4244791671875 0.53515625 0.4192708328125 0.5364583328125 0.47265625 0.5598958328125 0.4609375 0.5559895828125 0.4244791671875
5 0.5846354171875 0.40625 0.5651041671875 0.4192708328125 0.5677083328125 0.4609375 0.609375 0.44140625 0.5846354171875 0.40625
5 0.4609375 0.4270833328125 0.4348958328125 0.4244791671875 0.4270833328125 0.4674479171875 0.4544270828125 0.4713541671875 0.4609375 0.4270833328125
5 0.4231770828125 0.4557291671875 0.4427083328125 0.4296875 0.4140625 0.4153645828125 0.40234375 0.45703125 0.41015625 0.4765625 0.4231770828125 0.4557291671875
5 0.37890625 0.4635416671875 0.4049479171875 0.46484375 0.41015625 0.42578125 0.3776041671875 0.4166666671875 0.37890625 0.4622395828125 0.37890625 0.4635416671875
5 0.640625 0.42578125 0.62890625 0.3919270828125 0.5989583328125 0.4088541671875 0.6106770828125 0.4479166671875 0.61328125 0.4388020828125 0.640625 0.42578125
5 0.6744791671875 0.3645833328125 0.640625 0.3776041671875 0.6471354171875 0.421875 0.6783854171875 0.40234375 0.6744791671875 0.3645833328125
5 0.375 0.4153645828125 0.3515625 0.3984375 0.3372395828125 0.4348958328125 0.3736979171875 0.4505208328125 0.375 0.4153645828125
5 0.34375 0.4010416671875 0.28515625 0.3932291671875 0.28515625 0.4375 0.3385416671875 0.4375 0.34375 0.4010416671875
0 0.6497395828125 0.6041666671875 0.609375 0.59765625 0.4856770828125 0.6041666671875 0.4283854171875 0.6223958328125 0.39453125 0.6223958328125 0.3346354171875 0.62109375 0.31640625 0.625 0.3684895828125 0.65234375 0.4153645828125 0.6497395828125 0.5026041671875 0.6341145828125 0.5638020828125 0.6302083328125 0.6328125 0.6145833328125 0.6497395828125 0.6041666671875
5 0.30859375 0.6223958328125 0.33984375 0.6236979171875 0.3502604171875 0.55078125 0.3138020828125 0.5403645828125 0.30859375 0.6223958328125
5 0.63671875 0.6119791671875 0.69140625 0.6119791671875 0.6875 0.5208333328125 0.6497395828125 0.5338541671875 0.63671875 0.6119791671875
