4 0.35803819375 0.6250206109375 0.3418780078125 0.6218265390625 0.32476391875 0.7084027578125001 0.34092409687499997 0.7115967999999999 0.35803819375 0.6250206109375
4 0.3872178421875 0.6424678312500001 0.36803270781249997 0.639603109375 0.35439385625000003 0.7309302296875 0.37357898437500003 0.733794925 0.3872178421875 0.6424678312500001
4 0.41715647499999997 0.7498098359375 0.4360216375 0.74922428125 0.4331703125 0.65738125 0.4143055234375 0.6579668 0.41715647499999997 0.7498098359375
4 0.5809089375 0.72011505 0.5985150984375001 0.7184786984375 0.591571875 0.6437859375 0.5739659890625 0.6454222765625001 0.5809089375 0.72011505
4 0.6039235671875 0.7025415859375 0.6187883390625 0.7007603609374999 0.6098296875 0.626009375 0.5949651421875 0.6277905875 0.6039235671875 0.7025415859375
4 0.63315851875 0.695578484375 0.6529774265625 0.69334543125 0.6433859375 0.60823125 0.623567365625 0.610464284375 0.63315851875 0.695578484375
2 0.6512709546875 0.5285695765625 0.6136069796875 0.5257624421875 0.60729273125 0.6104741421875 0.644956703125 0.6132812546874999 0.6512709546875 0.5285695765625
2 0.5625268359375 0.6449493562499999 0.5915934843749999 0.64410525 0.5883720515624999 0.53319776875 0.559305975 0.5340418671875 0.5625268359375 0.6449493562499999
2 0.590609425 0.6354386546875 0.614347628125 0.6341052828125 0.6085931734375001 0.5316734203125 0.584855403125 0.5330067796875 0.590609425 0.6354386546875
2 0.32783147968750004 0.62600664375 0.3707226671875 0.6330124234375 0.3861300328125 0.5386929687500001 0.34323956093749997 0.53168725 0.32783147968750004 0.62600664375
2 0.40288788125 0.6519069359375 0.434752275 0.6550030046875001 0.445053359375 0.5489944906249999 0.4131895859375 0.545898453125 0.40288788125 0.6519069359375
2 0.3602637140625 0.648936315625 0.4022608515625 0.6557959953125 0.4193419890625 0.5512293453125 0.37734565625 0.544369734375 0.3602637140625 0.648936315625
5 0.3388732953125 0.6253083296875 0.37266110625 0.5692391531250001 0.2754934203125 0.5106907890625 0.241705640625 0.566759415625 0.3388732953125 0.6253083296875
5 0.7254427984375 0.5236772796875 0.65092109375 0.5180916140625 0.6430921046875 0.6225328953125 0.7176138062499999 0.6281185109375 0.7254427984375 0.5236772796875
5 0.7240780375 0.47244443281250004 0.7172450546875 0.340092328125 0.2517681234375 0.3641171703125 0.2585969953125 0.49646543281250005 0.7240780375 0.47244443281250004
5 0.534862175 0.63509601875 0.570913759375 0.6346153796875 0.5697115390625 0.544471153125 0.533660540625 0.5449517875 0.534862175 0.63509601875
