1 0.3614671875 0.49557812500000004 0.3719046875 0.49226093750000005 0.3833875 0.474571875 0.38025625 0.462409375 0.3729484375 0.44803750000000003 0.3640765625 0.44250937500000004 0.3567703125 0.44361562499999996 0.35155 0.462409375 0.3562484375 0.49005 0.3614671875 0.49557812500000004
1 0.3959140625 0.47899375 0.40478593749999997 0.4778875 0.4079171875 0.45909374999999997 0.40322031249999996 0.4358765625 0.39382656250000003 0.4336640625 0.3833875 0.43698125 0.388084375 0.45688125 0.39434843750000004 0.47346562499999995 0.3959140625 0.47899375
1 0.447728125 0.473553125 0.4547265625 0.4975015625 0.455265625 0.5123265625 0.46226406249999996 0.5271515625000001 0.46711093750000005 0.5180281250000001 0.4681875 0.5111859375 0.469803125 0.4963609375 0.46495625 0.4724125 0.451496875 0.45302499999999996 0.447728125 0.473553125
1 0.508875 0.5096625 0.50666875 0.49330468749999995 0.5044625 0.49330468749999995 0.5018875 0.49797812500000005 0.502990625 0.51589375 0.507771875 0.5299140625 0.508875 0.5096625
2 0.5313078124999999 0.4590328125 0.5232171875 0.454359375 0.5158625 0.4652640625 0.5096109375 0.48863124999999996 0.5092421875 0.5135578125 0.5110812499999999 0.5415984375 0.5165968750000001 0.546271875 0.5386625 0.54705 0.5438109375 0.5283562500000001 0.5427078125 0.5096625 0.5390296875 0.4870734375 0.537190625 0.4714953125 0.5313078124999999 0.4590328125
2 0.5684484375000001 0.531471875 0.5728625 0.519009375 0.571390625 0.50576875 0.5706546875 0.48863124999999996 0.5684484375000001 0.4714953125 0.565875 0.46059062500000003 0.5581515625 0.44734999999999997 0.5493265625 0.4450125 0.5427078125 0.44968593749999997 0.5390296875 0.4652640625 0.5375593750000001 0.4738328125 0.5390296875 0.50343125 0.543075 0.531471875 0.5519000000000001 0.537703125 0.5684484375000001 0.531471875
2 0.5923515625 0.51823125 0.5960296875 0.5073265625000001 0.596396875 0.48084218749999996 0.596765625 0.46370625 0.5879390625 0.4403390625 0.5802171875 0.444234375 0.5743328125 0.45358124999999994 0.5699203125000001 0.4644859375 0.5710234375 0.481621875 0.571390625 0.5096625 0.5728625 0.5166734374999999 0.5765390625 0.5174515625 0.5798484375 0.5197890625 0.58646875 0.521346875 0.5923515625 0.51823125
2 0.6243453125 0.47227499999999994 0.623609375 0.45747499999999997 0.619565625 0.4450125 0.6122093750000001 0.439559375 0.6037515625000001 0.4426765625 0.5960296875 0.44812812500000004 0.5938234375 0.462928125 0.5934546875 0.49330468749999995 0.5956625 0.5049890625 0.6048546875 0.5081046875 0.6118421875 0.506546875 0.6221390625 0.49875781249999995 0.623609375 0.49096875000000006 0.6243453125 0.47227499999999994
2 0.669209375 0.500315625 0.6736234375000001 0.4956421875 0.67950625 0.4831796875 0.6850234375 0.469159375 0.6839203125 0.454359375 0.6817124999999999 0.45124375 0.6765640625 0.44345468749999994 0.6644296875 0.43566562500000006 0.6552359375 0.441896875 0.64530625 0.44812812500000004 0.6401578125 0.4590328125 0.64346875 0.48941093750000003 0.6475125 0.500315625 0.6541328125 0.5018734375 0.6611203125 0.5026531249999999 0.669209375 0.500315625
2 0.6390546875 0.441896875 0.62949375 0.44812812500000004 0.6232421875 0.46059062500000003 0.6221390625 0.49875781249999995 0.628390625 0.5018734375 0.6372171875 0.49953593749999997 0.6508234374999999 0.49875781249999995 0.6530296875 0.4925265625 0.65229375 0.48629531249999997 0.6500874999999999 0.47461093749999994 0.646778125 0.45747499999999997 0.6390546875 0.441896875
2 0.6817171875 0.61709375 0.68806875 0.6149703125 0.691078125 0.6142624999999999 0.7007734375 0.6057640625 0.70445 0.5986828125 0.7098 0.5894781250000001 0.7121390625 0.5696515625 0.7121390625 0.5533640625 0.70645625 0.5342453125 0.6984328125 0.5299968749999999 0.6817171875 0.5243328125 0.6686796875 0.5349546875 0.660321875 0.55478125 0.659653125 0.59089375 0.6629968749999999 0.6008078125 0.6700171874999999 0.615678125 0.6817171875 0.61709375
2 0.6653359375 0.5767328125 0.6660046875 0.5590296875 0.6656703125 0.5413265625 0.6623281249999999 0.5342453125 0.6573125 0.5342453125 0.64695 0.5349546875 0.6416000000000001 0.5533640625 0.64494375 0.596559375 0.6476171875000001 0.6022234375 0.6509609375000001 0.6078890625 0.655975 0.6078890625 0.6609906249999999 0.601515625 0.6643328125 0.5901859375 0.6653359375 0.5767328125
2 0.6215421875 0.6107218750000001 0.6248843749999999 0.6185109375 0.6315703125 0.6220515625 0.639259375 0.6206343750000001 0.64628125 0.60718125 0.6509609375000001 0.59089375 0.6512953125000001 0.5739 0.6496234375000001 0.5583218750000001 0.6476171875000001 0.546284375 0.6405968750000001 0.5356625 0.6345796874999999 0.5335375 0.6222109375 0.5314140625 0.6168609375 0.5399109375 0.6141875 0.5569046875 0.61285 0.570359375 0.614521875 0.5958515625 0.6178640625 0.601515625 0.6215421875 0.6107218750000001
1 0.5911187499999999 0.6248828125 0.596134375 0.6347968749999999 0.6014828125 0.6319640625 0.6075 0.6149703125 0.612515625 0.5993921875 0.6064984375 0.5795640625 0.592121875 0.5887703125 0.5837640625 0.5986828125 0.5851015625 0.615678125 0.5911187499999999 0.6248828125
1 0.2678421875 0.5399109375 0.2628265625 0.549115625 0.26148906250000004 0.5618624999999999 0.2648328125 0.5731921875 0.270515625 0.5852296875 0.275196875 0.5937265625 0.2832203125 0.5993921875 0.29325 0.59089375 0.29893281250000003 0.5838125 0.3009390625 0.5731921875 0.2962578125 0.56469375 0.29124374999999997 0.5533640625 0.2852265625 0.5505328125 0.27252187499999997 0.53849375 0.2678421875 0.5399109375
1 0.2504578125 0.544159375 0.25313281249999997 0.5434515625 0.258146875 0.5406187499999999 0.2504578125 0.517959375 0.24477500000000002 0.523625 0.24444062500000002 0.5307046875 0.24811718749999997 0.5413265625 0.2504578125 0.544159375
5 0.363010928125 0.6469860984375 0.3661353609375 0.6016995281249999 0.315362540625 0.5899874921875 0.30911361406250004 0.6415204453125 0.363010928125 0.6469860984375
7 0.2778688015625 0.597014696875 0.2575596859375 0.6524516921875 0.274744309375 0.5813986453125 0.2589843578125 0.5753906265625 0.23881278749999998 0.6501092625 0.23881278749999998 0.692272609375 0.2497484828125 0.6797797812499999 0.274744309375 0.6602597171875 0.297396809375 0.595453115625 0.2778688015625 0.597014696875
7 0.351294121875 0.461155075 0.351294121875 0.411183703125 0.321611528125 0.31592580312499996 0.315362540625 0.3338842859375 0.30911361406250004 0.45334705 0.3078124828125 0.5050781265625 0.3114569390625 0.515811253125 0.32942273125 0.5119072390625 0.344264028125 0.523619278125 0.3583241578125 0.514249640625 0.351294121875 0.461155075
7 0.51220489375 0.40259488593750004 0.5090804 0.498633590625 0.5255859187499999 0.5255859375 0.5395441046875 0.50722240625 0.538762996875 0.445539025 0.5293895171874999 0.322172246875 0.5215783140625 0.323733828125 0.51220489375 0.40259488593750004
7 0.60593933125 0.2979673375 0.60593933125 0.2745432609375 0.5864113234375 0.272200859375 0.5646484203125001 0.4816406265625 0.5786001203125 0.51503043125 0.5965659109375 0.515811253125 0.5965659109375 0.49629118906249997 0.607501546875 0.3799516015625 0.60593933125 0.2979673375
7 0.552823125 0.307336971875 0.538762996875 0.396348471875 0.5451171703125001 0.5158203125 0.569226640625 0.5165920421875 0.569226640625 0.4525662296875 0.5629777140625001 0.375266796875 0.5629777140625001 0.331541853125 0.552823125 0.307336971875
9 0.727794146875 0.6087267640625 0.747322153125 0.6524516921875 0.7590389578125001 0.6743141875 0.7755859187499999 0.6710937515625 0.7668501609375 0.597014696875 0.763725609375 0.568905878125 0.742635384375 0.5540705578125 0.7293563625 0.5650018640625001 0.72388854375 0.5829602578124999 0.727794146875 0.6087267640625
6 0.5950036937500001 0.7328743765625 0.61140715 0.7344359578125 0.6192183515624999 0.706327078125 0.6082827156249999 0.7149158953125 0.5890624828125001 0.7140625015625 0.5950036937500001 0.7328743765625
6 0.6192183515624999 0.7469287859375 0.6379653109375 0.7492712171875 0.6504631640625 0.7320935265624999 0.631716325 0.7313127359375 0.6154296687499999 0.7238281265625 0.6192183515624999 0.7469287859375
