7 0.313971875 0.33195 0.31449375 0.40713125000000006 0.3249328125 0.42371406250000004 0.3181484375 0.3927578125 0.313971875 0.33195
7 0.3353703125 0.4402984375 0.34111250000000004 0.4347703125 0.34215625 0.3883359375 0.33589375 0.3363734375 0.339546875 0.40381406249999996 0.3353703125 0.4402984375
1 0.46226406249999996 0.5271515625000001 0.46711093750000005 0.5180281250000001 0.4681875 0.5111859375 0.469803125 0.4963609375 0.46495625 0.4724125 0.451496875 0.45302499999999996 0.447728125 0.473553125 0.4547265625 0.4975015625 0.455265625 0.5123265625 0.46226406249999996 0.5271515625000001
1 0.508875 0.5096625 0.50666875 0.49330468749999995 0.5044625 0.49330468749999995 0.5018875 0.49797812500000005 0.502990625 0.51589375 0.507771875 0.5299140625 0.508875 0.5096625
2 0.5165968750000001 0.546271875 0.5386625 0.54705 0.5438109375 0.5283562500000001 0.5427078125 0.5096625 0.5390296875 0.4870734375 0.537190625 0.4714953125 0.5313078124999999 0.4590328125 0.5232171875 0.454359375 0.5158625 0.4652640625 0.5096109375 0.48863124999999996 0.5092421875 0.5135578125 0.5110812499999999 0.5415984375 0.5165968750000001 0.546271875
2 0.5427078125 0.44968593749999997 0.5390296875 0.4652640625 0.5375593750000001 0.4738328125 0.5390296875 0.50343125 0.543075 0.531471875 0.5519000000000001 0.537703125 0.5684484375000001 0.531471875 0.5728625 0.519009375 0.571390625 0.50576875 0.5706546875 0.48863124999999996 0.5684484375000001 0.4714953125 0.565875 0.46059062500000003 0.5581515625 0.44734999999999997 0.5493265625 0.4450125 0.5427078125 0.44968593749999997
2 0.5710234375 0.481621875 0.571390625 0.5096625 0.5728625 0.5166734374999999 0.5765390625 0.5174515625 0.5798484375 0.5197890625 0.58646875 0.521346875 0.5923515625 0.51823125 0.5960296875 0.5073265625000001 0.596396875 0.48084218749999996 0.596765625 0.46370625 0.5879390625 0.4403390625 0.5802171875 0.444234375 0.5743328125 0.45358124999999994 0.5699203125000001 0.4644859375 0.5710234375 0.481621875
2 0.5934546875 0.49330468749999995 0.5956625 0.5049890625 0.6048546875 0.5081046875 0.6118421875 0.506546875 0.6221390625 0.49875781249999995 0.623609375 0.49096875000000006 0.6243453125 0.47227499999999994 0.623609375 0.45747499999999997 0.619565625 0.4450125 0.6122093750000001 0.439559375 0.6037515625000001 0.4426765625 0.5960296875 0.44812812500000004 0.5938234375 0.462928125 0.5934546875 0.49330468749999995
2 0.64530625 0.44812812500000004 0.6401578125 0.4590328125 0.64346875 0.48941093750000003 0.6475125 0.500315625 0.6541328125 0.5018734375 0.6611203125 0.5026531249999999 0.669209375 0.500315625 0.6736234375000001 0.4956421875 0.67950625 0.4831796875 0.6850234375 0.469159375 0.6839203125 0.454359375 0.6817124999999999 0.45124375 0.6765640625 0.44345468749999994 0.6644296875 0.43566562500000006 0.6552359375 0.441896875 0.64530625 0.44812812500000004
2 0.6372171875 0.49953593749999997 0.6508234374999999 0.49875781249999995 0.6530296875 0.4925265625 0.65229375 0.48629531249999997 0.6500874999999999 0.47461093749999994 0.646778125 0.45747499999999997 0.6390546875 0.441896875 0.62949375 0.44812812500000004 0.6232421875 0.46059062500000003 0.6221390625 0.49875781249999995 0.628390625 0.5018734375 0.6372171875 0.49953593749999997
7 0.5500625 0.38893125 0.550796875 0.45358124999999994 0.5574171875 0.456696875 0.5533718750000001 0.40139375 0.5537390624999999 0.37646718749999997 0.5523 0.34980781250000004 0.5500625 0.38893125
7 0.588753125 0.34135468750000003 0.5907390625 0.3239390625 0.5834140624999999 0.3715140625 0.58074375 0.44314375000000006 0.5798546875 0.46387812500000003 0.586084375 0.45351093750000004 0.58741875 0.39413437500000004 0.588753125 0.34135468750000003
6 0.6243515625 0.300828125 0.6199015625000001 0.2942296875 0.6132265625 0.2942296875 0.6078875 0.3064828125 0.604771875 0.3291015625 0.6078875 0.3592609375 0.6105578125 0.3733984375 0.6114468750000001 0.3686859375 0.6141171875 0.3592609375 0.6154515625 0.3460671875 0.6167859375 0.33475625 0.6199015625000001 0.3253328125 0.62390625 0.3243890625 0.62613125 0.3291015625 0.6270203125 0.3602046875 0.6296906250000001 0.347009375 0.631915625 0.3300453125 0.63058125 0.3159078125 0.6243515625 0.300828125
7 0.5260140625 0.33475625 0.5211187500000001 0.40073125000000004 0.5273484374999999 0.407328125 0.5260140625 0.37434218750000003 0.5260140625 0.33475625
2 0.6817171875 0.5243328125 0.6686796875 0.5349546875 0.660321875 0.55478125 0.659653125 0.59089375 0.6629968749999999 0.6008078125 0.6700171874999999 0.615678125 0.6817171875 0.61709375 0.68806875 0.6149703125 0.691078125 0.6142624999999999 0.7007734375 0.6057640625 0.70445 0.5986828125 0.7098 0.5894781250000001 0.7121390625 0.5696515625 0.7121390625 0.5533640625 0.70645625 0.5342453125 0.6984328125 0.5299968749999999 0.6817171875 0.5243328125
2 0.64494375 0.596559375 0.6476171875000001 0.6022234375 0.6509609375000001 0.6078890625 0.655975 0.6078890625 0.6609906249999999 0.601515625 0.6643328125 0.5901859375 0.6653359375 0.5767328125 0.6660046875 0.5590296875 0.6656703125 0.5413265625 0.6623281249999999 0.5342453125 0.6573125 0.5342453125 0.64695 0.5349546875 0.6416000000000001 0.5533640625 0.64494375 0.596559375
2 0.6222109375 0.5314140625 0.6168609375 0.5399109375 0.6141875 0.5569046875 0.61285 0.570359375 0.614521875 0.5958515625 0.6178640625 0.601515625 0.6215421875 0.6107218750000001 0.6248843749999999 0.6185109375 0.6315703125 0.6220515625 0.639259375 0.6206343750000001 0.64628125 0.60718125 0.6509609375000001 0.59089375 0.6512953125000001 0.5739 0.6496234375000001 0.5583218750000001 0.6476171875000001 0.546284375 0.6405968750000001 0.5356625 0.6345796874999999 0.5335375 0.6222109375 0.5314140625
6 0.6409328125 0.7348328125 0.6273187499999999 0.7428640625 0.62375 0.717659375 0.6205390625 0.6949859375 0.6168609375 0.70985625 0.6175296875 0.7318078125 0.6225453125 0.74809375 0.630903125 0.7523421875 0.64226875 0.7459687500000001 0.644275 0.7410125 0.645946875 0.7289749999999999 0.642603125 0.7049000000000001 0.6409328125 0.7348328125
6 0.5887796875 0.72685 0.595465625 0.737471875 0.6024859375 0.7431375 0.607834375 0.73393125 0.61351875 0.7261421875 0.610175 0.7020671875 0.609840625 0.7190609375 0.6054953125 0.7289749999999999 0.5998109375 0.7289749999999999 0.594128125 0.7183531249999999 0.5881109375 0.699234375 0.5864390625 0.7190609375 0.5887796875 0.72685
8 0.60767391875 0.6507687921875001 0.6075 0.6149703125 0.612515625 0.5993921875 0.6033282171875001 0.6011553671875001 0.5935503890625 0.6105710531249999 0.5837640625 0.5986828125 0.5851015625 0.615678125 0.5913775390625 0.7000200750000001 0.5982582328125 0.7199378734375 0.6105710531249999 0.6989336500000001 0.60767391875 0.6507687921875001
7 0.24978906250000002 0.6730343750000001 0.2578125 0.668078125 0.2678421875 0.65958125 0.274528125 0.6461265625 0.2828859375 0.6255921875 0.28589375 0.5993921875 0.2828859375 0.594434375 0.27954218750000004 0.6107218750000001 0.27285624999999997 0.6340890625 0.24978906250000002 0.6730343750000001
7 0.2644984375 0.5972671875 0.2691796875 0.5838125 0.2685109375 0.5739 0.2648328125 0.5781484375 0.25981875 0.5901859375 0.25379999999999997 0.6142624999999999 0.2455 0.6647578125 0.24744843749999998 0.6560406249999999 0.2514609375 0.6425859375 0.254803125 0.6319640625 0.258815625 0.615678125 0.2644984375 0.5972671875
7 0.3292894375 0.344155778125 0.3233429015625 0.34638572968750003 0.32259958437499997 0.376861728125 0.3315193890625 0.37611840937499996 0.3292894375 0.344155778125
8 0.27579111093750003 0.6599287281249999 0.296616153125 0.5954836625000001 0.291832021875 0.5740957812499999 0.2828265984375 0.5687488109375 0.2738211734375 0.56706029375 0.2650971703125 0.5622761625 0.25778026249999997 0.568467390625 0.24314644843750002 0.6157458671875 0.23723663906249998 0.6863821625 0.24314644843750002 0.6897591953125 0.27579111093750003 0.6599287281249999
5 0.32204819375 0.6053645328124999 0.3435658890625 0.6039300187500001 0.3514557109375 0.6010609921875 0.3779942046875 0.5967574531250001 0.3779942046875 0.5917366578125 0.377276946875 0.5773915265625 0.345000403125 0.5745224999999999 0.32993801562499997 0.5816950656250001 0.3198964234375 0.5895848875 0.315592884375 0.6003437359375 0.316310140625 0.6039300187500001 0.32204819375 0.6053645328124999
8 0.3585203703125 0.32520332500000004 0.35163967500000004 0.34331041406249996 0.3556232359375 0.4613686375 0.3559853765625 0.4718707484375 0.362866071875 0.4776650171875 0.3693846234375 0.479113584375 0.37698960000000004 0.4787514421875 0.3813353015625 0.4718707484375 0.38169744375 0.4649900546875 0.3791624515625 0.460644353125 0.3733681828125 0.4298623015625 0.37481675000000003 0.3447589828125 0.368298196875 0.328100459375 0.3617796453125 0.3244790421875 0.3585203703125 0.32520332500000004
8 0.39835596562500003 0.3335325859375 0.38749171250000003 0.330635453125 0.3820595859375 0.3335325859375 0.377713884375 0.3375161453125 0.3744546078125 0.3480182578125 0.37373032500000003 0.35743394375 0.3751788921875 0.3744546078125 0.3791624515625 0.4005288171875 0.378800309375 0.432035153125 0.38169744375 0.4519529515625 0.3838702953125 0.4620929203125 0.40958236093749995 0.4635414875 0.41465234687499997 0.40125310000000003 0.4092202203125 0.360331078125 0.39835596562500003 0.3335325859375
9 0.7590491859374999 0.6757565750000001 0.7691891562500001 0.672859440625 0.7753455671875 0.6565630609374999 0.7749834250000001 0.6355588375 0.7713620062500001 0.6044146421875001 0.7633948875 0.56638975625 0.7496335000000001 0.5548012171875001 0.7376828203125 0.5576983531249999 0.7264564250000001 0.5656654718749999 0.7242835750000001 0.5707354578125 0.721386440625 0.5779782921875001 0.72066215625 0.5884804046875 0.71957573125 0.596809665625 0.722472865625 0.60876034375 0.729353559375 0.618538171875 0.742028521875 0.6304888531249999 0.7438392312500001 0.6399045375 0.7492713578125 0.655838778125 0.7539792015625 0.668151596875 0.7590491859374999 0.6757565750000001
