1 0.6069375 0.53430625 0.6076390625 0.5407625 0.6099812499999999 0.5489390625 0.61091875 0.5373187500000001 0.611153125 0.5244093750000001 0.6078734375 0.5278515625 0.6069375 0.53430625
1 0.6420656250000001 0.539471875 0.6420656250000001 0.530434375 0.64183125 0.521396875 0.6369140625 0.5235484375 0.6359765625 0.5295734375000001 0.6373828125000001 0.54033125 0.639490625 0.5467875 0.6413640625 0.54936875 0.6420656250000001 0.539471875
1 0.68703125 0.49987812500000006 0.684221875 0.4925625 0.6802406249999999 0.4938546875 0.6778984375 0.49901875 0.6753218750000001 0.505903125 0.6753218750000001 0.5119281250000001 0.6764921875 0.5201046875 0.6776640625 0.5244093750000001 0.6807078125 0.5312953125 0.6846890625000001 0.5373187500000001 0.6884375 0.5390406249999999 0.69148125 0.5338765624999999 0.6893734375 0.5261296875 0.68703125 0.5175234375 0.6886703125 0.5106375 0.68703125 0.49987812500000006
7 0.715190625 0.46420625 0.7202921875 0.476184375 0.722559375 0.45691718750000004 0.7253921875 0.43556718749999995 0.723125 0.36787187499999996 0.7228421875000001 0.40380312500000004 0.7208593750000001 0.43348437500000003 0.715190625 0.46420625
7 0.7035734375 0.431921875 0.7061234375 0.47097656250000003 0.7103734375 0.4735796875 0.7078234375 0.42463125 0.708390625 0.4074484375 0.7015890625 0.3538125 0.70470625 0.4043234375 0.7035734375 0.431921875
7 0.706690625 0.44910625 0.707540625 0.42931875 0.7078234375 0.4069265625 0.7149078125 0.362665625 0.709240625 0.384015625 0.7041390625 0.4069265625 0.7030062499999999 0.43348437500000003 0.7061234375 0.46733125 0.7078234375 0.48034999999999994 0.7112234374999999 0.47514218750000003 0.706690625 0.44910625
1 0.6777859375 0.599075 0.6752359375 0.606365625 0.6749515625 0.6136546875 0.6775015625 0.6256328124999999 0.681753125 0.634484375 0.6857203125 0.641775 0.6879875 0.636046875 0.6908203125 0.631359375 0.6888375 0.6251109375 0.6845859375 0.6266734375 0.683453125 0.6225078125 0.6840203125000001 0.6152171875 0.6828859375 0.607928125 0.6777859375 0.599075
1 0.67381875 0.6480234375 0.67551875 0.6495859375 0.6769359374999999 0.6350046875 0.6777859375 0.6199046874999999 0.6741015625 0.614696875 0.6687171875 0.621465625 0.6661671874999999 0.63031875 0.6656 0.6381296875 0.6701343750000001 0.6448984375 0.67381875 0.6480234375
7 0.7100906250000001 0.655834375 0.7027234375 0.6589578125 0.711790625 0.68811875 0.7208593750000001 0.7131140625 0.73304375 0.7365468749999999 0.7202921875 0.7006171875 0.7132078125 0.6787468750000001 0.7100906250000001 0.655834375
7 0.732471875 0.664209375 0.7300078125 0.669059375 0.734759375 0.6826390625000001 0.738278125 0.7030093749999999 0.7409171875 0.7314625 0.740565625 0.6978359375000001 0.738278125 0.6845796875 0.732471875 0.664209375
1 0.3129265625 0.62208125 0.30931875 0.624921875 0.3070015625 0.6381765625 0.30803125 0.6490640625 0.31060781249999997 0.6609 0.312153125 0.658059375 0.3136984375 0.6556921874999999 0.3175625 0.6528515625 0.3196234375 0.65143125 0.3214265625 0.646225 0.3224578125 0.6400703125 0.32194218750000003 0.6315500000000001 0.3175625 0.624921875 0.3129265625 0.62208125
8 0.2558609375 0.6229265625 0.2534609375 0.64435 0.2483171875 0.6720734375 0.244203125 0.692865625 0.24248906250000002 0.7155484375000001 0.24763125000000002 0.7281500000000001 0.254146875 0.716809375 0.2568890625 0.696015625 0.26306250000000003 0.6676624999999999 0.27026249999999996 0.6519109375000001 0.2747203125 0.6367890625 0.268890625 0.635528125 0.26271875 0.626078125 0.2582609375 0.61725625 0.2558609375 0.6229265625
8 0.2671765625 0.67774375 0.26306250000000003 0.690975 0.259290625 0.713028125 0.26271875 0.7186984375 0.2730046875 0.7035765625 0.28020625 0.684675 0.2880921875 0.672703125 0.2990640625 0.6531703125 0.29975 0.6412 0.2904921875 0.636159375 0.281578125 0.6348984375 0.2750625 0.659471875 0.2671765625 0.67774375
6 0.26301874999999997 0.6796656249999999 0.25856875 0.6904234375 0.2571640625 0.7016125 0.25505625 0.712371875 0.25201250000000003 0.7205484375 0.24592343749999998 0.714953125 0.243346875 0.7050562499999999 0.2447515625 0.6934359375 0.2447515625 0.685690625 0.24568906250000003 0.673209375 0.2431125 0.6740703124999999 0.2370234375 0.6843984375 0.23491562500000002 0.7059171875 0.23678906249999998 0.7179656249999999 0.2445171875 0.7282953125 0.2541203125 0.7356109375 0.2623171875 0.73475 0.26746875000000003 0.730015625 0.2730890625 0.720978125 0.27847656249999997 0.71409375 0.28456562500000004 0.7007515625 0.2929953125 0.6882718750000001 0.2981484375 0.6783734375 0.300490625 0.6710578125 0.3011921875 0.6577171875000001 0.29791406249999997 0.6620203124999999 0.29112187500000003 0.670196875 0.28339375 0.6813859375 0.279178125 0.6882718750000001 0.2735578125 0.7011828125 0.2698109375 0.7136625000000001 0.2653609375 0.7179656249999999 0.26137968749999996 0.7097890625 0.263721875 0.697309375 0.2655953125 0.6848296875 0.271215625 0.6745 0.268171875 0.6740703124999999 0.26301874999999997 0.6796656249999999
0 0.509494465625 0.7208055328125 0.538843225 0.7319580625000001 0.5834533390625001 0.71082695625 0.6122151234375 0.694978625 0.63628110625 0.682652146875 0.6891088734374999 0.6656298656249999 0.741349665625 0.63452018125 0.7337189875 0.6022365453125 0.6838260968750001 0.63686808125 0.63745505625 0.6585861625 0.6028235203125 0.666216840625 0.547060878125 0.6803042453125 0.5006898375 0.69439165 0.47955873125000004 0.692630725 0.42203516093750004 0.687347946875 0.396208253125 0.6779563453125 0.3615767171875 0.6615210390625 0.3222493796875 0.6433248078125 0.31285777656249997 0.63628110625 0.29583549531250003 0.63569413125 0.30757500000000004 0.67443449375 0.354533015625 0.694978625 0.3903385015625 0.7002614031250001 0.4126435578125 0.7190446078125 0.4496229953125 0.721979484375 0.48366755625 0.721392509375 0.509494465625 0.7208055328125
0 0.4663847171875 0.574308453125 0.5136013515625 0.550218334375 0.5646724062499999 0.5348006578125 0.6263431125000001 0.5319098421875 0.6966862625 0.513601353125 0.73330324375 0.48662041718750004 0.73330324375 0.45385785624999997 0.6947590531250001 0.47409355625 0.6475424171874999 0.48951123281250003 0.5675632203125 0.508783328125 0.53961868125 0.5155285625 0.5010744890625001 0.5232374 0.47602076562500006 0.5434731015625001 0.4230225015625 0.525164609375 0.38351470625 0.5107105375 0.3526793515625 0.5107105375 0.2890814359375 0.479875184375 0.2582460828125 0.4702391375 0.21392026249999999 0.4451854125 0.200429796875 0.479875184375 0.2486100359375 0.4981836765625 0.3546065625 0.5396186828125 0.42013168749999996 0.5637088015625 0.4663847171875 0.574308453125
