1 0.2168705828125 0.5076916171875 0.229442075 0.504956175 0.2243036109375 0.48134279375 0.21173216093749997 0.48407823125 0.2168705828125 0.5076916171875
1 0.2513860984375 0.51667293125 0.2583266671875 0.5311525625 0.2754733015625 0.52293426875 0.2685327296875 0.5084546609375 0.2513860984375 0.51667293125
1 0.2900762140625 0.5354781390625 0.30126879375 0.5371694515625001 0.305766690625 0.5074060874999999 0.29457416406250003 0.5057147796875 0.2900762140625 0.5354781390625
1 0.3375884984375 0.5469183484375 0.34004531718750003 0.546796875 0.3390171875 0.5260046875 0.3365603765625 0.5261261609375001 0.3375884984375 0.5469183484375
1 0.6066729203125 0.5488790031249999 0.6107075453124999 0.548952246875 0.611153125 0.5244093750000001 0.6071185156250001 0.52433613125 0.6066729203125 0.5488790031249999
1 0.6364931921875 0.5494950578125 0.6425558734375 0.5493378453125 0.64183125 0.521396875 0.635768596875 0.5215540890625 0.6364931921875 0.5494950578125
1 0.6860458796875 0.4923014515625 0.6727843703125 0.49419942031249997 0.679387871875 0.540335790625 0.6926493796875001 0.538437828125 0.6860458796875 0.4923014515625
1 0.6833741359375 0.64258754375 0.6936573546875 0.6390261890625 0.6796016859375 0.5984461546875 0.66931854375 0.6020074953125001 0.6833741359375 0.64258754375
1 0.6783879765624999 0.61500809375 0.667337221875 0.6142057453125 0.6648244921875001 0.648809475 0.675875246875 0.649611821875 0.6783879765624999 0.61500809375
1 0.32036682031249997 0.6321469093750001 0.30845906562500003 0.6314833125 0.307429959375 0.6499475578125 0.3193377140625 0.6506111531250001 0.32036682031249997 0.6321469093750001
8 0.2774432234375 0.620453215625 0.2568453234375 0.6170203203125 0.2385733453125 0.7266404046875 0.2591712359375 0.7300732609375 0.2774432234375 0.620453215625
8 0.3033314859375 0.6404744484375 0.282102028125 0.6333395796875 0.254355246875 0.7158876234375 0.275584675 0.723022428125 0.3033314859375 0.6404744484375
1 0.22737072500000002 0.6056147203125 0.23538440781249997 0.599618725 0.2197972484375 0.5787886546875 0.21178359218749998 0.5847846359375 0.22737072500000002 0.6056147203125
7 0.7299182765625 0.3806076734375 0.7248263500000001 0.38020832968749996 0.7178819437499999 0.46875 0.72297386875 0.469149340625 0.7299182765625 0.3806076734375
