1 0.2159203125 0.5026921875 0.220378125 0.5058421875 0.2224359375 0.506471875 0.2282640625 0.5052125000000001 0.22757812500000002 0.496390625 0.22483593750000003 0.4837890625 0.22174999999999997 0.48189843750000005 0.21660624999999997 0.48567968749999996 0.21454843750000002 0.4970203125 0.2159203125 0.5026921875
1 0.267696875 0.509621875 0.2608390625 0.5121421875000001 0.2570671875 0.5285249999999999 0.26118125000000003 0.529784375 0.2690671875 0.5260046875 0.27421093750000003 0.5222234375 0.2718109375 0.51529375 0.267696875 0.509621875
1 0.2916984375 0.5247437500000001 0.29409843750000003 0.5360859375 0.299928125 0.5329359375 0.3026703125 0.5278953125 0.30438437500000004 0.516553125 0.299584375 0.506471875 0.2951265625 0.5089921875 0.2930703125 0.5159234374999999 0.2916984375 0.5247437500000001
1 0.3390171875 0.5260046875 0.336959375 0.5341953125 0.3379875 0.5417562499999999 0.3400453125 0.546796875 0.3390171875 0.5260046875
1 0.6069375 0.53430625 0.6076390625 0.5407625 0.6099812499999999 0.5489390625 0.61091875 0.5373187500000001 0.611153125 0.5244093750000001 0.6078734375 0.5278515625 0.6069375 0.53430625
1 0.639490625 0.5467875 0.6413640625 0.54936875 0.6420656250000001 0.539471875 0.6420656250000001 0.530434375 0.64183125 0.521396875 0.6369140625 0.5235484375 0.6359765625 0.5295734375000001 0.6373828125000001 0.54033125 0.639490625 0.5467875
1 0.6764921875 0.5201046875 0.6776640625 0.5244093750000001 0.6807078125 0.5312953125 0.6846890625000001 0.5373187500000001 0.6884375 0.5390406249999999 0.69148125 0.5338765624999999 0.6893734375 0.5261296875 0.68703125 0.5175234375 0.6886703125 0.5106375 0.68703125 0.49987812500000006 0.684221875 0.4925625 0.6802406249999999 0.4938546875 0.6778984375 0.49901875 0.6753218750000001 0.505903125 0.6753218750000001 0.5119281250000001 0.6764921875 0.5201046875
1 0.6879875 0.636046875 0.6908203125 0.631359375 0.6888375 0.6251109375 0.6845859375 0.6266734375 0.683453125 0.6225078125 0.6840203125000001 0.6152171875 0.6828859375 0.607928125 0.6777859375 0.599075 0.6752359375 0.606365625 0.6749515625 0.6136546875 0.6775015625 0.6256328124999999 0.681753125 0.634484375 0.6857203125 0.641775 0.6879875 0.636046875
1 0.6661671874999999 0.63031875 0.6656 0.6381296875 0.6701343750000001 0.6448984375 0.67381875 0.6480234375 0.67551875 0.6495859375 0.6769359374999999 0.6350046875 0.6777859375 0.6199046874999999 0.6741015625 0.614696875 0.6687171875 0.621465625 0.6661671874999999 0.63031875
1 0.3136984375 0.6556921874999999 0.3175625 0.6528515625 0.3196234375 0.65143125 0.3214265625 0.646225 0.3224578125 0.6400703125 0.32194218750000003 0.6315500000000001 0.3175625 0.624921875 0.3129265625 0.62208125 0.30931875 0.624921875 0.3070015625 0.6381765625 0.30803125 0.6490640625 0.31060781249999997 0.6609 0.312153125 0.658059375 0.3136984375 0.6556921874999999
8 0.254146875 0.716809375 0.2568890625 0.696015625 0.26306250000000003 0.6676624999999999 0.2747203125 0.6367890625 0.268890625 0.635528125 0.26271875 0.626078125 0.2582609375 0.61725625 0.2558609375 0.6229265625 0.2534609375 0.64435 0.2483171875 0.6720734375 0.244203125 0.692865625 0.24248906250000002 0.7155484375000001 0.24763125000000002 0.7281500000000001 0.254146875 0.716809375
8 0.2880921875 0.672703125 0.2990640625 0.6531703125 0.29975 0.6412 0.2904921875 0.636159375 0.281578125 0.6348984375 0.2750625 0.659471875 0.2671765625 0.67774375 0.26306250000000003 0.690975 0.259290625 0.713028125 0.26271875 0.7186984375 0.2730046875 0.7035765625 0.28020625 0.684675 0.2880921875 0.672703125
1 0.23116875 0.6017718750000001 0.23538437499999998 0.59961875 0.22859218750000002 0.5910124999999999 0.22250312499999997 0.5824046875 0.218990625 0.5793921875 0.2175859375 0.5884296875 0.2206296875 0.59660625 0.2257828125 0.6022015625 0.23116875 0.6017718750000001
7 0.727794146875 0.706327078125 0.7098283546874999 0.6618213 0.716858390625 0.6602597171875 0.7293563625 0.692272609375 0.7410731671875 0.7469287859375 0.7543521890625 0.7258471421875 0.7340430125 0.6149731468749999 0.7246695937500001 0.5806179140625 0.6779296687499999 0.6027343765625 0.6848325296875 0.6290276171875 0.691081396875 0.659478928125 0.7098283546874999 0.700080634375 0.7309185796875 0.7578600328125 0.7434165515625 0.756298453125 0.727794146875 0.706327078125
7 0.7356053499999999 0.4338269875 0.727012978125 0.353404346875 0.721545159375 0.40259488593750004 0.706703803125 0.3526235125 0.6918625640625 0.353404346875 0.691081396875 0.46271668593750004 0.6935546687499999 0.5207031265625 0.7020171515625 0.5306464828124999 0.71842060625 0.525961678125 0.73951095 0.5204960546875 0.7434165515625 0.5087840171875 0.7356053499999999 0.4338269875
