8 0.2890247015625 0.5307613765625 0.3311014859375 0.5337701453125 0.3411181921875 0.3936934734375 0.2990422234375 0.3906847328125 0.2890247015625 0.5307613765625
1 0.46200156249999996 0.5742375 0.45095 0.5742375 0.45095 0.6184984375 0.46200156249999996 0.6184984375 0.46200156249999996 0.5742375
1 0.518794903125 0.5726436734375 0.5098612953125 0.5733386078125 0.5126114 0.608688415625 0.5215450078125 0.6079934828125 0.518794903125 0.5726436734375
1 0.745089425 0.5738624812500001 0.711497090625 0.572873696875 0.7099324203124999 0.6260251343750001 0.7435247546875 0.6270139140625 0.745089425 0.5738624812500001
1 0.6357801765625 0.6792970578124999 0.6549363171875 0.6813820640625 0.658281 0.650656284375 0.639124978125 0.648571284375 0.6357801765625 0.6792970578124999
6 0.241969309375 0.7921146890624999 0.276312875 0.779316053125 0.2499957390625 0.7087103859375 0.2156527125 0.721508909375 0.241969309375 0.7921146890624999
6 0.2963389640625 0.400193128125 0.304081421875 0.4201936078125 0.3366786515625 0.40757534218749997 0.328936175 0.3875749046875 0.2963389640625 0.400193128125
1 0.464062903125 0.6812044937499999 0.4788664625 0.6795937875 0.4734203234375 0.629547078125 0.4586169125 0.6311577765624999 0.464062903125 0.6812044937499999
1 0.43993638125 0.685908525 0.46291081093750003 0.68440151875 0.46043455 0.64665735625 0.43746029531249997 0.64816435625 0.43993638125 0.685908525
1 0.6482128 0.5441601828125 0.6437372375 0.5442247046875 0.6440322265625 0.5646848062500001 0.6485077875 0.564620284375 0.6482128 0.5441601828125
1 0.3954010796875 0.5220013875 0.38553711874999996 0.5231399453125001 0.38984773906250003 0.5604819421875 0.3997116984375 0.5593433859375 0.3954010796875 0.5220013875
1 0.604995128125 0.5177384640625 0.5773103359375 0.514454640625 0.5739287640625 0.54296111875 0.6016135546875 0.546244934375 0.604995128125 0.5177384640625
