1 0.3083939890625 0.567131225 0.2957765609375 0.5645515624999999 0.29056882812499996 0.5900206109374999 0.3031862546875 0.5926002687499999 0.3083939890625 0.567131225
1 0.3354588046875 0.59690355625 0.34626995312500003 0.5891878046875 0.33758750000000004 0.5770234375000001 0.32677637187499997 0.5847391796875 0.3354588046875 0.59690355625
1 0.3603643515625 0.590792525 0.366583925 0.590925465625 0.36738454531250003 0.553471934375 0.3611650125 0.55333899375 0.3603643515625 0.590792525
1 0.3183797625 0.60077128125 0.32399063125 0.601271875 0.327390625 0.5631671875 0.32177979375 0.56266659375 0.3183797625 0.60077128125
1 0.39213344375000003 0.542752975 0.3732859125 0.542217096875 0.371494303125 0.6052242375 0.390341834375 0.6057601109374999 0.39213344375000003 0.542752975
1 0.41231596406250004 0.555791928125 0.40571222812499996 0.55538703125 0.40389987656250004 0.58494298125 0.4105036125 0.5853478765625 0.41231596406250004 0.555791928125
7 0.5792573734375 0.5513073281249999 0.590839115625 0.5513890625 0.59151875 0.45508437500000004 0.5799371843750001 0.4550026421875 0.5792573734375 0.5513073281249999
7 0.608823159375 0.5342221046875 0.618395503125 0.535522596875 0.6311687625 0.4415109390625 0.6215965515625 0.44021045625 0.608823159375 0.5342221046875
7 0.6475802390625 0.4577850328125 0.6413842609375 0.4561812203125 0.6204310953125 0.5371233140625 0.62662706875 0.538727115625 0.6475802390625 0.4577850328125
1 0.6570656140625 0.5298784609375 0.6399382484375 0.52841566875 0.6335811234375 0.6028422234375 0.6507084875 0.6043050046875 0.6570656140625 0.5298784609375
1 0.6786204328125 0.5854017 0.6840798578125 0.6080665546875 0.7197794984375 0.5994681984375 0.7143200234375 0.5768034203125 0.6786204328125 0.5854017
1 0.6202026468749999 0.711329215625 0.6339491046875 0.7136411390624999 0.6421852640625 0.6646765921875 0.6284389453125 0.6623646828124999 0.6202026468749999 0.711329215625
7 0.6184505453125 0.8167432281250001 0.6254292078125 0.8157651234375001 0.6092046875 0.7000265625 0.602226209375 0.701004653125 0.6184505453125 0.8167432281250001
7 0.5915811578125 0.7984078125 0.6025641859374999 0.7984078125 0.6025640531249999 0.70315 0.5915812625 0.70315 0.5915811578125 0.7984078125
1 0.5700060125 0.70106065 0.582960328125 0.6983681359375 0.5740484593749999 0.655497403125 0.5610942578125 0.6581899046874999 0.5700060125 0.70106065
1 0.37833369375000003 0.650479253125 0.3724428015625 0.651035484375 0.3773263 0.7027481828125001 0.3832171921875 0.702191953125 0.37833369375000003 0.650479253125
7 0.375269396875 0.8063808953124999 0.38241636875 0.80767265625 0.3995234453125 0.7130406265625 0.3923766296875 0.7117488796875 0.375269396875 0.8063808953124999
7 0.40053910468750004 0.7795502234375 0.40437657656250003 0.77966875 0.40641875 0.7135609374999999 0.4025813359375 0.7134424125 0.40053910468750004 0.7795502234375
1 0.48074305156249997 0.538352734375 0.478245578125 0.57582774375 0.5088429796875 0.57786658125 0.5113403484375 0.54039166875 0.48074305156249997 0.538352734375
1 0.509154609375 0.5750129984375 0.528029053125 0.5721807937500001 0.5231424812500001 0.539618990625 0.5042681421874999 0.5424511875 0.509154609375 0.5750129984375
1 0.48824154531249997 0.6578524640625 0.5052930734375 0.6550096171875001 0.49981726249999997 0.6221699015625 0.48276584375000003 0.6250127390625 0.48824154531249997 0.6578524640625
