1 0.2694921875 0.47390156250000004 0.267234375 0.46559375000000003 0.2627203125 0.461440625 0.25684999999999997 0.46974687499999995 0.2514328125 0.478884375 0.24736875 0.48719062500000004 0.2442078125 0.5038046875 0.2505296875 0.522909375 0.2554953125 0.522078125 0.2536890625 0.513771875 0.2573015625 0.5104484375 0.26001093750000004 0.4996515625 0.2627203125 0.49134374999999997 0.26768593749999997 0.488853125 0.2694921875 0.4830375 0.2694921875 0.47390156250000004
7 0.306240625 0.5022031250000001 0.30994062499999997 0.5022031250000001 0.3124078125 0.5005 0.313334375 0.49312500000000004 0.30963281249999997 0.474403125 0.306240625 0.456246875 0.30408124999999997 0.43639062500000003 0.3028484375 0.41142812500000003 0.3006890625 0.42788125 0.3028484375 0.45284375 0.305315625 0.4727 0.3077828125 0.49539375 0.306240625 0.5022031250000001
7 0.32258593750000003 0.438659375 0.32566875 0.44887187500000003 0.32721093749999997 0.43355468750000004 0.3299859375 0.41539843750000005 0.3361546875 0.383628125 0.3309125 0.396109375 0.32566875 0.41766875 0.32258593750000003 0.438659375
7 0.332453125 0.4698640625 0.3364625 0.45000625000000005 0.336771875 0.41993749999999996 0.3355375 0.4068890625 0.33307031249999997 0.4483046875 0.3290609375 0.4647578125 0.32289375 0.478940625 0.319809375 0.4885859375 0.3182671875 0.49539375 0.31919375 0.5067406250000001 0.32566875 0.486884375 0.332453125 0.4698640625
7 0.355275 0.47213281250000005 0.35743281250000003 0.438659375 0.35650781249999997 0.4193703125 0.363909375 0.3904359375 0.3537328125 0.42504375000000005 0.353115625 0.45000625000000005 0.351265625 0.47043125 0.355275 0.47213281250000005
1 0.3938234375 0.579928125 0.39043125 0.5668796875 0.38580468749999997 0.554965625 0.3814875 0.5504265625 0.3771703125 0.5509937500000001 0.37347031249999996 0.5464546875 0.37532031250000003 0.5368109375000001 0.3722359375 0.532271875 0.36606875 0.535675 0.36761093749999996 0.5430515625 0.36822656249999997 0.5475890625 0.36976875 0.5521281250000001 0.371928125 0.55836875 0.37254375 0.5680140625 0.37501093750000003 0.57879375 0.37932968749999996 0.58900625 0.3821046875 0.5907078125 0.386421875 0.5946796875 0.39043125 0.5963812500000001 0.393515625 0.5941125 0.39320625 0.5884390625 0.3938234375 0.579928125
7 0.3743953125 0.5441859375 0.3824125 0.5515609375 0.3805625 0.5214921875 0.3802546875 0.48801875 0.378403125 0.42674531250000003 0.3777875 0.478940625 0.3771703125 0.5129812499999999 0.3743953125 0.5441859375
7 0.384571875 0.4897203125 0.3888890625 0.49085625000000005 0.3919734375 0.45000625000000005 0.384571875 0.4897203125
6 0.37254375 0.422775 0.3722359375 0.43922812499999997 0.375628125 0.429015625 0.376553125 0.41766875 0.378403125 0.41256250000000005 0.3814875 0.4193703125 0.383646875 0.43355468750000004 0.38580468749999997 0.44943906250000004 0.3861140625 0.4380921875 0.38672968750000003 0.42504375000000005 0.38549687499999996 0.41256250000000005 0.3817953125 0.39837812499999997 0.378403125 0.39497499999999997 0.3743953125 0.40461875 0.37254375 0.422775
6 0.43638125 0.42731250000000004 0.4326796875 0.43695781250000004 0.43514687500000004 0.45000625000000005 0.43545625 0.4647578125 0.43915625 0.4511421875 0.43946562499999997 0.4380921875 0.445940625 0.43922812499999997 0.4496421875 0.4511421875 0.4518 0.46759375 0.4518 0.48575 0.4542671875 0.4755375 0.4561171875 0.45965156250000005 0.4561171875 0.45000625000000005 0.456734375 0.4380921875 0.45457656249999995 0.42788125 0.44347343749999996 0.4216390625 0.43638125 0.42731250000000004
1 0.43453125000000004 0.5731203125000001 0.4308296875 0.57085 0.4329890625 0.582196875 0.4329890625 0.5895734375 0.433296875 0.604890625 0.43144687499999995 0.6219109375 0.433296875 0.6168046875 0.43638125 0.6111328125 0.4397734375 0.6060265625000001 0.44008125 0.5963812500000001 0.43915625 0.590140625 0.43915625 0.5833328125 0.43946562499999997 0.5765234375 0.4379234375 0.5742546875000001 0.43453125000000004 0.5731203125000001
1 0.45272500000000004 0.6168046875 0.457659375 0.623046875 0.45981875 0.622478125 0.45981875 0.609996875 0.45796875000000004 0.5958140625 0.45704374999999997 0.5844671875 0.45519218749999996 0.57879375 0.45210937500000004 0.5867359375000001 0.44902499999999995 0.600353125 0.44686562500000004 0.6088625000000001 0.45272500000000004 0.6168046875
1 0.4622859375 0.5997859375 0.46074374999999995 0.6082953125 0.46074374999999995 0.6173734375000001 0.4595109375 0.627584375 0.4622859375 0.6258828125 0.4653703125 0.6213437500000001 0.467528125 0.612834375 0.46968750000000004 0.6043234375 0.4706125 0.5929765625 0.46629531249999995 0.5844671875 0.46290312499999997 0.5844671875 0.4601265625 0.591275 0.4622859375 0.5997859375
1 0.49034843749999996 0.5997859375 0.49374062500000004 0.605459375 0.49589999999999995 0.6094296875 0.4952828125 0.5963812500000001 0.4952828125 0.5867359375000001 0.4952828125 0.579928125 0.491890625 0.5731203125000001 0.48788125000000004 0.5810625 0.48757343750000004 0.5878703125 0.488190625 0.59354375 0.49034843749999996 0.5997859375
1 0.527046875 0.5969484375 0.5258140625000001 0.6043234375 0.5242718749999999 0.6111328125 0.52643125 0.617940625 0.5295140625 0.62645 0.532290625 0.63155625 0.533215625 0.6349609375 0.5347578125 0.623046875 0.53383125 0.6082953125 0.533215625 0.5952468750000001 0.5319812500000001 0.5884390625 0.5298234374999999 0.59354375 0.527046875 0.5969484375
1 0.5641328125 0.589234375 0.562409375 0.595575 0.5639406250000001 0.600859375 0.5648984375 0.6050859375 0.5670046875 0.6100187499999999 0.5666218749999999 0.60226875 0.5658562500000001 0.5959265625 0.5641328125 0.589234375
1 0.56643125 0.59451875 0.5666218749999999 0.600859375 0.5675796875 0.6079046875 0.5689203125 0.611075 0.5710265625 0.6064953125 0.571409375 0.600859375 0.571409375 0.595221875 0.5710265625 0.5909953125 0.57006875 0.5857109375 0.5673874999999999 0.5832453125 0.5660484375 0.58888125 0.56643125 0.59451875
1 0.6286546875 0.5793874999999999 0.6297765625 0.5840296875 0.631178125 0.5824828125 0.6339812499999999 0.57835625 0.635103125 0.5752625 0.635384375 0.5701046875 0.633421875 0.5623671875 0.629496875 0.5572109375000001 0.6286546875 0.5654625 0.62809375 0.5711359375 0.6286546875 0.5793874999999999
1 0.6552890625 0.564946875 0.656409375 0.5556625000000001 0.6569703125 0.5494734375 0.6578125 0.542253125 0.658371875 0.5340015625000001 0.65585 0.5293593750000001 0.6510828125 0.5360640625 0.6474390624999999 0.5443156250000001 0.6446359375 0.5505046874999999 0.6423921874999999 0.55669375 0.6404296875 0.562884375 0.64015 0.5768093750000001 0.6421125 0.5829984375 0.6435140625 0.5876406249999999 0.6460375 0.5938296875 0.646878125 0.5974406250000001 0.6499625 0.5989875 0.6533265625 0.58815625 0.6541671874999999 0.5762937499999999 0.6552890625 0.564946875
7 0.6707078125 0.5144015625 0.672109375 0.5020234375 0.6687453125 0.4906765625 0.6670640624999999 0.4798453125 0.6637 0.4323953125 0.6634187500000001 0.4679828125 0.6656625 0.4906765625 0.6707078125 0.5144015625
7 0.6737921874999999 0.48655 0.6777171875 0.48758125 0.672109375 0.4391 0.668465625 0.39422812500000004 0.6707078125 0.45354062500000003 0.6737921874999999 0.48655
7 0.6816421874999999 0.510275 0.6855671875 0.5221375 0.6864078124999999 0.5247171875000001 0.6945375 0.47881406249999997 0.6953796875 0.425175 0.6931359375 0.46540468749999997 0.6894921875 0.48397187500000005 0.6816421874999999 0.510275
1 0.7026687500000001 0.5133703125 0.7049109375 0.50615 0.701828125 0.497896875 0.6973421875 0.4984125 0.695940625 0.5035703125000001 0.6970609375000001 0.510275 0.6995843749999999 0.520590625 0.701828125 0.5195593749999999 0.7026687500000001 0.5133703125
1 0.713321875 0.6443749999999999 0.7099578125 0.6387015625 0.7063125 0.6304484375 0.7049109375 0.6304484375 0.703509375 0.6325125 0.701546875 0.6392171875 0.7029484375 0.6464375 0.705471875 0.6521109375 0.7091171875 0.655721875 0.7130421874999999 0.6526265625 0.7136015625 0.64746875 0.713321875 0.6443749999999999
1 0.676315625 0.6407640625 0.6813609375 0.6485000000000001 0.6833234375 0.6521109375 0.686128125 0.6536578125 0.6908937500000001 0.6536578125 0.6911734375 0.6495328125000001 0.6931359375 0.6428265625 0.6965 0.6397328124999999 0.6998656249999999 0.631996875 0.695659375 0.6335437500000001 0.6934171874999999 0.634059375 0.68696875 0.6381859375000001 0.683884375 0.6387015625 0.6768765625000001 0.6335437500000001 0.672390625 0.6325125 0.6681843749999999 0.631996875 0.6648203125000001 0.6335437500000001 0.66538125 0.64746875 0.6707078125 0.6577843750000001 0.670146875 0.6521109375 0.672390625 0.644890625 0.676315625 0.6407640625
1 0.3003609375 0.6185859375 0.29559531250000004 0.6170390625 0.29167031250000003 0.6160078125 0.2885859375 0.6170390625 0.28578281250000004 0.6227125 0.28241875 0.6299328125 0.279334375 0.6366375 0.28045624999999996 0.6412796875 0.2835390625 0.643859375 0.2899875 0.6330281249999999 0.293071875 0.6299328125 0.29783750000000003 0.6227125 0.3012015625 0.6196171875 0.3003609375 0.6185859375
9 0.1564959734375 0.6506937859375 0.163908940625 0.658930415625 0.1795585375 0.658930415625 0.1919134828125 0.6564594265625 0.20921040624999998 0.6490464593749999 0.22897831875 0.6375151781249999 0.23721494999999998 0.6218655796875 0.2351557921875 0.5922137109375 0.2157997109375 0.558443528125 0.2042684296875 0.5609145171875001 0.19273714687500001 0.5683274828125 0.18861883125 0.5757404515625 0.182029528125 0.5930373734375001 0.16637992968749998 0.62351290625 0.163085278125 0.628454884375 0.163085278125 0.6325731984375 0.1597906265625 0.639162503125 0.1564959734375 0.6506937859375
5 0.3063744609375 0.6381087765625 0.3207678921875 0.639136878125 0.33104891406250003 0.64050768125 0.3355040234375 0.6387941781250001 0.3396164328125 0.637766075 0.3416726359375 0.6329682640625001 0.33927373125 0.6291985578125 0.334475921875 0.6257715484374999 0.32899270937499997 0.6230299421875001 0.31699818281250003 0.6202883375 0.31117227187499996 0.6202883375 0.30089124843750004 0.6226872421875 0.29986314687500004 0.6329682640625001 0.3063744609375 0.6381087765625
8 0.6151478265625 0.5527762921875 0.6267996515625 0.5469503796875 0.6223445421875 0.5023992828125 0.6178894328125 0.4348872375 0.6106927171875001 0.41466789375 0.6052095046875 0.42837592343750003 0.6024678984375 0.4372861421875 0.6007543953125001 0.4482525671875 0.60006899375 0.461960596875 0.5997262921875001 0.47464052343749996 0.5993835921875 0.4828653421875 0.5993835921875 0.4904047578125 0.6007543953125001 0.5400963640625001 0.6010970953125 0.5483211828125001 0.6076084093749999 0.5524335921875 0.61206351875 0.55380439375 0.6151478265625 0.5527762921875
6 0.6298851203125 0.8502657812500001 0.635028653125 0.8530353765625 0.643733096875 0.856991940625 0.6488766312500001 0.858970221875 0.6556027906249999 0.8605528484375 0.6615376390625001 0.8534310328125001 0.6615376390625001 0.8447265890625 0.6635159203125001 0.8308786125 0.6631202640625 0.8237567968749999 0.6587680437500001 0.8114914453125 0.654415821875 0.8039739718750001 0.65045925625 0.803578315625 0.644920065625 0.8103044765625 0.6413591578125 0.8138653843749999 0.6298851203125 0.814656696875 0.6263242124999999 0.814656696875 0.621576334375 0.8186132625000001 0.621180678125 0.824548109375 0.6192023953125 0.8265263921875 0.61682845625 0.8324612390624999 0.61761976875 0.835626490625 0.621180678125 0.8427483078125 0.6298851203125 0.8502657812500001
6 0.6939814703125 0.7695518578125 0.6864639968749999 0.771134484375 0.687255309375 0.7774649874999999 0.697542378125 0.792499934375 0.7117860125 0.7889390265625 0.72326005 0.77786064375 0.7264253015625 0.7667822625 0.730381865625 0.760847415625 0.727612271875 0.7529342859375 0.7264253015625 0.7517473171875 0.7240513625 0.7505603468750001 0.7185121718749999 0.7493733781249999 0.7161382328125 0.7481864078125 0.7070381343750001 0.7438341875 0.7070381343750001 0.7485820640624999 0.707829446875 0.7529342859375 0.7117860125 0.760847415625 0.706642478125 0.7695518578125 0.6939814703125 0.7695518578125
