1 0.23619298125000002 0.5176494671875 0.2546373796875 0.5244164203125 0.27596140625 0.46629858750000003 0.2575171609375 0.45953166406249996 0.23619298125000002 0.5176494671875
7 0.32078003437499997 0.448086203125 0.32566875 0.44887187500000003 0.3361547109375 0.38362812812499997 0.331266034375 0.382842459375 0.32078003437499997 0.448086203125
7 0.3445335515625 0.40864438593749997 0.33553739843749997 0.40688904218750005 0.31616821562499997 0.50615028125 0.325164365625 0.5079056125 0.3445335515625 0.40864438593749997
7 0.3488280125 0.47145148125 0.355275 0.47213281250000005 0.36390939375000003 0.39043593906249996 0.35746247656249996 0.38975461093749997 0.3488280125 0.47145148125
1 0.380269809375 0.5990226421875 0.39761532499999996 0.5945138015625 0.38085200937499997 0.5300321765625 0.363506684375 0.5345409921875001 0.380269809375 0.5990226421875
7 0.3746402328125 0.551810584375 0.3824125890625 0.551560934375 0.378403125 0.42674531250000003 0.37063091875 0.426994959375 0.3746402328125 0.551810584375
7 0.3845110625 0.4905257109375 0.3888890625 0.49085625000000005 0.3919734375 0.45000625000000005 0.3875954640625 0.44967571250000005 0.3845110625 0.4905257109375
6 0.3715531890625 0.4488987171875 0.385804709375 0.4494390640625 0.3878561875 0.3953334140625 0.3736047671875 0.3947930703125 0.3715531890625 0.4488987171875
6 0.431299596875 0.48516316406250004 0.45536719375 0.48585211250000004 0.45719411875000004 0.4220318265625 0.43312673124999995 0.42134288125 0.431299596875 0.48516316406250004
1 0.4397713421875 0.57074193125 0.4308296875 0.57085 0.43144687187499997 0.6219109375 0.440388528125 0.6218028703125 0.4397713421875 0.57074193125
1 0.44851543281249995 0.6240406859375 0.4611955140625 0.62266255 0.4564126421875 0.5786611046875 0.4437326640625 0.5800392343749999 0.44851543281249995 0.6240406859375
1 0.47075549375000003 0.5845428015625 0.46024372500000005 0.5843645953125 0.4595109375 0.627584375 0.47002270468749996 0.6277625812500001 0.47075549375000003 0.5845428015625
1 0.488027903125 0.6095943578125 0.49590002499999997 0.6094296875 0.4951389625 0.5730523625 0.4872668921875 0.5732170328125 0.488027903125 0.6095943578125
1 0.5256170874999999 0.6353824140625 0.5354120171875 0.6348391078125 0.5328353328125 0.5883916874999999 0.5230404875 0.5889349921875 0.5256170874999999 0.6353824140625
7 0.532545678125 0.4365259984375 0.5212701703125 0.43547029843749996 0.5078359375 0.5789453124999999 0.51911144375 0.580001 0.532545678125 0.4365259984375
1 0.5661835296875 0.6102302 0.569331146875 0.6094196828125 0.5641328125 0.589234375 0.5609852078124999 0.590044890625 0.5661835296875 0.6102302
1 0.570828128125 0.5830806140625 0.565782303125 0.5833221515625 0.567115071875 0.6111614140625 0.572160896875 0.610919878125 0.570828128125 0.5830806140625
1 0.62739773125 0.5838999859375 0.6346106953125 0.5842932609375 0.6360679124999999 0.5575692140624999 0.6288549812500001 0.5571759390625 0.62739773125 0.5838999859375
1 0.637024940625 0.5977232828125 0.6522462984375 0.599210665625 0.6590420578125 0.52967129375 0.6438208828125 0.528183921875 0.637024940625 0.5977232828125
7 0.668559259375 0.5146610375 0.673562796875 0.5140567734375 0.6637 0.4323953125 0.6586965218749999 0.4329995734375 0.668559259375 0.5146610375
7 0.6739315671874999 0.48795639375000005 0.677717271875 0.4875812421875 0.668465625 0.39422812500000004 0.66467996875 0.39460327500000003 0.6739315671874999 0.48795639375000005
7 0.7029977578125 0.4264046796875 0.6953796062500001 0.4251749875 0.6794910453125 0.5236007171875 0.68710919375 0.5248304015625 0.7029977578125 0.4264046796875
1 0.7034475984374999 0.497392403125 0.6951402609375 0.49878039999999996 0.6988063375 0.5207206203125 0.707113675 0.519332625 0.7034475984374999 0.497392403125
1 0.7067615625 0.62962541875 0.697335315625 0.633817503125 0.707414709375 0.6564790078125 0.71684095 0.652286934375 0.7067615625 0.62962541875
1 0.6998657625 0.657784328125 0.6998656249999999 0.6319967453124999 0.664820309375 0.6319968890625 0.6648203578125 0.657784384375 0.6998657625 0.657784328125
1 0.2740706 0.6369616031249999 0.2835390625 0.643859375 0.3014009359375 0.6193435765624999 0.2919325109375 0.612445825 0.2740706 0.6369616031249999
6 0.7369584484375 0.7596838953125 0.7102560859375 0.7395640140624999 0.680206559375 0.7794376375 0.70690881875 0.7995574000000001 0.7369584484375 0.7596838953125
6 0.43011160156250006 0.39505176875000003 0.40877619374999996 0.39459296718750003 0.40786414843749996 0.43700323125 0.42919955625000006 0.43746202968750003 0.43011160156250006 0.39505176875000003
5 0.36298215312500004 0.6298049484375 0.30144191249999996 0.5990388125 0.26177822812499996 0.678366615625 0.3233182921875 0.70913248125 0.36298215312500004 0.6298049484375
8 0.6374023734375001 0.410255253125 0.607090565625 0.408724471875 0.598856459375 0.5717614125 0.6291682671875 0.573292175 0.6374023734375001 0.410255253125
