7 0.36255000000000004 0.4439390625 0.36255000000000004 0.40983749999999997 0.3629984375 0.3245875 0.35986406249999997 0.3416375 0.3589671875 0.383315625 0.355384375 0.43162500000000004 0.36255000000000004 0.4439390625
7 0.4443265625 0.47677812499999994 0.4452484375 0.4426421875 0.45355 0.36071718750000004 0.44294218750000003 0.40460624999999995 0.4364859375 0.43191406250000003 0.4341796875 0.475803125 0.4443265625 0.47677812499999994
7 0.572325 0.353634375 0.5706484374999999 0.31639531249999997 0.5710671875 0.2818171875 0.572325 0.250784375 0.5656171875 0.3456546875 0.56645625 0.42633906250000003 0.56645625 0.44495781250000005 0.57190625 0.437865625 0.5752609375 0.38289375 0.572325 0.353634375
7 0.6297625 0.4334328125 0.6251515624999999 0.3873265625 0.62473125 0.35718125 0.6251515624999999 0.33235625 0.6205390625 0.3935328125 0.6171859375000001 0.4201328125 0.6146703125 0.43963906250000007 0.6180234375 0.44761875 0.6251515624999999 0.44229843750000003 0.6301828125 0.44229843750000003 0.6297625 0.4334328125
1 0.645275 0.4680109375 0.6515640625 0.47244374999999994 0.6536609375 0.47155781250000006 0.65575625 0.45737187500000004 0.653240625 0.43963906250000007 0.6444375 0.42279218749999997 0.6394062500000001 0.43431875 0.6410828125 0.45559843750000006 0.645275 0.4680109375
7 0.6966265625 0.7047640625 0.6919015625 0.6807828125000001 0.6837125000000001 0.6521375 0.6701671874999999 0.6168328125 0.668278125 0.6294890625 0.6704828125 0.63481875 0.6799328124999999 0.6534703125 0.6871765625 0.6734546875 0.6950515625 0.7067625 0.7016671875 0.732075 0.7013515625 0.7254140625 0.6966265625 0.7047640625
7 0.6707984375 0.7340734375 0.6673328125 0.7260796875 0.663553125 0.7107593750000001 0.661978125 0.6967703125 0.6594578125 0.6734546875 0.657253125 0.6448109375 0.6522140624999999 0.6381484375 0.6537890625 0.654803125 0.6566234375 0.6841125 0.6613484374999999 0.7174203125 0.669853125 0.7407359375 0.676153125 0.7434000000000001 0.6707984375 0.7340734375
7 0.613784375 0.6494734375 0.6147296875 0.66013125 0.621659375 0.6987687499999999 0.6367796875 0.755390625 0.63551875 0.7447328125 0.6314234375 0.72408125 0.626384375 0.7014328125 0.6204 0.667459375 0.616934375 0.6381484375 0.613784375 0.6494734375
2 0.3217890625 0.63948125 0.33659374999999997 0.6414796875000001 0.3450984375 0.6381484375 0.34887812500000004 0.626825 0.35171406250000004 0.611503125 0.354234375 0.5815265625 0.352659375 0.5722015625 0.3466734375 0.5675375 0.33501875000000003 0.563540625 0.3233640625 0.5568796875 0.3158046875 0.5475531250000001 0.30320468749999996 0.55488125 0.296590625 0.5722015625 0.2947 0.6048421875 0.29785 0.6135015625 0.302575 0.626825 0.3217890625 0.63948125
7 0.3174 0.689634375 0.3145359375 0.71110625 0.30985 0.730375 0.29865624999999996 0.7518453125 0.3033421875 0.75129375 0.3085484375 0.7441375 0.313234375 0.7325765625 0.3160984375 0.7199140625 0.32156406249999997 0.696240625 0.3231265625 0.6912859375 0.32625000000000004 0.670365625 0.3272921875 0.6483453124999999 0.322865625 0.644490625 0.32104374999999996 0.656053125 0.3189609375 0.669265625 0.3174 0.689634375
7 0.2929296875 0.6885343749999999 0.29891718749999996 0.6769734374999999 0.3051640625 0.6577046875 0.3101109375 0.6389859375 0.305684375 0.630178125 0.2981359375 0.6582546875 0.2895453125 0.6808265625 0.2861609375 0.695690625 0.27470625000000004 0.7358796875 0.2830375 0.722115625 0.2872015625 0.7061515625 0.2929296875 0.6885343749999999
9 0.24043922968749998 0.2632946703125 0.233582596875 0.279293478125 0.2354110328125 0.3012347 0.23723946875 0.3282041203125 0.2408963390625 0.3396318390625 0.2472958625 0.356544865625 0.253695384375 0.3652299328125 0.2623804515625 0.3652299328125 0.2811219140625 0.3346036421875 0.2952922859375 0.28660721875 0.29620650312499996 0.20112787187499997 0.2847787828125 0.20615606875 0.27883636875 0.2107271578125 0.26649443125 0.22261198750000002 0.2500385140625 0.24363899218750001 0.24043922968749998 0.2632946703125
9 0.7510297609375 0.23266837968749998 0.7533153046875001 0.21712668124999998 0.749658434375 0.2029563078125 0.7441731296875 0.19518545781250002 0.73320251875 0.191985696875 0.7313740828124999 0.19244280625000001 0.727260103125 0.2006707640625 0.7185750359374999 0.2162124625 0.7121755140625 0.23266837968749998 0.7085186421875 0.2527811671875 0.7117184046875 0.3378034046875 0.72223190625 0.363401496875 0.735030953125 0.368886803125 0.755143740625 0.35928751718749996 0.7711425484375 0.33277520781250003 0.75925771875 0.2756366078125 0.752858196875 0.27243684687499997 0.7514868703124999 0.263751778125 0.7510297609375 0.2532382765625 0.7492013265625 0.2431818828125 0.7510297609375 0.23266837968749998
