7 0.3553382015625 0.4439119671875 0.3625500328125 0.4439390625 0.3629984375 0.3245875 0.3557867078125 0.3245604046875 0.3553382015625 0.4439119671875
7 0.5741445640625 0.25076900156250004 0.5648161296875001 0.25084781875 0.5664562453124999 0.44495781250000005 0.5757846796874999 0.444878996875 0.5741445640625 0.25076900156250004
7 0.615041725 0.4477551953125 0.630400503125 0.4470523671875 0.6251515624999999 0.33235625 0.6097930078125 0.333059071875 0.615041725 0.4477551953125
7 0.6720251890625 0.61622816875 0.6647343578125 0.6186007984375 0.70166684375 0.7320751125 0.7089576609375 0.7297025109375 0.6720251890625 0.61622816875
7 0.6666771406249999 0.7452163374999999 0.6761534218749999 0.74339994375 0.6558425515625 0.637452928125 0.6463664796875 0.6392693015625001 0.6666771406249999 0.7452163374999999
7 0.6315000859375 0.7563110625 0.6373597828124999 0.7552894921875 0.616934375 0.6381484375 0.6110748218750001 0.6391699953125001 0.6315000859375 0.7563110625
2 0.2910872 0.6376540937499999 0.3491055578125 0.642531515625 0.3568008234375 0.5509995703125 0.29878343125 0.5461221890625 0.2910872 0.6376540937499999
7 0.3331558953125 0.6468108046875 0.3228653546875 0.6444905640624999 0.29865624999999996 0.7518453125 0.3089467828125 0.7541655265625 0.3331558953125 0.6468108046875
7 0.3131748515625 0.6325646296875 0.30568429375 0.6301780984375001 0.2722517921875 0.7350976921875 0.2797423375 0.7374841953125 0.3131748515625 0.6325646296875
9 0.182893296875 0.737490925 0.2567655875 0.716973546875 0.22808375 0.6137236015624999 0.154213003125 0.6342407515625 0.182893296875 0.737490925
9 0.2326656765625 0.365005021875 0.29444720625 0.365665771875 0.29620650312499996 0.2011278734375 0.234425859375 0.20046712812499998 0.2326656765625 0.365005021875
1 0.3738464765625 0.4635875484375 0.36600580625 0.4626518953125 0.36130184375 0.5020678328125 0.36914251249999996 0.503003484375 0.3738464765625 0.4635875484375
1 0.6465622828125 0.42923198906250004 0.6362959296875 0.43079336250000005 0.6419761296875001 0.4681396078125 0.6522424828125 0.4665782375 0.6465622828125 0.42923198906250004
