1 0.216825 0.5202203125 0.232778125 0.50404375 0.2394265625 0.4838234375 0.23543750000000002 0.45955781250000005 0.2248015625 0.44338125 0.2128375 0.45821093749999997 0.214165625 0.47977968750000005 0.2115078125 0.5 0.216825 0.5202203125
2 0.30536884375 0.57353109375 0.32930009375 0.5654420328125 0.34525321875000003 0.5681389078125 0.34658290625 0.5357857828125 0.34192978125 0.52365296875 0.33195790625 0.51691234375 0.31268134375 0.5115201578125 0.30204540625 0.5223045328125 0.30138134375000003 0.54926546875 0.30536884375 0.57353109375
7 0.32335156249999997 0.472821875 0.3286046875 0.4766265625 0.33085624999999996 0.41651249999999995 0.32335156249999997 0.472821875
7 0.325228125 0.47586562499999996 0.3274796875 0.424121875 0.325978125 0.3944453125 0.3196 0.47586562499999996 0.325228125 0.47586562499999996
7 0.3135953125 0.472821875 0.30984375000000003 0.45151562500000003 0.305715625 0.421078125 0.30534062500000003 0.4583640625 0.30909375 0.483475 0.3135953125 0.472821875
1 0.35261875 0.5253281249999999 0.3484921875 0.5276109375 0.346615625 0.539025 0.3447390625 0.5519609375 0.3424875 0.563375 0.346990625 0.5687015625 0.35261875 0.5641359375 0.357871875 0.555765625 0.3597484375 0.54815625 0.357871875 0.52989375 0.35261875 0.5253281249999999
1 0.36575156249999996 0.555765625 0.368378125 0.5679406250000001 0.37363124999999997 0.5702234374999999 0.37850937500000004 0.5603312500000001 0.37850937500000004 0.5443515624999999 0.3751328125 0.5352203125 0.369128125 0.543590625 0.36575156249999996 0.555765625
7 0.6925703125 0.4773875 0.694071875 0.44695 0.6914453125 0.42031718749999997 0.68919375 0.454559375 0.6869421874999999 0.48880156250000006 0.684690625 0.5207625 0.685065625 0.5352203125 0.6925703125 0.5336984375 0.6981984375 0.54206875 0.7034515625 0.51163125 0.7087046875 0.481953125 0.7098312499999999 0.463690625 0.6985734375 0.51163125 0.6948218749999999 0.51771875 0.6925703125 0.4773875
2 0.6783125 0.6341421875 0.66743125 0.6341421875 0.656925 0.6356640625 0.64754375 0.6387078125000001 0.6385390625 0.647078125 0.6441671875 0.66990625 0.651296875 0.6737109375 0.6681812500000001 0.680559375 0.684315625 0.6797984375 0.695946875 0.6759937500000001 0.6966984375 0.6645796875000001 0.695946875 0.647078125 0.6925703125 0.637946875 0.6873171874999999 0.6356640625 0.6783125 0.6341421875
2 0.6149 0.6767546875 0.6235296875 0.685125 0.6314093749999999 0.695778125 0.6389140624999999 0.6934953125 0.642665625 0.6858859374999999 0.6449171875 0.6752328125 0.6445421875 0.656209375 0.641915625 0.6425125 0.6351609375 0.6387078125000001 0.6239046874999999 0.634903125 0.6122734375000001 0.6371859375 0.611146875 0.6584921875 0.6149 0.6767546875
7 0.7005828125 0.7819890625 0.704684375 0.8001796875 0.7010953125 0.768475 0.7005828125 0.7819890625
7 0.6705984375 0.7814687499999999 0.6693171875 0.766915625 0.665728125 0.7658765625 0.6677796875 0.7840671875 0.6736734375 0.7955015624999999 0.6705984375 0.7814687499999999
7 0.63625625 0.7653578125 0.6426640625 0.8116125000000001 0.6401 0.763278125 0.63625625 0.7653578125
7 0.366134375 0.7450875 0.360496875 0.7918640625 0.36510937499999996 0.783028125 0.3694671875 0.7596406250000001 0.3730546875 0.7341734375 0.3763859375 0.6775218749999999 0.37100468750000004 0.6811609375 0.37074843749999997 0.7055875 0.366134375 0.7450875
7 0.33435625 0.7211796875 0.3294859375 0.7721140625 0.33538125 0.7596406250000001 0.3387125 0.74145 0.34255625 0.7165015625 0.34332656250000004 0.6796015625 0.33486875 0.6780421875 0.33615 0.6993515625 0.33435625 0.7211796875
7 0.3225671875 0.690515625 0.3287171875 0.6811609375 0.3212859375 0.6712859375 0.31846718749999997 0.6801203124999999 0.311803125 0.703509375 0.306421875 0.730534375 0.2997578125 0.7648375 0.3043703125 0.7575609375 0.311290625 0.7253375 0.31744062500000003 0.7061078125 0.3225671875 0.690515625
2 0.355884375 0.622084609375 0.34255625 0.620525234375 0.33205 0.618965859375 0.314878125 0.617926796875 0.310521875 0.631439296875 0.310521875 0.654308046875 0.316928125 0.6652221093749999 0.3279484375 0.670939296875 0.3497328125 0.675097109375 0.357421875 0.668340859375 0.360496875 0.652748671875 0.360753125 0.630920546875 0.355884375 0.622084609375
