2 0.364572903125 0.5904968015625001 0.40001611718749996 0.594380375 0.4097378046875 0.5056620546875 0.3742951140625 0.501778509375 0.364572903125 0.5904968015625001
2 0.6896171 0.48511295312499997 0.6485181984375 0.4868504984375 0.6523734796875 0.5780335875 0.69347238125 0.57629605625 0.6896171 0.48511295312499997
8 0.6919861468749999 0.5322326265624999 0.7091501515624999 0.5312066171875001 0.70347009375 0.43619454218750003 0.6863063281249999 0.43722054374999997 0.6919861468749999 0.5322326265624999
8 0.7118919078125 0.43619714375 0.6943715609375001 0.4428619421875 0.718698409375 0.5068078234375 0.736218740625 0.5001430578125 0.7118919078125 0.43619714375
2 0.6726079781250001 0.5915464109374999 0.6316100796875 0.5881782249999999 0.624604015625 0.6734467515625 0.6656019093750001 0.676814909375 0.6726079781250001 0.5915464109374999
2 0.6048317125 0.6988380296875001 0.6405516171875 0.688831125 0.6188422140625 0.611350384375 0.5831228484375 0.6213572078125 0.6048317125 0.6988380296875001
2 0.39965426718749997 0.60916286875 0.3589790625 0.6059529921875 0.352938140625 0.6824934500000001 0.39361334375 0.685703303125 0.39965426718749997 0.60916286875
2 0.3033310375 0.6816475109375 0.3518646453125 0.682279225 0.3529950984375 0.5954127312499999 0.30446230625 0.594781021875 0.3033310375 0.6816475109375
5 0.2952367046875 0.44889123125 0.2973488140625 0.5566460578125 0.3860219484375 0.5549074125 0.383909125 0.44715330781249996 0.2952367046875 0.44889123125
5 0.6588787078125 0.4486264390625 0.614717271875 0.450020890625 0.618990353125 0.585336540625 0.6631517875 0.583942103125 0.6588787078125 0.4486264390625
5 0.301399171875 0.698039003125 0.3121172640625 0.6176563671874999 0.22433500624999997 0.6059530890625 0.21361632031250002 0.6863350171875 0.301399171875 0.698039003125
5 0.7187332609375 0.702072640625 0.775003734375 0.7004431703125 0.7714133375000001 0.5764955484375001 0.71514423125 0.578125 0.7187332609375 0.702072640625
7 0.386526159375 0.426240525 0.3850446421875 0.42633928593750003 0.3895666109375 0.49416876875 0.3910481265625 0.49407000781250004 0.386526159375 0.426240525
7 0.3984648125 0.41278621875 0.3928571421875 0.412946428125 0.395411546875 0.502350478125 0.40101921875 0.50219026875 0.3984648125 0.41278621875
7 0.6654990984375 0.49544179374999997 0.6707589390625001 0.49553571406249997 0.671875 0.43303571406249997 0.66661520625 0.4329417953125 0.6654990984375 0.49544179374999997
7 0.318711321875 0.6873192125 0.3113839046875 0.6852678515624999 0.28843310624999996 0.767234765625 0.29576051406250004 0.7692861078125001 0.318711321875 0.6873192125
7 0.62293956875 0.7826235828125 0.628571515625 0.7819197078125 0.6185096203125 0.7014252296875 0.6128777734375 0.7021290984374999 0.62293956875 0.7826235828125
7 0.66179029375 0.779868553125 0.6674109609375 0.7790178203125 0.6513157890625 0.67269736875 0.6456952499999999 0.6735480921875 0.66179029375 0.779868553125
7 0.6871216 0.7687766875 0.6975448796875 0.767857121875 0.687439653125 0.6533339359375 0.677016628125 0.6542534921875001 0.6871216 0.7687766875
7 0.71171716875 0.6547406890625 0.7064732140625 0.6551339281249999 0.71494885625 0.7681421828125 0.7201928109375 0.7677489484375 0.71171716875 0.6547406890625
7 0.2601765203125 0.4967325609375 0.26746317343750003 0.496452321875 0.2639418046875 0.4048982 0.2566552421875 0.40517843593749997 0.2601765203125 0.4967325609375
7 0.2920030515625 0.4057308875 0.28443875625000004 0.40545280625 0.28125 0.4921875 0.28881429375 0.49246557968750004 0.2920030515625 0.4057308875
6 0.32294062343749996 0.7941035171874999 0.3272194609375 0.770336159375 0.307671625 0.76681761875 0.30339274375 0.7905849218750001 0.32294062343749996 0.7941035171874999
6 0.6737823265625 0.7980487046875 0.6737822890625 0.7563895265625 0.655378675 0.7563895734375 0.6553786234375 0.7980486609375 0.6737823265625 0.7980487046875
6 0.6524397046875 0.7691837984375 0.6321074296875 0.7615320953125 0.6136039078125 0.8106909 0.6339361578125 0.8183425546875001 0.6524397046875 0.7691837984375
6 0.28334175156249997 0.3478848671875 0.2601349671875 0.36407495 0.28784920625 0.4037986765625 0.311055953125 0.3876086390625 0.28334175156249997 0.3478848671875
6 0.6097681953125 0.8401458859375 0.588624065625 0.8401458859375 0.588624065625 0.8653047796875001 0.6097681953125 0.8653047796875001 0.6097681953125 0.8401458859375
1 0.5031316375 0.6036215609375 0.5136790453125 0.6034881328125 0.5130206359375 0.5514508734375 0.502473325 0.5515843015625 0.5031316375 0.6036215609375
1 0.5230993125000001 0.6576417390625 0.5351756390625 0.6580361406249999 0.53612588125 0.62894291875 0.5240496234375 0.6285485171875 0.5230993125000001 0.6576417390625
1 0.45452565 0.6347794078125 0.46294509687499996 0.6576682625 0.49311535156249997 0.6465717203125 0.48469587187499996 0.6236829375 0.45452565 0.6347794078125
1 0.41573681718750005 0.64982136875 0.42496810468749996 0.651498725 0.4267797671875 0.6415295171875 0.4175484984375 0.6398521625 0.41573681718750005 0.64982136875
1 0.5577350890624999 0.6400120578124999 0.5577350390625 0.6193024671875 0.5355221890624999 0.6193025171875 0.53552219375 0.6400120625 0.5577350890624999 0.6400120578124999
