2 0.40451718750000004 0.548240625 0.4076953125 0.5243015625 0.40360781250000005 0.5132531250000001 0.3949828125 0.5040453125 0.38272343750000004 0.5132531250000001 0.37591406250000003 0.518778125 0.37091875 0.5325890625 0.3686484375 0.5546859375000001 0.3727359375 0.5777046875 0.3822703125 0.5924359375 0.3890796875 0.5924359375 0.39816093750000003 0.58415 0.402246875 0.574021875 0.40451718750000004 0.548240625
1 0.5098484375 0.5859921875 0.5093953124999999 0.5666562500000001 0.5066703125 0.551003125 0.503946875 0.5546859375000001 0.5016765624999999 0.5749421875 0.5053093750000001 0.5961203125 0.5098484375 0.5859921875
2 0.6905484375000001 0.5648140625 0.6923640625 0.5500828125 0.6900953125 0.5215390625 0.6855546875 0.5095703125 0.6760203125 0.4939171875 0.6646703125 0.4865515625 0.6555890625 0.4865515625 0.652865625 0.49944218749999997 0.6501406249999999 0.5252234375 0.651503125 0.5574484375 0.6574046874999999 0.56941875 0.665578125 0.5721796875 0.6696640625 0.574021875 0.681921875 0.576784375 0.6905484375000001 0.5648140625
2 0.6441953125000001 0.592071875 0.63805625 0.60175625 0.629528125 0.6135171875000001 0.6281640625 0.6301187500000001 0.62986875 0.6515640625 0.6353265625 0.666090625 0.6445375 0.675084375 0.655453125 0.666090625 0.662275 0.6577890625 0.6656859374999999 0.6446468750000001 0.6697796874999999 0.62596875 0.6697796874999999 0.609365625 0.666709375 0.60175625 0.6612515625000001 0.5927640625 0.6537468750000001 0.589996875 0.6441953125000001 0.592071875
2 0.6257765625 0.6481046874999999 0.62509375 0.637728125 0.6240703125 0.6308109375 0.621 0.6190515624999999 0.616225 0.6128250000000001 0.6111078125 0.6135171875000001 0.60155625 0.6197421875 0.5926875 0.622509375 0.5896171875 0.6328859375 0.5926875 0.652946875 0.595075 0.664015625 0.600875 0.677159375 0.60735625 0.6854609375 0.6155421875 0.6958375 0.6233875 0.6923781250000001 0.624753125 0.68476875 0.6267984375 0.6667828124999999 0.629528125 0.6494890625 0.6257765625 0.6481046874999999
2 0.39816250000000003 0.620103125 0.3899078125 0.6159171875 0.3791765625 0.6075468749999999 0.36761875 0.6075468749999999 0.35812656249999997 0.6167546875000001 0.3548234375 0.65860625 0.362253125 0.676184375 0.3684453125 0.6837171875 0.3800015625 0.68120625 0.38784375 0.6711609375 0.392384375 0.6544203125 0.3973375 0.6385171875 0.39816250000000003 0.620103125
2 0.3432671875 0.6778578125 0.3473953125 0.66865 0.352346875 0.6452140625 0.3527609375 0.6134062499999999 0.350696875 0.606709375 0.34574375 0.597503125 0.33790156250000003 0.596665625 0.330471875 0.597503125 0.320565625 0.594990625 0.309834375 0.6016874999999999 0.30405625000000003 0.6259609375 0.30405625000000003 0.6653015625 0.309834375 0.6786953125 0.3209796875 0.6778578125 0.3337734375 0.68204375 0.3432671875 0.6778578125
7 0.304071875 0.7200875 0.300996875 0.7310015625 0.2995078125 0.7420796875 0.3122734375 0.6894234375 0.3074046875 0.701896875 0.304071875 0.7200875
5 0.361936740625 0.49570559999999997 0.361936740625 0.4066941 0.3148437140625 0.4164062515625 0.3135073046875 0.49414395781250003 0.361936740625 0.49570559999999997
7 0.296081525 0.525904271875 0.296081525 0.4524169765625 0.293140825 0.3980363671875 0.28505394375000004 0.3723158125 0.2762319015625 0.36055784218750003 0.281378084375 0.43624976562500006 0.274761525 0.4582959546875 0.2696153421875 0.3848086578125 0.2607933 0.3708460609375 0.2556470625 0.44653799843749997 0.25050088125 0.4928349890625 0.25018380625000003 0.5259191171875 0.2453546421875 0.5406017328125 0.2600580828125 0.55897355625 0.2843187828125 0.5692617609374999 0.299022225 0.5633827828125 0.296081525 0.525904271875
7 0.3953297515625 0.3965666140625 0.3820966890625 0.3914225265625 0.38136147187499997 0.4289010359375 0.373274590625 0.50018371875 0.37058821875 0.5415441171875 0.368128409375 0.572936125 0.3916538921875 0.5891033359375 0.40415185 0.5663222859375 0.40856287187499996 0.5075324484375 0.3953297515625 0.3965666140625
7 0.6585213703125 0.45756109218749996 0.6519048656249999 0.533253003125 0.6738970421875 0.5663602953125 0.6989558328125 0.536192478125 0.683517175 0.5082673109375 0.6783709921875001 0.43110564843750004 0.6658730890625 0.4002409796875 0.6585213703125 0.45756109218749996
5 0.64528825 0.48989548593750004 0.6460234671875 0.4524169765625 0.6270220421875 0.449632353125 0.627644165625 0.48989548593750004 0.64528825 0.48989548593750004
7 0.7018964750000001 0.7581241171875 0.690133790625 0.6736137265625 0.7026316921875 0.6647952734375 0.7041020140625001 0.7279943375 0.719540671875 0.7662077078125 0.72909793125 0.7581241171875 0.7239516375 0.6471583109375 0.7170955718750001 0.5875000015625 0.6776358874999999 0.587633584375 0.6688137328125 0.6045356578125001 0.676165453125 0.6890460468749999 0.69380965 0.7610636203125 0.7018964750000001 0.7581241171875
7 0.5930911015625 0.626581846875 0.5985293953124999 0.6858455890624999 0.611470403125 0.7640031234375 0.6188221234375 0.8044211359375 0.6313200265625001 0.6853716828125 0.6232330890625 0.619968034375 0.6041186828125 0.619968034375 0.5930911015625 0.626581846875
6 0.628860278125 0.7538602953125 0.6269089484375 0.782374946875 0.6232330890625 0.800746771875 0.6335255640625 0.8066257218749999 0.638671746875 0.789723678125 0.641612390625 0.759593896875 0.628860278125 0.7538602953125
7 0.6445531453125 0.7316687015625 0.6636675515625 0.7772308031249999 0.671019271875 0.7787005828125 0.671019271875 0.7581241171875 0.668078628125 0.6971296953125 0.664705865625 0.653676471875 0.6666083078125 0.6456885875 0.6585213703125 0.595717203125 0.6379365296875 0.602331071875 0.6269089484375 0.6236423984374999 0.6445531453125 0.7316687015625
5 0.283329121875 0.716462484375 0.28525185 0.6626471875 0.2454326703125 0.661298078125 0.24871942656249998 0.7145405375 0.283329121875 0.716462484375
5 0.7784391515625 0.7222283968750001 0.7717095281249999 0.6511152906250001 0.7334134390625 0.6576923078125 0.7486364953125 0.7289553546875001 0.7784391515625 0.7222283968750001
7 0.3487028390625 0.708774553125 0.3554325359375 0.5944171109374999 0.3189001109375 0.5915340812500001 0.304479428125 0.65495925625 0.3043269015625 0.6781250015625 0.2881360171875 0.7462530890625 0.2871745796875 0.798146440625 0.3256297328125 0.6943597375 0.3015952625 0.793341503125 0.30736359375 0.793341503125 0.3487028390625 0.708774553125
7 0.5746093390625 0.6273437515625 0.5665902359375 0.709645503125 0.5900238453125 0.8611211437499999 0.60252181875 0.8564364 0.6040840359375 0.729946296875 0.5915860625 0.6534278046875001 0.5746093390625 0.6273437515625
