7 0.268120246875 0.5059170515625 0.281979765625 0.5037692484375 0.266040625 0.40092343750000003 0.2521813046875 0.403071225 0.268120246875 0.5059170515625
7 0.288593346875 0.40007515156249995 0.283293746875 0.40000156249999996 0.28199000937499996 0.49388647812500003 0.2872896109375 0.49396006718749996 0.288593346875 0.40007515156249995
2 0.364572903125 0.5904968015625001 0.40001611718749996 0.594380375 0.4097378046875 0.5056620546875 0.3742951140625 0.501778509375 0.364572903125 0.5904968015625001
7 0.388704675 0.437724540625 0.38407507343749997 0.43778089062500003 0.38499374531249997 0.5132531250000001 0.389623346875 0.5131967765625001 0.388704675 0.437724540625
7 0.40070742187499997 0.4324703625 0.39407342343749996 0.43222812499999996 0.39135 0.5068078125000001 0.3979839984375 0.5070500484375 0.40070742187499997 0.4324703625
1 0.5021745640625 0.5961937671875 0.51008318125 0.596008453125 0.5090271890625 0.5509478984375 0.501118634375 0.5511332125 0.5021745640625 0.5961937671875
2 0.6896171 0.48511295312499997 0.6485181984375 0.4868504984375 0.6523734796875 0.5780335875 0.69347238125 0.57629605625 0.6896171 0.48511295312499997
7 0.666550415625 0.490973090625 0.6728422328125 0.4902343703125 0.66603125 0.43222812499999996 0.659739484375 0.43296684374999994 0.666550415625 0.490973090625
7 0.7083816406250001 0.7492393140625 0.7268324984375 0.7460555453125 0.7049140625 0.6190515624999999 0.6864636828124999 0.622235290625 0.7083816406250001 0.7492393140625
7 0.6890126609375 0.73601435625 0.6932184421875001 0.7357551265625 0.6878578125 0.648796875 0.683652109375 0.6490561015625 0.6890126609375 0.73601435625
2 0.6726079781250001 0.5915464109374999 0.6316100796875 0.5881782249999999 0.624604015625 0.6734467515625 0.6656019093750001 0.676814909375 0.6726079781250001 0.5915464109374999
2 0.6048317125 0.6988380296875001 0.6405516171875 0.688831125 0.6188422140625 0.611350384375 0.5831228484375 0.6213572078125 0.6048317125 0.6988380296875001
7 0.6571028828125 0.7586825046875 0.661592215625 0.758095309375 0.6571578125 0.7241984375 0.6526685140625 0.72478563125 0.6571028828125 0.7586825046875
7 0.621627028125 0.7846704375 0.6254344625 0.78438280625 0.618953125 0.698603125 0.6151457625 0.6988907546875 0.621627028125 0.7846704375
6 0.6382879390625 0.7169563921875 0.611684290625 0.719083509375 0.6201486171874999 0.824927309375 0.6467522625 0.82280021875 0.6382879390625 0.7169563921875
6 0.667858075 0.728049409375 0.6438546875 0.7311171875 0.6532323328125 0.8044782359375 0.677235715625 0.801410484375 0.667858075 0.728049409375
2 0.573195740625 0.7441702796875 0.602546484375 0.7406207874999999 0.590499246875 0.6410199796875 0.561149121875 0.6445694343749999 0.573195740625 0.7441702796875
7 0.5904917515625 0.81790623125 0.5968785953125 0.8174985296875 0.592092328125 0.7425340890625 0.585705596875 0.7429417859375 0.5904917515625 0.81790623125
2 0.39965426718749997 0.60916286875 0.3589790625 0.6059529921875 0.352938140625 0.6824934500000001 0.39361334375 0.685703303125 0.39965426718749997 0.60916286875
2 0.3033310375 0.6816475109375 0.3518646453125 0.682279225 0.3529950984375 0.5954127312499999 0.30446230625 0.594781021875 0.3033310375 0.6816475109375
7 0.345003184375 0.66090246875 0.3355960265625 0.6590681828125 0.31406718749999996 0.7694625 0.3234743390625 0.7712967625 0.345003184375 0.66090246875
7 0.316730615625 0.6752049734375001 0.311469665625 0.6742345390625 0.29897134375 0.74198073125 0.3042322921875 0.7429511578125 0.316730615625 0.6752049734375001
6 0.3265297671875 0.7642933046875 0.309510403125 0.7629751390624999 0.30739010625 0.7903461546874999 0.3244094703125 0.7916643156250001 0.3265297671875 0.7642933046875
6 0.2891336640625 0.34900135 0.2688913 0.3534994640625 0.2796242453125 0.401797734375 0.29986660625 0.39729963281249997 0.2891336640625 0.34900135
5 0.29892293125 0.7020766078125 0.3158469515625 0.608998696875 0.2175869546875 0.5911347078125 0.20066222812499998 0.6842116953125 0.29892293125 0.7020766078125
5 0.29037428906249996 0.44981301875 0.292220034375 0.5661605734374999 0.37978634375000003 0.5647707453125 0.3779398296875 0.4484239546875 0.29037428906249996 0.44981301875
5 0.8200999890625 0.565936315625 0.71777711875 0.56055153125 0.7105157875 0.6985169609375 0.8128386531249999 0.703901675 0.8200999890625 0.565936315625
5 0.599481790625 0.5851517765625001 0.6482991671875 0.5912534593750001 0.6648113390625 0.459152846875 0.6159949578125 0.4530512265625 0.599481790625 0.5851517765625001
1 0.46249674374999994 0.6552896296874999 0.485437209375 0.6477307437500001 0.47839108750000003 0.626349271875 0.4554507140625 0.6339081421875 0.46249674374999994 0.6552896296874999
1 0.536799871875 0.6229278984375 0.5244268953125 0.622154315625 0.522285809375 0.656395478125 0.5346587859375 0.6571690578125 0.536799871875 0.6229278984375
1 0.775621196875 0.46677463281250003 0.7671679921875 0.46959343750000004 0.7819988312499999 0.514065865625 0.7904520296875 0.5112470703125 0.775621196875 0.46677463281250003
8 0.71468751875 0.43826680937500007 0.6957315734375 0.44437082656250004 0.7172584125 0.511217646875 0.7362143453125001 0.505113659375 0.71468751875 0.43826680937500007
8 0.69438644375 0.5393774234375 0.7129244015625 0.53750675 0.70243700625 0.43358827031249997 0.683899328125 0.4354589296875 0.69438644375 0.5393774234375
6 0.6130900265625 0.8256666046875001 0.5881696375 0.8247767859374999 0.586686753125 0.8662976859375 0.6116071421875 0.8671875 0.6130900265625 0.8256666046875001
1 0.429812875 0.6451484171875 0.42219570468749995 0.639914915625 0.416949053125 0.6475502609375 0.42456621875 0.6527837578125 0.429812875 0.6451484171875
1 0.39260503125 0.660996315625 0.399562615625 0.662451625 0.40485495 0.6371530812499999 0.3978974015625 0.635697775 0.39260503125 0.660996315625
