1 0.6784554921875 0.6670997187500001 0.6692587609375 0.6648328578125 0.6617719046875 0.695203034375 0.670968634375 0.6974698890625 0.6784554921875 0.6670997187500001
1 0.6918788859375 0.70598155625 0.6991506984375 0.7066147515625001 0.7016668765625 0.67772216875 0.6943951078125 0.6770889765625 0.6918788859375 0.70598155625
1 0.8220407921874999 0.6815213765625 0.80804185625 0.6812454625 0.8071410421874999 0.7269431187500001 0.821139978125 0.7272190296875001 0.8220407921874999 0.6815213765625
1 0.8010221312500001 0.78408186875 0.7899484375 0.7829906249999999 0.7866419812500001 0.8165372906249999 0.797715675 0.8176285312499999 0.8010221312500001 0.78408186875
1 0.8074640625 0.81136921875 0.8153526546875 0.8110619515625 0.8139625 0.7753796875 0.8060739765625 0.7756869531249999 0.8074640625 0.81136921875
5 0.5102710453125 0.8987107296874999 0.5308561796875 0.7889385625 0.3733135046875 0.7594005203124999 0.3527266953125 0.8691704984375 0.5102710453125 0.8987107296874999
5 0.462130875 0.633766171875 0.39891855 0.6359455781250001 0.402889709375 0.7511103859375 0.466102034375 0.7489310062500001 0.462130875 0.633766171875
5 0.598180215625 0.73485818125 0.6592909484375 0.74049836875 0.669986609375 0.6246221765625 0.6088773546875 0.6189820578125 0.598180215625 0.73485818125
5 0.825721153125 0.8954326921875 0.9386278718750001 0.8538431921875 0.890625 0.7235576921875 0.7777218046875001 0.765146471875 0.825721153125 0.8954326921875
5 0.5176850234375 0.9335546671875001 0.76934171875 0.9116759890624999 0.756009615625 0.7584134609375 0.50436289375 0.7802917015624999 0.5176850234375 0.9335546671875001
5 0.7907080109375 0.6633179671875 0.8329326921875 0.7331730765625 0.9439171468750001 0.6660953140625 0.9016925140625001 0.596241109375 0.7907080109375 0.6633179671875
8 0.7765504062499999 0.70289095 0.7990059359374999 0.7038352375 0.8057341921875001 0.54384574375 0.783279325 0.5429014703124999 0.7765504062499999 0.70289095
