1 0.46199488750000006 0.6001620828124999 0.4547390625 0.6003937500000001 0.45619686875000004 0.646046875 0.46345269375000003 0.6458152078125 0.46199488750000006 0.6001620828124999
5 0.37263894999999997 0.5981758171875 0.45080164843750004 0.5940623281249999 0.44458203906250005 0.4759051859375 0.366420796875 0.4800186359375 0.37263894999999997 0.5981758171875
5 0.29937479843750003 0.6991539375 0.355463090625 0.7688759875 0.5070352437500001 0.6469586234375 0.4509477140625 0.5772379937500001 0.29937479843750003 0.6991539375
5 0.625464665625 0.4850504625 0.615739234375 0.5652746234375 0.6638023796875 0.57110048125 0.6735274687499999 0.490876634375 0.625464665625 0.4850504625
5 0.63701923125 0.627403846875 0.59735576875 0.627403846875 0.59735576875 0.72235576875 0.63701923125 0.72235576875 0.63701923125 0.627403846875
1 0.31190558125 0.697387571875 0.33799766249999996 0.68501285625 0.3092313828125 0.6243676875 0.2831396015625 0.63674231875 0.31190558125 0.697387571875
1 0.4698919765625 0.6404898343750001 0.4749062484375 0.6403995640625 0.4744412359375 0.614573334375 0.4694269875 0.6146636046875 0.4698919765625 0.6404898343750001
1 0.55158276875 0.57215459375 0.533852859375 0.5720997109375 0.533732771875 0.6108909125 0.5514626796875 0.61094579375 0.55158276875 0.57215459375
1 0.6152066625 0.45431554218750003 0.594203890625 0.45417162343750006 0.5936099890625 0.5408372328125 0.6146127609375001 0.5409811484375 0.6152066625 0.45431554218750003
1 0.4657621203125 0.5728627656249999 0.48334300625 0.5747002484375 0.48738290781250004 0.5360498859375 0.4698021375 0.534212409375 0.4657621203125 0.5728627656249999
1 0.4879440609375 0.5866505156249999 0.47615969687500004 0.5866505156249999 0.47615969687500004 0.6375739671875 0.4879440609375 0.6375739671875 0.4879440609375 0.5866505156249999
