1 0.340740625 0.5310140624999999 0.338090625 0.5270140624999999 0.335440625 0.5310140624999999 0.332128125 0.5416796875000001 0.334115625 0.55634375 0.340740625 0.5550109375 0.340740625 0.5310140624999999
1 0.3427265625 0.5763421875 0.3467015625 0.5763421875 0.35200156250000003 0.5656765625 0.3506765625 0.553678125 0.3467015625 0.549678125 0.3427265625 0.5590109375 0.3427265625 0.5763421875
1 0.36524999999999996 0.5910078125 0.3745234375 0.5816749999999999 0.3745234375 0.5550109375 0.36988750000000004 0.5470125 0.36524999999999996 0.55634375 0.36524999999999996 0.5910078125
1 0.3864484375 0.553678125 0.3811484375 0.5390125 0.37651093750000003 0.5510125 0.3758484375 0.5696765625 0.3791609375 0.5923406250000001 0.38247343749999996 0.6016734375 0.389096875 0.6070046875 0.392409375 0.6070046875 0.39042187500000003 0.5830078125 0.38777343750000004 0.5696765625 0.3864484375 0.553678125
1 0.55801875 0.5763421875 0.5619921875 0.5870078125 0.5626546875 0.571009375 0.5606687499999999 0.5616765625 0.55868125 0.567009375 0.55801875 0.5763421875
1 0.5977640625 0.5310140624999999 0.5951140625 0.5310140624999999 0.5891531249999999 0.540346875 0.587165625 0.5616765625 0.5898156250000001 0.5736765625 0.5971015625 0.5883406250000001 0.5984265625 0.56434375 0.5984265625 0.549678125 0.5977640625 0.5310140624999999
1 0.711040625 0.6643328125 0.711703125 0.6536671875 0.706403125 0.648334375 0.711040625 0.6643328125
1 0.358625 0.6803312499999999 0.3579625 0.696328125 0.35995 0.71499375 0.3626 0.70699375 0.366575 0.700328125 0.37055 0.6936625000000001 0.371875 0.6816640625 0.3685625 0.669665625 0.35995 0.669665625 0.358625 0.6803312499999999
1 0.32351718749999997 0.6896625000000001 0.328153125 0.6803312499999999 0.3228546875 0.6736640625 0.32351718749999997 0.6896625000000001
1 0.2201765625 0.6283359374999999 0.21818906249999998 0.613671875 0.212890625 0.6323359375 0.2162015625 0.63366875 0.2201765625 0.6283359374999999
7 0.69383793125 0.47621555468750004 0.6947992203125 0.41182937031250005 0.6832627046875 0.3868437046875 0.6755716453125 0.41086839687500004 0.668842021875 0.49831826562500003 0.6697115171875 0.5663461546875 0.7265247515625 0.566548378125 0.7169109640625 0.5079281421874999 0.7197951296875 0.40414147656250005 0.7092199046875 0.3964535828125 0.69383793125 0.47621555468750004
7 0.7515206609375 0.5425236859375 0.75384613125 0.5435096171875 0.7688253625 0.5357968015625 0.740945434375 0.377233828125 0.7255633140625 0.371467878125 0.7236405859375 0.49639628281250003 0.7255633140625 0.558860484375 0.7515206609375 0.5425236859375
7 0.6265414125000001 0.6443884062499999 0.6180288234375 0.6697115390625 0.633271034375 0.7308773000000001 0.6534599015625 0.837546921875 0.668842021875 0.8404299156249999 0.6621124 0.6962817578125 0.6476917171875 0.6434274328125 0.6265414125000001 0.6443884062499999
9 0.7899758140625 0.4646836953125 0.802473621875 0.4031804671875 0.775480746875 0.3656250015625 0.7563275546875 0.4291271421875 0.7524819515625001 0.45699579999999995 0.7601730124999999 0.48486442187499995 0.7707482375 0.47044960781249995 0.7794005875 0.4887083875 0.7899758140625 0.4646836953125
