2 0.37727999843750004 0.50764705 0.3409913671875 0.503089165625 0.334047321875 0.5583711328125001 0.3703359484375 0.5629289953125001 0.37727999843750004 0.50764705
7 0.3544822546875 0.5010216609375 0.3622937515625 0.50165625 0.3715059046875 0.3882658421875 0.36369453125 0.387631259375 0.3544822546875 0.5010216609375
2 0.5865462203125 0.5819858734375 0.621616678125 0.575305959375 0.6070887328125 0.4990406 0.5720187109375 0.505720471875 0.5865462203125 0.5819858734375
7 0.588168990625 0.5062892734375 0.6031437937499999 0.506385515625 0.6037296875 0.415215625 0.5887550796875 0.41511938437499996 0.588168990625 0.5062892734375
2 0.6198364890625 0.570852265625 0.652157515625 0.5620591593750001 0.635589903125 0.5011672421875 0.6032691890625 0.509960303125 0.6198364890625 0.570852265625
7 0.6218656250000001 0.5011359375 0.6315034828125 0.5006517515625 0.6264000000000001 0.3990734375 0.6167622796875001 0.39955761875 0.6218656250000001 0.5011359375
7 0.6678659921875 0.4713006 0.673440625 0.47249687500000004 0.68878224375 0.4010093421875 0.683207665625 0.3998130734375 0.6678659921875 0.4713006
7 0.6724171828125 0.3723445640625 0.66437185 0.3719953109375 0.660121875 0.4698921875 0.668167209375 0.4702414375 0.6724171828125 0.3723445640625
7 0.7413122546875 0.72050103125 0.7512541515625 0.7167378171875 0.7186640625 0.6306515625 0.7087223328125 0.6344147421875 0.7413122546875 0.72050103125
7 0.7168797765625 0.720828028125 0.7242001765625 0.7194593421875 0.7098035828125 0.6424708734375 0.7024832984375 0.6438395484375 0.7168797765625 0.720828028125
2 0.5939644515625 0.68295803125 0.629554203125 0.67983136875 0.62307951875 0.606144253125 0.5874902703125 0.60927089375 0.5939644515625 0.68295803125
7 0.622013215625 0.7743309796875 0.6297337078125 0.7735178421875 0.619709375 0.67835625 0.61198904375 0.6791693796875 0.622013215625 0.7743309796875
2 0.36417551875 0.61821816875 0.3103067328125 0.597928859375 0.2896794 0.6526886249999999 0.3435481234375 0.6729778203125 0.36417551875 0.61821816875
7 0.285904040625 0.7320611625 0.2921031265625 0.73404516875 0.3112544640625 0.6742153015625 0.3050554546875 0.6722313078125 0.285904040625 0.7320611625
1 0.479123334375 0.5999507562499999 0.49377953124999996 0.598444571875 0.4898103609375 0.5598263140624999 0.4751542640625 0.5613324921875 0.479123334375 0.5999507562499999
1 0.500280996875 0.617763621875 0.5333900453125 0.614468028125 0.5269506749999999 0.549783740625 0.49384200624999997 0.553079315625 0.500280996875 0.617763621875
1 0.217075440625 0.5144373156250001 0.2138442578125 0.524732896875 0.2503591859375 0.536191771875 0.25359033124999997 0.525896221875 0.217075440625 0.5144373156250001
1 0.295697496875 0.5867659015625 0.30112644843749997 0.5808413203125 0.283477809375 0.5646707515625 0.27804886875 0.5705953203125 0.295697496875 0.5867659015625
1 0.560743153125 0.554819746875 0.5564674015625 0.5556025203125 0.560001121875 0.5749029218749999 0.5642768734375 0.5741201484375 0.560743153125 0.554819746875
1 0.7644969359375 0.429459484375 0.7716637625 0.425120096875 0.7573491046874999 0.40147962968749995 0.750182296875 0.40581900937500004 0.7644969359375 0.429459484375
1 0.7388003109375 0.5719907578125001 0.7260692171875001 0.5774591015625 0.736229528125 0.6011112921875 0.7489606140625 0.5956429609375 0.7388003109375 0.5719907578125001
1 0.3726151375 0.6819628125 0.3859368125 0.6899809343750001 0.4014799390625 0.66416041875 0.388158328125 0.6561423234375 0.3726151375 0.6819628125
1 0.37467738437500003 0.6587147843750001 0.383329215625 0.6582592734375 0.382231390625 0.6374104328125 0.37357959375 0.6378659421874999 0.37467738437500003 0.6587147843750001
