2 0.3359390625 0.5433109171875 0.342740625 0.5552874796875 0.350959375 0.5604952921875 0.358609375 0.5610156046875 0.3642765625 0.5506015421875 0.3705109375 0.5448734171875 0.3747625 0.5276890421875 0.3707953125 0.5120671671875 0.36314375 0.5063390421875 0.356909375 0.5073812296875 0.346140625 0.5037359171875 0.340190625 0.5094640421875 0.3396234375 0.5146718546875 0.340190625 0.5209202921875 0.33905625 0.5328968546875 0.3359390625 0.5433109171875
7 0.3546421875 0.499053125 0.36229374999999997 0.50165625 0.36512812499999997 0.46676875000000007 0.36796093750000003 0.42979687499999997 0.36994531249999996 0.38813906249999997 0.36257656250000003 0.449584375 0.3574765625 0.4813484375 0.3546421875 0.499053125
1 0.45410781250000004 0.5448765625 0.45099062500000003 0.55425 0.45410781250000004 0.5636234375 0.45779218750000006 0.5703921875 0.456940625 0.5552921875 0.45410781250000004 0.5448765625
1 0.4847125 0.597990625 0.4895296875 0.5990328125 0.4869796875 0.592784375 0.483578125 0.5849734375 0.483578125 0.5766421875 0.4847125 0.569871875 0.4886796875 0.5620609375 0.4852796875 0.563103125 0.48102812500000003 0.5662265625 0.475078125 0.5703921875 0.47337656250000004 0.5802859375 0.47479375 0.5891390624999999 0.47989531249999995 0.593825 0.4847125 0.597990625
1 0.5002984374999999 0.5953875 0.505115625 0.5948671875 0.509365625 0.58236875 0.508515625 0.571434375 0.5070984375 0.563103125 0.5028609375 0.5616296875 0.50398125 0.5693515625 0.505115625 0.5802859375 0.5028484375 0.5917421875 0.5002984374999999 0.5953875
2 0.5791885406249999 0.5389723828124999 0.583155728125 0.5540739453125 0.587405728125 0.5644880078125001 0.5950572890625 0.5754239453125 0.601858853125 0.5790692578125001 0.608376040625 0.5743817578125 0.6140432265625 0.5660505078125 0.6168776031250001 0.5504286328125 0.611776040625 0.5374114453125001 0.610926040625 0.5191848828125 0.6080932265625 0.5155395703125001 0.600441665625 0.5155395703125001 0.5944901015624999 0.5072083203125 0.5854229156249999 0.5035630078125 0.580605728125 0.5040848828125 0.5752213515625 0.5160614453125 0.5760713515625 0.5269958203125 0.5791885406249999 0.5389723828124999
7 0.5887109374999999 0.4219859375 0.5904109375 0.4917625 0.5904109375 0.50478125 0.5966453125 0.50634375 0.6031640625 0.50321875 0.6023125 0.4641640625 0.6031640625 0.43031718750000003 0.6037296875 0.415215625 0.5989125 0.4672890625 0.5974953125 0.4980125 0.594378125 0.47874531249999996 0.5918281249999999 0.44593906250000004 0.5887109374999999 0.4219859375
2 0.6338203078125 0.5670478937500001 0.6411890578125 0.5576744578125 0.6457234328125 0.5477807078125 0.6448718703125 0.53528226875 0.6397718703125 0.52018226875 0.6366546828125 0.5050807078124999 0.6332546828125001 0.5019557078125 0.6250359328124999 0.50403851875 0.6159687453125 0.5076838328125 0.6083171828125 0.5149744578125001 0.6088843703125 0.5269510187499999 0.6117171828125 0.5410103937499999 0.6145515578125 0.54673851875 0.6173843703124999 0.5561119578125 0.6275859328125 0.5660057078125 0.6338203078125 0.5670478937500001
7 0.6315015625 0.500615625 0.627534375 0.4631234375 0.6258328125 0.43031718750000003 0.6258328125 0.40948906249999995 0.6264000000000001 0.3990734375 0.623 0.4334421875 0.6224328125 0.461040625 0.621015625 0.477703125 0.6218656250000001 0.5011359375 0.6264000000000001 0.4980125 0.6315015625 0.500615625
7 0.6870421875 0.4006359375 0.677690625 0.4360453125 0.671740625 0.46260312499999995 0.66805625 0.4704140625 0.673440625 0.47249687500000004 0.681375 0.435525 0.6870421875 0.4006359375
7 0.664371875 0.3719953125 0.6623890625 0.4376078125 0.6623890625 0.4631234375 0.660121875 0.4698921875 0.668340625 0.46624687500000006 0.6657890625 0.41886093750000003 0.664371875 0.3719953125
7 0.656721875 0.416778125 0.656721875 0.4037609375 0.6553046874999999 0.401678125 0.6538875 0.41886093750000003 0.6541703125 0.4402109375 0.6547375 0.45791562499999994 0.656721875 0.4771828125 0.6615390624999999 0.4730171875 0.657571875 0.4443765625 0.656721875 0.416778125
7 0.7367609374999999 0.678771875 0.7320765625 0.666253125 0.7254765625 0.6486468750000001 0.7186640625 0.6306515625 0.7135546875000001 0.63378125 0.7110000000000001 0.64043125 0.7169609375 0.643953125 0.72079375 0.6537328125 0.7293093749999999 0.6693828125 0.7382515625 0.6901171875000001 0.746128125 0.7186781250000001 0.74080625 0.6909 0.7367609374999999 0.678771875
2 0.6262640625 0.6423875 0.6251984375 0.630259375 0.6215796874999999 0.6185234375 0.617109375 0.609525 0.610934375 0.607959375 0.60241875 0.607959375 0.5953921875 0.6110890625 0.5907078125 0.6204796875 0.58964375 0.63378125 0.591559375 0.6502125000000001 0.5985859375 0.6537328125 0.614034746875 0.6811947968750001 0.620940625 0.6635140625 0.62605 0.6552984375 0.6262640625 0.6423875
7 0.614609375 0.6986640625 0.6185765625 0.7215765625 0.62849375 0.7736484375 0.6279281250000001 0.7575062499999999 0.6265109375 0.742925 0.622259375 0.7127234375 0.619709375 0.67835625 0.615459375 0.685125 0.6123421875 0.6825218750000001 0.614609375 0.6986640625
1 0.5814546875 0.6439874999999999 0.5840046875 0.649715625 0.587121875 0.6533609375 0.591371875 0.6559640625000001 0.5953390625 0.6517984375 0.5902390625 0.642946875 0.5891046875 0.63565625 0.5876875 0.6288859375 0.5851375 0.6361765625 0.5814546875 0.6439874999999999
1 0.3816734375 0.6653374999999999 0.3819578125 0.67366875 0.383090625 0.685125 0.385075 0.685125 0.38932500000000003 0.6825218750000001 0.3932921875 0.6773140625 0.3932921875 0.6674203125 0.3904578125 0.6653374999999999 0.3845078125 0.6616921875 0.3816734375 0.6653374999999999
1 0.3828078125 0.6393015625 0.382240625 0.63409375 0.378840625 0.638259375 0.3757234375 0.64555 0.3782734375 0.65388125 0.38082343750000003 0.6606515625 0.3825234375 0.6476328125 0.3828078125 0.6393015625
2 0.32188125 0.6648171875 0.3340671875 0.6684625 0.34681875 0.6642953125 0.3499359375 0.6549234375 0.353053125 0.6408625 0.354753125 0.6247203125 0.3507859375 0.616909375 0.3445515625 0.611703125 0.33094999999999997 0.608578125 0.32244843749999996 0.605453125 0.31507968750000004 0.5997265625 0.30629531249999997 0.608578125 0.3011953125 0.6221171875 0.29864531250000004 0.6387796875 0.302328125 0.649715625 0.3094125 0.6585671875 0.32188125 0.6648171875
7 0.32528125 0.7002265624999999 0.32018125 0.7267828125 0.31706406249999997 0.7637546875 0.3249984375 0.7293859375 0.3286828125 0.7012671874999999 0.3335 0.671065625 0.32556562499999997 0.6695031250000001 0.3261328125 0.682 0.32528125 0.7002265624999999
7 0.29864531250000004 0.6997046874999999 0.3026125 0.6929359374999999 0.29326093750000004 0.730428125 0.3028953125 0.6981437500000001 0.3102625 0.6773140625 0.30629531249999997 0.672628125 0.298928125 0.6913734375 0.287309375 0.7325109375000001 0.29864531250000004 0.6997046874999999
9 0.29779374999999997 0.296875 0.24724218750000002 0.32536718750000004 0.2362125 0.33363906249999997 0.2233453125 0.36488906249999997 0.227940625 0.3952203125 0.242646875 0.429228125 0.26838281249999996 0.40716875 0.28033125000000003 0.37132343749999996 0.30055156250000004 0.34466874999999997 0.30514687500000004 0.30698593750000003 0.29779374999999997 0.296875
