7 0.5956640281250001 0.489608221875 0.6008849140625 0.48936269218749995 0.5989743375 0.4487396203125 0.593753484375 0.44898514843750004 0.5956640281250001 0.489608221875
7 0.63072290625 0.6253493453125001 0.6400876859375 0.624681571875 0.6364484375 0.5736515625 0.6270837453125 0.5743193343749999 0.63072290625 0.6253493453125001
7 0.661909396875 0.6228831453125 0.6689486875 0.6202804359375 0.650871875 0.5713953125 0.6438326453125 0.573998009375 0.661909396875 0.6228831453125
2 0.6629072328125 0.5699229453125 0.6521467203125 0.5333933546875 0.6106995890625 0.5456013015625001 0.6214599453125 0.58213075625 0.6629072328125 0.5699229453125
5 0.611328125 0.53125 0.637235284375 0.5236308281250001 0.6259765625 0.4853515625 0.600069553125 0.4929707109375 0.611328125 0.53125
8 0.6089460828125 0.5485741484375 0.5861780515625 0.5559775265625 0.6181955375 0.6544321328125 0.640963534375 0.647028825 0.6089460828125 0.5485741484375
1 0.31090996249999997 0.475473671875 0.30476623593749996 0.472016021875 0.29484874687499996 0.48963668125000004 0.3009924703125 0.49309432500000006 0.31090996249999997 0.475473671875
1 0.3029591125 0.4926525046875 0.3053775453125 0.4936605703125 0.31044206875 0.481511234375 0.308023640625 0.48050317031249995 0.3029591125 0.4926525046875
1 0.3787694296875 0.5396656375 0.3617375578125 0.5396656375 0.3617375578125 0.572900290625 0.3787694296875 0.572900290625 0.3787694296875 0.5396656375
1 0.4983328109375 0.563301290625 0.48064188437500005 0.56507100625 0.4823374 0.582018509375 0.5000283265625 0.5802487968750001 0.4983328109375 0.563301290625
1 0.6008960578125 0.57808305 0.5939689687499999 0.5738370640625 0.584107128125 0.5899244484375 0.5910342125 0.594170428125 0.6008960578125 0.57808305
