1 0.3035140625 0.4856234375 0.30591875 0.4698234375 0.2993078125 0.4743375 0.2975046875 0.478853125 0.296903125 0.48411875000000004 0.30050937499999997 0.4893859375 0.3035140625 0.4916421875 0.3035140625 0.4856234375
1 0.31553437500000003 0.4803578125 0.3149328125 0.4728328125 0.30651875 0.47809999999999997 0.30832187499999997 0.4886328125 0.312528125 0.4856234375 0.31553437500000003 0.4803578125
1 0.3660140625 0.550328125 0.3642109375 0.5586046875 0.3636109375 0.569890625 0.3678171875 0.568384375 0.3720234375 0.5646234375 0.3750296875 0.5608609375 0.3750296875 0.556346875 0.374428125 0.549575 0.3714234375 0.540546875 0.3660140625 0.550328125
7 0.5997890625 0.46606249999999994 0.5985875 0.44875781249999996 0.5973859375 0.46004375 0.59498125 0.475090625 0.596784375 0.4863765625 0.600390625 0.4893859375 0.600390625 0.478853125 0.5991890625 0.47208125 0.5997890625 0.46606249999999994
7 0.6292359375000001 0.591709375 0.6292359375000001 0.6044984375 0.63344375 0.6157843749999999 0.6382515625 0.6248125 0.639453125 0.6157843749999999 0.635846875 0.603746875 0.635846875 0.587946875 0.6364484375 0.5736515625 0.6298375 0.5796703125 0.6292359375000001 0.591709375
7 0.6689 0.6202984375 0.6658953125 0.6120234375 0.6616890625 0.60299375 0.65688125 0.587946875 0.650871875 0.5713953125 0.6442609375 0.57515625 0.6689 0.6202984375
2 0.6552019234375 0.5664379078125 0.6588066109375 0.5596675953125 0.6570050484375 0.5498863453125 0.6521972359375 0.5401050953125 0.6395769234375 0.5370957203125 0.6293597359375 0.5401050953125 0.6185425484375 0.5438675953125001 0.6137347359375 0.5559050953125 0.6203456734375 0.5694488453125001 0.6281581734375 0.5777238453125 0.6323644234375 0.5762191578125 0.6419800484375 0.5754675953125 0.649190984375 0.5739629078124999 0.6552019234375 0.5664379078125
8 0.6178471265625001 0.577113396875 0.6147376984374999 0.569339778125 0.6085188031250001 0.5668522203124999 0.5991904625 0.5668522203124999 0.598568571875 0.5721382796875 0.5988795171875 0.5777352859375 0.5988795171875 0.5867526828125 0.5998123515625 0.5945263 0.616292421875 0.640546109375 0.626553578125 0.6483197281249999 0.6290411359375 0.6352600500000001 0.61971279375 0.59048401875 0.6178471265625001 0.577113396875
5 0.6242153375 0.4989103359375 0.6253702234375 0.4968892875 0.61757475 0.49862161406250005 0.6109341609375 0.5026637125 0.6138213734375 0.5049734828125 0.621328125 0.5046847609375 0.6236378953124999 0.5009313843750001 0.6242153375 0.4989103359375
0 0.7090996031250001 0.4790362078125 0.7059480484375 0.46453906875 0.6668687765625 0.46895124531250004 0.6271591953125 0.4840786953125 0.574843396875 0.492903046875 0.5521522062499999 0.4979455328125 0.528200434375 0.5061395734375 0.487860540625 0.5017273984374999 0.457605621875 0.502357709375 0.4582359328125 0.5206367234375 0.5080304875 0.5225276562500001 0.5786252625 0.51307299375 0.6593050484375 0.4960546015625 0.7090996031250001 0.4790362078125
0 0.35045278125 0.5483704 0.3145250640625 0.5294610750000001 0.3107431984375 0.551521953125 0.3573862 0.5735828328125 0.407811028125 0.5893406031249999 0.436805325 0.5943830906249999 0.4386962578125 0.580516253125 0.3945745 0.5691706578125 0.35045278125 0.5483704
