1 0.3324109375 0.5191921875000001 0.329928125 0.5328984375 0.3329078125 0.5383796875 0.338371875 0.542034375 0.3413515625 0.5374656250000001 0.3423453125 0.5237609375 0.3413515625 0.5118828125 0.338371875 0.5045734375 0.3343984375 0.5118828125 0.3324109375 0.5191921875000001
1 0.4421734375 0.5383796875 0.4476375 0.5456890624999999 0.4501203125 0.5310703125 0.4496234375 0.5155375 0.447140625 0.49817656250000003 0.44267031250000005 0.5064 0.439690625 0.5182781249999999 0.439690625 0.5310703125 0.4421734375 0.5383796875
1 0.448134375 0.5237609375 0.44912656249999994 0.5447765625 0.4521078125 0.53929375 0.4585640625 0.5265015625 0.45707343749999996 0.5164515625 0.45608125 0.5054859375 0.45161093750000003 0.5009171875 0.4501203125 0.509140625 0.448134375 0.5237609375
1 0.4948203125 0.5447765625 0.49184062500000003 0.5310703125 0.48737031249999996 0.5237609375 0.48488749999999997 0.5383796875 0.48439062499999996 0.5593953125 0.492834375 0.5612234375 0.4963109375 0.5548265625 0.4948203125 0.5447765625
7 0.6926609375 0.395971875 0.6929703125 0.41469374999999997 0.6948203125 0.4356859375 0.695146875 0.4340625 0.693278125 0.3687390625 0.6926609375 0.395971875
7 0.6988296875 0.44192656250000006 0.7009875 0.4232046875 0.7009875 0.39994375 0.6991375 0.36476875 0.6972875000000001 0.3829234375 0.6985203125 0.403346875 0.6979046875 0.4203671875 0.695146875 0.4340625 0.6963625 0.47653437500000007 0.6963625 0.458946875 0.6988296875 0.44192656250000006
7 0.692353125 0.3749796875 0.6898859374999999 0.4799390625 0.6963625 0.47823593750000004 0.692353125 0.3749796875
1 0.6784749999999999 0.5309999999999999 0.6784749999999999 0.524190625 0.6757 0.5173828125 0.6732328125 0.52305625 0.6738500000000001 0.5327015625 0.674775 0.5412109375 0.67755 0.5355375 0.6784749999999999 0.5309999999999999
8 0.7235 0.702228125 0.7205140625 0.6864390625000001 0.7141703125000001 0.6699640625 0.718275 0.66721875 0.7223796874999999 0.6775156250000001 0.7294703124999999 0.6926187500000001 0.7343203125 0.7042890625 0.738053125 0.7111531249999999 0.7436499999999999 0.7042890625 0.7436499999999999 0.694678125 0.7425296875 0.6747687499999999 0.7376796875 0.65829375 0.7313359375 0.6425046875 0.72835 0.630834375 0.72723125 0.617790625 0.7249921875 0.6006296875 0.7249921875 0.6322078125 0.7242453125 0.64113125 0.720140625 0.6534890625 0.71193125 0.6459374999999999 0.7108125000000001 0.6342671875 0.7048421874999999 0.618478125 0.7022296875 0.6205375 0.695140625 0.6376999999999999 0.6955140625 0.6548609375 0.6984984375 0.6740828125 0.7029765625 0.6898718749999999 0.708946875 0.702228125 0.7156640624999999 0.7166453125000001 0.720140625 0.7296875 0.7238734375 0.7358671875 0.7276046875 0.7358671875 0.72723125 0.724196875 0.72723125 0.7193906250000001 0.7235 0.702228125
1 0.5831984375 0.6342671875 0.587303125 0.639759375 0.58916875 0.6315203125 0.5902890625 0.6212234375000001 0.586184375 0.618478125 0.583571875 0.6246562499999999 0.5831984375 0.6342671875
0 0.660123290625 0.47276476875 0.609643275 0.46014476406249993 0.400927821875 0.461115534375 0.2854012171875 0.4514883171875 0.2824939375 0.498004778125 0.32714933749999997 0.499946315625 0.396073975 0.5271278625 0.5737248015625 0.5271278625 0.6542986734375 0.5397478671875 0.7232233109374999 0.5280986328124999 0.7096325375 0.467910921875 0.660123290625 0.47276476875
5 0.3582139625 0.5242155546875 0.376658584375 0.523244784375 0.38248320156250004 0.5222740156250001 0.3863662796875 0.5174201671875001 0.39024935781250003 0.5048001640625001 0.38830781718749996 0.5009170859375 0.3727755046875 0.4950924671875 0.355301653125 0.4970340078125 0.3523893453125 0.502858625 0.3485062671875 0.5135370890625001 0.3494770359375 0.5183909375 0.3582139625 0.5242155546875
5 0.61061404375 0.5436309453125 0.61740943125 0.54168940625 0.621292509375 0.5368355578124999 0.6232340484375001 0.5290694031250001 0.605760196875 0.5310109421875 0.5892571140625 0.530040171875 0.587315575 0.5426601765625 0.591198653125 0.5436309453125 0.6038186578125 0.5475140234375 0.61061404375 0.5436309453125
6 0.18219435 0.6885381546875 0.190577525 0.6907736671875 0.196166309375 0.6863026421875 0.20175509218749998 0.6734484390625 0.203431728125 0.66282975 0.20399060625 0.6522110609375 0.203431728125 0.650534425 0.20119621406250002 0.650534425 0.197284065625 0.6432690078125 0.18945976874999998 0.6455045203124999 0.1810765921875 0.6471811546875 0.17716444375 0.6471811546875 0.1726934171875 0.65556433125 0.170457903125 0.6689774125 0.18219435 0.6885381546875
5 0.28894011875 0.6410334921875 0.3140896453125 0.6421512500000001 0.35153449531250003 0.6393568578125 0.3509756171875 0.637680221875 0.35488776718750004 0.6298559265625 0.35041673906250004 0.6270615328125 0.3481812265625 0.6237082625 0.34762234687500004 0.6237082625 0.3297382390625 0.6225905078125 0.3073831046875 0.6242671421875 0.28894011875 0.625943778125 0.27385040312500003 0.6276204125 0.27273264531249997 0.633209196875 0.28894011875 0.6410334921875
0 0.358799915625 0.6611531140625 0.40183355 0.65556433125 0.5203157640625 0.6801549796875 0.5745269671875 0.6773605875 0.6007942500000001 0.6678596546875 0.628179290625 0.675683953125 0.62873816875 0.663388628125 0.62650265625 0.633209196875 0.5879400484375 0.6365624671875 0.5136092234375 0.633209196875 0.4163643875 0.6248260203125 0.3560055234375 0.6225905078125 0.28391021250000004 0.614766209375 0.241994334375 0.5538484671874999 0.2218747140625 0.5778802375 0.28055694375 0.6594764796875 0.2939700234375 0.6684185328125001 0.309059740625 0.6684185328125001 0.3202373078125 0.6689774125 0.34091580781249997 0.6689774125 0.3487401046875 0.662270871875 0.358799915625 0.6611531140625
5 0.6795961015625 0.6589176015625 0.6874203984375 0.658358721875 0.6885381546875 0.65556433125 0.6863026421875 0.6410334921875 0.66394750625 0.630414803125 0.635444709375 0.62873816875 0.63488583125 0.6360035875000001 0.6376802234375 0.64941666875 0.6605942359375 0.6594764796875 0.6795961015625 0.6589176015625
