6 0.27189376713533875 0.424331274244258 0.2431968652232399 0.3837288359168931 0.2860598727453407 0.3534356457778314 0.3147567367485635 0.39403795807376146
6 0.3554257407861314 0.370167636588907 0.3818907962843241 0.3666765877465308 0.38905837993866044 0.42101035696399025 0.3625933266599759 0.4245013943187142
4 0.5543241245366062 0.8828734051476256 0.53069654841579 0.8842497594565916 0.5243022347700617 0.7744978996135118 0.5479291660252557 0.7731215639565702
4 0.4883812319860681 0.7604999969845286 0.5100811555582823 0.7641324957698374 0.4918848754151668 0.8728125185521256 0.4701849642444813 0.8691800695230084
4 0.4351374576821172 0.8542771300215811 0.41430818077230924 0.8492604048222754 0.44390605524745297 0.7263965307918774 0.4647347335338736 0.7314131813521938
6 0.2847741482157744 0.7312195912314989 0.30038741164514704 0.7967564908987871 0.2534860941862007 0.8079277034132128 0.23787325947250793 0.7423911749599493
8 0.31265519888199833 0.6055497632046443 0.3549978568559027 0.6155602896743883 0.3113499992743982 0.8001561744640954 0.2690074091594852 0.7901458506614761
8 0.299139071443733 0.6163038410989509 0.32768059915918 0.6275748069149414 0.2689600547447526 0.7762516784564043 0.24041862981835038 0.7649809044758443
8 0.7890638648005961 0.7005760350994483 0.7681633345767978 0.7130738186086263 0.7122761283374075 0.6196237854169816 0.7331762997614533 0.6071261405038019
8 0.784795870661128 0.7150044297286116 0.7580021407824233 0.7360360714139506 0.6864983055415905 0.644954797127766 0.7132916152880853 0.6239234088251601
