1 0.288490625 0.577503125 0.2899984375 0.57334375 0.2926390625 0.558096875 0.3001828125 0.5463140625 0.2990515625 0.53453125 0.29791875 0.519284375 0.29603437499999996 0.4977984375 0.29188437500000003 0.49641250000000003 0.28471875 0.4971046875 0.279815625 0.48809531249999993 0.27604375000000003 0.5095796874999999 0.274534375 0.5400765625 0.2726484375 0.5629484375 0.28094687500000004 0.5781953125 0.288490625 0.577503125
1 0.3692046875 0.54839375 0.36543281250000004 0.563640625 0.36543281250000004 0.57334375 0.37184531249999997 0.58096875 0.3741078125 0.5885921875 0.37863437499999997 0.5913640625000001 0.3816515625 0.590671875 0.38240625 0.5768093750000001 0.3816515625 0.560175 0.383915625 0.550471875 0.3907046875 0.5393828125 0.38466875 0.525521875 0.38052031249999996 0.5165109375 0.3726 0.5227484375 0.369959375 0.537303125 0.3692046875 0.54839375
1 0.388559375 0.581984375 0.3921671875 0.580090625 0.39603125 0.5753578125 0.39860625 0.5706234375 0.39835 0.5616296875 0.393196875 0.5531078125 0.3911359375 0.56115625 0.3877875 0.5739375 0.388559375 0.581984375
1 0.6918656249999999 0.5438562499999999 0.6944421875 0.5460078125 0.6939734375 0.536109375 0.6951453125 0.5244890625 0.695846875 0.5141609375 0.6918656249999999 0.5180343749999999 0.6885875 0.5275015625 0.6899921875 0.5352484375000001 0.6918656249999999 0.5438562499999999
1 0.7390749999999999 0.6454765625000001 0.737940625 0.630375 0.736240625 0.613190625 0.73170625 0.6038187500000001 0.731990625 0.6116296875 0.731990625 0.6215234374999999 0.733690625 0.6371453125000001 0.731140625 0.645996875 0.726321875 0.6564109375 0.7223546875 0.6543281249999999 0.7175374999999999 0.6548499999999999 0.7118703125 0.66005625 0.70591875 0.657453125 0.69741875 0.6527671875000001 0.70166875 0.659015625 0.7101703125000001 0.6683874999999999 0.7149875 0.6735953125 0.7200875 0.6746375 0.7260390625 0.6720328125 0.7291562500000001 0.6668265625 0.7328406249999999 0.65849375 0.7390749999999999 0.6454765625000001
1 0.6940171875 0.6506828125 0.6886328125000001 0.6371453125000001 0.6841 0.632978125 0.6826828125 0.64183125 0.6841 0.6527671875000001 0.68835 0.660578125 0.6931671875000001 0.659015625 0.6951515625 0.665784375 0.697134375 0.6704718749999999 0.69911875 0.6746375 0.7047859375 0.677240625 0.6940171875 0.6506828125
2 0.5298703125 0.6476656249999999 0.5224031250000001 0.6514765625 0.5215734375000001 0.6789234375000001 0.5211578125 0.7200921874999999 0.5236468750000001 0.733053125 0.52738125 0.752875 0.52945625 0.7658359375 0.5402437499999999 0.7719359375 0.54688125 0.7582125 0.5477109375 0.7261921874999999 0.5502 0.70484375 0.5514453125000001 0.6804484375000001 0.5481265625 0.6613875 0.5402437499999999 0.6469031249999999 0.5298703125 0.6476656249999999
2 0.49833906250000004 0.663675 0.49460468750000003 0.6949328125 0.4950203125 0.7178046874999999 0.4912859375 0.7414390625 0.49585 0.755925 0.5004140625 0.7612609375 0.5070515624999999 0.7658359375 0.5124453124999999 0.7399140625 0.5145203125 0.7216171874999999 0.520328125 0.690359375 0.5178390625 0.660625 0.51659375 0.6484265625 0.502903125 0.6469031249999999 0.49833906250000004 0.663675
2 0.47883906249999997 0.6751109375000001 0.47469062500000003 0.71094375 0.48547812500000004 0.736865625 0.49253125000000003 0.730003125 0.49792500000000006 0.7178046874999999 0.49958437499999997 0.692646875 0.49833906250000004 0.6720609375000001 0.4966796875 0.6453781249999999 0.4917015625 0.6438531249999999 0.4804984375 0.6415656249999999 0.47966875 0.6514765625 0.47883906249999997 0.6751109375000001
2 0.4663921875 0.727715625 0.47469062500000003 0.71094375 0.4775953125 0.6781609375000001 0.47634999999999994 0.6499515625 0.4722015625 0.6400406249999999 0.461828125 0.6385156249999999 0.45726562499999995 0.6377531249999999 0.45145625 0.6347046875 0.4452328125 0.6331796875 0.4381796875 0.6377531249999999 0.43693593750000004 0.660625 0.43693593750000004 0.6804484375000001 0.43735 0.6934078125 0.4435734375 0.70484375 0.4452328125 0.71399375 0.44564843749999994 0.7261921874999999 0.44772187499999994 0.731528125 0.4522859375 0.732290625 0.45685000000000003 0.733815625 0.4614140625 0.730003125 0.4663921875 0.727715625
4 0.5348499999999999 0.8840078124999999 0.5464671875 0.8779078124999999 0.547296875 0.8062437499999999 0.5493703125 0.7978562499999999 0.5481265625 0.7765093750000001 0.529040625 0.7742218750000001 0.5253078125 0.7917578125 0.52945625 0.8100546874999999 0.5348499999999999 0.8840078124999999
4 0.48838125000000004 0.7605000000000001 0.483403125 0.7902328125 0.4809140625 0.8176796875000001 0.4775953125 0.866471875 0.4858921875 0.871809375 0.493775 0.8413125000000001 0.50124375 0.8123421875 0.5033171875 0.8031937499999999 0.509540625 0.7673609375 0.48838125000000004 0.7605000000000001
4 0.45353125 0.7719359375 0.45809531249999996 0.7589750000000001 0.4614140625 0.7429640625 0.45850937500000005 0.736103125 0.4493828125 0.727715625 0.443159375 0.730003125 0.435690625 0.7605000000000001 0.43029687499999997 0.7925203125 0.422 0.8352140625000001 0.42324375 0.8504625000000001 0.43195625 0.8535109375 0.44689218750000004 0.80548125 0.45353125 0.7719359375
1 0.28218125 0.691121875 0.2971171875 0.7010328125 0.3058296875 0.6934078125 0.3162015625 0.688071875 0.322840625 0.669775 0.322840625 0.6583390625 0.3178609375 0.6415656249999999 0.3157875 0.6125953125 0.3095640625 0.61488125 0.3037546875 0.6286046875 0.2937984375 0.6415656249999999 0.283425 0.6560515625 0.2780328125 0.6758734375000001 0.28218125 0.691121875
6 0.2822624921875 0.8049033859374999 0.2900736953125 0.8002185234375 0.29632268281249996 0.768986421875 0.2523437140625 0.7484375015625 0.240081925 0.7752328671875001 0.240081925 0.7908489171875 0.24633091093749998 0.792410496875 0.2744512890625 0.764301678125 0.268202303125 0.7970953609375 0.2822624921875 0.8049033859374999
5 0.6587624562500001 0.739316021875 0.6478268203125 0.6877830078125 0.6097655890625 0.6957031265625 0.6150196718750001 0.750247209375 0.6587624562500001 0.739316021875
5 0.5931483984375 0.5300608625 0.5931483984375 0.47696632812499995 0.5531249640625 0.4847656265625 0.5540923828125 0.533184084375 0.5931483984375 0.5300608625
5 0.361936740625 0.525376059375 0.36349895781249997 0.47696632812499995 0.3246093390625 0.4769531265625 0.3244429421875 0.525376059375 0.361936740625 0.525376059375
6 0.3810352984375 0.3820988109375 0.3704120328125 0.366482759375 0.3579141078125 0.367107428125 0.3547896265625 0.3952163078125 0.3657812359375 0.41109375156250005 0.366662665625 0.3889698875 0.372911628125 0.387720596875 0.376036109375 0.407709146875 0.385409553125 0.407709146875 0.3810352984375 0.3820988109375
6 0.30979711718749997 0.390219153125 0.289175521875 0.35961169531250003 0.2785523046875 0.3646088375 0.27230334218749996 0.381474165625 0.27671873593749996 0.4118750015625 0.294799596875 0.4102077015625 0.28667592656249996 0.3820988109375 0.29354982343749997 0.37960026875 0.30104855937499997 0.39771486093749997 0.30979711718749997 0.390219153125
