5 0.243196865625 0.3837288359375 0.2718937671875 0.424331275 0.3147567375 0.3940379578125 0.2860598734375 0.3534356453125 0.243196865625 0.3837288359375
5 0.381890796875 0.3666765875 0.355425740625 0.3701676359375 0.3625933265625 0.42450139374999996 0.3890583796875 0.42101035624999994 0.381890796875 0.3666765875
4 0.5306965484374999 0.884249759375 0.5543241250000001 0.8828734046875001 0.547929165625 0.7731215640625 0.524302234375 0.7744979 0.5306965484374999 0.884249759375
4 0.51008115625 0.7641324953125 0.48838123125 0.7604999968749999 0.47018496406250004 0.8691800687500001 0.49188487500000005 0.87281251875 0.51008115625 0.7641324953125
4 0.41430818125 0.8492604046875 0.4351374578125 0.8542771296874999 0.4647347328125 0.73141318125 0.4439060546875 0.72639653125 0.41430818125 0.8492604046875
5 0.3003874109375 0.796756490625 0.28477414843750004 0.7312195906250001 0.237873259375 0.7423911750000001 0.25348609375 0.807927703125 0.3003874109375 0.796756490625
8 0.35499785625 0.6155602890625 0.3126551984375 0.6055497625 0.269007409375 0.79014585 0.31135 0.800156175 0.35499785625 0.6155602890625
8 0.3276805984375 0.62757480625 0.299139071875 0.616303840625 0.2404186296875 0.7649809046875 0.2689600546875 0.7762516781250001 0.3276805984375 0.62757480625
8 0.768163334375 0.7130738187500001 0.7890638640625001 0.7005760343749999 0.7331763 0.6071261406249999 0.712276128125 0.6196237859375 0.768163334375 0.7130738187500001
8 0.758002140625 0.736036071875 0.7847958703125 0.7150044296875 0.713291615625 0.623923409375 0.6864983062500001 0.644954796875 0.758002140625 0.736036071875
