2 0.3599622765625 0.47241542656249996 0.3096345796875 0.465722775 0.3013725921875 0.5278470765625001 0.3517002828125 0.5345396953125 0.3599622765625 0.47241542656249996
1 0.5437773546875 0.5411927765625 0.5500422015625 0.5409234374999999 0.5484230859375 0.5032663390625001 0.5421582765624999 0.5035356796875 0.5437773546875 0.5411927765625
4 0.6680480765625 0.6272492125 0.6437375203125 0.6336109078125001 0.6680770484375 0.7266091875 0.69238758125 0.72024755625 0.6680480765625 0.6272492125
2 0.5970483734375 0.624096190625 0.6273764828124999 0.6204270328125 0.619785175 0.5576879515625001 0.5894574078125 0.5613570875 0.5970483734375 0.624096190625
2 0.3303443890625 0.5447345234375 0.27691788906250003 0.5278846703125 0.254724253125 0.598248284375 0.3081507046875 0.615098028125 0.3303443890625 0.5447345234375
4 0.25479430625 0.680843353125 0.273928140625 0.685096584375 0.2938678671875 0.5954052890625 0.27473436093750003 0.5911520953125 0.25479430625 0.680843353125
1 0.56560815 0.519965515625 0.5490882015625 0.5215027875 0.5529353453125 0.5628416125 0.56945529375 0.561304346875 0.56560815 0.519965515625
1 0.44066442187500005 0.623544271875 0.4303011609375 0.621105065625 0.42392886875 0.6481752203125 0.4342921265625 0.65061441875 0.44066442187500005 0.623544271875
1 0.43830589218749993 0.615185584375 0.4510992546875 0.6148808812500001 0.4503258859375 0.5824149656250001 0.43753259843750003 0.58271966875 0.43830589218749993 0.615185584375
1 0.5237111125 0.5853207546875 0.51107008125 0.5814846015625 0.5001059578125 0.617610059375 0.512746984375 0.6214462000000001 0.5237111125 0.5853207546875
1 0.46554251406249997 0.5746870609375 0.45393339062500004 0.5883375609375 0.4747649796875 0.6060519578125 0.4863740671875 0.5924014921875 0.46554251406249997 0.5746870609375
