2 0.35379062499999997 0.518821875 0.3552140625 0.5037765624999999 0.35379062499999997 0.4842171875 0.3445375 0.47218125000000005 0.32425625 0.4676671875 0.3146484375 0.4759421875 0.30717500000000003 0.4842171875 0.3039734375 0.508290625 0.310378125 0.5255921875 0.3199859375 0.529353125 0.3409796875 0.5331140624999999 0.3463171875 0.5286015625 0.35379062499999997 0.518821875
7 0.326190625 0.4248796875 0.3244265625 0.418040625 0.3170734375 0.3770078125 0.3170734375 0.3913078125 0.31913281250000003 0.41493125 0.3250140625 0.45036875 0.326190625 0.4248796875
7 0.3282875 0.3824234375 0.331625 0.3760109375 0.32768125000000003 0.34330937499999997 0.3282875 0.3824234375
7 0.3643875 0.393965625 0.3659046875 0.408071875 0.3659046875 0.4330796875 0.3662078125 0.44205625 0.3710609375 0.435003125 0.369846875 0.40550625 0.36499375 0.37088125 0.360140625 0.34908125 0.3643875 0.393965625
7 0.3992734375 0.44846718750000003 0.397453125 0.428590625 0.3959359375 0.40743124999999997 0.39441875 0.37537031249999997 0.3919921875 0.40101875 0.39320625 0.42923125000000006 0.3922953125 0.462575 0.3922953125 0.49527656249999996 0.394115625 0.4850171875 0.39715 0.473475 0.40109374999999997 0.46578125000000004 0.3992734375 0.44846718750000003
7 0.41720468750000006 0.347190625 0.4168 0.41461249999999994 0.4168 0.47008593750000005 0.41881874999999996 0.505078125 0.4256828125 0.49824999999999997 0.4232609375 0.4444828125 0.42083750000000003 0.4205859375 0.4192234375 0.3599921875 0.41720468750000006 0.347190625
7 0.4507171875 0.48032812500000005 0.4491015625 0.3693796875 0.44465937499999997 0.48886250000000003 0.4507171875 0.48032812500000005
1 0.5460046875 0.5033703125 0.542775 0.5178796875 0.5460046875 0.5383625000000001 0.5500421875 0.5409234374999999 0.54883125 0.512759375 0.5460046875 0.5033703125
4 0.683065625 0.7029890625 0.6825140625 0.6866671875 0.6772734375 0.6656828124999999 0.672309375 0.64353125 0.6659671875 0.62779375 0.6483171875 0.651109375 0.65135 0.6604359375 0.6554875 0.6785062500000001 0.6623812499999999 0.700075 0.6670703125 0.712315625 0.6736890625 0.725140625 0.68416875 0.71348125 0.683065625 0.7029890625
7 0.6185328125 0.6394515625 0.6204640625 0.672678125 0.618809375 0.6808390625 0.6237734374999999 0.7059031250000001 0.6287375 0.7338843749999999 0.6259796875 0.698909375 0.624325 0.6785062500000001 0.6215671875 0.6546078125 0.6185328125 0.6394515625
2 0.6155 0.5671703124999999 0.6052953125 0.5619234375 0.599228125 0.560175 0.5937125 0.5706671875 0.5917828125 0.5805765625 0.5972984375 0.6021453125 0.6017109375 0.61030625 0.60695 0.6167171875 0.614671875 0.6219640625 0.6246 0.611471875 0.6246 0.59748125 0.6215671875 0.572415625 0.6155 0.5671703124999999
7 0.4034265625 0.6866671875 0.399290625 0.7502046874999999 0.4075640625 0.6843359375 0.4034265625 0.6866671875
2 0.28925625 0.6091390624999999 0.29422031249999997 0.6015625 0.3030453125 0.598646875 0.3110421875 0.5934015625 0.317384375 0.5858234375 0.3198671875 0.5735812499999999 0.321521875 0.5566765625000001 0.3201421875 0.55143125 0.3099390625 0.5438531249999999 0.304975 0.5444359375000001 0.2953234375 0.5432703125 0.2887046875 0.5316125 0.28318906250000003 0.5298625 0.275190625 0.5333609375 0.268571875 0.5543453125 0.270778125 0.589903125 0.2735359375 0.5992296875 0.28925625 0.6091390624999999
4 0.269675 0.679671875 0.28070625 0.6546078125 0.28704999999999997 0.62604375 0.2914625 0.606225 0.2867734375 0.6003953125 0.279603125 0.592234375 0.27463906250000003 0.59281875 0.272984375 0.6021453125 0.2636078125 0.6412 0.260575 0.6750093749999999 0.2652625 0.6831703124999999 0.269675 0.679671875
