1 0.4815765625 0.5969703125 0.4793125 0.573034375 0.4754296875 0.573034375 0.4734890625 0.58534375 0.4734890625 0.5969703125 0.47834062499999996 0.6003890625 0.48028281249999993 0.6024406250000001 0.4815765625 0.5969703125
1 0.509396875 0.555253125 0.50325 0.5655125 0.5055140625 0.576453125 0.513278125 0.5867125 0.5116609375000001 0.5668796875 0.509396875 0.555253125
1 0.54248125 0.583959375 0.5444828125 0.5776109375 0.5441484375 0.564209375 0.5428140625 0.55715625 0.540478125 0.5508078125 0.534471875 0.554334375 0.53580625 0.5649140625 0.5384765625 0.5761999999999999 0.54248125 0.583959375
1 0.5121140625 0.5635046874999999 0.51345 0.5754953125 0.5157859375 0.5966546875 0.5181218750000001 0.593128125 0.520790625 0.5896015625000001 0.5231265625 0.5846640625 0.5221250000000001 0.5747890625000001 0.5201234375 0.5620937500000001 0.51445 0.5564515625 0.5121140625 0.5635046874999999
1 0.48274999999999996 0.607234375 0.48642031250000006 0.6030031250000001 0.4884234375 0.59595 0.4897578125 0.5874859375 0.48875624999999995 0.5747890625000001 0.48441875 0.5620937500000001 0.48274999999999996 0.569146875 0.48041406249999996 0.5867796875 0.48274999999999996 0.607234375
7 0.6052140625 0.440071875 0.6092187499999999 0.43372343750000003 0.6022109375 0.35684218749999996 0.6052140625 0.440071875
2 0.7133296875 0.48450781249999997 0.717334375 0.4668734375 0.7119953125 0.4365453125 0.7069890625 0.43795624999999994 0.6973125 0.440071875 0.6886375 0.44077656249999997 0.6746218749999999 0.449240625 0.6676140625 0.46123125 0.67161875 0.48803437499999996 0.6749546875 0.5028453125000001 0.6812953125 0.521184375 0.689971875 0.516246875 0.705321875 0.502140625 0.7133296875 0.48450781249999997
7 0.6616078125 0.38787812499999996 0.6599390625 0.36601249999999996 0.6512640625 0.3455578125 0.6586046875 0.3815296875 0.6569359375 0.41115312499999995 0.65293125 0.43583906250000004 0.6512640625 0.4464203125 0.6549343750000001 0.449240625 0.6606062500000001 0.41820625 0.6616078125 0.38787812499999996
7 0.678959375 0.31734375 0.68363125 0.349084375 0.6846328125000001 0.37518125 0.6856328125 0.4055109375 0.6889703125 0.40198437499999995 0.68696875 0.3575484375 0.678959375 0.31734375
7 0.6722859375 0.3504953125 0.6682812499999999 0.3074703125 0.6706171875 0.3624859375 0.676290625 0.39493125 0.682296875 0.4048046875 0.6766234375 0.37024375 0.6752890625 0.325103125 0.671284375 0.2983 0.6722859375 0.3504953125
7 0.639584375 0.3596640625 0.635246875 0.3815296875 0.6355796875 0.40762656249999996 0.6366283796875 0.453363184375 0.6462279843750001 0.43721839375 0.6385828124999999 0.3935203125 0.639584375 0.3596640625
7 0.7376890625 0.6192249999999999 0.72968125 0.6037078124999999 0.7180015625 0.5825484375000001 0.709325 0.5635046874999999 0.70665625 0.5712625 0.70665625 0.5776109375 0.7106609374999999 0.586075 0.7206703125 0.598065625 0.72968125 0.6142875 0.7393578125 0.6326265624999999 0.7520374999999999 0.6601343749999999 0.7376890625 0.6192249999999999
7 0.7273453125 0.655196875 0.7313484375 0.6585078125 0.7143312500000001 0.6269843749999999 0.719003125 0.6446171875 0.7273453125 0.655196875
7 0.7440296875 0.682 0.7350203125 0.6615453125 0.7313484375 0.6585078125 0.7440296875 0.682
7 0.6726203125 0.6276890625 0.6649453125 0.5994765625 0.6582703125 0.6086453125 0.6619421875 0.6255734375 0.6719515625 0.6446171875 0.6846328125000001 0.6615453125 0.701984375 0.712328125 0.7026515625 0.7038640625 0.690971875 0.665071875 0.6819625 0.6446171875 0.6726203125 0.6276890625
7 0.6492609375 0.6114671875 0.645925 0.6206359375 0.6479265625 0.63333125 0.6592718750000001 0.70104375 0.6782921875000001 0.7398359375 0.6709515625 0.717971875 0.6662796875 0.703159375 0.6586046875 0.6636609375 0.6552671875 0.612171875 0.6492609375 0.6114671875
7 0.6312421875 0.713034375 0.6262375 0.6855265625 0.6185625 0.63826875 0.613890625 0.6453218749999999 0.618228125 0.6784734375 0.6282390625 0.7207921875000001 0.6385828124999999 0.750415625 0.6312421875 0.713034375
2 0.2922125 0.5261218750000001 0.2778640625 0.5204796875000001 0.272525 0.5338796875 0.269521875 0.5564515625 0.2721921875 0.5705578124999999 0.2808671875 0.5832531249999999 0.29588437500000003 0.5952437500000001 0.31256875 0.592421875 0.3175734375 0.5811375 0.3222453125 0.5508078125 0.310565625 0.540228125 0.2922125 0.5261218750000001
7 0.2798671875 0.66225 0.28520625 0.64814375 0.289878125 0.6107609375 0.28620625 0.6008859375 0.28620625 0.6178140625 0.282203125 0.640384375 0.2688546875 0.6770625 0.2798671875 0.66225
7 0.243828125 0.6559015625 0.26785468749999997 0.612171875 0.2661859375 0.6022968750000001 0.262515625 0.61005625 0.243828125 0.6559015625
