2 0.6775699859375 0.52184015 0.725525203125 0.5133985187500001 0.7119953125 0.4365453125 0.6640406296875 0.44498689531249996 0.6775699859375 0.52184015
2 0.2638328671875 0.590307128125 0.3149484640625 0.598180028125 0.325780021875 0.5278598171875 0.274665034375 0.519986965625 0.2638328671875 0.590307128125
1 0.2998219546875 0.45107687656250006 0.2908027015625 0.46385905781250003 0.30849149374999996 0.47633963437500004 0.317510725 0.463557471875 0.2998219546875 0.45107687656250006
1 0.4409323890625 0.5995718 0.44613214375 0.5998142750000001 0.447321071875 0.5743207531250001 0.44212134062499997 0.5740782796875 0.4409323890625 0.5995718
1 0.47701126718750003 0.561773909375 0.4690189734375 0.5621947031250001 0.4711111484375 0.6019281296875 0.47910344218749995 0.6015073375 0.47701126718750003 0.561773909375
1 0.4935870203125 0.5593675296875 0.4842861703125 0.55954475625 0.485104953125 0.6025104484375 0.4944058015625 0.6023332234375001 0.4935870203125 0.5593675296875
1 0.5244883421875 0.556001278125 0.518014740625 0.5564061671875 0.520136753125 0.59033079375 0.5266103546875 0.58992590625 0.5244883421875 0.556001278125
1 0.4698885421875 0.6337251109375 0.46080661562499997 0.637843584375 0.471809775 0.6621043249999999 0.48089169531250003 0.6579858625 0.4698885421875 0.6337251109375
1 0.4797115515625 0.651887196875 0.47446481562500004 0.6516658609375 0.47391350781249997 0.664732759375 0.4791602453125 0.6649540953125 0.4797115515625 0.651887196875
1 0.5047643921875 0.6589265875 0.5144099078125 0.6586873625 0.5134810843750001 0.6212432890625 0.5038356375 0.6214825140625 0.5047643921875 0.6589265875
1 0.5373659046875 0.6260573 0.5243354671875 0.6265284375 0.525341328125 0.65434449375 0.538371765625 0.65387335625 0.5373659046875 0.6260573
