8 0.3339328125 0.4214171875 0.330225 0.430059375 0.33170781250000003 0.456771875 0.3287421875 0.48741406249999997 0.3339328125 0.4929125 0.342459375 0.49684062500000004 0.3465375 0.4929125 0.34950312499999997 0.4740578125 0.3491328125 0.4552015625 0.34690781249999997 0.43870156250000003 0.34060625 0.4245609375 0.3339328125 0.4214171875
7 0.3639625 0.483484375 0.368040625 0.4858421875 0.371378125 0.4536296875 0.3706359375 0.4245609375 0.370265625 0.3962765625 0.3687828125 0.3656359375 0.3665578125 0.4614859375 0.3639625 0.483484375
8 0.399925 0.41827500000000006 0.3936234375 0.4080609375 0.388803125 0.4159171875 0.3843546875 0.433203125 0.3843546875 0.45284375 0.3821296875 0.4819140625 0.384725 0.4929125 0.39065625000000004 0.4819140625 0.3973296875 0.49212812499999997 0.3984421875 0.483484375 0.3995546875 0.4646296875 0.399925 0.4363453125 0.399925 0.41827500000000006
1 0.4301796875 0.5706765625 0.4297984375 0.55206875 0.42750781250000003 0.5399328125 0.42330781249999994 0.5472140624999999 0.421015625 0.5577328125000001 0.4236890625 0.5698671875 0.4255984375 0.5779578125 0.428653125 0.5763390625 0.4301796875 0.5706765625
1 0.44927031250000005 0.5633953125 0.4477421875 0.5755312499999999 0.4511796875 0.587665625 0.45499687499999997 0.587665625 0.45652499999999996 0.5771484375 0.45652499999999996 0.560159375 0.45347031250000003 0.55935 0.44927031250000005 0.5633953125
7 0.48859531250000005 0.46873906249999997 0.48668750000000005 0.4485125 0.48324999999999996 0.4889640625 0.4798140625 0.5277984375 0.4782875 0.5399328125 0.476378125 0.545596875 0.47866875000000003 0.55206875 0.48668750000000005 0.536696875 0.48706875 0.49867343750000004 0.48859531250000005 0.46873906249999997
7 0.5569390624999999 0.5286062499999999 0.553884375 0.443659375 0.55159375 0.47440156250000004 0.5523578125 0.5011 0.5527390624999999 0.536696875 0.55159375 0.5706765625 0.557703125 0.5714859375 0.5569390624999999 0.5544953125000001 0.5569390624999999 0.5286062499999999
7 0.52300306875 0.439483365625 0.52166318125 0.4430564 0.5176435171875 0.45868843125 0.5171968859375 0.4689609078125 0.5167502578125001 0.47744686718749996 0.5158569984375 0.499331709375 0.5301491406250001 0.4984384515625 0.533275546875 0.49486541562499997 0.533275546875 0.48637945625 0.5323822875 0.472980571875 0.52925588125 0.44841595312500004 0.52300306875 0.439483365625
0 0.5905720421875 0.726297075 0.5964412328125 0.6918155796875001 0.5370156781250001 0.6764089546875 0.455580659375 0.658067734375 0.4100944328125 0.6536658421875 0.3770802359375 0.663936925 0.33306130624999997 0.6610023296875001 0.31618738281250003 0.7233624796875 0.3594726625 0.712357746875 0.41302902656249996 0.708689503125 0.4621834984375 0.696217471875 0.498865940625 0.6918155796875001 0.564894334375 0.7116240984375 0.5905720421875 0.726297075
0 0.5289455421875 0.5722460828125 0.6030440718750001 0.5737133796875 0.6573340859375 0.5458347234375001 0.6433947578125 0.4621987578125 0.5751654171875 0.5245589078124999 0.553155953125 0.5194233671874999 0.5208754046874999 0.5230916109375 0.47685647500000006 0.5194233671874999 0.44677687343750005 0.5062176875 0.4196318671875 0.489343765625 0.369743746875 0.489343765625 0.27877129218749996 0.473203490625 0.2795049421875 0.5135541765625 0.321322925 0.52602620625 0.381482128125 0.5399655328125 0.4511787671875 0.563442296875 0.5289455421875 0.5722460828125
