7 0.37496692343750004 0.36588886875000004 0.36878277812500004 0.3656359359375 0.36387303125 0.4856717328125 0.3700571765625 0.4859246640625 0.37496692343750004 0.36588886875000004
7 0.4959473046875 0.44949571875 0.4866874265625 0.4485124921875 0.4757240796875 0.5517560828125 0.48498395624999996 0.5527393015625 0.4959473046875 0.44949571875
7 0.55161010625 0.5715944984375 0.55770314375 0.5714859375 0.555424903125 0.44363192656250006 0.5493319890625 0.44374048593750004 0.55161010625 0.5715944984375
7 0.58067333125 0.546633003125 0.5893219796875 0.546340621875 0.5848109375 0.412915625 0.576162459375 0.413208003125 0.58067333125 0.546633003125
7 0.5355151859375 0.4399940296875 0.5183076 0.4392917265625 0.5158569984375 0.499331709375 0.533064584375 0.5000340078125001 0.5355151859375 0.4399940296875
8 0.403409090625 0.40625 0.38352272656249997 0.40625 0.38352272656249997 0.49786931875 0.403409090625 0.49786931875 0.403409090625 0.40625
8 0.3261038890625 0.516109103125 0.3515510609375 0.5172926062500001 0.3559095875 0.4235801640625 0.3304627484375 0.4223966671875 0.3261038890625 0.516109103125
1 0.41848351250000004 0.5676212875 0.42619478749999995 0.568066334375 0.42826471406250005 0.5322039484375 0.42055348437499995 0.5317589046875 0.41848351250000004 0.5676212875
1 0.451713478125 0.5322020546874999 0.4333350359375 0.5346331281250001 0.43863256406250006 0.5746777046875 0.45701100468750006 0.5722466390625 0.451713478125 0.5322020546874999
1 0.4505171859375 0.6011057703125 0.4566304703125 0.6009133515625 0.4557030765625 0.5714527890625 0.449589825 0.57164520625 0.4505171859375 0.6011057703125
