8 0.2816523796875 0.4387111953125 0.311262609375 0.4376866671875 0.30648567187500003 0.2996377703125 0.276875909375 0.30066228906250003 0.2816523796875 0.4387111953125
2 0.3470377890625 0.5202793140625 0.3813701453125 0.5260788859375001 0.3929818421875 0.4573440625 0.3586498359375 0.45154452031250003 0.3470377890625 0.5202793140625
7 0.377415446875 0.33270336093749997 0.3698874828125 0.3325609375 0.3675390625 0.45668437500000003 0.375067025 0.456826796875 0.377415446875 0.33270336093749997
7 0.39503210625 0.3578907515625 0.3872226015625 0.3582879296875 0.39182643281249996 0.44880655 0.3996359375 0.44840937500000005 0.39503210625 0.3578907515625
7 0.45403236874999997 0.33681532187499996 0.4450406078125 0.3366984375 0.4430828125 0.4873015625 0.45207457343749996 0.4874184453125 0.45403236874999997 0.33681532187499996
1 0.42582137812500004 0.5252407875 0.43477862656250005 0.5258463234375 0.436851928125 0.49517962187500003 0.427894721875 0.4945740890625 0.42582137812500004 0.5252407875
1 0.5273164312499999 0.5289473671875 0.545530334375 0.526324665625 0.5391488 0.4820107546875 0.520935021875 0.4846334484375 0.5273164312499999 0.5289473671875
7 0.526457984375 0.4856889328125 0.534152675 0.4854237078125 0.52933125 0.3455546875 0.5216367015625 0.34581990937499996 0.526457984375 0.4856889328125
7 0.64568621875 0.4433474890625 0.6544797 0.4438140625 0.65995 0.3407203125 0.6511566328125 0.340253740625 0.64568621875 0.4433474890625
2 0.5707964796875 0.6440564515625 0.6056200140625 0.64006365625 0.5978398171875 0.5722177796875 0.5630167203124999 0.5762105484375 0.5707964796875 0.6440564515625
7 0.38240674218750004 0.63001189375 0.37591239062500004 0.6293265515625001 0.3652671875 0.7301875 0.37176153749999996 0.7308728359375001 0.38240674218750004 0.63001189375
5 0.6513671875 0.5458984375 0.584168096875 0.5650960031250001 0.608711434375 0.6509980734374999 0.6759104609375 0.6318006640625 0.6513671875 0.5458984375
1 0.444029396875 0.5558677046875 0.46071225781249997 0.5529798953125 0.45256008750000004 0.5058893296875 0.435877353125 0.508777128125 0.444029396875 0.5558677046875
1 0.479613803125 0.498136184375 0.46293653125 0.5040891078125 0.4718350796875 0.529016628125 0.4885123453125 0.5230637171875 0.479613803125 0.498136184375
