1 0.5771729953125 0.5024440390625 0.592266825 0.5028165203125 0.5936853015625 0.445338071875 0.5785915968750001 0.44496559218750004 0.5771729953125 0.5024440390625
7 0.668541 0.347007946875 0.66053119375 0.34535155156249997 0.644303096875 0.4238220484375 0.6523129 0.4254784359375 0.668541 0.347007946875
7 0.6979905703125 0.5893866375 0.6892368609374999 0.5922887968749999 0.7233637828124999 0.6952125921875 0.7321174765625 0.6923104640625 0.6979905703125 0.5893866375
7 0.697498671875 0.7112135640624999 0.7108769640625 0.7069342468750001 0.6804558859375 0.6118433859375 0.6670778453125 0.616122659375 0.697498671875 0.7112135640624999
6 0.3347659265625 0.71002313125 0.3051103421875 0.71002313125 0.3051103421875 0.7493642265625 0.3347659265625 0.7493642265625 0.3347659265625 0.71002313125
6 0.27081324218749997 0.7213603375 0.23877083593749998 0.6841076937499999 0.19740487812500002 0.7196826796875 0.229447046875 0.7569350984375001 0.27081324218749997 0.7213603375
1 0.24505859062500002 0.549671378125 0.26897586093750003 0.5097942078125001 0.2366082703125 0.49038263437499996 0.21269100624999998 0.530259684375 0.24505859062500002 0.549671378125
1 0.21367209062499998 0.5264527250000001 0.20451708906250002 0.5349794390625 0.21995772656249998 0.5515563265625001 0.22911271093750002 0.5430296265625 0.21367209062499998 0.5264527250000001
1 0.31058814375 0.6391594171875 0.36387620625 0.6404442625 0.366236475 0.542544928125 0.3129493734375 0.54126009375 0.31058814375 0.6391594171875
1 0.7730624796875001 0.5400729828124999 0.765002446875 0.535120853125 0.7486029640625 0.5618100375 0.7566629859375 0.5667621546875 0.7730624796875001 0.5400729828124999
1 0.7682499796875 0.3619242859375 0.7417713203125 0.36145955625 0.7401888640625 0.45161818125000003 0.766667525 0.4520829078125 0.7682499796875 0.3619242859375
