1 0.591046875 0.4580390625 0.5935296875 0.45164375 0.5900531250000001 0.4452484375 0.583596875 0.4525578125 0.5796234375 0.46443593749999995 0.5776375 0.48362343750000003 0.5776375 0.49184687499999996 0.5845906249999999 0.500984375 0.592040625 0.5028109374999999 0.5925374999999999 0.49184687499999996 0.5900531250000001 0.47083125 0.591046875 0.4580390625
7 0.6564265625 0.3891484375 0.65273125 0.403496875 0.6461640625 0.41482343750000006 0.6449328125 0.4216203125 0.6519109375000001 0.42539531249999996 0.6588890625 0.39367968750000004 0.6613515624999999 0.36724999999999997 0.66053125 0.3453515625 0.6564265625 0.3891484375
7 0.6456296874999999 0.40591406250000006 0.6433359375000001 0.3956 0.64435625 0.384815625 0.6451203125 0.3698109375 0.6479234375 0.35293125000000003 0.6499625 0.3365203125 0.6446109375 0.3524625 0.641296875 0.3684046875 0.6405328124999999 0.3745 0.639003125 0.3566828125 0.6341609375 0.3435546875 0.631103125 0.338865625 0.635690625 0.361840625 0.637475 0.3773125 0.636709375 0.386221875 0.6359453125 0.40357031250000003 0.636709375 0.41716718750000004 0.6359453125 0.42279375 0.645884375 0.41998125000000003 0.6456296874999999 0.40591406250000006
1 0.7213265625 0.433109375 0.722090625 0.4406125 0.7256578124999999 0.44670781249999997 0.729990625 0.453271875 0.738146875 0.453271875 0.7465578125000001 0.453271875 0.753184375 0.4513953125 0.7603203125 0.4471765625 0.7649078125 0.44014218749999995 0.7689859375 0.430765625 0.7707703125 0.41107187500000003 0.7664375 0.39419218749999996 0.7623593750000001 0.38575312500000003 0.7536937499999999 0.3913796875 0.7460484375 0.3909109375 0.7399312499999999 0.3937234375 0.732284375 0.39888124999999997 0.7259140625 0.4124796875 0.7215812500000001 0.42045000000000005 0.7213265625 0.433109375
7 0.7022109375000001 0.6206609375000001 0.710621875 0.65066875 0.717503125 0.6764578125 0.7233640625 0.6952125 0.7147 0.648325 0.7075625 0.6239421875 0.7032296875 0.6051875 0.6955843749999999 0.590184375 0.6922703125 0.6014375000000001 0.7022109375000001 0.6206609375000001
7 0.686409375 0.6492625000000001 0.68335 0.6305078125 0.6820765625 0.616909375 0.6734109375 0.614096875 0.6810562499999999 0.6539515625 0.6848796875 0.67176875 0.69278125 0.6881796875 0.7009359374999999 0.7013078125 0.7108765625 0.706934375 0.698896875 0.6895859375 0.6904874999999999 0.6703625 0.686409375 0.6492625000000001
1 0.36400156250000004 0.62863125 0.36553125 0.6220671875 0.36655000000000004 0.615034375 0.3657859375 0.60378125 0.36400156250000004 0.592996875 0.3662953125 0.5822125 0.36884375 0.571428125 0.3691 0.5639265625000001 0.366040625 0.5512671874999999 0.3632375 0.5512671874999999 0.3555921875 0.5503296875 0.3492203125 0.5526734375 0.3428484375 0.55595625 0.33749531250000003 0.5681468749999999 0.330359375 0.5733046875000001 0.32475312500000003 0.5822125 0.31838125 0.590653125 0.3132828125 0.6042500000000001 0.309715625 0.614565625 0.313028125 0.6328515625 0.3219484375 0.637071875 0.32628124999999997 0.6403531250000001 0.33341875 0.6464484374999999 0.34182812500000004 0.648325 0.3474359375 0.6431671875 0.3555921875 0.637071875 0.3619625 0.6337890625 0.36400156250000004 0.62863125
1 0.25259546875 0.533257103125 0.25259546875 0.525305021875 0.2507243921875 0.5187562515625 0.24464339062499998 0.5094008624999999 0.23856238749999997 0.510804171875 0.2240615375 0.5136107875 0.21377060937499998 0.5140785578125 0.2156416875 0.515014096875 0.2399656953125 0.5323215625 0.25025662187500003 0.5341926406249999 0.25259546875 0.533257103125
6 0.32564113125 0.7465223125 0.330773828125 0.740819315625 0.3347659265625 0.7328351203125 0.3347659265625 0.728272721875 0.3347659265625 0.718007328125 0.3347659265625 0.71173403125 0.3336253265625 0.718007328125 0.33134412812499997 0.7202885265625001 0.32963322968750003 0.723140025 0.3273520296875 0.7259915234375 0.3233599328125 0.729413321875 0.320508434375 0.730553921875 0.3125242375 0.7345460187499999 0.3113836390625 0.728272721875 0.3102430390625 0.7208588265625 0.3102430390625 0.718007328125 0.3102430390625 0.717437028125 0.3096727390625 0.7100231328125 0.3051103421875 0.7214291265624999 0.3051103421875 0.727132121875 0.306821240625 0.7362569171875 0.307961840625 0.742530215625 0.3091024390625 0.7476629124999999 0.3087621765625 0.7493642265625 0.3222193328125 0.7488035125 0.32564113125 0.7465223125
6 0.2087296921875 0.7259915234375 0.21215148906249998 0.7368272171875 0.22070598593750002 0.742530215625 0.23667437656249998 0.7470926125 0.240666475 0.7448114140625 0.2515021703125 0.7379678171874999 0.258345765625 0.728843021875 0.26005666562499996 0.723710325 0.25891606562499997 0.71287463125 0.25321306875 0.7008983375 0.24522887343750002 0.6951953390625001 0.240666475 0.6894923421875 0.2378149765625 0.6849299453125 0.23268227968750002 0.6912032421875 0.2269792828125 0.7014686375 0.2150029875 0.7071716328125001 0.20929999062500002 0.7094528328124999 0.20815939218750001 0.718577628125 0.2087296921875 0.7259915234375
