1 0.3291015625 0.4875140625 0.331140625 0.48048124999999997 0.33190624999999996 0.468759375 0.331140625 0.4551609375 0.32731875 0.444846875 0.325025 0.4551609375 0.3245140625 0.4659453125 0.324259375 0.4753234375 0.3291015625 0.4875140625
1 0.3342 0.44906562499999997 0.333690625 0.45797499999999997 0.3321609375 0.47016562500000003 0.3316515625 0.48048124999999997 0.3303765625 0.493140625 0.33317968750000004 0.50251875 0.33649375 0.5011109375 0.3387875 0.49876718750000004 0.343375 0.493140625 0.3479625 0.48610781249999996 0.3522953125 0.4776671875 0.352040625 0.469696875 0.351275 0.46125625000000003 0.34745312500000003 0.449534375 0.3426109375 0.4443765625 0.3380234375 0.436875 0.3354734375 0.43828125 0.3342 0.44906562499999997
1 0.373040625 0.478365625 0.3690390625 0.475265625 0.3669328125 0.476040625 0.3658796875 0.479528125 0.366721875 0.487278125 0.367353125 0.49541562499999997 0.3696703125 0.49541562499999997 0.371565625 0.49347812500000005 0.3749359375 0.487278125 0.37472500000000003 0.483790625 0.373040625 0.478365625
1 0.45266093749999997 0.531840625 0.45729375 0.540753125 0.45729375 0.538040625 0.45602968749999995 0.530678125 0.4549765625 0.524478125 0.45076406249999995 0.523703125 0.45266093749999997 0.531840625
1 0.4829921875 0.496578125 0.48257031250000004 0.49270312499999996 0.480675 0.49774062499999994 0.477515625 0.508203125 0.47730468750000005 0.517115625 0.47919999999999996 0.520990625 0.480675 0.525253125 0.483834375 0.5295156249999999 0.48509843750000003 0.531453125 0.48362343750000003 0.5140156250000001 0.4832015625 0.501615625 0.4829921875 0.496578125
1 0.49584062500000003 0.535328125 0.4947875 0.5295156249999999 0.49057500000000004 0.525253125 0.48636093750000003 0.5233156250000001 0.4861515625 0.527965625 0.4878359375 0.532615625 0.49078437499999994 0.5372656250000001 0.4931015625 0.541915625 0.49499843749999994 0.547728125 0.49626093750000005 0.546953125 0.49689375 0.542303125 0.49584062500000003 0.535328125
1 0.5126906250000001 0.5349406250000001 0.5101640625 0.538815625 0.5072140625 0.543078125 0.504896875 0.546565625 0.509953125 0.546565625 0.5154296875 0.543465625 0.5181671875 0.534165625 0.516903125 0.5295156249999999 0.514796875 0.5322281249999999 0.5126906250000001 0.5349406250000001
1 0.6095828125 0.48572812499999996 0.6095828125 0.48185312500000005 0.6072656249999999 0.482628125 0.6038953125 0.487665625 0.6022109375 0.495028125 0.6032640625 0.505490625 0.6045281250000001 0.510528125 0.607896875 0.5147906250000001 0.610003125 0.508203125 0.609371875 0.49812812500000003 0.609371875 0.489990625 0.6095828125 0.48572812499999996
1 0.6441265625 0.48921562500000004 0.6441265625 0.482628125 0.6420203124999999 0.47759062500000005 0.638228125 0.482628125 0.6367546875000001 0.487665625 0.63654375 0.492315625 0.639071875 0.500065625 0.6420203124999999 0.504715625 0.6451796875 0.5070406249999999 0.6466546875 0.505103125 0.643284375 0.49541562499999997 0.6441265625 0.48921562500000004
1 0.70136875 0.52621875 0.69859375 0.5369984375 0.6979765625 0.54664375 0.70321875 0.5574234375 0.7109296875 0.5665 0.7232640625 0.5682031249999999 0.734675 0.5585578124999999 0.7411515625 0.550615625 0.7380671875 0.5364312499999999 0.7356 0.5273546875 0.734675 0.515440625 0.7312828125 0.503525 0.725115625 0.49615 0.717096875 0.4995546875 0.7140125 0.510334375 0.7069203125 0.50863125 0.70044375 0.50863125 0.69859375 0.5114687499999999 0.70229375 0.514871875 0.70136875 0.52621875
7 0.7019859375 0.6635156249999999 0.6911921875 0.628340625 0.6816328125 0.5988390625 0.6763890625 0.6039453124999999 0.685025 0.6243703125 0.691809375 0.6470640624999999 0.6998265625 0.6680546875 0.708153125 0.683940625 0.7164796875 0.6896140625 0.715246875 0.6845078124999999 0.7090796874999999 0.678834375 0.7019859375 0.6635156249999999
7 0.659428125 0.6379859375 0.6646703125 0.6606796875 0.67330625 0.6833734375 0.684715625 0.7032296875 0.6680625 0.661246875 0.6637453125 0.6385531249999999 0.6631296875 0.6175609375 0.6634375 0.6056468749999999 0.658503125 0.60961875 0.659428125 0.6379859375
1 0.6304390625 0.5562890625 0.62735625 0.5523171875 0.6236546875 0.5608265625 0.6248890625 0.5687703125 0.62920625 0.5750109375 0.63198125 0.5772796875 0.6316734375 0.5659328125 0.6304390625 0.5562890625
1 0.634140625 0.5647984375 0.6362984375 0.57160625 0.6384578125 0.56706875 0.638765625 0.560259375 0.6353734375 0.55175 0.63198125 0.550615625 0.634140625 0.5647984375
1 0.3609078125 0.5676359375 0.3599828125 0.5767125 0.3649171875 0.5886265625 0.3707765625 0.57160625 0.368309375 0.5613953125 0.36429999999999996 0.5636640625 0.3609078125 0.5676359375
1 0.2761 0.5625296875 0.27702499999999997 0.5523171875 0.273325 0.555153125 0.268390625 0.555153125 0.265615625 0.5557218749999999 0.2696234375 0.5659328125 0.273325 0.5721734374999999 0.2761 0.5625296875
7 0.24119687500000003 0.5846046874999999 0.23390781249999998 0.5768671875 0.2145625 0.616065625 0.216525 0.6181281249999999 0.2299828125 0.60265625 0.24119687500000003 0.5846046874999999
9 0.8216145828125001 0.5546875 0.7981770828125 0.5091145828125 0.7473958328125 0.5390625 0.7643229171875 0.6263020828125 0.8216145828125001 0.5546875
9 0.2552083328125 0.3854166671875 0.2604166671875 0.32421875 0.23697916718749998 0.26953125 0.22135416718749998 0.2643229171875 0.21484375 0.3854166671875 0.2552083328125 0.3854166671875
9 0.4166666671875 0.35546875 0.4348958328125 0.33203125 0.4283854171875 0.2810197921875 0.4127604171875 0.1989885421875 0.3815104171875 0.2028947921875 0.390625 0.3411458328125 0.4166666671875 0.35546875
