1 0.35535890000000003 0.43822128281249995 0.3347661140625 0.436622034375 0.32966937343749997 0.5022461375 0.350262159375 0.5038453796875 0.35535890000000003 0.43822128281249995
1 0.37389263437500003 0.474815528125 0.3655146875 0.47559245937499994 0.36737288281249997 0.495628678125 0.3757508296875 0.4948517484375 0.37389263437500003 0.474815528125
1 0.45458813749999993 0.5228117984375 0.45076406249999995 0.523703125 0.454870146875 0.541318025 0.458694221875 0.5404267 0.45458813749999993 0.5228117984375
1 0.478195759375 0.531869975 0.4850984578125 0.5314531234375 0.482757475 0.492691821875 0.47585481874999996 0.49310867187499996 0.478195759375 0.531869975
1 0.4908424796875 0.52119180625 0.48396614062500004 0.524450528125 0.49499842968749996 0.5477281296875 0.501874765625 0.544469415625 0.4908424796875 0.52119180625
1 0.5223508421874999 0.533181628125 0.5165166734375 0.529255565625 0.5048762875 0.546551771875 0.5107104515625001 0.550477828125 0.5223508421874999 0.533181628125
1 0.602527528125 0.514876265625 0.6101076609375 0.5147553625 0.6095828125 0.48185312500000005 0.6020027171875 0.48197402812499995 0.602527528125 0.514876265625
1 0.63828730625 0.507815865625 0.646851496875 0.5068525828125 0.643540675 0.47741961718750003 0.6349765203125 0.478382896875 0.63828730625 0.507815865625
1 0.7026450578125 0.57199925 0.7436973734375 0.5644411859375 0.7309261046875 0.4950802375 0.689874246875 0.5026382593750001 0.7026450578125 0.57199925
7 0.7093790671875 0.6923998124999999 0.7171480031249999 0.6893518656250001 0.6816328125 0.5988390625 0.6738640109375 0.6018869812500001 0.7093790671875 0.6923998124999999
7 0.6741567625 0.70553178125 0.6847159453125 0.7032296171875 0.6634375 0.6056468749999999 0.6528785187499999 0.607949015625 0.6741567625 0.70553178125
1 0.6258608999999999 0.578063 0.6331073765624999 0.5771355609375 0.6298891765625 0.5519930093750001 0.62264273125 0.5529204484375 0.6258608999999999 0.578063
1 0.637176909375 0.549824646875 0.63198125 0.550615625 0.6352025343750001 0.5717730875 0.6403981937500001 0.5709821109375001 0.637176909375 0.549824646875
1 0.3717811125 0.5617490843749999 0.361613334375 0.56071298125 0.358831834375 0.5880064625 0.3689996125 0.5890425640625 0.3717811125 0.5617490843749999
1 0.2821637625 0.5695358546875 0.2770249953125 0.552317171875 0.265615625 0.5557218749999999 0.270754371875 0.572940540625 0.2821637625 0.5695358546875
7 0.24284014062499998 0.5812749984375001 0.2339077421875 0.576867153125 0.21412829531250002 0.6169454328125 0.22306068125 0.6213532609375 0.24284014062499998 0.5812749984375001
9 0.7428076390625 0.2862281671875 0.703125 0.3802083328125 0.761718703125 0.4049480296875 0.80140096875 0.31096818125 0.7428076390625 0.2862281671875
9 0.42606684218749996 0.1981113015625 0.3813892390625 0.2010567203125 0.391677840625 0.3571161546875 0.43635544218750005 0.35417075468750003 0.42606684218749996 0.1981113015625
1 0.376527903125 0.5732076296875 0.3703279109375 0.5724852296875 0.366004559375 0.6095864828125 0.3722045515625 0.6103088796875 0.376527903125 0.5732076296875
1 0.4116491203125 0.5989273234375 0.39982453906250004 0.597440284375 0.39752711875 0.615706796875 0.4093516984375 0.6171938328125 0.4116491203125 0.5989273234375
1 0.3341790046875 0.5888989125 0.329372496875 0.5816376156249999 0.31180391875 0.5932656453125 0.3166104109375 0.6005269281250001 0.3341790046875 0.5888989125
