1 0.2359359375 0.7613453125 0.23893749999999997 0.77428125 0.24644218750000002 0.7750421875 0.24681718749999998 0.7643890625 0.24681718749999998 0.7491703125 0.24419062500000002 0.7430828125 0.23931249999999998 0.7476484375 0.2359359375 0.7613453125
1 0.27120625 0.76819375 0.2667046875 0.775803125 0.27045625 0.7834125000000001 0.276459375 0.7826515625 0.28358906250000004 0.7788468749999999 0.2839640625 0.769715625 0.2779609375 0.7674328125 0.27120625 0.76819375
7 0.3849 0.7232984375 0.385275 0.7324296875 0.391653125 0.7293859375 0.391653125 0.6981875 0.39390468749999996 0.67688125 0.39578125000000003 0.6433984374999999 0.3890265625 0.6890562499999999 0.38827656250000003 0.6479640625 0.3849 0.7232984375
1 0.5751375000000001 0.8039578125 0.579640625 0.79863125 0.5830171875 0.78645625 0.5788890624999999 0.76515 0.5728859374999999 0.754496875 0.5683828125 0.748409375 0.5665078125 0.7598234374999999 0.5676328125000001 0.777325 0.569884375 0.7948265625000001 0.5751375000000001 0.8039578125
7 0.6886703125 0.6697796874999999 0.6833640625 0.692665625 0.687328125 0.696665625 0.6944578124999999 0.6624234375 0.6959593749999999 0.6411156250000001 0.696709375 0.625896875 0.6948328125 0.60306875 0.6919609375 0.6471109375 0.6886703125 0.6697796874999999
7 0.6603125000000001 0.647203125 0.6603125000000001 0.6045906249999999 0.6580609374999999 0.6182875 0.6569359375 0.6403546875 0.6584375 0.6654671875 0.6633140625 0.6860125 0.6689437500000001 0.7050359375 0.6715703125 0.6974265625 0.6663171875 0.679925 0.6633140625 0.6662281250000001 0.6603125000000001 0.647203125
7 0.674196875 0.6555734375 0.679825 0.6540515625000001 0.6779484375 0.6023078125 0.674196875 0.6555734375
6 0.7301046875 0.9695625 0.738734375 0.9863031250000001 0.7511171875 0.9939125000000001 0.766125 0.9916296875 0.77475625 0.9855421874999999 0.7837609375000001 0.9680406250000001 0.7837609375000001 0.9505390625000001 0.7807593749999999 0.9307546875 0.77663125 0.9124921875 0.7676265625 0.9003171875 0.7608718750000001 0.8927078125 0.7676265625 0.9231453125 0.771003125 0.9414078124999999 0.7717546875 0.9627140624999999 0.7657499999999999 0.9695625 0.7574953125 0.955865625 0.7518671875 0.9414078124999999 0.7511171875 0.9444515625 0.749240625 0.9535828125 0.7421109375 0.9604312500000001 0.7353578125 0.9581484375 0.728228125 0.9444515625 0.727478125 0.9520609375 0.7301046875 0.9695625
1 0.7421109375 0.8706406250000001 0.7466140625000001 0.8531390625 0.7454890625 0.8348765625000001 0.739109375 0.8424859375 0.7297296875 0.8523781250000001 0.7256015625 0.8607484375000001 0.71246875 0.858465625 0.7000859375 0.8447687500000001 0.6955843749999999 0.85085625 0.6985859375000001 0.8714015625 0.6997109375 0.8782500000000001 0.71246875 0.8927078125 0.7214734375 0.8896640625 0.728978125 0.879771875 0.7364828125 0.8782500000000001 0.7421109375 0.8706406250000001
1 0.3668890625 0.8790109375 0.36538750000000003 0.8896640625 0.3668890625 0.8980343749999999 0.3728921875 0.8942296875 0.3736421875 0.8805328125 0.370640625 0.8668359375 0.3668890625 0.8790109375
2 0.30872968749999996 0.89346875 0.31323124999999996 0.8965125 0.327115625 0.8995562500000001 0.3462515625 0.8987953125000001 0.3631359375 0.888903125 0.368765625 0.8774890624999999 0.369890625 0.8523781250000001 0.3642625 0.8341156249999999 0.3556328125 0.8379203125 0.34887812500000004 0.8440078124999999 0.3244890625 0.840203125 0.3098546875 0.8478125000000001 0.30760312500000003 0.8668359375 0.30872968749999996 0.89346875
7 0.3402484375 0.9611921875 0.3406234375 0.9847812499999999 0.3455015625 0.9870640625 0.3462515625 0.964996875 0.3458765625 0.939125 0.344375 0.913253125 0.33612031249999996 0.9140140625000001 0.338746875 0.91781875 0.34137343750000004 0.9299937500000001 0.3402484375 0.9611921875
7 0.31060468750000003 0.9824984375 0.3147328125 0.96651875 0.3203609375 0.9459734375 0.327865625 0.9216234375000001 0.3233625 0.9094484375 0.31961093749999997 0.9231453125 0.31248125 0.952821875 0.30610312500000003 0.9855421874999999 0.31060468750000003 0.9824984375
7 0.25094531249999996 0.9726062499999999 0.25544687499999996 0.955865625 0.26032500000000003 0.93608125 0.26895625 0.9064046875 0.2625765625 0.9026 0.26032500000000003 0.9185796875 0.25282031250000003 0.9414078124999999 0.24869375 0.9824984375 0.25094531249999996 0.9726062499999999
7 0.28321406250000003 0.9543437499999999 0.2884671875 0.92695 0.2824640625 0.9246671875000001 0.2813375 0.940646875 0.2768359375 0.964996875 0.274584375 0.9870640625 0.2805875 0.9718453125 0.28321406250000003 0.9543437499999999
