7 0.347371875 0.4181796875 0.3592765625 0.534559375 0.36543281250000004 0.534559375 0.347371875 0.4181796875
7 0.384725 0.5304031250000001 0.39621875 0.529571875 0.3871875 0.4763703125 0.3769265625 0.4073734375 0.38185156249999996 0.48135781250000004 0.384725 0.5304031250000001
1 0.44916875 0.5644859375 0.4512203125 0.547028125 0.4528625 0.5328968749999999 0.447115625 0.523753125 0.443421875 0.519596875 0.43890624999999994 0.521259375 0.43890624999999994 0.535390625 0.43890624999999994 0.547028125 0.43972812499999997 0.5644859375 0.440959375 0.5752921875 0.4442421875 0.5819421874999999 0.44752656249999995 0.5777859375000001 0.44916875 0.5644859375
1 0.459840625 0.5711359375 0.46353437499999994 0.5686421875 0.4627140625 0.5570046875 0.4627140625 0.542040625 0.45778749999999996 0.527078125 0.45573593749999997 0.538715625 0.45450468749999995 0.5520171875 0.45532500000000004 0.5644859375 0.459840625 0.5711359375
7 0.46904375 0.42811562500000006 0.4610265625 0.3975125 0.4656515625 0.42624218750000004 0.4708953125 0.45996875 0.4758296875 0.5018140625 0.4826140625 0.5030625 0.479221875 0.473709375 0.4736703125 0.4506 0.46904375 0.42811562500000006
7 0.54664375 0.43166093749999995 0.5503453125 0.3948125 0.5441765625 0.4235421875 0.5414015625 0.4591421875 0.5414015625 0.5053578125 0.54756875 0.5053578125 0.5454109375 0.477878125 0.5454109375 0.45664375 0.54664375 0.43166093749999995
7 0.5749578125 0.5054640625 0.578315625 0.4805265625 0.5794359375 0.44803125 0.5805546875 0.42082499999999995 0.5842859375 0.3618796875 0.577196875 0.4193140625 0.5734640625 0.46163437500000004 0.567121875 0.5198234375 0.5738375 0.521334375 0.5749578125 0.5054640625
1 0.62048125 0.58708125 0.6216015625 0.5840578125 0.62570625 0.5772578125 0.626825 0.5681890625 0.6253328125000001 0.5553421875 0.6216015625 0.5447609375 0.6227203125 0.5598765625000001 0.621228125 0.5719671875000001 0.62048125 0.58708125
1 0.614884375 0.5152890625000001 0.6089140625 0.5160453125 0.6070484375 0.526625 0.604809375 0.539471875 0.60033125 0.5462734375 0.603690625 0.5492953125 0.6077953125 0.54249375 0.611153125 0.5341812499999999 0.614884375 0.531159375 0.6163765625 0.5220906249999999 0.614884375 0.5152890625000001
7 0.6731234374999999 0.5396921875 0.67620625 0.5237953125 0.6790109375 0.511303125 0.6798515625 0.5016515625 0.681253125 0.4885921875 0.6823750000000001 0.4732625 0.683215625 0.4613390625 0.6857390624999999 0.449415625 0.6888234375 0.44089999999999996 0.6902250000000001 0.43181562500000004 0.6826546875 0.449415625 0.6795718749999999 0.46247499999999997 0.6776093750000001 0.47666875 0.6764875 0.492 0.67424375 0.5073296875 0.6703187500000001 0.5243625 0.66639375 0.5419640625000001 0.669759375 0.5521828125 0.6731234374999999 0.5396921875
7 0.666190625 0.5409828125 0.665171875 0.5193046875 0.6636421875 0.5053671875 0.663896875 0.48781875 0.6644062500000001 0.4780109375 0.666190625 0.467171875 0.6687390625 0.4568484375 0.6728171875 0.448590625 0.6761296875 0.43929999999999997 0.6768953125 0.43104062499999996 0.6740921875 0.43362187499999993 0.6720531249999999 0.44084843749999997 0.666190625 0.451171875 0.6682296875 0.4315578125 0.661603125 0.45839687500000004 0.6600734375 0.4718171875 0.6582890625 0.48472187499999997 0.6575249999999999 0.4991734375 0.65650625 0.5172390625000001 0.657015625 0.536853125 0.666190625 0.5409828125
1 0.6012906250000001 0.6559140625000001 0.6016625 0.6680046875000001 0.6012906250000001 0.678584375 0.60315625 0.6823625 0.6068875 0.6778296874999999 0.611365625 0.6672484375 0.61061875 0.657425 0.6068875 0.6528906250000001 0.6016625 0.643821875 0.6012906250000001 0.6559140625000001
7 0.59249375 0.7755546875 0.5967 0.8056468750000001 0.593896875 0.755115625 0.5927749999999999 0.7329718749999999 0.5933359375 0.71253125 0.5885687500000001 0.7170734375000001 0.58464375 0.7153703124999999 0.58885 0.7517078125000001 0.59249375 0.7755546875
7 0.394003125 0.8113250000000001 0.4069 0.704015625 0.3988511484375 0.6742816265625 0.394003125 0.8113250000000001
7 0.308215625 0.769309375 0.3081015625 0.770515625 0.3244765625 0.7057187500000001 0.317746875 0.7045828125 0.315784375 0.721615625 0.31298125 0.7324046875 0.311859375 0.7454625 0.310178125 0.7579546875000001 0.308215625 0.769309375
7 0.3410171875 0.783503125 0.34325937500000003 0.765334375 0.345503125 0.7477343750000001 0.3460640625 0.7244546875 0.345503125 0.700609375 0.3441015625 0.6841437499999999 0.3368109375 0.69493125 0.33821406249999997 0.70969375 0.33961562500000003 0.7267265625 0.339334375 0.7448953125 0.3398953125 0.7676062499999999 0.33456874999999997 0.8028078125 0.3410171875 0.783503125
5 0.6582438390625 0.67149245625 0.6624275921875 0.67149245625 0.6673086390625 0.6680059953125 0.64081153125 0.6659141171875 0.636627778125 0.6680059953125 0.6373250703125 0.6721897484375 0.6449952859375 0.6735843328125 0.654757378125 0.6749789171875 0.6582438390625 0.67149245625
5 0.3019275203125 0.6617303640625 0.29704647500000003 0.6603357796875 0.2865870890625 0.6631249484375 0.2789168328125 0.6463899343749999 0.2628791515625 0.672887040625 0.2733385359375 0.681951840625 0.3019275203125 0.679162671875 0.3061112734375 0.67149245625 0.3075058578125 0.6645195328125 0.3019275203125 0.6617303640625
0 0.32633275 0.556439228125 0.3883917640625 0.5397042125 0.43022930156249994 0.5362177515625 0.4602128703125 0.5292448281250001 0.5194826734375 0.5292448281250001 0.5926983640625 0.5452825515625 0.669400515625 0.556439228125 0.7377351609375 0.5557419359375 0.7321568218750001 0.504839609375 0.690319284375 0.519482746875 0.6582438390625 0.5236664906249999 0.6164063015625 0.5180881625 0.5892119015625 0.503445025 0.5668985484375 0.50623419375 0.5417960265625 0.4908937625 0.5020503656249999 0.485315425 0.47276413125000005 0.487407303125 0.44975348593750003 0.492288346875 0.40164031875 0.495774809375 0.37374862656249996 0.510417946875 0.3437650578125 0.51529899375 0.3019275203125 0.5257583671875 0.2552089359375 0.54040150625 0.2552089359375 0.5397042125 0.25241976718750003 0.5424933828125 0.25451164375 0.5675959046875 0.2851925046875 0.5675959046875 0.32633275 0.556439228125
6 0.34365718125 0.8042105734374999 0.340580965625 0.79630030625 0.340580965625 0.79278463125 0.34014150625 0.79366355 0.32959448125 0.7989370625000001 0.32651826562499997 0.8011343578125001 0.32651826562499997 0.8015738171875 0.32695772500000003 0.8033316546875 0.327397184375 0.8042105734374999 0.32519988906249997 0.8134392203124999 0.32651826562499997 0.8195916515624999 0.3304734 0.820910028125 0.337065290625 0.8169548953125 0.340580965625 0.8099235453125001 0.34365718125 0.8042105734374999
0 0.5439207390624999 0.6979514671875 0.5840328953125 0.7075783859375 0.621738321875 0.7196120328125 0.654630290625 0.725227734375 0.6963469328125 0.7204142765625 0.7308433875 0.7035671703124999 0.718809740625 0.6722797125 0.655432534375 0.6875223078125 0.5399095234375 0.6626527953125 0.47252115000000006 0.6586415796875 0.3882856234375 0.6706752265625 0.34416225 0.6706752265625 0.30565458125 0.66425728125 0.3072590671875 0.7115896015625001 0.3746474890625 0.70517165625 0.3947035671875 0.7115896015625001 0.429200021875 0.702764928125 0.468509934375 0.6995559546875 0.5142377437500001 0.6963469828125 0.5439207390624999 0.6979514671875
