7 0.3758324515625 0.40745255937499997 0.3847250015625 0.5304031515625 0.39621875 0.529571875 0.38732610625 0.4066213875 0.3758324515625 0.40745255937499997
1 0.4528625 0.519596875 0.43890624999999994 0.519596875 0.43890624999999994 0.5819421874999999 0.4528625 0.5819421874999999 0.4528625 0.519596875
1 0.45509875 0.5712821484374999 0.4636077171875 0.5710197828125 0.46224841093749997 0.5269405765624999 0.4537395078125 0.5272029421875 0.45509875 0.5712821484374999
7 0.4682619078125 0.39648568281249996 0.4610265625 0.3975125 0.4761372234375 0.503981665625 0.48337256875 0.5029548562499999 0.4682619078125 0.39648568281249996
7 0.5102746359375 0.5067892109375001 0.5186953125 0.507434375 0.5270218843750001 0.3987625 0.5186013375 0.3981173421875 0.5102746359375 0.5067892109375001
7 0.5402414609374999 0.5053286765625 0.5475648984375 0.5055126078125001 0.5503453125 0.3948125 0.5430219875 0.3946285703125 0.5402414609374999 0.5053286765625
7 0.59014964375 0.3624674234375 0.5829671421875 0.3617475015625 0.567038728125 0.5206529234375 0.574221228125 0.5213728375 0.59014964375 0.3624674234375
1 0.6274411 0.5449155078125 0.6216015578125 0.5447609375 0.62048125 0.58708125 0.626320790625 0.5872358203125 0.6274411 0.5449155078125
1 0.6190543421875 0.5164729578125 0.6095581203125 0.5137768859375 0.5997878453125 0.5481872765625 0.6092840625 0.550883340625 0.6190543421875 0.5164729578125
7 0.692136140625 0.4321324390625 0.684803590625 0.4309169046875 0.6648349640625 0.5513664875 0.6721675109375 0.5525820109375 0.692136140625 0.4321324390625
7 0.6529164984375 0.5396854125 0.6661906515625 0.540982815625 0.6769366031249999 0.4310446609375 0.6636626640625 0.42974726875 0.6529164984375 0.5396854125
1 0.611365625 0.643821875 0.6012906250000001 0.643821875 0.6012906250000001 0.6823625 0.611365625 0.6823625 0.611365625 0.643821875
7 0.5879166375 0.8059641453124999 0.5967001140625 0.8056468703125 0.5933359375 0.71253125 0.5845526453125001 0.7128485203125 0.5879166375 0.8059641453124999
7 0.40794046406250006 0.6746031109375 0.398851075 0.674281621875 0.394003125 0.8113250000000001 0.4030925140625 0.811646484375 0.40794046406250006 0.6746031109375
7 0.30150578281249996 0.76884905625 0.3081015625 0.770515625 0.32447665 0.705718771875 0.3178809640625 0.704052215625 0.30150578281249996 0.76884905625
7 0.34690068749999997 0.68420191875 0.337038171875 0.6839969640625 0.33456874999999997 0.8028078125 0.3444312671875 0.8030127640625 0.34690068749999997 0.68420191875
6 0.35015955625 0.8098858171875 0.34058095312500003 0.7927846093750001 0.31844621093750003 0.8051801125000001 0.32802475000000003 0.8222812671874999 0.35015955625 0.8098858171875
5 0.313476634375 0.718749959375 0.3134761265625 0.649413596875 0.24511717656249998 0.6494142265625 0.2451171890625 0.7187500859375 0.313476634375 0.718749959375
5 0.635746909375 0.7445493859375001 0.685595684375 0.7314331640625 0.6625219921875 0.6437556421874999 0.6126741375 0.6568717359375 0.635746909375 0.7445493859375001
