1 0.2619039203125 0.5433497968750001 0.253432665625 0.5976472796875 0.30557678125 0.6057814796875001 0.31404775625000003 0.5514842468750001 0.2619039203125 0.5433497968750001
1 0.3082377234375 0.6123971218750001 0.32140614843750004 0.6100781890625 0.31721093749999996 0.5862578125 0.3040425703125 0.588576740625 0.3082377234375 0.6123971218750001
1 0.617265 0.64699753125 0.6357357109375 0.6481355234375 0.637876521875 0.6133914484375 0.619405934375 0.6122534609375 0.617265 0.64699753125
1 0.6457998218750001 0.68086773125 0.692081575 0.6776983234375 0.685284375 0.578459375 0.6390035000000001 0.5816287515624999 0.6457998218750001 0.68086773125
1 0.6415078734375 0.545178690625 0.649026578125 0.5450359375 0.6484765625 0.5160703125 0.6409578921875 0.5162130656249999 0.6415078734375 0.545178690625
9 0.7305145953125 0.452798925 0.7791568921875001 0.4436178046875 0.7526646875 0.303268490625 0.704023178125 0.312449534375 0.7305145953125 0.452798925
9 0.26927205 0.5447985203125 0.21196142812500002 0.5300608015625 0.1742910359375 0.676534290625 0.23160157812499998 0.6912718015625 0.26927205 0.5447985203125
6 0.6691553328125 0.77481766875 0.6972934859375 0.767038875 0.6737579453125 0.681919384375 0.6456203203124999 0.6896981 0.6691553328125 0.77481766875
6 0.6914325406249999 0.6749160375 0.6670664375 0.6824815281250001 0.695405753125 0.7737392468750001 0.7197718203125001 0.766173834375 0.6914325406249999 0.6749160375
6 0.7613847359375 0.7292376578125 0.738395621875 0.7187946875 0.7241957171875 0.750049171875 0.74718480625 0.760492103125 0.7613847359375 0.7292376578125
1 0.7154902796875 0.5744487828125 0.6968658078125001 0.5756908265625 0.6989112484375 0.606359046875 0.7175357203125 0.6051170078125 0.7154902796875 0.5744487828125
