1 0.239240625 0.519490625 0.2433046875 0.5286265625000001 0.2505296875 0.5261359375 0.2527859375 0.510353125 0.251884375 0.49623125 0.2527859375 0.4812796875 0.252334375 0.47214375000000003 0.24465937499999998 0.47463437500000005 0.2405953125 0.4870953125 0.23788749999999997 0.5053687499999999 0.239240625 0.519490625
1 0.2604625 0.4895875 0.2563984375 0.47712656249999996 0.2554953125 0.4870953125 0.2536890625 0.5045390624999999 0.254140625 0.52198125 0.25820468750000003 0.5153375 0.26001093750000004 0.5028765625 0.2604625 0.4895875
6 0.3161859375 0.372284375 0.3169515625 0.3816625 0.3202640625 0.3891640625 0.324596875 0.39854218750000003 0.32383281249999996 0.38635 0.3266359375 0.38213125 0.3312234375 0.3872890625 0.330459375 0.3793171875 0.325615625 0.3694703125 0.31746093750000004 0.3652515625 0.3161859375 0.372284375
2 0.6708765624999999 0.5737859375000001 0.665821875 0.5726234375 0.656975 0.5753359375 0.657396875 0.5888984374999999 0.6597140625 0.6020734375 0.6630828125 0.6167984375 0.6719296875 0.6229984375 0.67740625 0.6241609375 0.684778125 0.6226109375 0.6900453125 0.6206734375 0.694678125 0.6183484375 0.701840625 0.6160234375 0.7060531250000001 0.6117609374999999 0.707528125 0.6090484375 0.7092125 0.6028484375 0.709634375 0.5974234375 0.7090015625 0.5861859375 0.7081593749999999 0.5784359375 0.7056312499999999 0.5706859375 0.7043671875 0.5702984375 0.69868125 0.5679734375 0.692571875 0.5656484374999999 0.687728125 0.5660359374999999 0.682040625 0.5664234375 0.67740625 0.5714609375 0.6708765624999999 0.5737859375000001
1 0.60994375 0.6081984375 0.6093109375 0.5981234375 0.6078375 0.5872734375 0.6042562499999999 0.5926984375 0.6032031250000001 0.6035484375 0.6032031250000001 0.6078109375 0.6050984374999999 0.6136234375 0.6091 0.6171109375 0.60994375 0.6081984375
2 0.3903921875 0.6259140624999999 0.39337656249999997 0.6190484374999999 0.394496875 0.6039453124999999 0.3952421875 0.5895296875 0.3885265625 0.5847249999999999 0.37994374999999997 0.586096875 0.37024218750000004 0.58884375 0.362778125 0.5963953125 0.36128593750000004 0.61424375 0.3638984375 0.632778125 0.36874843749999997 0.6506265625000001 0.3758390625 0.6513140625 0.38255625000000004 0.6437625 0.388153125 0.628659375 0.3903921875 0.6259140624999999
2 0.3159875 0.6238890625 0.3162203125 0.637103125 0.32015937499999997 0.64435 0.329890625 0.6490390625 0.333134375 0.6490390625 0.33799999999999997 0.6494640625 0.34147500000000003 0.6511703125 0.3454140625 0.649890625 0.349815625 0.645628125 0.352828125 0.6405140625 0.356303125 0.6336937500000001 0.35931562499999997 0.628578125 0.363021875 0.6255953125 0.36418125 0.6174953125 0.365803125 0.6072656249999999 0.3664984375 0.5991671875 0.3681203125 0.594478125 0.3681203125 0.58723125 0.366034375 0.5804125 0.3616328125 0.5782812500000001 0.35398593749999996 0.57870625 0.349584375 0.579559375 0.3419375 0.5782812500000001 0.3345234375 0.575296875 0.3259515625 0.5778546875 0.320621875 0.58296875 0.3183046875 0.598740625 0.3183046875 0.60854375 0.3159875 0.6238890625
5 0.618144225 0.503513625 0.62466663125 0.4593982578125 0.6058593390625 0.4593750015625 0.6056462515625001 0.501951984375 0.618144225 0.503513625
5 0.6638268984375 0.703425096875 0.6479961171874999 0.6526208921875 0.6279994875 0.656785171875 0.6438301421875 0.71508509375 0.6638268984375 0.703425096875
7 0.6471629984375 0.3669512515625 0.6488293625 0.402764053125 0.6446633875 0.44107541718750004 0.6429970234375 0.37278125 0.6329985812500001 0.4269168921875 0.6238335140625 0.4918796546875 0.62624998125 0.5325000015625 0.6679928734375 0.53019101875 0.6679928734375 0.4918796546875 0.671325603125 0.41775545625 0.6646600171875 0.3636198140625 0.6471629984375 0.3669512515625
7 0.32554967968750004 0.37028265625 0.3222168875 0.427749734375 0.3138849375 0.37777837187499996 0.3030533765625 0.36861696875 0.3030533765625 0.3952683375 0.30471980468750004 0.42191973593750004 0.2930550625 0.403596896875 0.2905554515625 0.424418296875 0.3022201953125 0.48188537656249997 0.2997206484375 0.5335224562499999 0.3252083140625 0.5325000015625 0.3397139703125 0.5343552984375 0.34387994375000003 0.520196740625 0.34637955468750004 0.497709653125 0.3363811765625 0.4685596921875 0.33554799375 0.38360837187499996 0.32554967968750004 0.37028265625
7 0.7063197671875 0.682603696875 0.7029870375 0.645125175 0.72048405625 0.7092550640625 0.7379812015625 0.7159179375 0.7271496421875 0.6634479828125001 0.7095833140625001 0.6075000015625001 0.6813239171875 0.5784966625 0.66632638125 0.61847374375 0.6938218421875 0.6959293796875 0.7179845734375 0.7384050249999999 0.7063197671875 0.682603696875
7 0.3905388515625 0.589323815625 0.3738749515625 0.589323815625 0.36687498125 0.6272916671875 0.36470981875 0.6834365390625 0.3630434546875 0.759226425 0.374708196875 0.7625578625 0.3888724859375 0.7225807468750001 0.3922052796875 0.615142371875 0.3905388515625 0.589323815625
7 0.3338816296875 0.6601165453125 0.3363811765625 0.6742751359375 0.3322152015625 0.7234136546875 0.3222168875 0.750897865625 0.3247164984375 0.7642235484375 0.3405471515625 0.752563615625 0.3555446875 0.7267450281250001 0.35804429843749996 0.6517879859375 0.3663762484375 0.5834938171874999 0.3422135796875 0.5868252218750001 0.31999998125 0.5866666671874999 0.3113853265625 0.6734422921875 0.2988874015625 0.725079340625 0.3013870125 0.7450678984375 0.3138849375 0.7450678984375 0.3280492265625 0.6726093859375 0.3338816296875 0.6601165453125
