1 0.237887471875 0.5286265625000001 0.2527859859375 0.5286265625000001 0.252785928125 0.47214375000000003 0.237887540625 0.47214375000000003 0.237887471875 0.5286265625000001
1 0.26249642500000003 0.47772922500000004 0.25639843125 0.47712656249999996 0.2519861671875 0.5217683265625 0.25808416093750003 0.5223709875 0.26249642500000003 0.47772922500000004
6 0.3231408921875 0.36274354999999997 0.3109704328125 0.3681174765625 0.3244364796875 0.3986130109375 0.3366069328125 0.39323909375 0.3231408921875 0.36274354999999997
2 0.6534803484375 0.5724284171875 0.664911071875 0.6267881937500001 0.7160653171875 0.6160324671875 0.7046344078125 0.5616729484375 0.6534803484375 0.5724284171875
1 0.6038081296875 0.617443284375 0.61049804375 0.6170231359375 0.6086263296875 0.587223896875 0.6019364515625 0.58764404375 0.6038081296875 0.617443284375
2 0.35863069531249997 0.6500377375 0.3909004328125 0.6524311468749999 0.39588206875 0.585270553125 0.3636127359375 0.5828771578125 0.35863069531249997 0.6500377375
2 0.3703126015625 0.5795563375 0.32216243125 0.5724829296875 0.311521253125 0.6449117 0.35967141406250003 0.6519850593750001 0.3703126015625 0.5795563375
5 0.5809634296875 0.53448815625 0.615528240625 0.542995796875 0.634765625 0.46484375 0.6002012140625 0.456336159375 0.5809634296875 0.53448815625
5 0.6631600234375 0.5764573937499999 0.603515625 0.583984375 0.6162108187500001 0.684570328125 0.675855203125 0.6770434203125 0.6631600234375 0.5764573937499999
7 0.65308821875 0.4400814140625 0.65792645625 0.4400814140625 0.65792644375 0.377141040625 0.6530882453125 0.377141040625 0.65308821875 0.4400814140625
7 0.6710297453125 0.41379428125000006 0.66382828125 0.41234354375000004 0.6542553703125 0.45986078125 0.6614568328125 0.46131151406250004 0.6710297453125 0.41379428125000006
6 0.741461575 0.6758245984375 0.716392990625 0.6758245984375 0.716392990625 0.7086209640625001 0.741461575 0.7086209640625001 0.741461575 0.6758245984375
7 0.2979644875 0.72530605 0.3060661765625 0.7279411765625 0.33179468437500004 0.648850321875 0.323693121875 0.64621521875 0.2979644875 0.72530605
7 0.35667638125 0.6570116390625 0.3418203875 0.654932121875 0.328125 0.752757353125 0.3429809890625 0.754836846875 0.35667638125 0.6570116390625
7 0.725952103125 0.6889005375 0.73183771875 0.6862523406250001 0.7022058828125 0.6204044125 0.6963203390625 0.623052590625 0.725952103125 0.6889005375
7 0.311037084375 0.46213994999999997 0.3140702125 0.46112896562500005 0.29936427656250003 0.41701133593749995 0.2963311671875 0.41802231718750005 0.311037084375 0.46213994999999997
7 0.3092994234375 0.37369068437499997 0.3043793171875 0.3742844578125 0.3143382140625 0.4568014734375 0.3192583203125 0.45620770312500003 0.3092994234375 0.37369068437499997
7 0.3283825484375 0.3996106265625 0.325367646875 0.3998161765625 0.32812499375000004 0.440257353125 0.3311398953125 0.4400518046875 0.3283825484375 0.3996106265625
6 0.29635819375 0.71654344375 0.2897554046875 0.7523804609375 0.321617071875 0.75824970625 0.32821971250000004 0.7224128203125 0.29635819375 0.71654344375
6 0.3409844875 0.7564372734375 0.3362595953125 0.7450440031250001 0.318116290625 0.75256689375 0.322841153125 0.7639601390624999 0.3409844875 0.7564372734375
