7 0.22994772187499998 0.39246562812499997 0.22280260468750002 0.3929321265625 0.22827499375000002 0.4767453125 0.23542011093749998 0.4762788171875 0.22994772187499998 0.39246562812499997
1 0.32337439375 0.54168586875 0.31467038281250004 0.5412737546875 0.31343965625000003 0.5672648109375 0.3221436671875 0.5676769234375 0.32337439375 0.54168586875
1 0.33543590624999997 0.563307778125 0.34257418125 0.56432091875 0.3450265625 0.54704375 0.337888309375 0.5460306109374999 0.33543590624999997 0.563307778125
1 0.41996832343749996 0.569803565625 0.41021582656250005 0.5700351078125 0.41099323125 0.6027758249999999 0.420745728125 0.602544284375 0.41996832343749996 0.569803565625
1 0.41228760781249996 0.5693600671875 0.4039021765625 0.5685997390625 0.40066827031249996 0.604261846875 0.409053703125 0.605022171875 0.41228760781249996 0.5693600671875
1 0.6469580609375 0.505387275 0.6372369828125 0.506537475 0.6403046859375 0.5324625000000001 0.6500257640625 0.5313123015625 0.6469580609375 0.505387275
1 0.6719768578124999 0.6142877625 0.6565333953125 0.6206542125000001 0.6729543734375001 0.660482625 0.6883978203125001 0.654116203125 0.6719768578124999 0.6142877625
1 0.6558252890625 0.6547481234375 0.66382501875 0.6537921859375 0.6604973046875 0.625947984375 0.65249761875 0.62690391875 0.6558252890625 0.6547481234375
1 0.6193014984375 0.643394909375 0.6105499984375 0.6423359375000001 0.6078948546875 0.6642756203125 0.6166463531249999 0.665334590625 0.6193014984375 0.643394909375
1 0.2944858859375 0.6335448171875 0.2827282140625 0.6324781374999999 0.2801328125 0.6610828125 0.291890484375 0.6621494890624999 0.2944858859375 0.6335448171875
1 0.2680943671875 0.6527134453125 0.2792933828125 0.6542372640624999 0.2839600890625 0.61994420625 0.2727611484375 0.6184203921875 0.2680943671875 0.6527134453125
7 0.25404506250000003 0.409213359375 0.24424340625 0.40871710468750005 0.240634303125 0.47999715781249996 0.25043595937499996 0.4804934109375 0.25404506250000003 0.409213359375
