7 0.247828125 0.4137375 0.245278125 0.40384374999999995 0.24386093749999999 0.4069671875 0.24357812499999998 0.416340625 0.2396109375 0.4090515625 0.23819374999999998 0.4069671875 0.2387609375 0.41477812500000005 0.244428125 0.4319625 0.245278125 0.4553953125 0.241028125 0.47101718750000005 0.24074374999999998 0.47518281250000005 0.24386093749999999 0.48143125 0.246978125 0.4840359375 0.2526453125 0.467371875 0.2537796875 0.4533125 0.2506625 0.43612812500000003 0.247828125 0.4137375
7 0.23507656250000003 0.47101718750000005 0.231109375 0.4564375 0.22884218750000002 0.43560781249999997 0.2262921875 0.41217499999999996 0.22317499999999998 0.3929078125 0.22544218749999997 0.4225890625 0.225725 0.437690625 0.2271421875 0.45487500000000003 0.2279921875 0.46841406250000006 0.228275 0.4767453125 0.23507656250000003 0.47101718750000005
1 0.32292343749999997 0.551209375 0.3217890625 0.546521875 0.31555468750000004 0.541315625 0.31442187499999996 0.546521875 0.3138546875 0.5585 0.315271875 0.5673515625000001 0.32037343749999997 0.5642265625 0.32292343749999997 0.551209375
1 0.34332656250000004 0.5590203125000001 0.3450265625 0.54704375 0.34020937500000004 0.546521875 0.337375 0.549646875 0.33709218750000003 0.5574578125 0.33709218750000003 0.5631859375 0.341909375 0.5642265625 0.34332656250000004 0.5590203125000001
1 0.41162031250000003 0.6027609375 0.416153125 0.5965125 0.42040468750000004 0.58818125 0.4187046875 0.5803703125 0.416153125 0.5741203125000001 0.413603125 0.5699546875 0.4104859375 0.5814109375000001 0.41077031249999996 0.5933875 0.41162031250000003 0.6027609375
1 0.40255156249999996 0.5834937499999999 0.40396875000000004 0.589221875 0.40311874999999997 0.5970328125 0.40481875 0.6022406250000001 0.40708593750000005 0.60484375 0.409353125 0.5965125 0.411053125 0.5829734375 0.40736875 0.5689140625 0.40340156250000003 0.5741203125000001 0.40255156249999996 0.5834937499999999
1 0.64880625 0.52100625 0.6465390625 0.5095515625 0.642571875 0.50590625 0.6405875 0.5121546875 0.6388874999999999 0.5204859374999999 0.6403046875 0.5324625000000001 0.6456890625 0.5251734375 0.64880625 0.52100625
1 0.6808265625 0.6496265625000001 0.68139375 0.637128125 0.6757265625 0.627234375 0.6731765625 0.6215078125 0.6683578125 0.6157796875 0.6632578125 0.6225484375 0.6615578125 0.6308796875 0.663540625 0.63765 0.6677921875 0.6470234375 0.670625 0.6548328125 0.6740265625 0.6600406249999999 0.677709375 0.6569171875 0.6808265625 0.6496265625000001
1 0.6598578125000001 0.6522296875 0.663825 0.6537921875 0.661840625 0.638690625 0.6612734375 0.6324421874999999 0.658440625 0.62619375 0.6561734375 0.630359375 0.65390625 0.638690625 0.657590625 0.6470234375 0.6598578125000001 0.6522296875
1 0.609415625 0.651709375 0.6131 0.663165625 0.6159343749999999 0.6652484375000001 0.618484375 0.650146875 0.6162171875 0.64441875 0.61055 0.6423359375000001 0.609415625 0.651709375
1 0.29260156249999997 0.6543125 0.29260156249999997 0.6465015625 0.2917515625 0.640253125 0.2880671875 0.6329625 0.2855171875 0.6340046874999999 0.2841 0.6355671875 0.28211718750000003 0.6392125 0.28155 0.64754375 0.2801328125 0.6610828125 0.28325 0.6595203125 0.2900515625 0.6579578125000001 0.29260156249999997 0.6543125
1 0.2721984375 0.653271875 0.27815 0.6511890625000001 0.2812671875 0.6397328124999999 0.282684375 0.62931875 0.2801328125 0.6194234375 0.27333281249999997 0.6225484375 0.271065625 0.6308796875 0.269365625 0.6454609375 0.2721984375 0.653271875
0 0.2298624125 0.668850790625 0.282978578125 0.67614678125 0.3944183765625 0.7261766781250001 0.53502003125 0.71366924375 0.5923021875 0.7084577984375 0.6422939984375 0.690738840625 0.698534596875 0.6615548 0.7346276453125 0.6381450796875 0.7318623640624999 0.634455265625 0.732903921875 0.6323706796875 0.7354192875 0.6325557578125001 0.732903921875 0.6229900640625 0.6818706328124999 0.65217414375 0.5620989328125 0.6980349109375 0.4392026390625 0.7063731734375 0.344426725 0.6928234671875 0.302766975 0.67614678125 0.2163229625 0.6500895984375 0.2298624125 0.668850790625
9 0.1819537171875 0.5844253671875 0.165289753125 0.6083980437500001 0.1569578515625 0.65217414375 0.1361279765625 0.6949080125 0.13567705937500002 0.7255208343749999 0.173621734375 0.704288628125 0.204866546875 0.6771891328125 0.222571909375 0.6427935687499999 0.210074015625 0.612567175 0.1819537171875 0.5844253671875
