7 0.33634545312499997 0.41402115000000006 0.3291453125 0.41408125 0.32994687031250003 0.510103125 0.33714700937500003 0.510043025 0.33634545312499997 0.41402115000000006
7 0.331380859375 0.38758223593749996 0.3235855859375 0.3873846390625 0.32032343750000003 0.5160703125 0.3281187109375 0.5162679078125 0.331380859375 0.38758223593749996
7 0.6819502484375 0.41058217812500003 0.6676890625 0.41068437500000005 0.6683734328125001 0.5061796875 0.6826346187500001 0.506077490625 0.6819502484375 0.41058217812500003
7 0.6605001015624999 0.514079425 0.66734484375 0.5139867687499999 0.666090625 0.4213453125 0.6592459749999999 0.42143796875 0.6605001015624999 0.514079425
7 0.7266057078125 0.611815553125 0.71779203125 0.615761621875 0.767853328125 0.7275604125 0.776666975 0.7236143937499999 0.7266057078125 0.611815553125
7 0.7083588265625 0.7703355968750001 0.7138706921875 0.7686492953124999 0.67789375 0.6510734375 0.6723820171875 0.6527597171874999 0.7083588265625 0.7703355968750001
7 0.676931615625 0.781068921875 0.687564496875 0.7789639765625 0.6638887640625 0.6593891453125 0.653256153125 0.6614940640625 0.676931615625 0.781068921875
1 0.4119285125 0.6269178859375 0.3981377078125 0.6251458140625 0.39461899375 0.6525261640625 0.408409796875 0.6542982296875001 0.4119285125 0.6269178859375
1 0.3671418875 0.606132215625 0.3564174703125 0.604571534375 0.351083325 0.6412215109375 0.3618077421875 0.6427821875 0.3671418875 0.606132215625
1 0.30747684531249997 0.6666369453125001 0.3216289984375 0.668379375 0.32778963125 0.6183481609375 0.31363761874999996 0.6166057390625 0.30747684531249997 0.6666369453125001
7 0.3494916609375 0.6757330031250001 0.3367008828125 0.672297096875 0.3068375 0.7834515625 0.31962826093749996 0.7868874234375001 0.3494916609375 0.6757330031250001
7 0.29161803124999996 0.7624971953124999 0.2970656828125 0.7639841296875 0.327579040625 0.6522102796875 0.32213151562500003 0.6507233625 0.29161803124999996 0.7624971953124999
7 0.2804221859375 0.6349520015625 0.270090609375 0.63088124375 0.2313977296875 0.7290704109374999 0.24172928124999998 0.7331411234375 0.2804221859375 0.6349520015625
1 0.2955188328125 0.6582473234374999 0.3046360890625 0.6588076546875 0.3060078125 0.636490625 0.2968905953125 0.63593029375 0.2955188328125 0.6582473234374999
