2 0.3624477109375 0.48974903750000004 0.3298454328125 0.48919423125000006 0.328525028125 0.5667793031249999 0.36112730625 0.5673341062499999 0.3624477109375 0.48974903750000004
7 0.33973461718750003 0.3911353703125 0.3349109375 0.39137656249999997 0.33972809531250003 0.48771093906249996 0.344551775 0.4874697484375 0.33973461718750003 0.3911353703125
1 0.5639264875000001 0.5422286921875 0.5749189234375 0.5424582906250001 0.5757783171875 0.5013150468750001 0.564785953125 0.5010854499999999 0.5639264875000001 0.5422286921875
2 0.7176397265625 0.49137762656249995 0.678121871875 0.49515425625000004 0.6847888906249999 0.5649107515625 0.7243067421875 0.56113414375 0.7176397265625 0.49137762656249995
7 0.6891596046874999 0.48982449375000003 0.694515625 0.4903140625 0.7004656265625 0.42522343749999997 0.6951096546875 0.4247338703125 0.6891596046874999 0.48982449375000003
7 0.7100036843749999 0.44845267031249997 0.7035827890624999 0.447615621875 0.697065625 0.4976046875 0.70348651875 0.49844173124999996 0.7100036843749999 0.44845267031249997
7 0.7136866328125 0.44182523281249997 0.71095155 0.4413671859375 0.7043805765625 0.48060111406250006 0.7071156609375 0.4810591609375 0.7136866328125 0.44182523281249997
1 0.6197946437499999 0.5827809609375 0.607915625 0.5832984375 0.6094472515625 0.6184540968750001 0.6213262703125 0.617936621875 0.6197946437499999 0.5827809609375
1 0.6099034265625 0.5857385140625 0.603793478125 0.5850390140624999 0.6012444609375 0.6073016250000001 0.607354409375 0.6080011234375 0.6099034265625 0.5857385140625
1 0.3718508328125 0.6274640484375 0.36462311875000003 0.6276098218749999 0.3653468734375 0.663490625 0.3725745875 0.663344853125 0.3718508328125 0.6274640484375
