7 0.3701023796875 0.4985250234375 0.37690157343749997 0.49870625 0.3803905171875 0.36781647031250003 0.373591446875 0.36763524531249997 0.3701023796875 0.4985250234375
7 0.34542390312500004 0.36131429375 0.335515625 0.361353125 0.335936928125 0.46884825937499996 0.3458452078125 0.468809428125 0.34542390312500004 0.36131429375
7 0.32675512812499996 0.3558555796875 0.3142484203125 0.3579976078125 0.33580333125 0.4838443640625 0.3483100359375 0.48170235312500004 0.32675512812499996 0.3558555796875
1 0.4730125 0.5134828125 0.462965625 0.5134828125 0.462965625 0.5457234375 0.4730125 0.5457234375 0.4730125 0.5134828125
2 0.6340001328125 0.5599641015625 0.679407875 0.5501497015625 0.6670092671875001 0.4927916453125 0.6216019375 0.502606 0.6340001328125 0.5599641015625
7 0.6550184703124999 0.37632730625 0.644178125 0.37645625 0.6455640515625001 0.49296562499999996 0.656404396875 0.49283668281250004 0.6550184703124999 0.37632730625
7 0.6898124640625001 0.35840241562499997 0.6809062499999999 0.3588703125 0.6864499656249999 0.4643875015625 0.6953561781250001 0.463919609375 0.6898124640625001 0.35840241562499997
7 0.6982655453125 0.5902316843750001 0.6883369265625 0.5934955765625001 0.7249090953125 0.7047329046875 0.7348376953125 0.70146905 0.6982655453125 0.5902316843750001
7 0.7055928 0.7196965171875 0.7127831453125 0.7179217921875 0.6881828125 0.6182671875 0.680992609375 0.6200418937500001 0.7055928 0.7196965171875
7 0.6052608875 0.6314126015625 0.5998281249999999 0.6321890625 0.621931721875 0.786821690625 0.62736448125 0.7860452421875 0.6052608875 0.6314126015625
1 0.3420195296875 0.5552032171875 0.32451975625 0.547848675 0.3125541125 0.576317621875 0.330053875 0.58367214375 0.3420195296875 0.5552032171875
5 0.599257975 0.5862392734374999 0.6171875 0.6335227265625 0.6741796375 0.611913871875 0.65625 0.5646306812499999 0.599257975 0.5862392734374999
