7 0.376565625 0.41259375 0.37824843750000003 0.367759375 0.3742109375 0.437503125 0.3701734375 0.49585937500000005 0.3769015625 0.49870625 0.37824843750000003 0.448178125 0.376565625 0.41259375
7 0.3415734375 0.3876859375 0.34056406250000004 0.41188281250000003 0.3365265625 0.4396375 0.335853125 0.447465625 0.3442640625 0.46881562499999996 0.34291875 0.4545828125 0.3452734375 0.4325203125 0.3456109375 0.4090359375 0.34460156249999996 0.3948015625 0.3435921875 0.38056875 0.3382078125 0.36633593750000004 0.335515625 0.361353125 0.3415734375 0.3876859375
1 0.462965625 0.5405953125 0.46504375 0.5457234375 0.4695484375 0.543525 0.4730125 0.5361984375 0.4716265625 0.5237406250000001 0.4671234375 0.5134828125 0.4640046875 0.5193453124999999 0.462965625 0.5296031250000001 0.462965625 0.5405953125
2 0.6490296875 0.556715625 0.658384375 0.5486546875 0.6673921875 0.5420609375 0.6729359374999999 0.532534375 0.672590625 0.5186124999999999 0.667046875 0.49296562499999996 0.6594234375 0.49443125 0.6490296875 0.49736250000000004 0.638634375 0.50029375 0.630665625 0.501025 0.63031875 0.508353125 0.6289328125 0.5230078125000001 0.6299718750000001 0.5413281249999999 0.6372484375 0.55231875 0.6490296875 0.556715625
7 0.61923125 0.4695171875 0.618884375 0.43434531249999997 0.615765625 0.37645625 0.6147265625 0.46731875 0.61923125 0.4695171875
7 0.6455640625 0.49296562499999996 0.6569984375 0.4893015625 0.6566515625 0.47831093750000003 0.6646203125000001 0.41162968749999995 0.6531875 0.471715625 0.644178125 0.37645625 0.647296875 0.4761125 0.6455640625 0.49296562499999996
7 0.6926859375000001 0.4130953125 0.6878359374999999 0.37645625 0.6906078124999999 0.4101640625 0.688875 0.42774999999999996 0.6809062499999999 0.3588703125 0.68645 0.44826718750000005 0.68645 0.46438750000000006 0.6909546875 0.459990625 0.6909546875 0.4372765625 0.6926859375000001 0.4130953125
7 0.719365625 0.6600343750000001 0.7127828125 0.6343875 0.705159375 0.6124046875 0.6954578125 0.5911546875 0.6913 0.5970171875 0.694071875 0.6109390625 0.7013484375 0.6248625 0.7113968749999999 0.6461125 0.7179796875 0.669559375 0.724909375 0.7047328125 0.723178125 0.6820171875 0.719365625 0.6600343750000001
7 0.7010015625 0.690809375 0.7127828125 0.717921875 0.7068921875 0.6981375 0.6992703125 0.672490625 0.6930328125 0.6505078125 0.6881828125 0.6182671875 0.6815984375 0.62193125 0.688875 0.6519734374999999 0.7010015625 0.690809375
7 0.60814375 0.6578359375 0.605371875 0.6321890625 0.5998281249999999 0.6321890625 0.6088359375 0.69520625 0.615765625 0.7406375 0.6272 0.78606875 0.6143796874999999 0.7061984375 0.60814375 0.6578359375
1 0.3242703125 0.5484421875 0.3175625 0.5644015625 0.322175 0.5803609375 0.327625 0.5812484375 0.335171875 0.5714953125 0.3368484375 0.5564218750000001 0.33349375000000003 0.5546484375 0.32804375 0.5493296875 0.3242703125 0.5484421875
5 0.609375 0.66015625 0.6497395828125 0.7578125 0.6875 0.71875 0.6731770828125 0.6536458328125 0.65234375 0.6276041671875 0.609375 0.66015625
5 0.6276041671875 0.6354166671875 0.6705729171875 0.61328125 0.6510416671875 0.5729166671875 0.609375 0.5885416671875 0.6276041671875 0.6354166671875
