1 0.2598035796875 0.4757258828125 0.2319322734375 0.47383309375 0.2286657359375 0.5219292890625 0.2565370421875 0.523822071875 0.2598035796875 0.4757258828125
1 0.273595290625 0.52904375 0.290531278125 0.52904375 0.29053124218750004 0.5009015625 0.273595328125 0.5009015625 0.273595290625 0.52904375
1 0.31065658749999997 0.4961916171875 0.2951097296875 0.49558740312499994 0.2932250984375 0.5440763515625 0.30877195625 0.5446805640625 0.31065658749999997 0.4961916171875
1 0.2700335453125 0.55262343125 0.2346669796875 0.594606975 0.29763424375 0.64764390625 0.33300047187500004 0.605660678125 0.2700335453125 0.55262343125
1 0.35273742656249996 0.6280478140625 0.32151414218749996 0.6141632328125 0.301333375 0.659539646875 0.33255661875000003 0.6734241609375 0.35273742656249996 0.6280478140625
1 0.50767314375 0.6206885546875001 0.49613968281250004 0.619121665625 0.490538559375 0.6603450453125 0.5020720187500001 0.6619119265625 0.50767314375 0.6206885546875001
1 0.5342001828125 0.6337295265625 0.52436093125 0.6325671875000001 0.521009634375 0.6609324734375 0.5308488859375 0.662094809375 0.5342001828125 0.6337295265625
1 0.5486941046875 0.6794261734375 0.5665034875 0.6761997171874999 0.557796840625 0.628147671875 0.539987628125 0.6313741125 0.5486941046875 0.6794261734375
1 0.566002815625 0.617294565625 0.5559520109375 0.6212669562500001 0.56722000625 0.649773378125 0.577270803125 0.645801 0.566002815625 0.617294565625
1 0.56205779375 0.54613125 0.57298439375 0.54613125 0.5729843734375 0.5179890625 0.5620578218750001 0.5179890625 0.56205779375 0.54613125
1 0.55817570625 0.5517257796874999 0.56193595 0.5514703109375 0.5600703125 0.5240125 0.5563100859375 0.5242679671875 0.55817570625 0.5517257796874999
1 0.6186546875000001 0.49929843749999997 0.60335625 0.49929843749999997 0.60335625 0.5343093750000001 0.6186546875000001 0.5343093750000001 0.6186546875000001 0.49929843749999997
1 0.6634253421875 0.4935654859375 0.6387011671875 0.4877231609375 0.628154296875 0.5323530453124999 0.6528784640625 0.53819535 0.6634253421875 0.4935654859375
