1 0.2914771234375 0.5417095453125 0.2768445484375 0.5397419296875 0.2687006234375 0.600300003125 0.283333196875 0.6022676078125 0.2914771234375 0.5417095453125
1 0.33020514843750004 0.56067634375 0.306226246875 0.55673443125 0.29610061249999997 0.6183229484375 0.3200795078125 0.6222648390625001 0.33020514843750004 0.56067634375
1 0.659120178125 0.6523300015625 0.6715164765625 0.6498855156250001 0.664509375 0.6143562499999999 0.6521131609374999 0.6168007281250001 0.659120178125 0.6523300015625
1 0.7392974984375 0.5973416328125001 0.727576409375 0.5967325015625 0.725373721875 0.6391124359375 0.7370948109375 0.6397215640625 0.7392974984375 0.5973416328125001
1 0.6288718578125 0.8572684609375001 0.641898959375 0.8568909031249999 0.6407151062499999 0.816054659375 0.6276881390625 0.816432215625 0.6288718578125 0.8572684609375001
1 0.41145254531250003 0.789010953125 0.4027011640625 0.787366796875 0.39554383125000003 0.8254558125000001 0.40429521093750004 0.827099959375 0.41145254531250003 0.789010953125
2 0.36615675937500003 0.792500946875 0.40246357968749996 0.7975501984375 0.41122246718750005 0.7345785968749999 0.3749161734375 0.7295293828125 0.36615675937500003 0.792500946875
6 0.32542745 0.9467927984375001 0.3496646484375 0.95622590625 0.3668382390625 0.9121118218750001 0.34260133125 0.9026787781250001 0.32542745 0.9467927984375001
6 0.3550129796875 0.9561184718750001 0.3855299859375 0.965455171875 0.40431191406250006 0.9040820453125 0.3737954265625 0.89474543125 0.3550129796875 0.9561184718750001
6 0.3268945046875 0.9436221874999999 0.34943565 0.9525131140624999 0.3676204359375 0.9064210359375 0.345079571875 0.897530171875 0.3268945046875 0.9436221874999999
1 0.2901833171875 0.7513447328125 0.301789640625 0.7543560453125 0.31166431562499997 0.7163027843750001 0.30005808906250003 0.713291484375 0.2901833171875 0.7513447328125
7 0.24264704531249998 0.5091911765625 0.247242653125 0.5091911765625 0.24724264062499998 0.4420955875 0.2426470765625 0.4420955875 0.24264704531249998 0.5091911765625
7 0.2457752734375 0.506163084375 0.2518382359375 0.5073529406249999 0.27113980937500004 0.40900737343750004 0.2650769296875 0.40781752656250003 0.2457752734375 0.506163084375
7 0.273547078125 0.43866403906249996 0.267715946875 0.4383276515625 0.2629940109375 0.5201748546875 0.2688251421875 0.520511240625 0.273547078125 0.43866403906249996
7 0.282045659375 0.84225238125 0.289522059375 0.846507353125 0.3243263265625 0.7853651828125 0.316850028125 0.781110246875 0.282045659375 0.84225238125
7 0.34676671406250004 0.7942340453125001 0.33753724531249996 0.791805775 0.3125 0.8869485296875 0.3217294578125 0.8893767703125001 0.34676671406250004 0.7942340453125001
7 0.369402634375 0.8669907640625001 0.3648615671875 0.8655639171875 0.3484042875 0.9179281796875 0.3529453484375 0.9193550140625 0.369402634375 0.8669907640625001
7 0.374879528125 0.9322884281249999 0.3804650765625 0.9341065531250001 0.4080882828125 0.8492647218749999 0.4025028578125 0.8474466187499999 0.374879528125 0.9322884281249999
7 0.632606890625 0.949374634375 0.6415445359375 0.9485293734375 0.6286764703125 0.8125 0.6197391484375 0.8133452468750001 0.632606890625 0.949374634375
