1 0.286021875 0.5566015625 0.2839578125 0.5406984375 0.28106875 0.54906875 0.2769421875 0.5574390625000001 0.2732265625 0.5666453125 0.27075 0.5850609375 0.2736390625 0.6009640625 0.27941875 0.5967796875 0.285609375 0.5850609375 0.28767343749999996 0.56999375 0.286021875 0.5566015625
1 0.3206921875 0.5591125 0.31120000000000003 0.565809375 0.3029453125 0.576690625 0.2992296875 0.599290625 0.30211875 0.611009375 0.306246875 0.6135203125 0.31243750000000003 0.6202156249999999 0.317803125 0.621890625 0.3211046875 0.6076609375 0.3252328125 0.5909203125 0.3239953125 0.5725046875 0.3206921875 0.5591125
1 0.664921875 0.6511859375 0.6711125 0.6478375 0.6686359375 0.6403046875 0.665334375 0.6285859375 0.664509375 0.6143562499999999 0.6570796875 0.621890625 0.655428125 0.633609375 0.66038125 0.6470015625000001 0.664921875 0.6511859375
1 0.7379781249999999 0.6227265625 0.7346765625 0.611009375 0.7284843750000001 0.5967796875 0.7268343749999999 0.611009375 0.7260078125 0.6269125 0.7322 0.6394671875 0.7359140625 0.632771875 0.7379781249999999 0.6227265625
1 0.6409828125 0.8303125 0.6409828125 0.8252890624999999 0.6397437499999999 0.8160828125 0.6356171875000001 0.8219421875 0.632315625 0.8202671875 0.6285999999999999 0.8194296874999999 0.6281875 0.8336593750000001 0.6285999999999999 0.8470531250000001 0.6347921875 0.8570968750000001 0.6409828125 0.8554234375 0.6413953125 0.8395187500000001 0.6409828125 0.8303125
1 0.400765625 0.7976671875 0.3974625 0.8152453124999999 0.3991140625 0.8261265625 0.40200312499999996 0.824453125 0.40489218749999994 0.8227781249999999 0.40778125000000004 0.8085484375 0.40654375 0.79431875 0.40406718750000004 0.7876234375 0.400765625 0.7976671875
2 0.40613124999999994 0.7591640625 0.40943281249999997 0.7474453125 0.40778125000000004 0.7390749999999999 0.39540000000000003 0.732378125 0.3830171875 0.732378125 0.3755875 0.734890625 0.3722859375 0.7491187499999999 0.36939687499999996 0.7692078125 0.37435 0.7809265625 0.380953125 0.7851125 0.391271875 0.7959937499999999 0.40117812500000005 0.7926453125 0.40489218749999994 0.7800890625 0.40613124999999994 0.7591640625
1 0.31065624999999997 0.7201875 0.3072453125 0.7151562499999999 0.302284375 0.7164140625 0.2979421875 0.7214453125 0.294840625 0.7359093750000001 0.2985625 0.75351875 0.3044546875 0.7440859375 0.308175 0.7296218750000001 0.31065624999999997 0.7201875
6 0.3260051578125 0.953255865625 0.3525633203125 0.9579407281250001 0.36818572656250004 0.9095308765624999 0.3510011046875 0.9360782328124999 0.3382812140625 0.9144531265625 0.3260051578125 0.953255865625
6 0.3656249640625 0.9164062515625 0.36349895781249997 0.951694284375 0.36818572656250004 0.965748753125 0.39474377031249996 0.9579407281250001 0.3963059859375 0.9282702078125 0.3806835796875 0.9392013968749999 0.3656249640625 0.9164062515625
