1 0.63738125 0.5333796875 0.6328406249999999 0.523334375 0.6291249999999999 0.535053125 0.6295390624999999 0.5484453125 0.6357296875 0.5425859375 0.63738125 0.5333796875
1 0.6212828125 0.535053125 0.621696875 0.5417500000000001 0.6258234375 0.5450984375 0.627475 0.535053125 0.6258234375 0.523334375 0.6212828125 0.5266828125 0.6212828125 0.535053125
1 0.6076625 0.5476093750000001 0.60725 0.536728125 0.6035359375 0.525009375 0.6002328125 0.5358906250000001 0.5985828125 0.5459343750000001 0.5989953125 0.558490625 0.6031234375000001 0.5559796875 0.6076625 0.5476093750000001
1 0.6357296875 0.535053125 0.6357296875 0.5266828125 0.632428125 0.5199874999999999 0.6295390624999999 0.5283578125 0.6299515625 0.535053125 0.6307765625 0.5450984375 0.633253125 0.5417500000000001 0.6357296875 0.535053125
1 0.49457031249999994 0.59615625 0.4929203125 0.5844390625 0.48755468750000003 0.5869500000000001 0.487140625 0.5953203125 0.4883796875 0.6045265625 0.49085625000000005 0.6087125 0.4933328125 0.6053640625 0.49457031249999994 0.59615625
7 0.38601874999999997 0.4890171875 0.3880828125 0.5007343750000001 0.3876703125 0.4714390625 0.38684375000000004 0.44632812499999996 0.38601874999999997 0.4279125 0.3831296875 0.4605578125 0.3835421875 0.47395 0.38601874999999997 0.4890171875
8 0.283760475 0.81067759375 0.3208046875 0.7083203124999999 0.32823437499999997 0.68655625 0.32823437499999997 0.6614453124999999 0.32286875 0.66395625 0.3121375 0.67735 0.3001671875 0.6823718750000001 0.2877859375 0.6823718750000001 0.27994375 0.6899046875 0.28159375 0.7083203124999999 0.2524908140625 0.77987464375 0.283760475 0.81067759375
1 0.3773515625 0.6790234374999999 0.3752875 0.6907421874999999 0.3790015625 0.6999500000000001 0.3827171875 0.693253125 0.3872578125 0.680696875 0.3876703125 0.669815625 0.381478125 0.669815625 0.3773515625 0.6790234374999999
1 0.390559375 0.6790234374999999 0.3876703125 0.692415625 0.391796875 0.6966015624999999 0.3971625 0.6915796875 0.39840156250000003 0.681534375 0.3951 0.6689796875 0.390559375 0.6790234374999999
1 0.5494656250000001 0.680696875 0.5457515625 0.681534375 0.5420359375 0.693253125 0.5420359375 0.7074828125 0.5474015624999999 0.7217125 0.5523546875 0.7192015625 0.55441875 0.704971875 0.5523546875 0.6949265625 0.5494656250000001 0.680696875
1 0.565975 0.6907421874999999 0.5634984375000001 0.6781859375 0.5564828125 0.669815625 0.55318125 0.6832078125 0.55400625 0.703296875 0.558546875 0.715015625 0.5622609375 0.70915625 0.565975 0.6907421874999999
1 0.5634984375000001 0.6949265625 0.5634984375000001 0.6840453125 0.5577203125 0.669815625 0.55318125 0.6781859375 0.55400625 0.693253125 0.5581328125 0.7175265625 0.5618484375 0.70999375 0.5634984375000001 0.6949265625
1 0.6060125000000001 0.6472156250000001 0.5936296875 0.6497265624999999 0.5895015625 0.6631203125 0.5932171875 0.6857203125 0.6002328125 0.7024609374999999 0.6060125000000001 0.7016234375 0.6051859375 0.6832078125 0.6047734375 0.6723265625 0.6060125000000001 0.6472156250000001
1 0.61880625 0.6832078125 0.6138546875 0.6798609375 0.61633125 0.6949265625 0.6200453125000001 0.7074828125 0.6212828125 0.6974375 0.61880625 0.6832078125
1 0.653478125 0.6840453125 0.6547156249999999 0.6957640625 0.66090625 0.7125046875 0.6613203125 0.7066453125 0.6629703124999999 0.7007859375 0.6617328125 0.6957640625 0.6588437500000001 0.6848828124999999 0.6571921875 0.6781859375 0.653478125 0.6840453125
7 0.6357296875 0.7300828125 0.633665625 0.698275 0.6266484375 0.693253125 0.6266484375 0.704971875 0.627475 0.7250609375 0.632428125 0.7602156250000001 0.6365546875 0.7803046874999999 0.6514140625 0.8129484375 0.6439843749999999 0.794534375 0.63820625 0.7644015625 0.6357296875 0.7300828125
7 0.6621453125000001 0.7443125 0.6687484375 0.7568671874999999 0.6724640625 0.7660750000000001 0.6786546875 0.7953718750000001 0.6770046875 0.7794671875 0.674940625 0.7602156250000001 0.6704 0.7451484374999999 0.6621453125000001 0.7217125 0.6588437500000001 0.7342671875 0.6621453125000001 0.7443125
1 0.65966875 0.6631203125 0.6650343750000001 0.6731640624999999 0.6708125 0.671490625 0.675353125 0.6647937500000001 0.6745281249999999 0.6505640625 0.6666859374999999 0.6472156250000001 0.6617328125 0.64303125 0.65966875 0.648890625 0.65966875 0.6631203125
9 0.26369188593750004 0.4181733453125 0.2622917515625 0.4363750875 0.26695886562500004 0.457843809375 0.2828270515625 0.47137843906250004 0.295428259375 0.46624461406249995 0.30662933125 0.43357481875000004 0.3112964453125 0.3406992734375 0.29962866093749996 0.316430290625 0.29076114531249997 0.3080294875 0.2776932265625 0.3061626421875 0.2716259796875 0.30896290937500004 0.268359 0.311763178125 0.2692924234375 0.3248310875 0.2716259796875 0.3369655828125 0.26882571093749996 0.37336906875000003 0.2716259796875 0.3752359140625 0.2702258453125 0.3803697390625 0.2678922890625 0.385036853125 0.26555873124999996 0.4009050390625 0.26369188593750004 0.4181733453125
9 0.19321847187500002 0.6673972078125 0.190418203125 0.6776648578125 0.1978855859375 0.6911994875 0.20815323593750001 0.6982001578125 0.21795417343749998 0.7014671375 0.2296219578125 0.7047341171875 0.23522249374999998 0.7126682093750001 0.2464235671875 0.7243359921875 0.2585580625 0.736003778125 0.2744262484375 0.717802034375 0.2818936296875 0.6491954796875 0.2758263828125 0.6347274281249999 0.269759134375 0.6328605828125 0.25809135 0.634260715625 0.249223834375 0.631460446875 0.2398896078125 0.6244597781250001 0.23195551406249998 0.6132587046875 0.226354978125 0.6048579015625 0.21935430781249998 0.596457096875 0.2123536375 0.591323271875 0.20955337031250001 0.5950569625 0.206286390625 0.6025243437500001 0.2072198125 0.614192128125 0.21142021562500002 0.626326621875 0.21842091406250003 0.6347274421875 0.2221545765625 0.644995078125 0.2207544421875 0.6524624578125 0.2142204828125 0.6557294375 0.201152565625 0.658996403125 0.19321847187500002 0.6673972078125
6 0.6596996953125001 0.8061012875 0.658211875 0.8013402624999999 0.656426490625 0.7944962859375 0.6558313625000001 0.7900328234375 0.6549386703125 0.7822961562499999 0.6537484124999999 0.7745594875 0.6522605921875 0.7692033328125001 0.6489873859374999 0.76444230625 0.6427385390625 0.7608715359375 0.6391677703124999 0.7721789734375 0.6391677703124999 0.7855187124999999 0.633811615625 0.7736667953125 0.6257773828125 0.769500896875 0.635597 0.8108623140625 0.6510703359375001 0.8302039750000001 0.6576167468749999 0.8236575640625 0.658807003125 0.8185989734374999 0.66148508125 0.815028203125 0.6617826453125 0.8102671859375 0.6596996953125001 0.8061012875
6 0.741047159375 0.786219071875 0.7467651171874999 0.7810729109375 0.7507676859375 0.7719241796875 0.7461933203125 0.7616318578125 0.73475740625 0.7536267265625 0.7267522671875 0.7490523609374999 0.721034309375 0.7456215859374999 0.71645994375 0.746765178125 0.7158881484374999 0.7564857046875 0.719318921875 0.76334724375 0.7233214921875 0.7644908359375 0.7273240624999999 0.7719241796875 0.7216061046875 0.7839318890625 0.713600965625 0.786219071875 0.7078830093749999 0.780501115625 0.7021650515625 0.7782139328125 0.6975906859375 0.7936524171875 0.698734278125 0.79994216875 0.7084548046875 0.8039447390625 0.7204625140625 0.8039447390625 0.731898428125 0.7947960078125 0.741047159375 0.786219071875
9 0.732957971875 0.3869504328125 0.719310340625 0.30586747187499996 0.7185075390625 0.2882058328125 0.7144935296875 0.27937501249999996 0.7064655109375 0.2761638046875 0.7024515015625 0.28017781406250003 0.6976346921875 0.29623385 0.6896066734375 0.3556411859375 0.6896066734375 0.3733028015625 0.6896066734375 0.4198653078125 0.7008458984375 0.4439493625 0.7265355578125 0.43832975 0.732957971875 0.3869504328125
