1 0.4929920109375 0.5844294140625 0.485805003125 0.585396603125 0.48897710468750005 0.608965384375 0.4961641109375 0.6079981984375 0.4929920109375 0.5844294140625
7 0.3863293375 0.42790293437500004 0.38212785625 0.4280323375 0.38437071093749997 0.50084870625 0.38857219062500004 0.500719303125 0.3863293375 0.42790293437500004
1 0.37084986249999996 0.69700258125 0.380145834375 0.7003637359375 0.3907854 0.670941953125 0.38148948437499997 0.6675808109375 0.37084986249999996 0.69700258125
1 0.5450377921875 0.7221947375 0.5574176859375 0.7196690890624999 0.5494656250000001 0.680696875 0.5370858328125 0.6832225140625 0.5450377921875 0.7221947375
1 0.565101078125 0.66946175 0.5526377578125 0.6699735078125 0.5544943375 0.7151820265625 0.5669576578125 0.7146702703125001 0.565101078125 0.66946175
1 0.5895014921875 0.7024609374999999 0.606012590625 0.7024609374999999 0.6060125000000001 0.6472156250000001 0.5895015906250001 0.6472156250000001 0.5895014921875 0.7024609374999999
7 0.6408430890625 0.8145842765625 0.6514144671875 0.8129483750000001 0.632742403125 0.69231008125 0.6221713109375 0.6939459609374999 0.6408430890625 0.8145842765625
6 0.643203796875 0.75784905 0.6249522875 0.763848996875 0.6468955046875 0.83058636875 0.6651469921875 0.8245864718749999 0.643203796875 0.75784905
9 0.299923765625 0.602904540625 0.21201160468750002 0.58063106875 0.17933407343750002 0.709591596875 0.2672461265625 0.731864771875 0.299923765625 0.602904540625
6 0.265821228125 0.8055670890625001 0.2796612375 0.7889621578125 0.2593604765625 0.7720449546875 0.24552049843749998 0.7886498328125 0.265821228125 0.8055670890625001
9 0.7331589578125 0.27066509375000003 0.6923791359375 0.2709775703125 0.6936993796875 0.443270446875 0.734479203125 0.44295797343750004 0.7331589578125 0.27066509375000003
8 0.270718759375 0.794663590625 0.3012505296875 0.802840434375 0.339223728125 0.6610739359375 0.3086929203125 0.65289723125 0.270718759375 0.794663590625
8 0.305796334375 0.6724960796875 0.28124990781250003 0.6683238484375 0.26434491250000003 0.7677654578124999 0.2888913265625 0.7719376421875 0.305796334375 0.6724960796875
