1 0.4929203125 0.5844390625 0.48755468750000003 0.5869500000000001 0.487140625 0.5953203125 0.4883796875 0.6045265625 0.49085625000000005 0.6087125 0.4933328125 0.6053640625 0.49457031249999994 0.59615625 0.4929203125 0.5844390625
7 0.3880828125 0.5007343750000001 0.3876703125 0.4714390625 0.38684375000000004 0.44632812499999996 0.38601874999999997 0.4279125 0.3831296875 0.4605578125 0.3835421875 0.47395 0.38601874999999997 0.4890171875 0.3880828125 0.5007343750000001
1 0.3752875 0.6907421874999999 0.3790015625 0.6999500000000001 0.3827171875 0.693253125 0.3872578125 0.680696875 0.3876703125 0.669815625 0.381478125 0.669815625 0.3773515625 0.6790234374999999 0.3752875 0.6907421874999999
1 0.5420359375 0.693253125 0.5420359375 0.7074828125 0.5474015624999999 0.7217125 0.5523546875 0.7192015625 0.55441875 0.704971875 0.5523546875 0.6949265625 0.5494656250000001 0.680696875 0.5457515625 0.681534375 0.5420359375 0.693253125
1 0.5634984375000001 0.6781859375 0.5564828125 0.669815625 0.55318125 0.6832078125 0.55400625 0.703296875 0.558546875 0.715015625 0.5622609375 0.70915625 0.565975 0.6907421874999999 0.5634984375000001 0.6781859375
1 0.5895015625 0.6631203125 0.5932171875 0.6857203125 0.6002328125 0.7024609374999999 0.6060125000000001 0.7016234375 0.6051859375 0.6832078125 0.6047734375 0.6723265625 0.6060125000000001 0.6472156250000001 0.5936296875 0.6497265624999999 0.5895015625 0.6631203125
7 0.627475 0.7250609375 0.632428125 0.7602156250000001 0.6365546875 0.7803046874999999 0.6514140625 0.8129484375 0.6439843749999999 0.794534375 0.63820625 0.7644015625 0.6357296875 0.7300828125 0.633665625 0.698275 0.6266484375 0.693253125 0.6266484375 0.704971875 0.627475 0.7250609375
7 0.6724640625 0.7660750000000001 0.6786546875 0.7953718750000001 0.6770046875 0.7794671875 0.674940625 0.7602156250000001 0.6704 0.7451484374999999 0.6621453125000001 0.7217125 0.6504081859374999 0.687969753125 0.6472451078125 0.696668221875 0.6621453125000001 0.7443125 0.6687484375 0.7568671874999999 0.6724640625 0.7660750000000001
6 0.6369671875 0.7928609375 0.6320140624999999 0.7853265625 0.6377937499999999 0.8029046875000001 0.6452234375 0.8188078125 0.6547156249999999 0.8280156249999999 0.65925625 0.82131875 0.66008125 0.8104374999999999 0.6547156249999999 0.7928609375 0.6468734375 0.771096875 0.6410953125 0.7585421875 0.6423328125000001 0.77611875 0.644396875 0.7861640624999999 0.6369671875 0.7928609375
9 0.19452937812499999 0.6575251140625 0.1913662984375 0.6638512734375001 0.187017065625 0.6792712843750001 0.18780783437499998 0.6875743671875 0.19611091875 0.6895512921875 0.21311246874999998 0.699435915625 0.22853248124999997 0.7112974624999999 0.2451386484375 0.7243451656250001 0.262535584375 0.7306713234375 0.2696525125 0.722368240625 0.27439713125 0.69904053125 0.27914175 0.6587112687500001 0.281118675 0.6432912578125001 0.27439713125 0.63577894375 0.2664894328125 0.6302435562500001 0.25976788906250003 0.6266850921875 0.25146480625 0.6251035515625001 0.24474326249999998 0.6223358578125 0.23841710468750002 0.6187773921875 0.2340678703125 0.61482354375 0.22932324999999998 0.60533430625 0.226160171875 0.5990081468749999 0.223392478125 0.5911004484375 0.21943862812499998 0.58319275 0.21588016406250002 0.5816112109375 0.2091586203125 0.5918912187500001 0.20678631093750002 0.6017758421875 0.2087632359375 0.6116604640625 0.212717084375 0.6254989375 0.216670934375 0.6369650984375 0.22299709218750002 0.6496174171875 0.21588016406250002 0.6551528046875 0.21034477499999998 0.65396665 0.2024370765625 0.6567343453125 0.1969016875 0.6571297296874999 0.19452937812499999 0.6575251140625
8 0.29139868281250003 0.7199959312499999 0.29258483750000003 0.7120882328125 0.29258483750000003 0.7069482296875 0.2803279046875 0.7006220703125 0.27835098125 0.7029943796875 0.274001746875 0.7105066921875001 0.27123405156249997 0.7227636265624999 0.2668848171875 0.7358113281249999 0.2641171234375 0.7480682609375 0.2621402 0.7619067328125 0.262535584375 0.7717913546874999 0.270047896875 0.7800944375000001 0.2716294375 0.7808852078124999 0.2830956 0.7512313390625 0.2894217578125 0.7306713234375 0.29139868281250003 0.7199959312499999
6 0.2684663578125 0.8022359937499999 0.27123405156249997 0.7990729140624999 0.275978671875 0.7919559859375 0.2775602109375 0.7872113671875 0.2680709734375 0.77930366875 0.2656986625 0.7789082828125 0.26332635312499997 0.77930366875 0.253046346875 0.7812805921875 0.25067403593750004 0.7824667468750001 0.251069421875 0.79076983125 0.253837115625 0.7943282953125 0.2566048109375 0.7978867593750001 0.2684663578125 0.8022359937499999
8 0.2819094453125 0.788397521875 0.27953713593749996 0.7943282953125 0.282700215625 0.8022359937499999 0.285072525 0.8038175328125 0.2941663765625 0.7935375265625 0.3008879203125 0.777722128125 0.30800485 0.7528128796875 0.31314485312499996 0.7362067125 0.31749408749999997 0.722368240625 0.322634090625 0.7053666890625 0.32658794062499996 0.6946912968750001 0.3277740953125 0.6875743671875 0.32737871093750004 0.6840159031249999 0.3147263921875 0.6903420625 0.31077254375 0.6950866828125 0.3068186953125 0.70101745625 0.3000971515625 0.7101113078125 0.303655615625 0.7290897843749999 0.3028648453125 0.7401605625000001 0.30128330625 0.750045184375 0.2965386859375 0.762697503125 0.288235603125 0.7804898234375 0.2819094453125 0.788397521875
9 0.2708386671875 0.30840023437499997 0.2656986625 0.309191003125 0.26134942968749997 0.3123540828125 0.2577909640625 0.3202617828125 0.260558659375 0.3309371734375 0.2660940484375 0.34003102812499997 0.2747925171875 0.3633587375 0.26925712812499997 0.3918264515625 0.26293096875 0.41357262187500005 0.2641171234375 0.44204033593750003 0.274001746875 0.463391121875 0.296934071875 0.4645772765625 0.30800485 0.43927264218750006 0.3099817734375 0.41357262187500005 0.3099817734375 0.386686446875 0.3072140796875 0.3653356625 0.3032602296875 0.3550556546875 0.302074075 0.338054103125 0.2961433015625 0.323820246875 0.2910032984375 0.31828485781250004 0.2708386671875 0.30840023437499997
