7 0.325497921875 0.3862981265625 0.31833591562499997 0.3857218734375 0.3125305171875 0.457870865625 0.3196925234375 0.45844711718750003 0.325497921875 0.3862981265625
7 0.3114896859375 0.3865464875 0.30667296875 0.386377884375 0.3042046875 0.4568890625 0.3090214046875 0.45705766406250004 0.3114896859375 0.3865464875
7 0.57226875 0.440621875 0.5748500062499999 0.440621875 0.57485 0.3869328125 0.5722687609375 0.3869328125 0.57226875 0.440621875
7 0.638807209375 0.374053796875 0.632509365625 0.3737390625 0.62908805625 0.4421960109375 0.6353859 0.4425107453125 0.638807209375 0.374053796875
7 0.6178773359374999 0.44019482343750005 0.6233406515625 0.44001961562499997 0.6209199421875 0.3645415625 0.6154566765625 0.36471676875000003 0.6178773359374999 0.44019482343750005
2 0.625754965625 0.542390290625 0.5795937343750001 0.5503262109375 0.5884494984375 0.6018328687500001 0.6346107187500001 0.5938969843749999 0.625754965625 0.542390290625
7 0.6473386750000001 0.6790792484375 0.6552388375 0.67624305 0.6274328125 0.5988 0.619532765625 0.6016361765625 0.6473386750000001 0.6790792484375
7 0.6266024046875 0.6848265046875001 0.6302689171875 0.684067153125 0.6135734375 0.6034640625 0.60990698125 0.6042234093750001 0.6266024046875 0.6848265046875001
7 0.6225496828125 0.6982052859375 0.6299533703125 0.6967233890625 0.60989095 0.5965035453125 0.6024874062500001 0.597985428125 0.6225496828125 0.6982052859375
7 0.6038658406249999 0.73013653125 0.6122956390625001 0.7281948671875 0.585482290625 0.61180083125 0.5770526874999999 0.613742471875 0.6038658406249999 0.73013653125
2 0.38202415312500004 0.5603753984375001 0.3390310421875 0.5573861234375 0.3349231015625 0.6164623109375 0.3779162109375 0.6194515703125 0.38202415312500004 0.5603753984375001
2 0.28473636562500004 0.4955718328125 0.25255641406249996 0.51078738125 0.28602451093750003 0.5815641312500001 0.31820440156249996 0.56634868125 0.28473636562500004 0.4955718328125
2 0.3344315453125 0.5405968515625 0.295501634375 0.549805015625 0.31147237968749997 0.6173187375 0.3504022703125 0.6081106296875001 0.3344315453125 0.5405968515625
