1 0.30873096875 0.48325419687500004 0.33238939218749997 0.48625547031250005 0.3394910828125 0.43027726250000004 0.31583284218749996 0.427276 0.30873096875 0.48325419687500004
1 0.3590581640625 0.43927288750000004 0.3424664421875 0.43420036875 0.3269617484375 0.484911534375 0.34355346249999996 0.48998403437500004 0.3590581640625 0.43927288750000004
1 0.6056597406249999 0.5157903296875 0.613143784375 0.514976559375 0.6089359375 0.47628125 0.6014519375 0.47709501875000004 0.6056597406249999 0.5157903296875
1 0.61073905625 0.501709375 0.6215562640625001 0.501709375 0.6215562390625 0.4674359375 0.6107390859375 0.4674359375 0.61073905625 0.501709375
1 0.633465378125 0.5096645343749999 0.643792209375 0.5094484375 0.64293544375 0.468509828125 0.632608675 0.46872592500000004 0.633465378125 0.5096645343749999
1 0.37563475625 0.5572605859374999 0.3597656609375 0.5561293984375 0.35536668437499996 0.61783505625 0.371235778125 0.6189662375 0.37563475625 0.5572605859374999
1 0.3673349796875 0.5434988374999999 0.3393769796875 0.53924255625 0.330718128125 0.5961140375 0.3586761234375 0.600370296875 0.3673349796875 0.5434988374999999
1 0.29997192031250003 0.566276721875 0.3127562609375 0.5684144734375 0.31930067812499996 0.5292804671875 0.30651642031250004 0.527142721875 0.29997192031250003 0.566276721875
1 0.281759565625 0.558749971875 0.2943943375 0.5640667406250001 0.30792742031250003 0.5319095765624999 0.2952927109375 0.5265928234375 0.281759565625 0.558749971875
9 0.21374651249999999 0.3409894 0.25943917656250004 0.3533529375 0.2988157453125 0.2078297046875 0.2531236765625 0.19546625625 0.21374651249999999 0.3409894
