1 0.380303125 0.50603125 0.3840984375 0.4929640625 0.38267656250000004 0.4829140625 0.37840625 0.48090312500000004 0.3736609375 0.494975 0.375084375 0.508040625 0.380303125 0.50603125
1 0.5027171874999999 0.5371875 0.5003437500000001 0.5180921875 0.49702343750000005 0.5050250000000001 0.49038125 0.5170859375 0.49132968750000006 0.5422140625 0.4946515625 0.561309375 0.498921875 0.5552796875 0.5027171874999999 0.5371875
1 0.683015625 0.46281249999999996 0.67969375 0.47587812500000004 0.682540625 0.486934375 0.688709375 0.494975 0.6953515625 0.49396874999999996 0.6986734375 0.469846875 0.6991484375 0.443715625 0.6953515625 0.43467031250000004 0.688709375 0.4447203125 0.6868109375 0.4577859375 0.683015625 0.46281249999999996
1 0.683490625 0.5331671874999999 0.6782703125 0.5472390625 0.68016875 0.5713609374999999 0.688709375 0.5824171875 0.694403125 0.57035625 0.700571875 0.5562843749999999 0.7010453125 0.540203125 0.6967749999999999 0.529146875 0.6896578124999999 0.5231171875 0.683490625 0.5331671874999999
1 0.5849765625 0.61496875 0.58436875 0.59823125 0.583153125 0.5860000000000001 0.5788984375 0.58278125 0.5743406249999999 0.5924375000000001 0.5716046875 0.60145 0.5719093749999999 0.61496875 0.5749484375 0.6284875000000001 0.5813296875 0.6310625 0.5849765625 0.61496875
1 0.43180312499999995 0.62526875 0.4324109375 0.604025 0.4281546875 0.58664375 0.42663593750000006 0.5731265624999999 0.420253125 0.58149375 0.4156953125 0.58535625 0.4132640625 0.59694375 0.4135671875 0.6175437500000001 0.4159984375 0.6310625 0.4217734375 0.6336375000000001 0.42967500000000003 0.63235 0.43180312499999995 0.62526875
1 0.3786171875 0.5454453125 0.36676406250000004 0.5518828124999999 0.362509375 0.5654015625000001 0.36007812499999997 0.5782765624999999 0.3634203125 0.5924375000000001 0.37193125 0.60466875 0.37770468749999997 0.6001624999999999 0.38256718749999996 0.5911500000000001 0.3822640625 0.58278125 0.3849984375 0.5608953125 0.3883421875 0.5512390625 0.384390625 0.5435140625 0.3786171875 0.5454453125
1 0.3008140625 0.520340625 0.3047640625 0.5345015625 0.3075 0.5428703125000001 0.3138828125 0.5454453125 0.3181375 0.5415828125 0.32330312499999997 0.5364328125 0.3278625 0.5248453125 0.32968593749999997 0.5087531249999999 0.326646875 0.507465625 0.32360781250000004 0.501671875 0.32056874999999996 0.49587812500000006 0.3175296875 0.505534375 0.310234375 0.519053125 0.3008140625 0.520340625
1 0.348259375 0.561878125 0.3502859375 0.554940625 0.3473234375 0.5453609375 0.34654375000000004 0.5480031249999999 0.3434234375 0.55130625 0.34373593750000003 0.561878125 0.34576406249999997 0.5658421875 0.348259375 0.561878125
1 0.33640625 0.5536187499999999 0.33749843749999997 0.556921875 0.3403046875 0.5536187499999999 0.34295624999999996 0.5463515625 0.3456078125 0.5377625 0.34576406249999997 0.53115625 0.34326875 0.5341296875 0.3407734375 0.5394140625 0.3389015625 0.5427187499999999 0.3370296875 0.5466828125000001 0.33640625 0.5536187499999999
5 0.6415641796875 0.588246246875 0.6538011015625 0.5803796546875 0.66166769375 0.5707649328125 0.6607936265625 0.5594020765625001 0.634571653125 0.5725130625 0.6092237468749999 0.5856240500000001 0.6013571546875001 0.5943647078125001 0.6031052859375 0.6004831671875 0.625830996875 0.597860971875 0.6415641796875 0.588246246875
0 0.5524094703125 0.6599196421875 0.5698907859375 0.652927115625 0.5891202328125 0.6485567875 0.5882461671875 0.6118460234375 0.5270615624999999 0.6135941546875 0.49122491874999996 0.6100978921875 0.46500294531249997 0.6100978921875 0.442277234375 0.604853496875 0.3985739453125 0.588246246875 0.3845888921875 0.5725130625 0.36011505 0.5620242734375 0.33826340625 0.5489132875 0.32427835312500003 0.536676365625 0.2998045109375 0.5209431828125 0.289315721875 0.51395065625 0.29368605 0.5602761421875 0.340885603125 0.5847499843749999 0.3793444984375 0.6127200890625 0.43528470781250006 0.6354458000000001 0.47986206249999996 0.6485567875 0.5078321156250001 0.6555493125 0.5524094703125 0.6599196421875
5 0.3487521953125 0.4772398921875 0.3566187875 0.466751103125 0.357492853125 0.465002971875 0.35312252499999996 0.4545141828125 0.3400115375 0.4536401171875 0.32427835312500003 0.4588845109375 0.31553769531250003 0.46762516875 0.3234042875 0.4754917609375 0.34175966875 0.4798620890625 0.3487521953125 0.4772398921875
0 0.41623061562499997 0.48643821249999997 0.43461831406250007 0.49869667812499996 0.47808011562499997 0.5098407375 0.540486853125 0.5187559859374999 0.553302521875 0.47529415156250004 0.5265567765625 0.468607715625 0.5025970484375 0.47306533906250003 0.46749325781250006 0.47473694687499995 0.4479911859375 0.465264496875 0.3872560578125 0.45634924843749997 0.3599531109375 0.4262602953125 0.3588387046875 0.45746365468750005 0.366639546875 0.46470729375 0.3727687796875 0.4713937296875 0.38614165312500004 0.4775229625 0.41623061562499997 0.48643821249999997
