2 0.34143409375 0.46598281718749995 0.2938023078125 0.45520999843750004 0.278770709375 0.5216671828125 0.3264024765625 0.5324399453125 0.34143409375 0.46598281718749995
7 0.3209905375 0.36101559375000003 0.3145359375 0.3612046875 0.317363009375 0.457700034375 0.3238176078125 0.4575109421875 0.3209905375 0.36101559375000003
7 0.30607165625 0.3712586328125 0.3009484375 0.37146406249999997 0.30443232343750004 0.458344590625 0.3095555421875 0.45813916250000003 0.30607165625 0.3712586328125
7 0.312320196875 0.330151034375 0.3070953125 0.33043125 0.3108141921875 0.399770546875 0.31603907656249997 0.3994903328125 0.312320196875 0.330151034375
2 0.4956390625 0.5213609375 0.46460468749999995 0.5213609375 0.46460468749999995 0.5968312499999999 0.4956390625 0.5968312499999999 0.4956390625 0.5213609375
2 0.52350506875 0.51866488125 0.496159653125 0.5184632890625 0.4955772609375 0.597455871875 0.5229226765625 0.5976574625 0.52350506875 0.51866488125
2 0.5436286124999999 0.5191373375 0.5198378859375 0.5213019546875 0.52627781875 0.592075059375 0.5500685437499999 0.5899104546875 0.5436286124999999 0.5191373375
7 0.4815877171875 0.4311028859375 0.47561718593749996 0.43107968750000003 0.4752828125 0.5171296875 0.48125334375 0.5171528859375 0.4815877171875 0.4311028859375
7 0.5315135046874999 0.4620006671875 0.5353468796875 0.4621140625 0.5370995296875 0.40286810624999997 0.5332661828124999 0.4027547125 0.5315135046874999 0.4620006671875
7 0.6711808234375 0.4755393265625 0.6761884484375 0.47535155781249994 0.67335625 0.399825 0.6683486765625 0.40001276875 0.6711808234375 0.4755393265625
7 0.691020746875 0.4029357328125 0.6859765437500001 0.40261093593749997 0.6816035390625 0.47052133281249997 0.6866477421875 0.470846128125 0.691020746875 0.4029357328125
2 0.659764921875 0.6453180953125 0.7022679484375 0.6429518875 0.6980181703125 0.5666292265624999 0.6555157453125 0.5689954171875 0.659764921875 0.6453180953125
2 0.67235195625 0.6541753578125 0.6528886390624999 0.5891590703125 0.6069131234375 0.6029207703125 0.626376090625 0.6679367609375 0.67235195625 0.6541753578125
4 0.69168823125 0.7183852125 0.7139005640625 0.7136500531250001 0.695990334375 0.6296470328125 0.6737783796875 0.63438215 0.69168823125 0.7183852125
4 0.65743788125 0.6574694515624999 0.6372399843750001 0.6587601000000001 0.64345438125 0.7559973390625 0.6636522765625 0.754706703125 0.65743788125 0.6574694515624999
1 0.303143565625 0.5297058390625 0.2854244328125 0.5316546046874999 0.28942805 0.56805415625 0.3071471828125 0.566105396875 0.303143565625 0.5297058390625
5 0.3203428765625 0.6628654609375 0.37851133593749997 0.66414903125 0.3802083328125 0.5872395828125 0.322040728125 0.5859560234375001 0.3203428765625 0.6628654609375
