2 0.28962656249999996 0.4966125 0.291890625 0.5109734375 0.29933125 0.5157609375 0.306771875 0.5191796875 0.3116234375 0.525334375 0.316153125 0.5301218750000001 0.32326875 0.5294375 0.328121875 0.5198640625000001 0.33265 0.50481875 0.33265 0.4863546875 0.3303859375 0.479515625 0.3168 0.4692578125 0.3045078125 0.45763125000000004 0.2990078125 0.45694687500000003 0.2951265625 0.45557968750000005 0.29124374999999997 0.46652187500000003 0.2876859375 0.4822515625 0.28962656249999996 0.4966125
2 0.4739484375 0.5213609375 0.4676078125 0.5241828125 0.46460468749999995 0.5538062499999999 0.46460468749999995 0.5813140625 0.47461562500000004 0.5911890625 0.4906328125 0.5968312499999999 0.49463749999999995 0.5933046875 0.4956390625 0.5714406249999999 0.49196718749999996 0.5404046874999999 0.487296875 0.52559375 0.4739484375 0.5213609375
2 0.5213328125000001 0.5453421875 0.5179953125 0.5277093749999999 0.5123234375 0.522771875 0.5066499999999999 0.518540625 0.499309375 0.5312359375 0.49597187500000006 0.5439328125 0.49597187500000006 0.561565625 0.4956390625 0.5890734375 0.5006437499999999 0.5954203125 0.5066499999999999 0.5975374999999999 0.5163265625 0.5975374999999999 0.5230015625 0.5869578125 0.522334375 0.561565625 0.5213328125000001 0.5453421875
2 0.5473609374999999 0.5601546875000001 0.5443578125 0.5333515625 0.542021875 0.522771875 0.5346796875 0.5199515625 0.5303421875 0.5213609375 0.5240015625 0.5340578125000001 0.5226671875 0.5523953125000001 0.5243359375 0.570734375 0.5276734375000001 0.5883671875 0.536015625 0.5911890625 0.5443578125 0.5883671875 0.5483609375 0.5813140625 0.5473609374999999 0.5601546875000001
2 0.6717265625 0.6416671875 0.67774375 0.6443171875 0.6857656249999999 0.63901875 0.692034375 0.62895 0.6970484375 0.61888125 0.698553125 0.6114625 0.69980625 0.59874375 0.6983015625 0.5717187499999999 0.6922843750000001 0.5669484375 0.6860171875 0.5706578125 0.6799999999999999 0.5759578125 0.6717265625 0.5817859375000001 0.66420625 0.5881453125 0.6569359375 0.5945046875 0.658940625 0.6146421875 0.6629515625 0.6305390625 0.6667125 0.6368984375 0.6717265625 0.6416671875
2 0.6148171875 0.6273593749999999 0.6193296875 0.63901875 0.62685 0.6453781249999999 0.634621875 0.654915625 0.6358765625 0.6580953125 0.641140625 0.6618046875 0.652171875 0.660215625 0.6591921875 0.6522671875 0.6609468749999999 0.6379578125 0.6606953125 0.61888125 0.6571859375 0.6035140625000001 0.652171875 0.5929156250000001 0.645653125 0.591325 0.63763125 0.595034375 0.6173234375 0.5998046875 0.6115578125 0.6061625 0.6110562500000001 0.6167609374999999 0.6148171875 0.6273593749999999
4 0.6902796875 0.6347796875 0.6842625 0.6432578125 0.6784953125000001 0.642728125 0.6784953125000001 0.65650625 0.6962953125 0.7079078125 0.701059375 0.7163875 0.710084375 0.7105578125 0.7065750000000001 0.6792921875 0.7020625 0.6591546875 0.698553125 0.6416671875 0.694290625 0.630009375 0.6902796875 0.6347796875
4 0.6606953125 0.722746875 0.6594421875 0.68883125 0.6559328125 0.6575656249999999 0.6526734375000001 0.6612750000000001 0.645653125 0.6618046875 0.639134375 0.6596859375 0.6383828125 0.6766421874999999 0.6396359375 0.69625 0.643146875 0.728575 0.6471578124999999 0.755071875 0.6579375 0.755071875 0.658690625 0.7492421874999999 0.6606953125 0.722746875
1 0.3041921875 0.5542312500000001 0.30444218749999996 0.5415125 0.2989265625 0.5319734375 0.2921578125 0.5309140625000001 0.2863921875 0.540453125 0.2888984375 0.5632390625 0.29466562500000004 0.5674781249999999 0.3011828125 0.565359375 0.3041921875 0.5542312500000001
0 0.6315104171875 0.6640625 0.6549479171875 0.6640625 0.7122395828125 0.6197916671875 0.7057291671875 0.6106770828125 0.6666666671875 0.6341145828125 0.6184895828125 0.65234375 0.546875 0.6458333328125 0.3841145828125 0.640625 0.3372395828125 0.62890625 0.2630208328125 0.5234375 0.2552083328125 0.5403645828125 0.3346354171875 0.6549479171875 0.36328125 0.66796875 0.4127604171875 0.6575520828125 0.51953125 0.6549479171875 0.56640625 0.6640625 0.6315104171875 0.6640625
0 0.4388020828125 0.5 0.3776041671875 0.4817708328125 0.30078125 0.4427083328125 0.3190104171875 0.4661458328125 0.375 0.4869791671875 0.40625 0.4986979171875 0.47433415312499994 0.5091107874999999 0.4388020828125 0.5
0 0.6940104171875 0.4596354171875 0.6432291671875 0.4830729171875 0.5338541671875 0.51171875 0.49823588750000003 0.512766346875 0.5169270828125 0.515625 0.69140625 0.48046875 0.6940104171875 0.4596354171875
5 0.3111979171875 0.703125 0.375 0.69140625 0.3802083328125 0.5872395828125 0.3580729171875 0.5885416671875 0.3111979171875 0.703125
