1 0.2982568671875 0.5497098171875 0.31416723593749996 0.550668753125 0.31710622499999996 0.5019089906249999 0.3011959796875 0.5009500578125 0.2982568671875 0.5497098171875
1 0.3712293078125 0.5620467375 0.380687515625 0.5631062515624999 0.384899503125 0.5255093328125 0.375441353125 0.524449821875 0.3712293078125 0.5620467375
7 0.397476 0.43092671562499996 0.386334375 0.43149531249999995 0.3911968421875 0.5267687515625 0.4023384671875 0.526200159375 0.397476 0.43092671562499996
7 0.55061941875 0.4882671671875 0.5598031921875 0.488040378125 0.556704221875 0.3625587609375 0.5475205984375 0.3627855484375 0.55061941875 0.4882671671875
7 0.6979878734375 0.36680296874999996 0.6942031125 0.36647812343749997 0.6887047625 0.4305361453125 0.6924895249999999 0.43086098906250003 0.6979878734375 0.36680296874999996
7 0.6758374468749999 0.44455068906250006 0.6863927640624999 0.44388629843749994 0.6814390625 0.365190625 0.67088385 0.3658550125 0.6758374468749999 0.44455068906250006
1 0.6698202046875 0.6295918046875 0.7039131859375 0.6301453125 0.704918878125 0.5681954218749999 0.6708262828125 0.5676419187499999 0.6698202046875 0.6295918046875
2 0.327731665625 0.666920278125 0.3774415375 0.67046225625 0.3822762359375 0.6026141296875 0.3325670078125 0.599072175 0.327731665625 0.666920278125
7 0.36582459843750004 0.669942825 0.3566636171875 0.669179725 0.34895312500000003 0.7617296875 0.3581141046875 0.76249278125 0.36582459843750004 0.669942825
7 0.323319053125 0.73425693125 0.32980624999999997 0.73598125 0.3474328953125 0.669676584375 0.34094578750000004 0.667952278125 0.323319053125 0.73425693125
8 0.33238635625 0.5284090906250001 0.3544034328125 0.5284090906250001 0.3544032703125 0.42258522656249997 0.33238652812499997 0.42258522656249997 0.33238635625 0.5284090906250001
8 0.33697396562500004 0.43201423281249995 0.31832376406249996 0.4316812171875 0.3165336015625 0.531930796875 0.33518380468750003 0.5322638093750001 0.33697396562500004 0.43201423281249995
8 0.3217329 0.5241477265625 0.3480114984375 0.5241477265625 0.348011221875 0.38068181874999996 0.32173311875 0.38068181874999996 0.3217329 0.5241477265625
