1 0.3020125 0.5440234375 0.3141671875 0.55066875 0.3133828125 0.5357171875 0.3165203125 0.5116296874999999 0.31299062499999997 0.5016609375 0.3067171875 0.5024921875 0.30279687499999997 0.5091375 0.3000515625 0.5199359375 0.299659375 0.5332265625 0.3020125 0.5440234375
7 0.31734687500000003 0.47011875 0.3199984375 0.5050671875 0.3255953125 0.514428125 0.3385578125 0.5194203125 0.3491640625 0.52066875 0.349753125 0.5138046875 0.3521109375 0.4988265625 0.351815625 0.484471875 0.3512265625 0.4713671875 0.347690625 0.4495234375 0.3456296875 0.43205 0.340915625 0.4289296875 0.3394421875 0.4158234375 0.33708593750000004 0.396478125 0.33355 0.38524375 0.3267734375 0.3883640625 0.326184375 0.4058390625 0.3264796875 0.4326734375 0.3211765625 0.4308015625 0.318525 0.44515625 0.31734687500000003 0.47011875
1 0.3809828125 0.5356468750000001 0.3848125 0.5262859375 0.38068749999999996 0.5250375 0.3745 0.5368953125 0.3724390625 0.5512484375 0.375384375 0.56248125 0.38068749999999996 0.5631062499999999 0.3803921875 0.5556171875 0.3809828125 0.5356468750000001
7 0.342978125 0.5025703125 0.34356718750000004 0.46575 0.3406203125 0.42830625 0.341209375 0.47511093750000005 0.3382640625 0.5025703125 0.342978125 0.5025703125
7 0.332665625 0.4769828125 0.336790625 0.472615625 0.33119375 0.3927328125 0.332665625 0.4769828125
7 0.32220781249999997 0.44372656250000003 0.3234234375 0.4720515625 0.32889375 0.49458125 0.328590625 0.5016625 0.332540625 0.49200625000000003 0.327678125 0.4701203125 0.3258546875 0.4540265625 0.3249421875 0.43342656249999995 0.32220781249999997 0.44372656250000003
7 0.39484375 0.49779999999999996 0.386334375 0.43149531249999995 0.391196875 0.52676875 0.3954515625 0.5222625 0.4021375 0.5222625 0.391196875 0.44050781250000004 0.39484375 0.49779999999999996
7 0.6923796875 0.4308515625 0.69541875 0.396734375 0.694203125 0.366478125 0.6899484375 0.416046875 0.6890375 0.4289203125 0.6923796875 0.4308515625
7 0.6826546875 0.43857656250000004 0.678703125 0.4199078125 0.6780953125 0.398021875 0.6832625 0.4295640625 0.6850859375 0.42312656249999997 0.6814390625 0.396090625 0.6802234375 0.380640625 0.6814390625 0.365190625 0.6768796874999999 0.387721875 0.673840625 0.412828125 0.6777921874999999 0.4379328125 0.678703125 0.4443703125 0.6826546875 0.43857656250000004
1 0.6929875 0.629765625 0.6993703124999999 0.620753125 0.7042328125 0.610453125 0.7045359375 0.591784375 0.6987625000000001 0.5814859375 0.6908609375 0.5679671875000001 0.6841734374999999 0.5698984375 0.6777921874999999 0.5737609375 0.6720171875000001 0.589209375 0.6701937499999999 0.606590625 0.673840625 0.620753125 0.6805265625 0.629765625 0.6929875 0.629765625
2 0.3653640625 0.604015625 0.357765625 0.605303125 0.3477375 0.6001531250000001 0.3392265625 0.604015625 0.331021875 0.620753125 0.331325 0.6593765625 0.3483453125 0.6683890625 0.3674921875 0.6600203125 0.3787359375 0.6522953125 0.3811671875 0.618178125 0.3799515625 0.607234375 0.37205 0.602728125 0.3653640625 0.604015625
7 0.363540625 0.6973578125000001 0.36262812499999997 0.6696765625000001 0.35624687499999996 0.6741828125 0.35624687499999996 0.6999328125 0.34895312500000003 0.7617296875 0.35503125 0.7507875 0.357765625 0.73083125 0.3583734375 0.71023125 0.3595890625 0.73598125 0.3614125 0.7224625 0.363540625 0.6973578125000001
7 0.3331484375 0.70894375 0.3474328125 0.6696765625000001 0.34135468750000003 0.6690328125 0.33466874999999996 0.6915640625 0.32980624999999997 0.73598125 0.3331484375 0.70894375
