1 0.6340724359375 0.73881585 0.642767875 0.7384216109375 0.6413818124999999 0.7078558828125 0.63268643125 0.7082501203125 0.6340724359375 0.73881585
1 0.6016748140625 0.754816328125 0.6116291953124999 0.753269 0.60723148125 0.7249822734375 0.5972771625 0.7265295968750001 0.6016748140625 0.754816328125
2 0.27436241250000004 0.7652408734375 0.3241750390625 0.7596812859375001 0.316459421875 0.690565809375 0.26664755 0.696125353125 0.27436241250000004 0.7652408734375
2 0.27991473437500003 0.666284165625 0.22617837812500002 0.6600201640625001 0.21681623437500003 0.7403225578125 0.27055258125 0.7465865046875 0.27991473437500003 0.666284165625
1 0.19639465 0.76906796875 0.2111601421875 0.7722794656249999 0.21797912031250002 0.7409331109374999 0.20321373125000003 0.7377216265625 0.19639465 0.76906796875
1 0.22597792656250001 0.7871562562500001 0.237785 0.7790552421875 0.2223192578125 0.7565183859375 0.2105122390625 0.764619375 0.22597792656250001 0.7871562562500001
1 0.2761551109375 0.7730497921875 0.25538659375 0.76623081875 0.23326189843749998 0.8336029609375 0.2540303875 0.8404218734375 0.2761551109375 0.7730497921875
1 0.3752562109375 0.8807890625000001 0.38921255625 0.8807890625000001 0.3892124546875 0.826728125 0.37525630468750004 0.826728125 0.3752562109375 0.8807890625000001
2 0.58852828125 0.8994105484375 0.6219555515625 0.8905016484375 0.6026438046875 0.8180594734375 0.5692171546875 0.8269682859374999 0.58852828125 0.8994105484375
2 0.6594810796874999 0.7997755468750001 0.6054113250000001 0.8119495421874999 0.6240380437499999 0.8946606734375001 0.6781077546875001 0.8824868125 0.6594810796874999 0.7997755468750001
2 0.7364764671875 0.8152550390625001 0.7115584546875 0.7668334203125 0.6468307640625001 0.80013614375 0.67174826875 0.8485573296875 0.7364764671875 0.8152550390625001
