1 0.6334765625000001 0.7165265625 0.6334765625000001 0.7256750000000001 0.638040625 0.7386359375 0.6426046875 0.7348234375 0.641775 0.7165265625 0.6351359375000001 0.7081390625 0.6334765625000001 0.7165265625
1 0.60816875 0.7310109375 0.6027750000000001 0.7256750000000001 0.598625 0.7279625000000001 0.5998703125 0.743209375 0.6027750000000001 0.7546453125 0.6073390625 0.7508343749999999 0.609828125 0.741684375 0.60816875 0.7310109375
2 0.30636562500000003 0.6944640625 0.3006984375 0.69304375 0.2942578125 0.69304375 0.2875609375 0.693990625 0.2811203125 0.69635625 0.2759671875 0.6987234375 0.2728765625 0.7081921875 0.270815625 0.7238140625 0.2715875 0.74038125 0.27313437500000004 0.750796875 0.28215 0.761684375 0.2883328125 0.7593171875 0.29348593749999996 0.7536375 0.2983796875 0.7578968749999999 0.30198593749999997 0.7621578125 0.312034375 0.7607375000000001 0.31873125 0.756003125 0.3223375 0.7432218749999999 0.32027656250000003 0.724759375 0.3171859375 0.712925 0.312034375 0.697303125 0.30636562500000003 0.6944640625
2 0.2656625 0.6840484375 0.26076875 0.6778953125 0.25329687500000003 0.6712671875 0.241446875 0.6618 0.23500625 0.6651140625 0.22830937499999998 0.6651140625 0.22599062499999997 0.6722140624999999 0.22315625 0.6859421875 0.2216109375 0.6991968749999999 0.2216109375 0.71481875 0.224959375 0.7209734375 0.2314 0.7238140625 0.2399015625 0.7271265625 0.2453109375 0.726653125 0.2527828125 0.7384890625 0.257934375 0.7451156250000001 0.2641171875 0.7446421875 0.2705578125 0.7389625 0.27261875 0.7271265625 0.274421875 0.7133984375 0.2741640625 0.70014375 0.2723609375 0.6920968750000001 0.2656625 0.6840484375
6 0.2869984375 0.617590625 0.2937875 0.6106609375 0.3001984375 0.605115625 0.306234375 0.605809375 0.310759375 0.6155125 0.3141546875 0.631453125 0.3175484375 0.618978125 0.3198125 0.6030359375 0.3201890625 0.591946875 0.3167953125 0.5836296875 0.3066109375 0.57600625 0.2990671875 0.5767 0.291146875 0.5954125 0.2869984375 0.617590625
1 0.20213437500000003 0.7451187499999999 0.19949375 0.754821875 0.197984375 0.7686843750000001 0.201003125 0.7700703125 0.20628281249999997 0.7700703125 0.209678125 0.7672984375 0.21345 0.761753125 0.2149578125 0.754821875 0.2126953125 0.7465046875 0.2085453125 0.73888125 0.2051515625 0.7409609374999999 0.20213437500000003 0.7451187499999999
1 0.21722031249999998 0.7672984375 0.219484375 0.77769375 0.22551875 0.78531875 0.22966718749999998 0.784625 0.23343906250000002 0.781159375 0.2349484375 0.774921875 0.22966718749999998 0.767990625 0.224009375 0.7589812499999999 0.2187296875 0.7589812499999999 0.21722031249999998 0.7672984375
1 0.2647453125 0.7929421875 0.26663125 0.788784375 0.26361406249999997 0.774921875 0.262859375 0.7686843750000001 0.25795625 0.7686843750000001 0.2511671875 0.7790796875 0.24777187500000003 0.79155625 0.2447546875 0.8033390624999999 0.23796562500000001 0.8192796875000001 0.23607968750000002 0.834528125 0.2417375 0.8352203125000001 0.24777187500000003 0.8331406250000001 0.25456093750000003 0.8310625 0.2609734375 0.8192796875000001 0.265121875 0.8012593750000001 0.2647453125 0.7929421875
1 0.375634375 0.8447484375000001 0.37525624999999996 0.8586109375 0.3763875 0.8807890625000001 0.379028125 0.87663125 0.3824234375 0.8717796874999999 0.386571875 0.8669281249999999 0.3892125 0.8613828124999999 0.3892125 0.8509859375 0.3861953125 0.8357390625000001 0.38166875 0.826728125 0.3775203125 0.8295 0.375634375 0.8447484375000001
2 0.579684375 0.866234375 0.5853421875 0.8752437499999999 0.59213125 0.884946875 0.601184375 0.8960375 0.60835 0.8884124999999999 0.6128765625 0.8773234375 0.6140078124999999 0.8606890625 0.60948125 0.8440562500000001 0.6049546875 0.826728125 0.5977890625 0.8225703125000001 0.5857187500000001 0.8225703125000001 0.577421875 0.8288078125 0.5766671875 0.8419765625 0.579684375 0.866234375
2 0.65059375 0.8017765625 0.6396546875 0.8094015625000001 0.6339984375000001 0.8156390625000001 0.6253234375 0.8121734375 0.6192875 0.8094015625000001 0.6113671875 0.821184375 0.6106125 0.8350453124999999 0.6151390625000001 0.8551453125 0.6185343750000001 0.8641546874999999 0.627209375 0.87663125 0.6321125000000001 0.8884124999999999 0.6407875 0.88910625 0.6487078125 0.88910625 0.657759375 0.885640625 0.6622859375 0.8752437499999999 0.6668125 0.8586109375 0.6668125 0.8405906249999999 0.6649265625 0.82395625 0.66153125 0.8121734375 0.6562515624999999 0.8031640624999999 0.65059375 0.8017765625
2 0.664171875 0.79761875 0.6626624999999999 0.8128671875 0.665303125 0.8295 0.6690750000000001 0.8433624999999999 0.675109375 0.8461343749999999 0.6845390625000001 0.8419765625 0.6966078125 0.8322734374999999 0.706415625 0.8260359375 0.720746875 0.8128671875 0.7218796875 0.8017765625 0.718484375 0.7802921875 0.7116953125000001 0.7692015624999999 0.698871875 0.7733609375 0.6898187499999999 0.780984375 0.6781265624999999 0.78514375 0.6705828125 0.787915625 0.664171875 0.79761875
0 0.57179303125 0.7454265765625 0.6639984109375 0.720878390625 0.726865715625 0.70411379375 0.7310568703125 0.6514250046875001 0.6897440687499999 0.664597203125 0.6448388515625 0.6843554984375 0.6041247875 0.693935278125 0.5472448453125 0.7154897640625 0.5089257265625 0.7262670171875001 0.44366351406250004 0.7130948187499999 0.4023507140625 0.7011201125000001 0.36163665 0.69273780625 0.3316998375 0.6915403328124999 0.27122747812500003 0.6598073125 0.23051344999999998 0.6412465078125 0.2245260515625 0.6681896203125001 0.2897883015625 0.7017188484375 0.3604391765625 0.7256682796875 0.4634217734375 0.7508152031249999 0.57179303125 0.7454265765625
0 0.5369945484375 0.9270834718750001 0.5876231015625 0.9179537328125 0.6349317484375 0.909653971875 0.7004998734375001 0.8681551578125 0.732038971875 0.8299762484375 0.7162694234375 0.8067369125000001 0.5950928875 0.8714750625000001 0.4863659953125 0.8747949671875 0.393408703125 0.8706450859375 0.33531036406250003 0.8474057500000001 0.2689122625 0.8158666531250001 0.24899283125 0.791797340625 0.24069306875000002 0.7884774343750001 0.2315633296875 0.8175266046875 0.2846818109375 0.8581954421875 0.3436101265625 0.8830947296874999 0.3900887984375 0.9038441374999999 0.445697209375 0.9237635671875 0.49383578281249996 0.9270834718750001 0.5369945484375 0.9270834718750001
