1 0.3992998859375 0.62754375 0.4355563328125 0.62754375 0.43555611875 0.55170625 0.399300171875 0.55170625 0.3992998859375 0.62754375
5 0.2883103484375 0.6294986578125 0.3740239640625 0.625976540625 0.37070346249999997 0.5451921546875 0.284991071875 0.548714246875 0.2883103484375 0.6294986578125
5 0.6217107937499999 0.59396286875 0.614036053125 0.5223446546875 0.5080396484375 0.5337021796875 0.515713675 0.6053197406249999 0.6217107937499999 0.59396286875
5 0.784687425 0.5975461609375 0.786508021875 0.541089209375 0.632120278125 0.5361104890624999 0.6302989546875 0.5925666828125 0.784687425 0.5975461609375
5 0.35313644843750003 0.774882571875 0.379011903125 0.683605596875 0.23554989375000002 0.6429421734375 0.2096735453125 0.734217703125 0.35313644843750003 0.774882571875
5 0.773684871875 0.7434393203125 0.78418603125 0.641048990625 0.65625 0.6279296875 0.6457476234375 0.730318621875 0.773684871875 0.7434393203125
5 0.48432168906250006 0.754866490625 0.548829253125 0.7421872781250001 0.5263671875 0.6279296875 0.46186118593750003 0.6406087406250001 0.48432168906250006 0.754866490625
8 0.356703190625 0.7743204125 0.37963725312499996 0.7804624390625 0.3974161140625 0.71408771875 0.374482390625 0.707945740625 0.356703190625 0.7743204125
8 0.26894347500000004 0.6050507828125 0.2890248703125 0.6063894140625 0.294782 0.5200308453125 0.274700896875 0.5186922234375 0.26894347500000004 0.6050507828125
8 0.36998419375 0.48513547343749996 0.3761000171875 0.5768680109375001 0.4016965375 0.5751615140624999 0.3955805390625 0.48342916406249997 0.36998419375 0.48513547343749996
