8 0.281590625 0.5270359375 0.27364375 0.5462234375 0.2691734375 0.5818578125 0.2751328125 0.601046875 0.28655624999999996 0.6056140625 0.2895359375 0.554446875 0.2895359375 0.535259375 0.281590625 0.5270359375
8 0.2612265625 0.4795234375 0.2607296875 0.47221250000000003 0.2607296875 0.46307656250000007 0.2652 0.45302499999999996 0.273146875 0.44662968750000004 0.27265 0.43840625 0.2622203125 0.4310953125 0.2522875 0.4448015625 0.24285 0.4566796875 0.2388765625 0.48135000000000006 0.2453328125 0.49231406250000004 0.249803125 0.49505625000000003 0.2547703125 0.4914015625 0.2602328125 0.48591875 0.2612265625 0.4795234375
8 0.3848953125 0.5078484375000001 0.3804265625 0.5005375 0.3660234375 0.5005375 0.36850625 0.521553125 0.37396875 0.540740625 0.3734734375 0.5626703125 0.3749625 0.5727218749999999 0.3824125 0.5718078125 0.3933390625 0.569065625 0.395821875 0.566325 0.39185 0.5434828125 0.38886875 0.5252078124999999 0.3848953125 0.5078484375000001
1 0.3993 0.597390625 0.4007890625 0.6129249999999999 0.405259375 0.6129249999999999 0.40774218749999996 0.6092703125 0.41270937500000004 0.6019593750000001 0.42164843750000003 0.6037874999999999 0.42313906250000005 0.6120109375 0.428603125 0.62754375 0.433071875 0.6220609375 0.43555625 0.60835625 0.43555625 0.5983046875 0.433071875 0.5772890625 0.4221453125 0.5763765624999999 0.42065625000000006 0.5644984375 0.41370312499999995 0.55170625 0.4007890625 0.5562750000000001 0.4002921875 0.5754625 0.3993 0.597390625
8 0.6133609375 0.5644984375 0.617334375 0.5608421875 0.62726875 0.5471375 0.626771875 0.5325171875 0.62528125 0.5115031250000001 0.62528125 0.5005375 0.6227984375 0.49505625000000003 0.6153484375 0.51424375 0.61038125 0.5416546875 0.6133609375 0.5644984375
8 0.3749625 0.7180015625 0.3695 0.7253109375 0.36701562499999996 0.7371890624999999 0.3650296875 0.7490671875 0.36105624999999997 0.7591187500000001 0.360559375 0.7728234375 0.36205 0.7792203125 0.3695 0.7746515625 0.3779421875 0.7682546875 0.3848953125 0.7609453125 0.38886875 0.7472390625 0.39433281249999996 0.726225 0.3858890625 0.726225 0.3804265625 0.7243968749999999 0.3784390625 0.7243968749999999 0.3749625 0.7180015625
0 0.6294536 0.7332616437499999 0.6587085703125 0.729486809375 0.6624834046875 0.7257119750000001 0.6530463171875 0.667202034375 0.5454635234375 0.6700331609375 0.4520363609375 0.6917384609375 0.4086258171875 0.6907947531249999 0.3982450203125 0.738923896875 0.4548674859375 0.7360927703125 0.48789729218750005 0.7379801875 0.5275330578124999 0.73986760625 0.5615065718750001 0.7360927703125 0.59642379375 0.73986760625 0.6294536 0.7332616437499999
5 0.40201985625000003 0.7087252171875 0.4048509828125 0.703062965625 0.36332779843749996 0.693625878125 0.3284105765625 0.68041395625 0.338791371875 0.688907334375 0.2925496453125 0.6841887921875001 0.25857613125 0.6738079953125 0.2689569265625 0.6945695875 0.30576156718749997 0.7096689265625 0.3642715078125 0.7125000531250001 0.40201985625000003 0.7087252171875
5 0.745529771875 0.6539901125 0.6955132093749999 0.654933821875 0.6653145312500001 0.6558775296875 0.673807909375 0.6851325 0.6766390359375001 0.6851325 0.72759930625 0.681357665625 0.7379801015624999 0.6738079953125 0.745529771875 0.6539901125
5 0.614354259375 0.6058609671874999 0.6889072484375001 0.58981791875 0.6766390359375001 0.5633940749999999 0.628509890625 0.557731821875 0.536970203125 0.5615066578125 0.5029966890625001 0.5671689109375 0.518096028125 0.571887453125 0.5256456984375 0.573774871875 0.5747185515625 0.6020861328125 0.614354259375 0.6058609671874999
5 0.3548344203125 0.5917053375 0.3048178578125 0.595480171875 0.2680132171875 0.6011424234375 0.2680132171875 0.6030298421875 0.28594368281250004 0.6020861328125 0.298211896875 0.6077483859374999 0.37087746875 0.6134106375 0.388807934375 0.6068046765624999 0.38408939062499997 0.59642388125 0.3548344203125 0.5917053375
0 0.4643045734375 0.556788128125 0.3944701859375 0.556788128125 0.396357603125 0.5747185796875 0.3982450203125 0.6058609671874999 0.5133774265625 0.6011424234375 0.5180959703125 0.5435762078125 0.4643045734375 0.556788128125
