7 0.27754687499999997 0.44586249999999994 0.2747515625 0.47090468750000003 0.2731203125 0.4860234375 0.27195625 0.4931109375 0.274984375 0.49925312499999996 0.27708125 0.47893749999999996 0.2780125 0.4614546875 0.280109375 0.44019375 0.278246875 0.42129374999999997 0.27568281250000004 0.406175 0.274984375 0.397196875 0.2773140625 0.42838125 0.27754687499999997 0.44586249999999994
7 0.2752171875 0.42507343750000004 0.27568281250000004 0.39577968750000003 0.27218906249999997 0.41893125 0.2700921875 0.4510609375 0.26869375 0.48460625 0.2677625 0.49122187500000003 0.2717234375 0.4954734375 0.2731203125 0.48933125000000005 0.2752171875 0.452478125 0.2752171875 0.42507343750000004
7 0.2971171875 0.42790937500000004 0.29968125 0.45672968750000004 0.302709375 0.47988125000000004 0.3036421875 0.48791406249999997 0.3057390625 0.479409375 0.3006125 0.44586249999999994 0.2971171875 0.42790937500000004
7 0.3092328125 0.472321875 0.3134265625 0.46712499999999996 0.31179531250000003 0.4397203125 0.31063125 0.40192187500000004 0.30830156249999996 0.387746875 0.3078359375 0.41420625 0.309 0.46617968750000005 0.3092328125 0.472321875
7 0.3260078125 0.4515328125 0.32065 0.42790937500000004 0.314359375 0.41467968749999995 0.322046875 0.44397343749999996 0.32344531249999997 0.49972656249999997 0.3264734375 0.46948749999999995 0.3260078125 0.4515328125
7 0.3229796875 0.4756296875 0.3229796875 0.462871875 0.320415625 0.443028125 0.31645625 0.43074375 0.30946562499999997 0.42129374999999997 0.3134265625 0.42790937500000004 0.31785312499999996 0.440665625 0.32065 0.460509375 0.3187859375 0.48224375 0.3229796875 0.4756296875
7 0.3578828125 0.51740625 0.3621109375 0.5122609375 0.35957343750000004 0.467096875 0.35760000000000003 0.43965468750000003 0.3553453125 0.42364687500000003 0.3564734375 0.4859625 0.35760000000000003 0.5111171875 0.3578828125 0.51740625
7 0.350553125 0.52826875 0.356190625 0.5162625000000001 0.3545 0.4836765625 0.3525265625 0.45166093749999997 0.35224375 0.43393750000000003 0.3513984375 0.48825 0.3513984375 0.51740625 0.350553125 0.52826875
7 0.39199375000000003 0.5334140625 0.395940625 0.5317000000000001 0.39509531249999996 0.5231234375 0.39142968749999996 0.51740625 0.3953765625 0.47109843749999997 0.3942484375 0.44537187500000003 0.390865625 0.4276484375 0.388328125 0.424790625 0.390584375 0.44594374999999997 0.390584375 0.467096875 0.3897390625 0.48939374999999996 0.38945625 0.5013984375 0.3872015625 0.5054015625 0.3849453125 0.4991125 0.3841 0.4705265625 0.382409375 0.44365625 0.37677031250000004 0.41621406250000004 0.38156249999999997 0.4596640625 0.3795890625 0.4991125 0.3807171875 0.5134046875 0.379025 0.5202656250000001 0.3753609375 0.5288406250000001 0.3725421875 0.5362734375 0.3835359375 0.53913125 0.39199375000000003 0.5334140625
2 0.41849375 0.6088796875 0.4263859375 0.6043062499999999 0.433153125 0.5980171875 0.43484375000000003 0.5923 0.4354078125 0.5802937499999999 0.43653593749999997 0.563715625 0.4354078125 0.5419906250000001 0.43117968749999996 0.5334140625 0.425259375 0.52826875 0.41736562499999996 0.5236953125 0.4100359375 0.5219796875 0.405525 0.5294125000000001 0.4060890625 0.5597125000000001 0.4049609375 0.5785796875 0.4074984375 0.5945875 0.41059999999999997 0.604878125 0.41849375 0.6088796875
7 0.3996046875 0.351040625 0.4086265625 0.4087828125 0.4097546875 0.44251250000000003 0.41257343750000003 0.452803125 0.4156734375 0.4556625 0.41257343750000003 0.41106875 0.40806250000000005 0.3847703125 0.40242500000000003 0.36133125 0.3996046875 0.351040625
1 0.4418921875 0.5488500000000001 0.43738124999999994 0.5437046875 0.4368171875 0.5505656250000001 0.43653593749999997 0.5625718749999999 0.43710000000000004 0.5745765625 0.43738124999999994 0.583725 0.4407640625 0.5860109375 0.44301874999999996 0.5814375 0.44414687500000005 0.5694312499999999 0.44555625 0.562 0.4418921875 0.5488500000000001
1 0.5662140625000001 0.5528531250000001 0.56536875 0.5322703125 0.5622671875 0.5419906250000001 0.5594484375000001 0.5534234375 0.5605765625 0.5660015625 0.5648046875 0.570575 0.5662140625000001 0.5528531250000001
7 0.58065 0.5247234375 0.587778125 0.5232015624999999 0.5889046875 0.45699843749999997 0.59153125 0.413625 0.5949078125 0.37481718750000004 0.5851515625 0.44101875 0.5836515624999999 0.49580624999999995 0.58065 0.5247234375
7 0.6061640625 0.44101875 0.606915625 0.47906562499999994 0.606915625 0.5277671875000001 0.61329375 0.522440625 0.6117921875000001 0.4965671875 0.6091656249999999 0.4524328125 0.6087906249999999 0.41210312499999996 0.6061640625 0.44101875
7 0.6241749999999999 0.3991671875 0.619671875 0.43417031250000004 0.6166703124999999 0.48363125 0.6166703124999999 0.49352343750000005 0.6215484375 0.48819687500000003 0.6241749999999999 0.442540625 0.629428125 0.40373281250000004 0.6241749999999999 0.42503906249999995 0.6241749999999999 0.3991671875
2 0.6240109375 0.58893125 0.6304937500000001 0.57806875 0.6341593750000001 0.567778125 0.6324671875 0.547196875 0.6293671875 0.5391921875000001 0.6265468750000001 0.5311890625 0.6152703125000001 0.5277578125 0.6045578125 0.5283296875 0.5975109375 0.532903125 0.5932828125 0.5397640625 0.593 0.5511984375 0.5946921875 0.5723515625 0.5994843750000001 0.576925 0.60596875 0.5826421875000001 0.61724375 0.589503125 0.6240109375 0.58893125
4 0.6531875 0.435084375 0.64760625 0.4017546875 0.634271875 0.40804375000000004 0.6352015625 0.44263125 0.636753125 0.49860156250000004 0.632721875 0.5369625 0.6370625000000001 0.5426234375 0.6432640625 0.547653125 0.6578390625 0.5451390625 0.664971875 0.5357046875 0.65721875 0.5017453125 0.656909375 0.484765625 0.6531875 0.435084375
7 0.7046640625 0.45646718750000004 0.706215625 0.426909375 0.7068359375 0.39735156250000003 0.70249375 0.450178125 0.6978421875 0.47470468749999994 0.6907109375 0.5042609375 0.6869890625 0.5149515625000001 0.6925703125 0.52375625 0.699703125 0.4923125 0.7046640625 0.45646718750000004
7 0.6925703125 0.43697187499999995 0.691640625 0.41307499999999997 0.6904 0.39546562500000004 0.6882296875 0.4306828125 0.6885390625000001 0.4828796875 0.6845078124999999 0.504890625 0.6845078124999999 0.518725 0.6907109375 0.5149515625000001 0.6938109375 0.48036406249999997 0.6925703125 0.43697187499999995
7 0.682646875 0.44451875 0.6851281250000001 0.4231359375 0.6900906250000001 0.38540312499999996 0.682028125 0.42125 0.67830625 0.46086875000000005 0.6776859375 0.5086640625000001 0.6801671875 0.521240625 0.6854390625 0.5099218750000001 0.682028125 0.46904375 0.682646875 0.44451875
1 0.7573828125000001 0.6394703125000001 0.7552109375 0.6268921875 0.751490625 0.61494375 0.7471484375 0.6174593749999999 0.73970625 0.6300375 0.7415671875000001 0.6445015625 0.7455984375 0.6526765625000001 0.7524203125 0.653934375 0.7592421875 0.6463875 0.7573828125000001 0.6394703125000001
7 0.64915625 0.7759359375 0.6597000000000001 0.8155546875 0.6575296875000001 0.8017203125 0.6519468749999999 0.771534375 0.6494671875 0.7312859375 0.648846875 0.6966984375 0.6420250000000001 0.692925 0.6454359375000001 0.7356874999999999 0.64915625 0.7759359375
7 0.6097734375 0.7476375 0.611325 0.7834828125 0.6147359375 0.8275046875 0.6150453125 0.8105249999999999 0.6128750000000001 0.776565625 0.6134953125 0.7413484375 0.6097734375 0.7476375
2 0.6125640625 0.630665625 0.597059375 0.635696875 0.594578125 0.6445015625 0.594578125 0.6728 0.5986109374999999 0.6897796875 0.605121875 0.7067593750000001 0.6138046875 0.7130484375 0.6200078125 0.70613125 0.625278125 0.6860062499999999 0.6296203125 0.6683984374999999 0.62745 0.6482734375 0.6218671875 0.62815 0.6125640625 0.630665625
2 0.45379218750000005 0.6828624999999999 0.4544125 0.6627390625 0.4534828125 0.6470171875 0.44634999999999997 0.6394703125000001 0.4305359375 0.6350671875 0.4206125 0.640728125 0.4175109375 0.66148125 0.41782031249999996 0.68789375 0.42278281250000005 0.692925 0.42836406250000003 0.7036156250000001 0.4364265625 0.7042437500000001 0.4441796875 0.6948109375 0.4482109375 0.6872640624999999 0.45379218750000005 0.6828624999999999
7 0.429915625 0.80360625 0.433946875 0.792915625 0.43425624999999995 0.7734203125 0.4292953125 0.781596875 0.42495312500000004 0.8042359375 0.4206125 0.826875 0.4252640625 0.8187 0.429915625 0.80360625
7 0.38898125 0.7457499999999999 0.383709375 0.7885140625 0.38743125 0.7778234375 0.3899125 0.761471875 0.39363281250000004 0.7344296875 0.39921562499999996 0.7011000000000001 0.3914625 0.7029859375 0.3905328125 0.71430625 0.38898125 0.7457499999999999
7 0.36355312500000003 0.7212234375000001 0.366034375 0.6916671875 0.35673125 0.698584375 0.3548703125 0.7180796875000001 0.355490625 0.740090625 0.35425 0.7665031250000001 0.34835781250000003 0.79543125 0.3536296875 0.7834828125 0.359521875 0.7690187500000001 0.3629328125 0.7457499999999999 0.36355312500000003 0.7212234375000001
7 0.323240625 0.7646171875000001 0.327271875 0.7482656249999999 0.332853125 0.7325437499999999 0.33564375 0.7212234375000001 0.34370625 0.7036156250000001 0.3505296875 0.6891515625 0.3464984375 0.6734296875 0.33750468749999996 0.69606875 0.3285125 0.719965625 0.320759375 0.75895625 0.311146875 0.7922875 0.322 0.774678125 0.323240625 0.7646171875000001
5 0.68779025625 0.6661793609375 0.700944715625 0.6614813390625 0.71034075625 0.65396450625 0.69906550625 0.6389308390624999 0.684031840625 0.6370516312500001 0.6727565906249999 0.63987044375 0.66805856875 0.64832688125 0.6699377765625 0.65678331875 0.67651500625 0.66523975625 0.68779025625 0.6661793609375
