2 0.3080671875 0.4192609375 0.30895 0.43666875000000005 0.3160078125 0.4546984375 0.32600625 0.4559421875 0.3310046875 0.4571859375 0.3430625 0.46713281249999994 0.3524734375 0.471484375 0.3586484375 0.459671875 0.3615890625 0.43604843750000005 0.3557078125 0.41553125 0.34865 0.40371875 0.3415921875 0.4012328125 0.3298296875 0.39625937499999997 0.3198296875 0.39190625 0.3168890625 0.39687968749999997 0.312184375 0.403096875 0.3080671875 0.4192609375
7 0.3445328125 0.34527968750000004 0.34335625 0.32351874999999997 0.3386515625 0.3067328125 0.3412984375 0.3291140625 0.3415921875 0.3552265625 0.339534375 0.3738765625 0.3380640625 0.38444687499999997 0.3436515625 0.3875546875 0.345709375 0.369525 0.3445328125 0.34527968750000004
7 0.3242421875 0.3079765625 0.3224765625 0.3421703125 0.3242421875 0.3676609375 0.32806406250000003 0.3869328125 0.3327703125 0.38444687499999997 0.3274765625 0.357090625 0.32571249999999996 0.337196875 0.3245359375 0.31668124999999997 0.3242421875 0.3079765625
7 0.3392390625 0.38009375 0.340121875 0.34776562499999997 0.340709375 0.3179234375 0.3410046875 0.2874609375 0.340709375 0.26818749999999997 0.33776875 0.25761875 0.3360046875 0.303003125 0.3357109375 0.3415484375 0.33159375 0.3744984375 0.3324765625 0.38506874999999996 0.3392390625 0.38009375
7 0.3678375 0.3727828125 0.372690625 0.3606 0.371478125 0.3311046875 0.3739046875 0.312509375 0.376028125 0.2932734375 0.36996093750000003 0.31763906249999996 0.368140625 0.35226406250000003 0.3678375 0.3727828125
2 0.376028125 0.419590625 0.3632875 0.4240796875 0.3575234375 0.433696875 0.3554 0.45870468750000004 0.3578265625 0.46768124999999994 0.3623765625 0.47409375000000004 0.36965781249999996 0.4760171875 0.37754374999999996 0.4708875 0.383915625 0.46383437499999997 0.3863421875 0.44908593750000003 0.38725156250000003 0.43177343749999997 0.376028125 0.419590625
2 0.6717984375 0.4215140625 0.673921875 0.440109375 0.6751343750000001 0.452934375 0.6793812499999999 0.452934375 0.6878765625 0.44972812500000003 0.6939437500000001 0.43882656249999996 0.7024375 0.4375453125 0.71093125 0.4240796875 0.7142671875 0.4106140625 0.7148749999999999 0.399071875 0.7142671875 0.38239999999999996 0.710628125 0.36829375 0.703346875 0.36380625 0.6939437500000001 0.3721421875 0.6839328124999999 0.38432499999999997 0.6733156250000001 0.399071875 0.6717984375 0.406125 0.6717984375 0.4215140625
7 0.7009203125 0.3048140625 0.7015265625 0.27083124999999997 0.6975828125 0.3195625 0.6948531250000001 0.3343109375 0.6957625000000001 0.35739375 0.7003140625000001 0.3221265625 0.7009203125 0.3048140625
7 0.68271875 0.3311046875 0.6821125 0.3105859375 0.6821125 0.361240625 0.6836296875000001 0.3715 0.6890890625 0.361240625 0.6848421874999999 0.3452109375 0.68271875 0.3311046875
7 0.686965625 0.3003265625 0.6912125 0.30289062499999997 0.6878765625 0.278525 0.686965625 0.3003265625
7 0.6948531250000001 0.5747625000000001 0.683021875 0.56065625 0.67816875 0.5696328125 0.6836296875000001 0.5721984375 0.6942468749999999 0.5856640625 0.703953125 0.5965640624999999 0.7176046875 0.6170828125 0.7169984375 0.611953125 0.7100203125 0.5959234375 0.7003140625000001 0.5818171875 0.6948531250000001 0.5747625000000001
7 0.6808984375 0.604259375 0.6769546875 0.5863046875 0.673921875 0.5927171875 0.6775625 0.60810625 0.6842359375 0.6222125000000001 0.6957625000000001 0.6388843750000001 0.70304375 0.642090625 0.69849375 0.6331125 0.6930328125 0.6267015625 0.68726875 0.618365625 0.6808984375 0.604259375
1 0.5829156249999999 0.5664281250000001 0.586859375 0.5683515625 0.5871625 0.5516796875 0.5844328125 0.5478328125 0.5807921875 0.550396875 0.5829156249999999 0.5664281250000001
7 0.36665468749999997 0.6091890624999999 0.3654015625 0.6256171875 0.3643984375 0.64734375 0.363896875 0.67225 0.36314531250000004 0.7008671875 0.365903125 0.6759593749999999 0.3664046875 0.6547625 0.36840937500000004 0.6303859375 0.370665625 0.608659375 0.36665468749999997 0.6091890624999999
1 0.2909421875 0.48094843750000005 0.29269687499999997 0.47405937500000006 0.2846734375 0.463990625 0.279409375 0.4692890625 0.2756484375 0.466640625 0.272890625 0.4729984375 0.270634375 0.47776874999999996 0.27163750000000003 0.48624687499999997 0.2743953125 0.48995625 0.2779046875 0.48465781249999995 0.2811640625 0.48677656249999995 0.281915625 0.4772390625 0.285928125 0.4793578125 0.2909421875 0.48094843750000005
