2 0.35361489687500003 0.47195221875 0.3768460046875 0.41527506093750005 0.31721116875 0.39083301718749996 0.293979975 0.4475099375 0.35361489687500003 0.47195221875
7 0.3461836359375 0.3067897515625 0.3386515609375 0.3067328125 0.3380408890625 0.3875122734375 0.345572965625 0.3875692125 0.3461836359375 0.3067897515625
7 0.3264119828125 0.38711704999999996 0.3329863984375 0.3863838828125 0.3242421875 0.3079765625 0.31766782656250003 0.3087097265625 0.3264119828125 0.38711704999999996
7 0.3313059640625 0.385036784375 0.3390982765625 0.38524956875 0.342579971875 0.2577501296875 0.334787759375 0.2575373484375 0.3313059640625 0.385036784375
7 0.3671252125 0.3727475046875 0.3720762921875 0.3729929296875 0.376028125 0.2932734375 0.3710770859375 0.2930280125 0.3671252125 0.3727475046875
2 0.388754903125 0.42067120156250004 0.3588450828125 0.41813168593750005 0.3540425546875 0.47469136718750005 0.38395237187500003 0.4772308734375 0.388754903125 0.42067120156250004
2 0.7148749999999999 0.36380625 0.6717984375 0.36380625 0.6717984375 0.452934375 0.7148749999999999 0.452934375 0.7148749999999999 0.36380625
7 0.7056608828125001 0.271265865625 0.70152654375 0.2708312484375 0.69246295625 0.357046890625 0.6965972953125 0.35748150624999997 0.7056608828125001 0.271265865625
7 0.6835274453125 0.37151408125 0.6903741812499999 0.3705711265625 0.6821125 0.3105859375 0.6752658078125 0.3115288890625 0.6835274453125 0.37151408125
7 0.6873883562499999 0.30341418125 0.6912125062500001 0.3028906234375 0.6878765625 0.278525 0.6840524203125 0.27904855624999997 0.6873883562499999 0.30341418125
7 0.6830855265625 0.5606033546875 0.6757385765625 0.566708753125 0.7176045265625 0.617082946875 0.7249514421875001 0.6109775843749999 0.6830855265625 0.5606033546875
7 0.6951763640624999 0.6457695078125 0.703043934375 0.6420905390625 0.6769546875 0.5863046875 0.6690871953124999 0.5899836359374999 0.6951763640624999 0.6457695078125
1 0.5866146828125001 0.5475438375 0.580521184375 0.5483508828125 0.58323399375 0.5688317203125 0.5893274921875 0.5680246765625 0.5866146828125001 0.5475438375
7 0.36009168125 0.7006511234375 0.3641355421875 0.700937253125 0.3706656296875 0.608659375 0.3666218421875 0.6083732484375 0.36009168125 0.7006511234375
7 0.29065809531250003 0.6606476406249999 0.296959375 0.6621812499999999 0.315130021875 0.5875307515625 0.308828828125 0.5859971515625 0.29065809531250003 0.6606476406249999
7 0.333798259375 0.5823757828125 0.330553103125 0.5821640609375 0.32654218749999997 0.643634375 0.32978734374999996 0.6438460953125 0.333798259375 0.5823757828125
1 0.26406578281250004 0.4735442984375 0.27436783125 0.49082736875000005 0.2952668203125 0.47837079375 0.2849647734375 0.461087753125 0.26406578281250004 0.4735442984375
6 0.2855520625 0.6883789359375 0.31250002499999996 0.7045454703125 0.34157831875 0.6560814484375 0.314630596875 0.6399150078125 0.2855520625 0.6883789359375
