2 0.31208749999999996 0.527875 0.309603125 0.5370125 0.3101 0.5507187499999999 0.3125828125 0.563509375 0.3145703125 0.5763015625000001 0.3195375 0.5826984375 0.325 0.5836109375 0.330959375 0.5826984375 0.33642343750000003 0.5808703125 0.3443703125 0.574475 0.348840625 0.5689921874999999 0.35281250000000003 0.56076875 0.35281250000000003 0.54615 0.3518203125 0.5379265625 0.3443703125 0.53244375 0.3374171875 0.5306171875000001 0.3349328125 0.5214796875000001 0.325 0.5187375000000001 0.31755 0.5169109375 0.31208749999999996 0.527875
7 0.3284765625 0.51325625 0.33890625 0.525134375 0.34039687500000004 0.5150828125 0.34089375 0.5032046875 0.34089375 0.4821890625 0.34188593749999996 0.46848437499999995 0.33940312499999997 0.39995625 0.33940312499999997 0.42736718749999997 0.33642343750000003 0.45660625 0.33344375 0.4821890625 0.3284765625 0.51325625
1 0.641375 0.52330625 0.63491875 0.5306171875000001 0.6289578125 0.5470625 0.62746875 0.5644234375 0.6329312500000001 0.574475 0.64038125 0.581784375 0.6458453125 0.581784375 0.6458453125 0.5616828125 0.6458453125 0.5479765624999999 0.6443546875 0.5406671875 0.641375 0.52330625
1 0.618528125 0.553459375 0.6165421875 0.5434078125 0.6110781249999999 0.54158125 0.6090921875 0.5552859375 0.6090921875 0.5644234375 0.6130656250000001 0.5689921874999999 0.6170390625 0.5616828125 0.618528125 0.553459375
1 0.6825984375 0.5781296874999999 0.6840875 0.5854390625 0.693028125 0.58909375 0.6974984375 0.5653374999999999 0.6984921875000001 0.5379265625 0.6970015625 0.52239375 0.692034375 0.5105140625 0.6830953125 0.5086875 0.677134375 0.5141703125 0.670678125 0.5269609375 0.6676984375 0.54615 0.6686921875 0.5598546875 0.6726656249999999 0.5689921874999999 0.6825984375 0.5781296874999999
1 0.70196875 0.56076875 0.706934375 0.5598546875 0.7119015625 0.55163125 0.715875 0.54615 0.720840625 0.5351843749999999 0.7198484374999999 0.525134375 0.7183578125000001 0.5096015625 0.715875 0.5041187500000001 0.7119015625 0.49680937500000005 0.7049484374999999 0.49955 0.69998125 0.5032046875 0.700478125 0.5196515625 0.701471875 0.5306171875000001 0.700478125 0.5479765624999999 0.70196875 0.56076875
1 0.684584375 0.638434375 0.6905453125000001 0.6503125 0.6945187500000001 0.662190625 0.70196875 0.6557953125 0.7044515625 0.6448296874999999 0.7024640625 0.629296875 0.6960078125 0.6265562499999999 0.6895515624999999 0.6265562499999999 0.6840875 0.6219875 0.684584375 0.638434375
2 0.6821015625 0.6493984375 0.6821015625 0.629296875 0.677134375 0.61741875 0.669684375 0.61741875 0.6592546875 0.620159375 0.648825 0.623815625 0.6398843750000001 0.6265562499999999 0.633925 0.6265562499999999 0.6279656250000001 0.6265562499999999 0.6239921875000001 0.629296875 0.6225015625 0.6402609375 0.6229984375 0.6548812500000001 0.632434375 0.66493125 0.641871875 0.6658453125 0.6532953125 0.66401875 0.6607453125 0.662190625 0.6672015625000001 0.65945 0.6736578125 0.65945 0.67961875 0.65945 0.6821015625 0.6493984375
7 0.6818546875 0.7336875 0.679075 0.7170625 0.6762937499999999 0.704275 0.673978125 0.69319375 0.670965625 0.6812578125 0.6654046874999999 0.6846687499999999 0.6688796875 0.69319375 0.6725875 0.7098171875 0.677684375 0.7277203125 0.6820875 0.746475 0.686025 0.7652296875 0.686025 0.75713125 0.6818546875 0.7336875
7 0.6521984375 0.760540625 0.6566 0.7682140625 0.6554421875 0.7601140625 0.653125 0.7520156250000001 0.6512703125 0.7426390625 0.65034375 0.7272937500000001 0.6512703125 0.712375 0.651503125 0.7025703125 0.653125 0.6885046874999999 0.6473328125 0.6821109375 0.64686875 0.7012921875 0.6459421875 0.7217515624999999 0.6471 0.73581875 0.648490625 0.74860625 0.6521984375 0.760540625
1 0.6243937500000001 0.67230625 0.6248578124999999 0.664634375 0.622540625 0.6586671875000001 0.622540625 0.6501421875 0.6241625 0.6446 0.6241625 0.6386328125 0.6218453125 0.6386328125 0.619528125 0.6394859375 0.616284375 0.6446 0.6165171875000001 0.651846875 0.61744375 0.6607984375 0.6183703125 0.6671921875 0.6216140625000001 0.6706015625 0.6243937500000001 0.67230625
1 0.3317609375 0.615615625 0.33037031250000004 0.611353125 0.3257359375 0.617746875 0.32156562499999997 0.618171875 0.3122984375 0.626271875 0.305115625 0.6245671875000001 0.3058109375 0.6360750000000001 0.305346875 0.6420421875 0.3058109375 0.647584375 0.3090546875 0.6556828125 0.31345625 0.6633546875 0.31392031249999997 0.6650609375000001 0.3141515625 0.6735859375000001 0.314846875 0.6812578125 0.31901718749999997 0.6821109375 0.3238828125 0.6697484375 0.3262 0.6603718749999999 0.32758906250000003 0.64673125 0.32944375 0.6377796874999999 0.33291875000000004 0.6288296875 0.33245468749999996 0.6185984375 0.3317609375 0.615615625
1 0.2705921875 0.6258453125 0.269434375 0.6356484375 0.26989687500000004 0.6522734375 0.273140625 0.64673125 0.275921875 0.6394859375 0.2789328125 0.6318125 0.279396875 0.6237140625 0.28101875 0.6207296875 0.283103125 0.6147625 0.28240937499999996 0.6066640624999999 0.279859375 0.601121875 0.277775 0.6024015625 0.2738359375 0.6109265625 0.27105625 0.618171875 0.2705921875 0.6258453125
1 0.2154484375 0.5943031249999999 0.2154484375 0.601975 0.21892343749999998 0.5994171875000001 0.221009375 0.598990625 0.22749687500000002 0.5917453125 0.22981406249999997 0.5866296875 0.23004531250000002 0.5802359375 0.22610625 0.5721375 0.22402031249999999 0.5695796875 0.22147187499999998 0.5700062499999999 0.21938749999999999 0.573415625 0.21707031250000003 0.579809375 0.21660624999999997 0.586203125 0.2154484375 0.5943031249999999
