2 0.213335015625 0.5705037296875 0.26901456874999996 0.580139790625 0.28334938125 0.497315253125 0.227670571875 0.487679259375 0.213335015625 0.5705037296875
2 0.3223064828125 0.5196520828125 0.2743321875 0.5181604906249999 0.271771975 0.6004973453125 0.31974627031249997 0.6019889265625 0.3223064828125 0.5196520828125
2 0.640026275 0.578775103125 0.6094733203125 0.5089404125 0.5537933203125001 0.5332984953125 0.5843458546875 0.6031328296875 0.640026275 0.578775103125
1 0.405374740625 0.6312560765625 0.39063713437500003 0.6379388859375 0.40928752187499995 0.6790632750000001 0.42402511093750006 0.6723804953125 0.405374740625 0.6312560765625
1 0.3581337625 0.6926755234375 0.3496015625 0.6930562499999999 0.35116093125000003 0.727996875 0.35969313125 0.72761615 0.3581337625 0.6926755234375
1 0.3394350078125 0.7280415375 0.3438729515625 0.727958059375 0.3431400953125 0.6890042390625 0.3387021890625 0.6890877171875001 0.3394350078125 0.7280415375
5 0.7029201109375001 0.5401428484374999 0.6778964421875 0.45159332812499997 0.5987750625 0.4739510375 0.6237980765625 0.5625 0.7029201109375001 0.5401428484374999
5 0.3137019234375 0.596153846875 0.41616132656250004 0.5858764296875 0.406655571875 0.49112597031250005 0.3041977828125 0.5014033062500001 0.3137019234375 0.596153846875
5 0.4854052109375 0.5522784671875 0.5254830953125 0.5540602984375 0.5286073953125 0.48378806250000006 0.48852995625 0.4820062421875 0.4854052109375 0.5522784671875
6 0.28711374375 0.3512364828125 0.26127619687500003 0.343667028125 0.2390008890625 0.41969821406249996 0.26483842343749997 0.427267634375 0.28711374375 0.3512364828125
6 0.29684906875 0.35854608125 0.27715296093749997 0.35854608125 0.27715296093749997 0.4075552 0.29684906875 0.4075552 0.29684906875 0.35854608125
6 0.7187093 0.808180325 0.700166509375 0.7896493109375 0.6831917921875 0.8066315046874999 0.701734528125 0.8251624625 0.7187093 0.808180325
6 0.74012341875 0.788194478125 0.72032825625 0.7766580875 0.7054837390625 0.8021247953125 0.725278871875 0.8136611453124999 0.74012341875 0.788194478125
6 0.315210153125 0.34288814843750004 0.2922275734375 0.3642189078125 0.30795181562499996 0.381160103125 0.33093436875000004 0.35982937187499997 0.315210153125 0.34288814843750004
6 0.3297946421875 0.4032446515625 0.30936094375 0.39057494375 0.2976165234375 0.40951541249999995 0.3180502078125 0.422185103125 0.3297946421875 0.4032446515625
7 0.2559354125 0.42581235937499995 0.251164940625 0.42549434843749995 0.246875 0.48984375 0.25164547187499997 0.490161759375 0.2559354125 0.42581235937499995
7 0.2917110421875 0.39594016718749997 0.2796874234375 0.394531240625 0.26674670312500004 0.5049593671875 0.2787703203125 0.5063682828125 0.2917110421875 0.39594016718749997
7 0.24840264374999999 0.492714090625 0.25390625 0.49375 0.2721057046875 0.397065475 0.2666021703125 0.396029571875 0.24840264374999999 0.492714090625
7 0.1981311171875 0.733854971875 0.21171875 0.7421875 0.2522157203125 0.676160115625 0.23862826093749998 0.6678276578125 0.1981311171875 0.733854971875
7 0.2630684921875 0.710896840625 0.255468590625 0.703906103125 0.21953125 0.74296875 0.2271311109375 0.7499594468749999 0.2630684921875 0.710896840625
7 0.590465734375 0.4755550546875 0.5937500453125 0.4749999921875 0.584375 0.41953125 0.581090715625 0.42008630937499997 0.590465734375 0.4755550546875
5 0.3400737375 0.6892364515625 0.305663928125 0.6640624015625 0.26658133125 0.717475584375 0.300990990625 0.7426494578125 0.3400737375 0.6892364515625
