2 0.2550828125 0.574546875 0.2675296875 0.5798828125 0.27209374999999997 0.5623484375000001 0.274996875 0.545575 0.27624218749999996 0.528040625 0.2729234375 0.5112671875 0.2667 0.50135625 0.2538375 0.49220781249999995 0.24346562500000002 0.49220781249999995 0.22935937499999998 0.5074546875 0.2214765625 0.5234656249999999 0.2194015625 0.5509125 0.2277 0.5615859375000001 0.23599687500000002 0.5623484375000001 0.2463703125 0.566921875 0.2550828125 0.574546875
2 0.31565625 0.6004671874999999 0.3181453125 0.5867453125 0.32105 0.5600609375000001 0.3189765625 0.5471 0.3123375 0.5349015625 0.29781562500000003 0.5188906249999999 0.2832953125 0.5196531249999999 0.27665625 0.5303265625 0.2733375 0.55015 0.2725078125 0.5768328125 0.27665625 0.58903125 0.284125 0.59513125 0.2953265625 0.6012296874999999 0.3044546875 0.6012296874999999 0.31565625 0.6004671874999999
2 0.5936609374999999 0.59225 0.6092234375000001 0.59225 0.6202687499999999 0.579334375 0.624284375 0.5627296875 0.6212718749999999 0.542434375 0.6152484375 0.522140625 0.6077171875 0.510146875 0.596171875 0.514759375 0.585628125 0.519371875 0.5740828125 0.5249078125 0.56454375 0.533209375 0.5630375 0.554428125 0.570065625 0.5571953125 0.5755890625 0.5710328125 0.5826171875 0.583025 0.5936609374999999 0.59225
1 0.40446406250000005 0.6397859375 0.398853125 0.635203125 0.3966703125 0.635203125 0.396046875 0.6455140625 0.3997875 0.658115625 0.40290468749999997 0.6649890625 0.41038593749999996 0.6718625 0.4150609375 0.6764453125000001 0.41693125000000003 0.6678531249999999 0.415996875 0.654678125 0.41225625 0.646659375 0.40446406250000005 0.6397859375
1 0.3505375 0.7045125 0.3505375 0.7136765625 0.3511609375 0.727996875 0.35303125 0.7234140625000001 0.3573953125 0.7131046875 0.3586421875 0.705084375 0.3583296875 0.697065625 0.3545890625 0.6959203125 0.3496015625 0.6930562499999999 0.3505375 0.7045125
1 0.3433671875 0.701075 0.3408734375 0.6890468750000001 0.33900312499999996 0.697065625 0.33900312499999996 0.705084375 0.3399390625 0.7176859375 0.341809375 0.727996875 0.3436796875 0.7176859375 0.3433671875 0.701075
5 0.682196184375 0.4863359328125 0.6743848625 0.44417258593750003 0.6136718390625 0.4613281265625 0.6165820078124999 0.509760009375 0.682196184375 0.4863359328125
5 0.41036617499999994 0.5191296750000001 0.4119283921875 0.46447349843749997 0.3343749640625 0.4554687515625 0.3353786984375 0.5066367875 0.41036617499999994 0.5191296750000001
5 0.5317329015625 0.5720290390625 0.5348573937500001 0.5017568125 0.49433591874999994 0.5099609375 0.4958013796875 0.5696866078125 0.5317329015625 0.5720290390625
6 0.2864611140625 0.3510619171875 0.268495321875 0.3502811125 0.25209180781249996 0.3690203828125 0.243499496875 0.380732421875 0.2482421703125 0.4240234375 0.2630275046875 0.3838556140625 0.27708769375000003 0.384636434375 0.290366715625 0.4088413 0.29192893125 0.3799516015625 0.2864611140625 0.3510619171875
