1 0.2554296875 0.40522187499999995 0.261028125 0.40613124999999994 0.264903125 0.3970296875 0.264471875 0.382465625 0.26619375 0.3615296875 0.264471875 0.3542484375 0.25930624999999996 0.3606203125 0.25370781249999996 0.372453125 0.251125 0.3933875 0.2554296875 0.40522187499999995
1 0.3579046875 0.402490625 0.36048749999999996 0.4243359375 0.3656546875 0.432528125 0.37254375 0.4334390625 0.3837375 0.42615625 0.385459375 0.4106828125 0.3751265625 0.39885000000000004 0.3682375 0.3879265625 0.35876562500000003 0.38610625 0.3579046875 0.402490625
2 0.6407359375 0.398128125 0.624465625 0.4039578125 0.62143125 0.41852968749999997 0.6272234375 0.448259375 0.6316359375 0.4605 0.6418390625 0.4686609375 0.64790625 0.4599171875 0.65425 0.45117343749999994 0.65231875 0.4319375 0.6509406249999999 0.4074546875 0.6470796875 0.3975453125 0.6407359375 0.398128125
1 0.7242968750000001 0.37889218750000003 0.728709375 0.38763593749999997 0.73201875 0.37772656250000003 0.7284328125 0.3619875 0.726503125 0.36431874999999997 0.7242968750000001 0.37889218750000003
1 0.682378125 0.509465625 0.686515625 0.5234546875 0.689825 0.5193749999999999 0.6914796875 0.5129625 0.6900999999999999 0.503053125 0.6873421875 0.4983890625 0.684584375 0.494309375 0.68320625 0.49722343750000003 0.682378125 0.509465625
1 0.682378125 0.5112140625 0.6798968750000001 0.5048015625 0.6765875 0.5071328125 0.6738296874999999 0.5176265625 0.675484375 0.5345296875 0.684309375 0.5386109375 0.6848609375 0.5287015625 0.684309375 0.520540625 0.682378125 0.5112140625
1 0.6592125 0.5257859375 0.663625 0.5211234375 0.6677625 0.511796875 0.662246875 0.511796875 0.655353125 0.5164593749999999 0.6456999999999999 0.5222890625 0.6525953125 0.5287015625 0.6592125 0.5257859375
1 0.6470796875 0.5438578125 0.646528125 0.53045 0.6410125 0.5176265625 0.6354968750000001 0.5158765625 0.6374265625 0.5316156249999999 0.6407359375 0.5479375 0.645425 0.5508515625 0.6470796875 0.5438578125
1 0.6327390625 0.5211234375 0.6308078125 0.5176265625 0.626946875 0.5240375 0.6261203125 0.5345296875 0.6294296875 0.5438578125 0.63466875 0.5450234375 0.6360484375000001 0.5380281250000001 0.6349453125 0.5310328125 0.6327390625 0.5211234375
1 0.3748875 0.5147109375000001 0.37240625 0.5187921875 0.3702 0.53278125 0.369096875 0.5531843750000001 0.37268124999999996 0.55435 0.3779203125 0.5479375 0.3823328125 0.540359375 0.38178125 0.5333640625 0.3793 0.5222890625 0.3748875 0.5147109375000001
1 0.369371875 0.533946875 0.3702 0.52170625 0.364684375 0.5211234375 0.36109843750000004 0.5246203125 0.35972031250000003 0.5386109375 0.3630296875 0.5461890625 0.3652359375 0.5531843750000001 0.367165625 0.5479375 0.369371875 0.533946875
1 0.3186296875 0.49897187499999995 0.31532031250000003 0.5112140625 0.31256249999999997 0.5316156249999999 0.31945625 0.53045 0.32386875000000004 0.525203125 0.3208359375 0.5135453125 0.3186296875 0.49897187499999995
1 0.31476875 0.5042187499999999 0.31201093750000003 0.5013046875 0.308425 0.5048015625 0.3042890625 0.5147109375000001 0.302909375 0.5257859375 0.30787343749999996 0.52811875 0.3122859375 0.525203125 0.3155953125 0.5176265625 0.31476875 0.5042187499999999
