1 0.23294687500000003 0.48485625 0.23753125000000003 0.48485625 0.2501390625 0.47879843749999995 0.253003125 0.4630484375 0.2507109375 0.4436640625 0.23925000000000002 0.4327609375 0.23351875 0.4436640625 0.2277890625 0.4618375 0.23294687500000003 0.48485625
1 0.3458421875 0.47395156250000003 0.3366734375 0.496971875 0.3326609375 0.5175671875 0.3395390625 0.5333171875 0.348134375 0.5321046875000001 0.3532921875 0.51514375 0.3532921875 0.48243281250000003 0.3458421875 0.47395156250000003
1 0.3246390625 0.57814375 0.3234921875 0.60843125 0.32693125 0.619334375 0.3366734375 0.6169125 0.3458421875 0.6023734375 0.35214687499999997 0.5878359375 0.3401109375 0.56239375 0.3309421875 0.5648171875 0.3246390625 0.57814375
1 0.35673125 0.518778125 0.36016875000000004 0.5357406250000001 0.3659 0.534528125 0.372203125 0.523625 0.3727765625 0.49939375 0.36246093749999997 0.492125 0.35673125 0.518778125
1 0.5911187499999999 0.5224125 0.5928390625 0.543009375 0.6008609375 0.5490671875 0.5974234375 0.5163562500000001 0.5911187499999999 0.5224125
2 0.599715625 0.5381625 0.601434375 0.5539125 0.6083109375 0.5696625 0.6232109375 0.566028125 0.629515625 0.5478546875 0.6272234375 0.5115093749999999 0.6232109375 0.5006062499999999 0.6123234375 0.5066640625 0.6020078125 0.5090859375 0.599715625 0.5381625
2 0.647596875 0.5500484375 0.634 0.5600453125 0.6204031249999999 0.56254375 0.615675 0.5712906249999999 0.6139015624999999 0.5825359375 0.6215859375 0.612525 0.6304531250000001 0.6175234374999999 0.637546875 0.6150234375 0.6493703125 0.6100265625 0.66533125 0.5987796875 0.665921875 0.5800375 0.6582375 0.5512984375000001 0.647596875 0.5500484375
7 0.62819375 0.7478984375 0.620521875 0.7137609375 0.6152734375 0.6617 0.6076015625 0.662553125 0.608409375 0.6770625 0.6176953125 0.7146140625 0.629809375 0.7632609375 0.62819375 0.7478984375
7 0.6726078125 0.6608468750000001 0.6657437500000001 0.6582859375 0.6822984375 0.70949375 0.6726078125 0.6608468750000001
7 0.654034375 0.727415625 0.6493078125 0.685915625 0.6487859375 0.6813296875 0.64434375 0.6275625 0.6350578125 0.630121875 0.6395 0.6497515625 0.6451515624999999 0.687303125 0.6487859375 0.7086390625 0.654034375 0.727415625
0 0.7278645828125 0.5768229171875 0.71875 0.5716145828125 0.5729166671875 0.65625 0.5364583328125 0.6640625 0.44921875 0.6692708328125 0.2682291671875 0.5755208328125 0.27734375 0.6015625 0.3776041671875 0.6510416671875 0.4661458328125 0.6822916671875 0.53125 0.69140625 0.6080729171875 0.6575520828125 0.6640625 0.62109375 0.7278645828125 0.5768229171875
0 0.7408854171875 0.4466145828125 0.73046875 0.4283854171875 0.6080729171875 0.4830729171875 0.5546875 0.5052083328125 0.515625 0.5130208328125 0.4557291671875 0.5065104171875 0.4036458328125 0.5078125 0.359375 0.4934895828125 0.3151041671875 0.4661458328125 0.2421875 0.4283854171875 0.23046875 0.44140625 0.39453125 0.5143229171875 0.5065104171875 0.52734375 0.578125 0.5065104171875 0.7408854171875 0.4466145828125
