1 0.23359959218749998 0.5528839921875 0.239798296875 0.5538740921875001 0.2443359203125 0.5254679656250001 0.23813724375 0.5244778671875 0.23359959218749998 0.5528839921875
1 0.25050374999999997 0.5290655671875 0.24534830312499997 0.5282650546875 0.2419046875 0.550440625 0.247060134375 0.5512411359375 0.25050374999999997 0.5290655671875
1 0.343165590625 0.518413903125 0.32053783125 0.52009318125 0.32489730156249996 0.578830434375 0.347525059375 0.5771511640625 0.343165590625 0.518413903125
1 0.643871225 0.549930553125 0.6344887781249999 0.5501428828125 0.6349208921875 0.5692354328125 0.6443033375 0.5690231046875 0.643871225 0.549930553125
1 0.6261405859375 0.5630731859375 0.6323609390625 0.564975 0.638085296875 0.5462538218749999 0.6318649609375 0.5443520109375 0.6261405859375 0.5630731859375
1 0.6820065640624999 0.5371185828125 0.6712227265624999 0.53795651875 0.6741746640625 0.575942990625 0.6849585015625 0.57510505625 0.6820065640624999 0.5371185828125
1 0.70245 0.5344984375 0.6835890625000001 0.5344984375 0.6835890625000001 0.572009375 0.70245 0.572009375 0.70245 0.5344984375
1 0.7246876125 0.552004678125 0.730739075 0.5513781234375 0.7282967453125 0.5277915390625 0.7222453062499999 0.5284180921875 0.7246876125 0.552004678125
1 0.7091453015625 0.65234895 0.716551490625 0.6515431453125 0.713994340625 0.628043359375 0.7065881843749999 0.6288491625 0.7091453015625 0.65234895
1 0.71673141875 0.6518449093750001 0.7226476453124999 0.651550928125 0.7217347640625 0.63318215625 0.7158185578125 0.6334761359375001 0.71673141875 0.6518449093750001
1 0.664722578125 0.6428592734375 0.6565896203125 0.641753984375 0.653523496875 0.66431229375 0.6616564546875 0.6654175796875 0.664722578125 0.6428592734375
1 0.6077202125000001 0.6753170578125001 0.6195589218750001 0.6750375078124999 0.6186055484375 0.634670390625 0.6067669359375001 0.634949940625 0.6077202125000001 0.6753170578125001
1 0.31257338125 0.6801667421875 0.31897743749999996 0.6795866796875 0.31581562500000004 0.644684375 0.309411615625 0.6452644359375 0.31257338125 0.6801667421875
1 0.24584863750000002 0.6339938984375 0.2449624984375 0.6217093515625 0.23196406249999998 0.622646875 0.2328501859375 0.63493140625 0.24584863750000002 0.6339938984375
7 0.3306401109375 0.7506712109375 0.3222654671875 0.7480468250000001 0.3017578125 0.8134765625 0.310132446875 0.8161009265624999 0.3306401109375 0.7506712109375
7 0.36402946875 0.6986053875 0.349445534375 0.6967469796875 0.3359375 0.802734375 0.35052143125 0.804592759375 0.36402946875 0.6986053875
1 0.2614374140625 0.4995614171875 0.24637851562500002 0.500517896875 0.2481685515625 0.5286981468749999 0.26322745 0.52774166875 0.2614374140625 0.4995614171875
