1 0.270283621875 0.515798775 0.2839585 0.513771134375 0.27847533750000003 0.476794471875 0.264800534375 0.47882210625 0.270283621875 0.515798775
1 0.4289702953125 0.595184375 0.4390453328125 0.595184375 0.4390452921875 0.5485046875 0.4289703375 0.5485046875 0.4289702953125 0.595184375
1 0.4483883015625 0.6016086703125 0.46553917812499995 0.60067655625 0.4611315796875 0.5195869375 0.4439809390625 0.5205190453124999 0.4483883015625 0.6016086703125
1 0.47442509375 0.5776392828125 0.47026314375 0.5972435140625 0.4967301421875 0.6028617625 0.5008920359375 0.583257578125 0.47442509375 0.5776392828125
7 0.5181777015625 0.3947660734375 0.509996609375 0.3946902203125 0.5088250000000001 0.5210453125 0.5170060921874999 0.521121165625 0.5181777015625 0.3947660734375
7 0.566596275 0.5011507890625 0.5818425984375 0.5021807015624999 0.586953125 0.42653125000000003 0.571706965625 0.42550134375 0.566596275 0.5011507890625
1 0.592349778125 0.4963631015625 0.5842708171875 0.49653280000000005 0.585148528125 0.5383154140624999 0.5932274890625 0.5381457171874999 0.592349778125 0.4963631015625
1 0.6185626656250001 0.5028976859375 0.5934470953125001 0.5011618296875 0.5880226109375 0.5796403156250001 0.61313818125 0.5813761609375 0.6185626656250001 0.5028976859375
1 0.6118810484375 0.653870025 0.605548321875 0.65396176875 0.6062634874999999 0.70332009375 0.6125962125 0.7032283500000001 0.6118810484375 0.653870025
7 0.6248119 0.8152449890625 0.6292156609374999 0.8149687484375001 0.62615625 0.76620625 0.621752540625 0.766482490625 0.6248119 0.8152449890625
1 0.3444778046875 0.6462786296874999 0.3384531109375 0.6457843734375001 0.3350828125 0.6868609375 0.34110750625 0.6873551906250001 0.3444778046875 0.6462786296874999
8 0.66515468125 0.46563125000000005 0.6778422015625 0.46563125000000005 0.6778421734375 0.4306203125 0.6651547140625 0.4306203125 0.66515468125 0.46563125000000005
5 0.6373693234375 0.602231353125 0.7153625375 0.5807179203125 0.6830414671875 0.46355638125 0.605049715625 0.4850695984375 0.6373693234375 0.602231353125
5 0.3230130765625 0.46814542656249997 0.2740384609375 0.46875 0.2752751765625 0.5689246265625 0.3242497921875 0.5683200578125 0.3230130765625 0.46814542656249997
5 0.33402518125 0.57566241875 0.3750002328125 0.576923084375 0.377606184375 0.4922214140625 0.336631690625 0.4909607578125 0.33402518125 0.57566241875
5 0.7589625390625 0.6473601625 0.6385260640625 0.6387588859375 0.6299357796875 0.759024071875 0.7503722421875 0.7676252375 0.7589625390625 0.6473601625
5 0.3656251578125 0.6733903234375 0.281801896875 0.59628420625 0.19738611875 0.6880419234375 0.2812084140625 0.7651470375 0.3656251578125 0.6733903234375
5 0.4152370140625 0.6331418140625 0.3767038640625 0.623999690625 0.3531408859375 0.72330186875 0.3916740046875 0.7324438953125 0.4152370140625 0.6331418140625
6 0.5960337734375 0.3344947265625 0.549158546875 0.3188702859375 0.514422965625 0.423077159375 0.561298146875 0.4387015015625 0.5960337734375 0.3344947265625
6 0.3682207046875 0.43849357187500004 0.4326926390625 0.43028841875 0.41903465312500005 0.322979703125 0.3545634953125 0.33118480625 0.3682207046875 0.43849357187500004
8 0.17339537968750002 0.6827057562500001 0.18692030937499998 0.6886221 0.19881943124999998 0.6614240734375 0.1852945734375 0.6555077484375 0.17339537968750002 0.6827057562500001
