1 0.267396875 0.49633125 0.272246875 0.5080015625 0.276725 0.511434375 0.281203125 0.5141796875 0.283815625 0.5128078125 0.2808296875 0.4997640625 0.28045624999999996 0.49015312499999997 0.27635156250000004 0.47710937500000006 0.268515625 0.4853484375 0.267396875 0.49633125
7 0.4155375 0.44553125 0.40770156249999995 0.40297031250000004 0.4106859375 0.42974218750000004 0.41329843750000006 0.46337968749999997 0.41255312499999997 0.5148671874999999 0.417403125 0.5155531250000001 0.4188953125 0.5018234374999999 0.4170296875 0.4764234375 0.4155375 0.44553125
1 0.43009062499999995 0.56429375 0.4289703125 0.57665 0.4308375 0.5903796875 0.43344843749999995 0.595184375 0.4353140625 0.5910656249999999 0.43904531249999995 0.5848875 0.43904531249999995 0.5711578125 0.43792656250000006 0.558115625 0.43344843749999995 0.5485046875 0.43009062499999995 0.56429375
1 0.4599421875 0.54713125 0.4618078125 0.532028125 0.45956875 0.519671875 0.45061406249999997 0.5258499999999999 0.44613593749999997 0.5423265625 0.44650937500000004 0.5670390624999999 0.45173281249999997 0.58145625 0.4550921875 0.593125 0.4655390625 0.6006765625 0.4618078125 0.5883203124999999 0.45956875 0.5677265625000001 0.4599421875 0.54713125
1 0.4771078125 0.5842015625 0.47113750000000004 0.593125 0.47673437500000004 0.5986171875 0.48195781249999997 0.595184375 0.4890484375 0.5993046875 0.4961375 0.6027359375 0.49763124999999997 0.5986171875 0.49539218749999997 0.5910656249999999 0.49240625 0.58145625 0.48494374999999995 0.5800828124999999 0.4771078125 0.5842015625
7 0.5099453125 0.40022343749999995 0.5103171875 0.448278125 0.512184375 0.4853484375 0.5088250000000001 0.5210453125 0.5155421875 0.5203578125 0.5174078125 0.477796875 0.513303125 0.4338609375 0.514421875 0.39473125 0.5099453125 0.40022343749999995
7 0.580003125 0.4542390625 0.580003125 0.4725671875 0.5797703125 0.4879125 0.57884375 0.501978125 0.58185625 0.501978125 0.5825515625000001 0.48748593749999997 0.583246875 0.4695828125 0.583478125 0.44912343750000006 0.586953125 0.42653125000000003 0.5813921875 0.44102499999999994 0.5728203125 0.463615625 0.567490625 0.4879125 0.570965625 0.4879125 0.5730515625 0.4725671875 0.576759375 0.463615625 0.580003125 0.4542390625
1 0.5927453125000001 0.5151921875000001 0.5920515625 0.5011265625 0.5915874999999999 0.4968640625 0.5888078125 0.49643750000000003 0.5860265625000001 0.49984687499999997 0.5851 0.5053890625 0.5846359375 0.5139140624999999 0.5848687499999999 0.524996875 0.5857953124999999 0.5309640625000001 0.590196875 0.538209375 0.5918187500000001 0.5309640625000001 0.5927453125000001 0.5151921875000001
1 0.5922828124999999 0.5411937499999999 0.5895015625 0.55824375 0.5904296875 0.5723109375 0.5929781249999999 0.5799828125000001 0.6034046875 0.5769984375 0.6057203125 0.571884375 0.60780625 0.5629328124999999 0.6117453125 0.5531296875 0.615915625 0.5411937499999999 0.616146875 0.5254218749999999 0.6105859375 0.510503125 0.6052578125 0.501978125 0.5987703125 0.5024046875 0.5943671875 0.5045359375 0.5929781249999999 0.507946875 0.5925140625 0.522865625 0.5922828124999999 0.5411937499999999
1 0.6062421875 0.7018500000000001 0.6104546875 0.703259375 0.6125609375 0.70079375 0.6119875 0.6902250000000001 0.6112203125 0.681065625 0.60930625 0.674725 0.6079656250000001 0.6623953124999999 0.6070078125 0.6539406249999999 0.605859375 0.6754296875 0.606625 0.6898734375 0.6062421875 0.7018500000000001
7 0.629215625 0.81496875 0.62615625 0.76620625 0.6218234375 0.7676125 0.629215625 0.81496875
8 0.18916249999999998 0.6842921875 0.19289375 0.6788000000000001 0.1932671875 0.66575625 0.18916249999999998 0.6588921875 0.1824453125 0.6643828125 0.1775953125 0.672621875 0.1798328125 0.684978125 0.182071875 0.6877234375 0.18916249999999998 0.6842921875
1 0.33824375 0.6597359375 0.33676875 0.6744609374999999 0.3350828125 0.6868609375 0.33718906249999997 0.6829859375 0.338875 0.6779484375 0.3411921875 0.6721359375 0.3430875 0.6632234375 0.34245625 0.6570218750000001 0.338453125 0.6457843750000001 0.33824375 0.6597359375
8 0.6778421875 0.460825 0.6778421875 0.4477828125 0.6759765625 0.43542500000000006 0.6714984375 0.4306203125 0.6677671875 0.43885781250000006 0.6651546875000001 0.458765625 0.667021875 0.46563125000000005 0.674484375 0.4649453125 0.6778421875 0.460825
5 0.3452267109375 0.548910471875 0.3486789796875 0.557886365625 0.3528216984375 0.55857681875 0.36179759375 0.557886365625 0.3673212203125 0.5523627375 0.3709611109375 0.5414430671875 0.35351215156250004 0.5420059375 0.3452267109375 0.548910471875
5 0.31139449375 0.548910471875 0.317608575 0.5413154828125 0.317608575 0.5392441234375001 0.3127754 0.5323395890625 0.29758542499999996 0.536482309375 0.29137134374999996 0.536482309375 0.290680890625 0.5461486578125 0.29551406562500004 0.5475295640625 0.30379950624999996 0.5502913781250001 0.31139449375 0.548910471875
0 0.6296935218749999 0.5026500921875 0.6124321859374999 0.5026500921875 0.571695434375 0.499888278125 0.48469830312499995 0.5033405453124999 0.39217754375 0.4916028375 0.3217512953125 0.48884102343749997 0.2368255234375 0.46467515312499996 0.23130189687499997 0.5226732421875 0.3155372140625 0.53579185625 0.46398469999999997 0.5440772968750001 0.6262412546875 0.559267271875 0.6296935218749999 0.5026500921875
0 0.33417945625 0.667668459375 0.325894015625 0.7132383859375 0.339703084375 0.715309746875 0.398391625 0.7229047343749999 0.5378632171875 0.7249760937499999 0.63659805625 0.744308790625 0.63659805625 0.6752634468750001 0.3942489046875 0.6655971 0.33417945625 0.667668459375
5 0.39217754375 0.6635257390625 0.391487090625 0.6614543796875 0.3907966375 0.658692565625 0.3797493828125 0.65938301875 0.378368475 0.6614543796875 0.37560666249999997 0.6690493671875 0.38320165 0.6752634468750001 0.391487090625 0.6704302734375001 0.39217754375 0.6635257390625
5 0.287919078125 0.6994293171875 0.3065613203125 0.69459614375 0.3224417484375 0.6814775281250001 0.3286558296875 0.6780252625000001 0.33141764375 0.6655971 0.3141563078125 0.660073471875 0.287919078125 0.6580021125 0.2775622765625 0.660073471875 0.26099139375 0.680096621875 0.2768718234375 0.6987388640625001 0.287919078125 0.6994293171875
5 0.6814775281250001 0.716690653125 0.6932152359375 0.7042624921875 0.6939056906250001 0.6994293171875 0.6849297953125 0.6883820625 0.6545498453125 0.6794061671875 0.6324553359375 0.686310703125 0.62900306875 0.6911438765625 0.6359076031249999 0.7042624921875 0.649716671875 0.7111670265625001 0.6814775281250001 0.716690653125
5 0.7161458328125 0.5260416671875 0.734375 0.5182291671875 0.7161458328125 0.5104166671875 0.71875 0.515625 0.6614583328125 0.5104166671875 0.6302083328125 0.5338541671875 0.640625 0.5598958328125 0.6484375 0.5598958328125 0.6848958328125 0.5364583328125 0.7161458328125 0.5260416671875
