1 0.6891859375 0.6295375 0.68663125 0.625234375 0.6836515624999999 0.621321875 0.6823734375 0.625234375 0.6834374999999999 0.633840625 0.68620625 0.6389265625 0.6883343749999999 0.6350140625 0.6891859375 0.6295375
1 0.6776890625 0.629928125 0.683225 0.6404921875 0.6830125 0.6350140625 0.6810968749999999 0.625625 0.6804578125 0.61975625 0.678540625 0.6248421875 0.6776890625 0.629928125
1 0.36684843749999996 0.6733546875 0.365571875 0.6835265625 0.3653578125 0.692915625 0.365996875 0.70230625 0.367275 0.70504375 0.3698296875 0.7034796875 0.375790625 0.70230625 0.3766421875 0.7015234375 0.380475 0.6964375 0.3832421875 0.6913515625 0.385584375 0.6815703125 0.38409375 0.66826875 0.3779203125 0.6608359375 0.3734484375 0.6522281249999999 0.37110625 0.65770625 0.3674875 0.667878125 0.36684843749999996 0.6733546875
1 0.35790625 0.680396875 0.36152656250000004 0.685875 0.36386875 0.6768765625000001 0.365996875 0.6670953125 0.3647203125 0.6608359375 0.3604625 0.660053125 0.35790625 0.6674859375 0.355565625 0.673746875 0.35790625 0.680396875
1 0.312884375 0.6653984375 0.3156265625 0.6685484374999999 0.3211125 0.6666593749999999 0.3241984375 0.6584671875 0.3217984375 0.6515375 0.317684375 0.645865625 0.3132265625 0.6471265625 0.31151249999999997 0.6553171875 0.312884375 0.6653984375
1 0.3145984375 0.6572078125 0.3139125 0.646496875 0.30876875 0.6452359375000001 0.3056828125 0.6483859375 0.302940625 0.6622484375 0.30636874999999997 0.6685484374999999 0.3108265625 0.6704390625000001 0.3145984375 0.6572078125
1 0.2973359375 0.5475171875 0.2951546875 0.5354890625000001 0.2926609375 0.526896875 0.28954375 0.52116875 0.285490625 0.532625 0.285490625 0.5417890625 0.285490625 0.5538171875 0.28268593750000004 0.564128125 0.285803125 0.5675656250000001 0.2911015625 0.5618375 0.295465625 0.554390625 0.2973359375 0.5475171875
1 0.629 0.55668125 0.6283765625 0.5647015625 0.6346109375 0.5721468749999999 0.6408453125 0.57959375 0.6430265625 0.5704296875 0.6408453125 0.55668125 0.6383515625 0.546371875 0.63648125 0.5360609375000001 0.632428125 0.5457984375 0.629 0.55668125
1 0.6879671875 0.5463734375 0.6913734375 0.5463734375 0.6913734375 0.5358109375 0.6905218750000001 0.5279859375 0.687115625 0.519378125 0.6824312499999999 0.522509375 0.6798765625 0.530725 0.6809406250000001 0.5389406250000001 0.6879671875 0.5463734375
1 0.6920109375 0.5146843750000001 0.6913734375 0.5229 0.691159375 0.5318984375 0.6924375 0.543634375 0.69541875 0.54324375 0.700315625 0.537375 0.7018046874999999 0.531115625 0.7011671875000001 0.52094375 0.693928125 0.5135109375 0.6920109375 0.5146843750000001
9 0.24398924531250002 0.6938711671875 0.2576868859375 0.6450733171875 0.256830784375 0.6335159328125 0.25041001406249996 0.6240988046875 0.24270509062499998 0.62067439375 0.2294355 0.6159658296875 0.22087447343750002 0.6108292140625 0.2114573453125 0.60612065 0.20632072968749998 0.6065487015625 0.2007560625 0.6116853171875001 0.1960474984375 0.619390240625 0.1930511390625 0.6356561890625 0.19262308749999998 0.663051471875 0.1900547796875 0.7272591687500001 0.18877062656250002 0.7435251187499999 0.191766984375 0.7555105546875 0.19519139531250002 0.7585069140625 0.2011841140625 0.7542264015625 0.2135976015625 0.746949528125 0.23285991093749997 0.7349640921875 0.24398924531250002 0.6938711671875
9 0.7739167609375001 0.7246908609375 0.78847050625 0.7293994265625 0.797887634375 0.7358201953125 0.8021681468749999 0.73111163125 0.7974595828125 0.6908748078125 0.795747378125 0.6510660374999999 0.7961754296875 0.6005559828125 0.7859021984375001 0.5855741875 0.7790533765625 0.5894266484374999 0.763215478125 0.6009840328125 0.756794709375 0.6031242906250001 0.7499458890625 0.6022681875 0.7473775796875 0.60612065 0.745665375 0.611257265625 0.7430970671875 0.6198182921875001 0.7413848625 0.633943984375 0.7413848625 0.6446452671875 0.7413848625 0.65748680625 0.7469495296875001 0.6703283453125 0.7563666578125 0.7020041421875 0.7615032734375 0.713561528125 0.7657837859375001 0.7204103468749999 0.7739167609375001 0.7246908609375
