7 0.3915415125 0.4017132109375 0.3819827796875 0.401158890625 0.3747125 0.5265203125 0.38427123281250003 0.527074628125 0.3915415125 0.4017132109375
7 0.418142915625 0.40231219687499997 0.4103430453125 0.4019626703125 0.404017771875 0.5431052375000001 0.4118176421875 0.543454759375 0.418142915625 0.40231219687499997
7 0.428161509375 0.4101444234375 0.42008118281250006 0.40961093281250005 0.41193182500000003 0.53303459375 0.4200121515625 0.533568078125 0.428161509375 0.4101444234375
7 0.5105678375 0.3950501171875 0.5029592296875001 0.394529678125 0.4909734375 0.5697453125 0.4985820453125 0.5702657453125 0.5105678375 0.3950501171875
7 0.69021145625 0.8078887328125001 0.6990528296875 0.8056585171874999 0.6724625 0.7002640625 0.6636213390625 0.7024942484375 0.69021145625 0.8078887328125001
7 0.669535865625 0.820719659375 0.6819519656249999 0.8181357078125 0.6599046875 0.7122171875000001 0.6474888937500001 0.71480110625 0.669535865625 0.820719659375
7 0.3350009671875 0.701230709375 0.32519982187499996 0.6981843203125 0.298143309375 0.785218925 0.307944440625 0.7882652828125 0.3350009671875 0.701230709375
7 0.31652451406250004 0.6831295796875 0.30931346406250004 0.6806348546875001 0.2808624546875 0.7628603 0.28807349375 0.7653550015625 0.31652451406250004 0.6831295796875
9 0.8188974078125 0.63012509375 0.734517253125 0.6460611968750001 0.7547704671875 0.7532848624999999 0.8391505671875 0.7373489421875 0.8188974078125 0.63012509375
8 0.230236346875 0.47807175312499994 0.2744050671875 0.48519539062500006 0.2982543359375 0.3373282390625 0.2540863875 0.330204665625 0.230236346875 0.47807175312499994
