1 0.2692671875 0.490884375 0.2722640625 0.47873124999999994 0.2687671875 0.4625265625 0.2637734375 0.47265468750000006 0.25778124999999996 0.48075625000000005 0.2582796875 0.49291093750000003 0.2642734375 0.497975 0.2692671875 0.490884375
7 0.42209062499999994 0.530384375 0.42209062499999994 0.46556406250000004 0.42059218749999994 0.39973125 0.41559843750000003 0.47873124999999994 0.4131 0.5405125 0.42209062499999994 0.530384375
7 0.3922984375 0.515225 0.39446875000000003 0.46868906250000003 0.393228125 0.42089375 0.39136875 0.5032765625 0.3922984375 0.515225
1 0.6909265625 0.5083078125 0.686584375 0.4957296875 0.68379375 0.49069843750000003 0.682553125 0.504534375 0.68534375 0.5240296875 0.6918562500000001 0.5221421875 0.6909265625 0.5083078125
7 0.6695015625 0.40761250000000004 0.6712343749999999 0.442365625 0.6704640625 0.4552515625 0.6708484375 0.46735625000000003 0.6733515625 0.47555781250000007 0.6733515625 0.4552515625 0.6739296875 0.4376796875 0.6727734375 0.4208890625 0.6695015625 0.40761250000000004
7 0.6558296875 0.4134703125 0.65159375 0.39199375000000003 0.6465875 0.3896515625 0.6542890625 0.42206093750000007 0.6579484375 0.445490625 0.661028125 0.459546875 0.6608359375 0.4669671875 0.6646875 0.45564218749999996 0.6623765625 0.43377499999999997 0.6558296875 0.4134703125
7 0.6573703125 0.47477656250000005 0.6581406249999999 0.46735625000000003 0.656215625 0.4470515625 0.656215625 0.42674687499999997 0.6556375 0.40019375 0.6544828125000001 0.4400234375 0.656021875 0.46462343749999996 0.6573703125 0.47477656250000005
7 0.304115625 0.72985625 0.3074359375 0.71510625 0.310965625 0.7020421875 0.3161546875 0.683078125 0.310965625 0.6818140625 0.2958125 0.7429203125 0.3074359375 0.7024640625 0.2947734375 0.7513484375 0.288546875 0.765678125 0.2945671875 0.756828125 0.2991328125 0.7433421874999999 0.304115625 0.72985625
7 0.2773375 0.7011984375 0.28315 0.688134375 0.289584375 0.679284375 0.2999640625 0.667484375 0.29954843750000004 0.6577921875 0.29643437499999997 0.6628499999999999 0.287509375 0.6759140625 0.278375 0.69150625 0.264259375 0.7235343750000001 0.2692421875 0.7172140625 0.2731859375 0.7104703125 0.2773375 0.7011984375
5 0.40185525312500003 0.6715830031250001 0.4026370734375 0.6668920859374999 0.394818878125 0.6582920703124999 0.38543704375 0.6551647921875 0.3776188484375 0.6551647921875 0.37292793125 0.6520375125 0.35416426093750003 0.6520375125 0.34790970468750004 0.6543829718749999 0.34790970468750004 0.6676739046875 0.3604188171875 0.6817466578125 0.37996430625 0.684873934375 0.40185525312500003 0.6715830031250001
5 0.6700193640625 0.6160738140625 0.6715830031250001 0.612164715625 0.6754921 0.605910159375 0.6473465968750001 0.6074737984375 0.6434374984375 0.611382896875 0.6496920546875 0.6278011078125 0.6645466265625 0.6270192875 0.6676739046875 0.6192010921875 0.6700193640625 0.6160738140625
