2 0.41756870468749996 0.524398778125 0.3888215421875 0.519793671875 0.37717917968750003 0.592463928125 0.405926334375 0.59706900625 0.41756870468749996 0.524398778125
7 0.418413340625 0.5269982875 0.425750025 0.5268275390625 0.422430471875 0.3842067671875 0.4150939375 0.3843775140625 0.418413340625 0.5269982875
1 0.5392057984374999 0.539564025 0.52814048125 0.5393626390625 0.5274201453125 0.5789383265625 0.5384854609375 0.5791397125 0.5392057984374999 0.539564025
2 0.40123533437500003 0.5936951296874999 0.3648558375 0.5875888828125 0.35411664374999996 0.6515629781250001 0.39049613125 0.6576691875 0.40123533437500003 0.5936951296874999
7 0.3538700625 0.7673869484375 0.3599869109375 0.7679517031249999 0.3656890625 0.7062015625 0.3595722984375 0.7056368125 0.3538700625 0.7673869484375
2 0.3710060765625 0.5813061515625 0.3165526234375 0.570769521875 0.301689790625 0.6475723999999999 0.35614322187499997 0.6581089546875 0.3710060765625 0.5813061515625
7 0.34400424531249996 0.651660709375 0.3359560921875 0.6503405984375 0.3201734375 0.746546875 0.3282215890625 0.747866971875 0.34400424531249996 0.651660709375
7 0.2889185234375 0.7222952593749999 0.2946147234375 0.7243623796875001 0.3245782296875 0.6418062875 0.318882121875 0.6397391859375 0.2889185234375 0.7222952593749999
7 0.2963185953125 0.61361688125 0.2877480078125 0.6118901484375 0.2706203125 0.6968921875 0.2791908953125 0.6986189046875 0.2963185953125 0.61361688125
7 0.243218025 0.678622778125 0.2504328125 0.681375 0.27871915937499997 0.6072333296875 0.27150447031249997 0.604481128125 0.243218025 0.678622778125
6 0.2539127546875 0.743538503125 0.3029238109375 0.7118130203125 0.240521875 0.6154265624999999 0.19151171250000001 0.647151653125 0.2539127546875 0.743538503125
5 0.6073694828125 0.6205817078125 0.61418269375 0.6682692390625 0.64346159375 0.664086528125 0.6366482687499999 0.616399134375 0.6073694828125 0.6205817078125
8 0.213778409375 0.5681818187500001 0.1891237828125 0.576756428125 0.1998935515625 0.6077195468750001 0.224548165625 0.5991449624999999 0.213778409375 0.5681818187500001
