1 0.222994115625 0.47639173125 0.2034870453125 0.47478395312500005 0.19992812499999998 0.5179609375 0.2194351953125 0.519568709375 0.222994115625 0.47639173125
1 0.23714960624999998 0.5009854796875 0.222655940625 0.4981182140625 0.2179893015625 0.5217056296875 0.23248296562499998 0.524572890625 0.23714960624999998 0.5009854796875
1 0.2810896078125 0.5104775578125 0.25518640000000004 0.501898621875 0.23191808749999998 0.5721488375 0.2578212703125 0.580727721875 0.2810896078125 0.5104775578125
1 0.2852061640625 0.5764176390625 0.292742784375 0.5772808640625 0.29731874999999997 0.5373328125 0.28978218125 0.536469590625 0.2852061640625 0.5764176390625
1 0.3926625 0.563625 0.3768703125 0.563625 0.3768703125 0.6250171875 0.3926625 0.6250171875 0.3926625 0.563625
2 0.20741618593750002 0.4534375078125 0.26764764531249996 0.48416739375000006 0.295692840625 0.42920084375 0.23546179375 0.398471084375 0.20741618593750002 0.4534375078125
2 0.27151240625 0.49818281249999996 0.32534544374999996 0.49818281249999996 0.32534516406249997 0.42698437499999997 0.271512665625 0.42698437499999997 0.27151240625 0.49818281249999996
6 0.278750175 0.2956718546875 0.2547646546875 0.29505155781250003 0.25358027031249997 0.3408477390625 0.27756579062500003 0.341468034375 0.278750175 0.2956718546875
6 0.5801707265625 0.6857942515625 0.54932309375 0.6929876968750001 0.5678370921875 0.7723685437500001 0.5986847015625 0.7651751640625 0.5801707265625 0.6857942515625
2 0.5873796140625 0.6327237796875 0.6216550515625 0.6257281328125 0.6068389187500001 0.5531449109375 0.5725639265625 0.5601405125000001 0.5873796140625 0.6327237796875
2 0.6211054265625 0.6355911671875 0.6814957359375 0.6266297421875 0.6684587203125 0.5387870796875001 0.6080693515625 0.547748434375 0.6211054265625 0.6355911671875
2 0.738818159375 0.5602392828125 0.717195684375 0.508465553125 0.6534516421875 0.535084846875 0.67507376875 0.58685828125 0.738818159375 0.5602392828125
1 0.6360227640625 0.47138539375 0.6437392234375 0.471085240625 0.6427404953125 0.445411553125 0.6350240625 0.44571170625 0.6360227640625 0.47138539375
6 0.327253590625 0.309942975 0.28272547187499997 0.3232955046875 0.3106855359375 0.416533284375 0.35521362343749996 0.4031808265625 0.327253590625 0.309942975
7 0.25829750625000003 0.32392857343750003 0.251562478125 0.3234374984375 0.24537776406249998 0.408256728125 0.2521127921875 0.4087478 0.25829750625000003 0.32392857343750003
7 0.252641184375 0.415169996875 0.262500021875 0.4156250015625 0.26689131875 0.3204791125 0.2570325859375 0.3200241109375 0.252641184375 0.415169996875
7 0.6114779109375 0.445184503125 0.6226563734375 0.4445312421875 0.615625 0.32421875 0.6044466953125001 0.3248720046875 0.6114779109375 0.445184503125
7 0.5813394453125 0.7329892671875 0.5898439093750001 0.7312499671875 0.57578125 0.6625 0.5672769093750001 0.6642392859374999 0.5813394453125 0.7329892671875
7 0.6623685187499999 0.33149754531250003 0.65703125 0.33203125 0.6639232453125 0.4009514171875 0.6692605140625 0.400417715625 0.6623685187499999 0.33149754531250003
7 0.6834588234375001 0.3444251375 0.6781249734375 0.343749996875 0.6694488234375 0.41229179218749995 0.6747826734375 0.4129669296875 0.6834588234375001 0.3444251375
7 0.287590590625 0.3832025375 0.28515625 0.38359375 0.29218748125 0.427343753125 0.2946218203125 0.426952540625 0.287590590625 0.3832025375
7 0.29445108593749997 0.42676325468750004 0.301562509375 0.42734375 0.3070367296875 0.3602842421875 0.29992536406250003 0.35970374843749997 0.29445108593749997 0.42676325468750004
