1 0.222994115625 0.47639173125 0.2034870453125 0.47478395312500005 0.19992812499999998 0.5179609375 0.2194351953125 0.519568709375 0.222994115625 0.47639173125
1 0.23714960624999998 0.5009854796875 0.222655940625 0.4981182140625 0.2179893015625 0.5217056296875 0.23248296562499998 0.524572890625 0.23714960624999998 0.5009854796875
1 0.2810896078125 0.5104775578125 0.25518640000000004 0.501898621875 0.23191808749999998 0.5721488375 0.2578212703125 0.580727721875 0.2810896078125 0.5104775578125
1 0.2852061640625 0.5764176390625 0.292742784375 0.5772808640625 0.29731874999999997 0.5373328125 0.28978218125 0.536469590625 0.2852061640625 0.5764176390625
1 0.3926625 0.563625 0.3768703125 0.563625 0.3768703125 0.6250171875 0.3926625 0.6250171875 0.3926625 0.563625
2 0.20741618593750002 0.4534375078125 0.26764764531249996 0.48416739375000006 0.295692840625 0.42920084375 0.23546179375 0.398471084375 0.20741618593750002 0.4534375078125
2 0.27151240625 0.49818281249999996 0.32534544374999996 0.49818281249999996 0.32534516406249997 0.42698437499999997 0.271512665625 0.42698437499999997 0.27151240625 0.49818281249999996
2 0.5873796140625 0.6327237796875 0.6216550515625 0.6257281328125 0.6068389187500001 0.5531449109375 0.5725639265625 0.5601405125000001 0.5873796140625 0.6327237796875
2 0.6211054265625 0.6355911671875 0.6814957359375 0.6266297421875 0.6684587203125 0.5387870796875001 0.6080693515625 0.547748434375 0.6211054265625 0.6355911671875
2 0.738818159375 0.5602392828125 0.717195684375 0.508465553125 0.6534516421875 0.535084846875 0.67507376875 0.58685828125 0.738818159375 0.5602392828125
1 0.6360227640625 0.47138539375 0.6437392234375 0.471085240625 0.6427404953125 0.445411553125 0.6350240625 0.44571170625 0.6360227640625 0.47138539375
