1 0.215490625 0.5115031250000001 0.21900468750000002 0.5087359375 0.2210125 0.5004328124999999 0.21649375 0.49028593750000005 0.21448593749999997 0.48198281249999997 0.212478125 0.47552500000000003 0.2059515625 0.479215625 0.2024375 0.48751718750000006 0.2014328125 0.5004328124999999 0.19992812499999998 0.5179609375 0.2024375 0.5170375 0.20996718749999999 0.5151921875000001 0.215490625 0.5115031250000001
1 0.222015625 0.5013546875 0.2200078125 0.5115031250000001 0.222015625 0.5198046875 0.2270359375 0.5234953124999999 0.23205625 0.52165 0.23506875 0.5115031250000001 0.23255937499999998 0.5032 0.225028125 0.4985875 0.222015625 0.5013546875
1 0.24460781250000002 0.5742328125 0.2521375 0.5788453125 0.2596671875 0.5751546875 0.260671875 0.562240625 0.2641859375 0.5548609375 0.2682015625 0.5465578125 0.2682015625 0.5336421875 0.2682015625 0.52165 0.273221875 0.5115031250000001 0.2646875 0.5050453125 0.25665625 0.5096578125 0.2521375 0.525340625 0.2400890625 0.5474796875 0.23306093749999998 0.5686984374999999 0.24460781250000002 0.5742328125
1 0.28942812500000004 0.5725125 0.290290625 0.577 0.293303125 0.566853125 0.2953109375 0.5548609375 0.29731874999999997 0.5373328125 0.2922984375 0.5465578125 0.28778125 0.5539375 0.287278125 0.5613171875 0.28942812500000004 0.5725125
1 0.381121875 0.5669734375 0.3768703125 0.5792515625 0.3768703125 0.5959953125 0.3793 0.6250171875 0.38294375 0.6250171875 0.38901875 0.6015765625 0.3926625 0.5915296875 0.39144843749999997 0.5736703125 0.3865890625 0.563625 0.381121875 0.5669734375
2 0.22625156249999998 0.46037812499999997 0.2317375 0.46541875 0.23928124999999997 0.4660484375 0.24888125 0.4679390625 0.25471093749999996 0.47297968749999997 0.26053906250000003 0.480540625 0.27014062499999997 0.47928125 0.27528437499999997 0.4692 0.27871250000000003 0.4547078125 0.27597031250000004 0.438325 0.2742546875 0.4276140625 0.269796875 0.4225734375 0.2619109375 0.416903125 0.2505953125 0.4061921875 0.24202343750000002 0.4024109375 0.2334515625 0.4024109375 0.2300234375 0.40934218749999995 0.22350781249999999 0.428875 0.22625156249999998 0.46037812499999997
2 0.2732265625 0.45911875 0.2715125 0.47234999999999994 0.27185468749999997 0.48747187500000005 0.2756265625 0.4969234375 0.2811125 0.49818281249999996 0.28865625 0.49755312500000004 0.29002812499999997 0.49629218750000004 0.2962 0.494403125 0.301 0.49818281249999996 0.31574375 0.49818281249999996 0.3191734375 0.4956625 0.3253453125 0.48495156250000004 0.3253453125 0.46478906249999996 0.3205453125 0.44840625 0.3130015625 0.43454531249999995 0.3051140625 0.428875 0.29585625000000004 0.42698437499999997 0.287284375 0.430134375 0.27905625 0.4358046875 0.274940625 0.44336562500000004 0.2732265625 0.45911875
2 0.6161109375 0.6134875 0.6150828125000001 0.5977359375 0.61336875 0.585134375 0.6113109375 0.5750531249999999 0.607196875 0.5656015625 0.5999953125 0.5624515625 0.5859375 0.5574109375 0.5804515625 0.55993125 0.5780515625 0.587025 0.5831953125 0.60655625 0.5876515625 0.612228125 0.5941671875 0.62041875 0.604453125 0.6292390625000001 0.6137109374999999 0.6248296875 0.6161109375 0.6134875
2 0.6116546875 0.5693828125 0.6137109374999999 0.5857640625 0.6185109375 0.5989953125 0.6260546875 0.60655625 0.6339421875 0.6178984375 0.639428125 0.62671875 0.6500578124999999 0.6298703125 0.6596578125 0.6298703125 0.6658296874999999 0.622309375 0.669259375 0.6078171875 0.6709734375 0.5876546874999999 0.6733734375 0.571903125 0.6702874999999999 0.551109375 0.6661734375 0.5422890625 0.6576 0.5403984375 0.646628125 0.5441796875 0.6408 0.54985 0.6329125 0.554890625 0.6267406249999999 0.551109375 0.6181687499999999 0.5504796875 0.613025 0.55678125 0.6116546875 0.5693828125
2 0.7272062499999999 0.54606875 0.72000625 0.5151953125000001 0.7093765624999999 0.512675 0.6980609375 0.51645625 0.6846890625000001 0.524646875 0.67543125 0.52590625 0.6699437500000001 0.5284265625 0.6648015625 0.54291875 0.66514375 0.56308125 0.6716593750000001 0.5763125 0.6774875 0.5845046875000001 0.6867453125 0.581984375 0.698746875 0.5700125 0.7148625 0.5618218749999999 0.7272062499999999 0.54606875
1 0.6390281250000001 0.447159375 0.6366859375 0.45404375 0.63575 0.46437343750000004 0.6392625 0.471259375 0.6413703125 0.46910625 0.643478125 0.46437343750000004 0.64324375 0.45834843750000004 0.6427765625 0.45404375 0.6420734375 0.4454375 0.6390281250000001 0.447159375
