7 0.392065625 0.45174843750000004 0.38916093749999997 0.4357375 0.3870875 0.41362812499999996 0.3858421875 0.43955 0.3870875 0.462421875 0.383353125 0.505115625 0.38293750000000004 0.5211265625 0.39123593749999996 0.5257 0.39248125 0.47843125000000003 0.392065625 0.45174843750000004
2 0.6310421875000001 0.5661078125000001 0.6351921875000001 0.553909375 0.633946875 0.5439984375 0.6318718750000001 0.5135015625 0.6264796875 0.501303125 0.623159375 0.503590625 0.6123734375 0.506640625 0.5990968750000001 0.506640625 0.5907984374999999 0.5165515625 0.5858203125 0.5325624999999999 0.5932875 0.549334375 0.602415625 0.5645828125000001 0.6156921875 0.5798296875 0.625234375 0.57601875 0.6310421875000001 0.5661078125000001
2 0.6592546875 0.5653453125000001 0.6658937500000001 0.5569578125 0.667553125 0.5417109375 0.66796875 0.5272249999999999 0.6650640625 0.5165515625 0.6563515625 0.5142640625 0.6509578125 0.510453125 0.64639375 0.502828125 0.63768125 0.504353125 0.6310421875000001 0.5112140625 0.6289687500000001 0.5257 0.6314578125 0.5439984375 0.636021875 0.551621875 0.63975625 0.5607703125 0.650128125 0.56839375 0.6592546875 0.5653453125000001
7 0.648528125 0.44097187499999996 0.647825 0.40767031249999997 0.646240625 0.4041125 0.6451859375 0.4380625 0.648528125 0.44097187499999996
7 0.6177359375 0.42933281250000005 0.6149218750000001 0.43579999999999997 0.6142171875 0.45131875 0.61439375 0.4623125 0.6172093750000001 0.465221875 0.6184406250000001 0.435153125 0.6177359375 0.42933281250000005
1 0.748646875 0.5108125 0.7484703125000001 0.5062859375000001 0.7454796875 0.4994953125 0.740728125 0.493675 0.7340421874999999 0.48656249999999995 0.7303468750000001 0.48365156249999997 0.7224296875 0.4855921875 0.7219015625 0.489471875 0.7215499999999999 0.492059375 0.7224296875 0.4962625 0.723309375 0.49981875000000003 0.724540625 0.5043453125 0.7257718750000001 0.5098421875 0.7271796875 0.5188953125 0.7285874999999999 0.5266546875 0.7289390625000001 0.528271875 0.731403125 0.5334453124999999 0.733690625 0.53861875 0.74125625 0.5412046875 0.7444234375 0.5399109375 0.7475906250000001 0.537971875 0.7505828125 0.533121875 0.7525171875 0.5263312499999999 0.751109375 0.52148125 0.7495265625 0.5169546875 0.748646875 0.5108125
7 0.7678953125 0.6457703125 0.7661546875 0.6383015624999999 0.7626703125 0.6308312500000001 0.7622828125 0.6336765625 0.7595734375000001 0.6361671875 0.7588 0.640790625 0.761315625 0.6489703125 0.7659609374999999 0.6582171875 0.76983125 0.67244375 0.7750578124999999 0.6852484375000001 0.776025 0.6930734375000001 0.778734375 0.7037421875 0.7837671875 0.71796875 0.7899609375 0.7289953125 0.7876375 0.72188125 0.785509375 0.7151234375 0.7833796875 0.7094328125 0.7802828125 0.699475 0.7806703125000001 0.6927171875 0.7771859375 0.6834703125 0.77660625 0.67635625 0.7748640625000001 0.6685328125 0.773703125 0.663553125 0.7713796875 0.6546609375 0.7678953125 0.6457703125
7 0.7466062499999999 0.67706875 0.7491218749999999 0.6927171875 0.7516375 0.705165625 0.755121875 0.7151234375 0.7588 0.72188125 0.761315625 0.7247265625 0.7653796875000001 0.731128125 0.7601546875 0.7151234375 0.7541546875 0.6955625000000001 0.7516375 0.6735109375 0.7504765625 0.6607078125 0.749703125 0.652171875 0.7502828125 0.6475484375 0.7467984375000001 0.647903125 0.7438953125000001 0.647903125 0.7446703125 0.6614187499999999 0.7466062499999999 0.67706875
7 0.7090953125 0.6763390625000001 0.703609375 0.661846875 0.701553125 0.6637375 0.6970953125 0.662478125 0.6981234374999999 0.6694078125 0.7029234375 0.6744484374999999 0.713896875 0.70784375 0.723840625 0.7443875 0.722125 0.73115625 0.71766875 0.7084734375 0.7142390625 0.692090625 0.7090953125 0.6763390625000001
7 0.6967515625 0.742496875 0.691609375 0.7267453125000001 0.68989375 0.7103640625 0.6878375 0.6927218749999999 0.6892078125000001 0.6813796875 0.691609375 0.6700390625 0.6833796875 0.6712984375 0.6782359375 0.665628125 0.6809796875 0.6832703125 0.681665625 0.7046921875 0.6919515625 0.7431281249999999 0.6854375 0.7097328125 0.6967515625 0.742496875
7 0.6518328125 0.7239390625000001 0.6531203125 0.7433468750000001 0.6567265625 0.7584953125 0.6595609375 0.7646499999999999 0.6569843750000001 0.7457140625 0.6554390625 0.7220453124999999 0.6518328125 0.6997953125 0.652346875 0.6851203124999999 0.65389375 0.6770734375 0.6495140625 0.6751796875 0.6459078125 0.6623984375 0.6469375 0.6799140625 0.6482249999999999 0.6926953124999999 0.649771875 0.7073703124999999 0.6518328125 0.7239390625000001
1 0.6206609375000001 0.624053125 0.619115625 0.638728125 0.6204031249999999 0.64725 0.6229796875 0.6571906249999999 0.6258125 0.6614515625 0.628646875 0.6623984375 0.6301921875 0.646303125 0.6294203125 0.6330484375000001 0.628646875 0.6254734375 0.625040625 0.6216875 0.6206609375000001 0.624053125
7 0.4143109375 0.7816921875 0.41817656249999996 0.7684375 0.4222984375 0.7603890625 0.42487343749999995 0.752815625 0.4259046875 0.74429375 0.42719218750000004 0.7291453125 0.426934375 0.7168375 0.4284796875 0.70784375 0.4287375 0.69316875 0.42925312499999996 0.6789671875 0.4225546875 0.6813343749999999 0.4225546875 0.699321875 0.42281250000000004 0.7144703125 0.4212671875 0.745240625 0.4143109375 0.7816921875
7 0.379790625 0.7831125 0.38648906250000004 0.7750640625 0.39061093750000003 0.7660703125 0.3918984375 0.7537625 0.3942171875 0.7447671875 0.3947328125 0.7258312499999999 0.397825 0.7097375 0.399628125 0.6945890625 0.396278125 0.696009375 0.3918984375 0.6874875 0.39086875 0.705003125 0.3898375 0.7286718750000001 0.3877765625 0.750921875 0.379790625 0.7831125
7 0.35426406250000003 0.7049796875000001 0.3555421875 0.6889390625 0.35639375 0.68541875 0.352134375 0.6912859375 0.3512828125 0.70654375 0.34702500000000003 0.7311921875 0.338721875 0.7648375 0.3431921875 0.7538828125 0.3472375 0.7390171875 0.35085781250000003 0.726496875 0.35426406250000003 0.7049796875000001
7 0.31487656249999996 0.742146875 0.3180703125 0.734321875 0.3214765625 0.721803125 0.3263734375 0.708109375 0.33084375 0.6979375 0.3359546875 0.6912859375 0.3314828125 0.687765625 0.3263734375 0.6995015625 0.31487656249999996 0.742146875
6 0.2585007375 0.760473096875 0.265639565625 0.7555886375 0.2671424765625 0.7552129078125 0.2708997546875 0.76160028125 0.27277839375 0.7706177484375 0.2836745 0.7747507546875 0.2941948796875 0.777005121875 0.3020851640625 0.7788837609375 0.3126055421875 0.7826410390625 0.32124728125 0.7852711328125 0.329889021875 0.7863983171875 0.336652121875 0.777005121875 0.33702785 0.766109015625 0.3355249390625 0.757091546875 0.33026475 0.7518313578125 0.318241459375 0.7518313578125 0.3058424421875 0.742062434375 0.2987036125 0.7383051578125001 0.275784215625 0.731166328125 0.2708997546875 0.7289119625 0.25549491406249997 0.7375537015625 0.2521133640625 0.7439410734374999 0.2479803578125 0.74995271875 0.245725990625 0.7559643640625 0.24910754218750003 0.7600973703125 0.2585007375 0.760473096875
5 0.282904328125 0.5168444453125 0.2981376375 0.5244611 0.3101066671875 0.52772538125 0.3286042578125 0.5255491937500001 0.334044725 0.5201087265625 0.33948519374999997 0.5168444453125 0.34383756718749997 0.503787321875 0.322075696875 0.48964210625 0.29704954375 0.4787611703125 0.28399242187499996 0.4809373578125 0.280728140625 0.4852897328125 0.278551953125 0.5016111359375001 0.282904328125 0.5168444453125
