7 0.3828166515625 0.5254782062500001 0.391235965625 0.5257 0.3941835359375 0.4138150609375 0.38576435937500003 0.41359326875 0.3828166515625 0.5254782062500001
2 0.6437364 0.57436334375 0.6293835328124999 0.500736959375 0.5814381734375 0.51008276875 0.595790703125 0.58370885625 0.6437364 0.57436334375
2 0.664318525 0.5003901 0.626230640625 0.50557059375 0.635055084375 0.5704438875 0.6731429640625 0.5652634203125 0.664318525 0.5003901
7 0.6452488265625 0.44104110937499996 0.64852813125 0.44097187499999996 0.6477492078125 0.40408065000000004 0.64446991875 0.40414988437500005 0.6452488265625 0.44104110937499996
1 0.7433288109375 0.48101094218749996 0.7202571515625 0.485703884375 0.73193306875 0.54310108125 0.755004721875 0.5384081609375 0.7433288109375 0.48101094218749996
7 0.763697509375 0.6305046234375 0.756201228125 0.6328882828125 0.78705885 0.72991810625 0.7945551203125001 0.7275344718750001 0.763697509375 0.6305046234375
7 0.7035786703125 0.6602547515625 0.6958886078125001 0.6628919468750001 0.7238404234375 0.74438756875 0.7315304734375 0.7417503984375 0.7035786703125 0.6602547515625
7 0.69112279375 0.6644968703125 0.6782359375 0.665628125 0.685093025 0.7437301875 0.6979798796875001 0.7425989421875 0.69112279375 0.6644968703125
1 0.6205215734375 0.6628715484375001 0.6311211265625001 0.6622543703125 0.62874614375 0.6214717390625 0.618146675 0.6220889140625 0.6205215734375 0.6628715484375001
7 0.43130011875 0.67913530625 0.42279262656250005 0.6784365875 0.4143109375 0.7816921875 0.4228184296875 0.7823908984375 0.43130011875 0.67913530625
7 0.40131870156250005 0.6886800671875 0.39189830937500003 0.687487484375 0.379790625 0.7831125 0.38921101406249997 0.7843050703125 0.40131870156250005 0.6886800671875
7 0.35828561875 0.685763684375 0.353306790625 0.6848559203125 0.338721875 0.7648375 0.3437007015625 0.7657452578124999 0.35828561875 0.685763684375
7 0.309605159375 0.7399625953125 0.31487656249999996 0.742146875 0.3365444890625 0.6898630125 0.33127314375 0.6876787453125 0.309605159375 0.7399625953125
6 0.2582244671875 0.7229507140625 0.24424626875 0.7597951968750001 0.3307352859375 0.79260135 0.34471301875 0.7557572625 0.2582244671875 0.7229507140625
5 0.2482112109375 0.420635896875 0.2157961015625 0.4805251703125 0.3382380203125 0.5467911203125 0.3706524234375 0.48690245625 0.2482112109375 0.420635896875
