1 0.25919153437500003 0.47987022343749997 0.23582873906250001 0.470907925 0.2230331578125 0.504260871875 0.24639593906249999 0.5132231468749999 0.25919153437500003 0.47987022343749997
1 0.2663681046875 0.511712821875 0.2760760125 0.5127107109375 0.2803659953125 0.470978709375 0.270658146875 0.46998082343750003 0.2663681046875 0.511712821875
1 0.27506700781250004 0.526836253125 0.28680938437500003 0.5286363171875 0.293976065625 0.481889215625 0.282233775 0.48008915781250006 0.27506700781250004 0.526836253125
1 0.32226393125 0.5177617531250001 0.327837509375 0.5170546859375 0.325678125 0.500034375 0.3201045609375 0.5007414406249999 0.32226393125 0.5177617531250001
1 0.32913115625 0.5414644453124999 0.336028765625 0.5412853484375 0.33545503125 0.519191271875 0.32855744531250003 0.5193703671875001 0.32913115625 0.5414644453124999
1 0.3654609375 0.5459890625 0.3565171875 0.5459890625 0.3565171875 0.561875 0.3654609375 0.561875 0.3654609375 0.5459890625
1 0.4810685546875 0.5934615203125 0.48578376093750003 0.593067409375 0.48416517187499997 0.573704540625 0.47944998281249995 0.5740986515625 0.4810685546875 0.5934615203125
1 0.493702409375 0.5732332718750001 0.4869869234375 0.5731027281250001 0.48658050781249995 0.5940075265625 0.49329599531249996 0.5941380703125 0.493702409375 0.5732332718750001
1 0.5147258109374999 0.593309209375 0.520198453125 0.5928843734375 0.518303125 0.568471875 0.51283050625 0.5688967109374999 0.5147258109374999 0.593309209375
1 0.6122440390625 0.5707913140625 0.6197649359375 0.5690708640625 0.6126902828125 0.5381472734375 0.6051694265625 0.53986771875 0.6122440390625 0.5707913140625
1 0.6414171703125 0.508962628125 0.618432253125 0.5096210937500001 0.6202093984375 0.571650165625 0.643194315625 0.570991703125 0.6414171703125 0.508962628125
1 0.6581438953125 0.5081914703125 0.6479053921875 0.506159665625 0.6429984375 0.5308843750000001 0.6532369390625 0.5329161765625 0.6581438953125 0.5081914703125
1 0.688599765625 0.495997646875 0.668473996875 0.5004717125 0.681175140625 0.557600759375 0.701300903125 0.5531267140625 0.688599765625 0.495997646875
1 0.7086674937499999 0.523996409375 0.73446338125 0.5317324109375 0.75282899375 0.4704962109375 0.7270333421874999 0.4627602484375 0.7086674937499999 0.523996409375
1 0.6642822359375 0.6357509734375 0.652584075 0.639865334375 0.66105000625 0.66393301875 0.6727481625 0.6598186687500001 0.6642822359375 0.6357509734375
1 0.3665935734375 0.6207341265624999 0.3593495859375 0.6198902796875 0.3559661515625 0.6489317859375 0.363210140625 0.6497756296875 0.3665935734375 0.6207341265624999
1 0.344587215625 0.6437088609375 0.354074825 0.6461258984375 0.362625803125 0.612564703125 0.35313825312499997 0.6101476734375 0.344587215625 0.6437088609375
1 0.319890175 0.6321365 0.3100915375 0.566455584375 0.25967464218749997 0.573976284375 0.2694729359375 0.6396568921875 0.319890175 0.6321365
