2 0.3750044984375 0.45488548125 0.328326246875 0.44822858125 0.3159179921875 0.5352292109375 0.3625962328125 0.541886065625 0.3750044984375 0.45488548125
2 0.40568725937499994 0.49157578593749995 0.3658222640625 0.4855944515625 0.354530896875 0.560844190625 0.394395884375 0.5668254875 0.40568725937499994 0.49157578593749995
2 0.4290078125 0.5128921875 0.395040625 0.5128921875 0.395040625 0.56515625 0.4290078125 0.56515625 0.4290078125 0.5128921875
2 0.47344804375000005 0.5061882578125 0.4992294609375 0.50572263125 0.4975166203125 0.410900378125 0.4717355453125 0.4113660015625 0.47344804375000005 0.5061882578125
2 0.56424933125 0.5007696937499999 0.656018409375 0.48247685 0.6354749140625 0.379426565625 0.543707125 0.397719275 0.56424933125 0.5007696937499999
2 0.689971846875 0.58604645625 0.6578820421875 0.49667815312499997 0.532407059375 0.5417287703125 0.56449565625 0.6310960515625 0.689971846875 0.58604645625
9 0.2646554359375 0.40824548125 0.2212027703125 0.43088284374999997 0.2981246546875 0.578524603125 0.341577128125 0.555887521875 0.2646554359375 0.40824548125
4 0.3782892390625 0.582468625 0.36312723125 0.5798408625 0.3485554859375 0.6639092296875 0.3637174875 0.666536971875 0.3782892390625 0.582468625
4 0.4193547546875 0.586868009375 0.40331295625 0.586303796875 0.39946379374999996 0.6957310578125 0.41550559062500003 0.6962952640625 0.4193547546875 0.586868009375
7 0.483668228125 0.4119674421875 0.488281259375 0.412109375 0.4908022703125 0.3301757234375 0.486189284375 0.330033790625 0.483668228125 0.4119674421875
