1 0.3272589875 0.5106901703125 0.345448765625 0.5142781078125 0.3524589546875 0.47874098125 0.3342692734375 0.47515305156250004 0.3272589875 0.5106901703125
1 0.345862 0.542938675 0.3582761625 0.5454587765625 0.36485863749999997 0.5130357796875 0.3524445375 0.5105156859375 0.345862 0.542938675
1 0.4376446625 0.6721693859375 0.41773219531250005 0.6741351921875001 0.42437753593750005 0.7414385171875 0.44428999999999996 0.7394727265625 0.4376446625 0.6721693859375
7 0.39885434218750004 0.8232952062500001 0.40495937499999995 0.825315625 0.4318799140625 0.7439860125 0.42577499375 0.7419656140625001 0.39885434218750004 0.8232952062500001
7 0.45945515937500003 0.7468523546875 0.4527301953125 0.7458992296875 0.438471875 0.8464828125 0.4451968375 0.8474359265625001 0.45945515937500003 0.7468523546875
1 0.6079990328125 0.5073435859375001 0.5926284078124999 0.5069107749999999 0.5907058265625 0.5751825375 0.60607645 0.5756153453125 0.6079990328125 0.5073435859375001
1 0.94086428125 0.4959602921875 0.909196853125 0.48719999375 0.8922016484374999 0.548630725 0.9238690593750001 0.557390978125 0.94086428125 0.4959602921875
1 0.8741633921874999 0.5832858796875 0.8960154062499999 0.581815478125 0.8911845890625001 0.510031621875 0.869332834375 0.5115020140625 0.8741633921874999 0.5832858796875
7 0.4250686 0.7979400359375 0.42932812499999995 0.7983734375 0.434835946875 0.7442515640625 0.4305764765625 0.7438181640625 0.4250686 0.7979400359375
6 0.39215058593749996 0.8683547640624999 0.4227935875 0.8482495 0.3995983796875 0.8129048937500001 0.368955625 0.8330100484375 0.39215058593749996 0.8683547640624999
6 0.42377431718749997 0.8844149609375 0.44270853125 0.8802082890625 0.4322916671875 0.8333333328125001 0.4133576828125 0.8375399781249999 0.42377431718749997 0.8844149609375
6 0.9049186921875 0.4111977875 0.88573221875 0.41242761874999995 0.8880735828124999 0.44895299843750003 0.9072600546875 0.4477231703125 0.9049186921875 0.4111977875
