1 0.3272589875 0.5106901703125 0.345448765625 0.5142781078125 0.3524589546875 0.47874098125 0.3342692734375 0.47515305156250004 0.3272589875 0.5106901703125
1 0.345862 0.542938675 0.3582761625 0.5454587765625 0.36485863749999997 0.5130357796875 0.3524445375 0.5105156859375 0.345862 0.542938675
1 0.3713795921875 0.555848846875 0.3844768984375 0.5576104703125 0.3884415609375 0.5281364578125001 0.37534431874999996 0.5263748390625 0.3713795921875 0.555848846875
1 0.4376446625 0.6721693859375 0.41773219531250005 0.6741351921875001 0.42437753593750005 0.7414385171875 0.44428999999999996 0.7394727265625 0.4376446625 0.6721693859375
6 0.37967948749999997 0.8592892390625 0.40463366718750005 0.866386503125 0.4190097890625 0.8158500828124999 0.3940559265625 0.808752865625 0.37967948749999997 0.8592892390625
6 0.4181579421875 0.8812368390625 0.440350978125 0.88499844375 0.4499546328125 0.82834979375 0.42776192343749997 0.824588215625 0.4181579421875 0.8812368390625
1 0.6079990328125 0.5073435859375001 0.5926284078124999 0.5069107749999999 0.5907058265625 0.5751825375 0.60607645 0.5756153453125 0.6079990328125 0.5073435859375001
1 0.94086428125 0.4959602921875 0.909196853125 0.48719999375 0.8922016484374999 0.548630725 0.9238690593750001 0.557390978125 0.94086428125 0.4959602921875
1 0.8741633921874999 0.5832858796875 0.8960154062499999 0.581815478125 0.8911845890625001 0.510031621875 0.869332834375 0.5115020140625 0.8741633921874999 0.5832858796875
1 0.9129266953125 0.630923571875 0.890110990625 0.636546721875 0.9000726578125 0.6769605484375 0.9228883531250001 0.671337421875 0.9129266953125 0.630923571875
1 0.8507543249999999 0.6804135390625 0.841277696875 0.6813965953125 0.8434584984375 0.7024163796875 0.8529351265624999 0.7014333234375 0.8507543249999999 0.6804135390625
1 0.8417853453124999 0.67314698125 0.833968971875 0.6725301078125 0.8315836734375001 0.7027497640625 0.8394000453125001 0.7033666359375 0.8417853453124999 0.67314698125
7 0.395856875 0.8276063921875 0.401278409375 0.8295454546875 0.43408896406249997 0.7378259 0.42866754374999994 0.735886859375 0.395856875 0.8276063921875
7 0.4611788203125 0.7412072765625 0.45242875156249995 0.7399575140625 0.43678977343750003 0.84943181875 0.44553983906249994 0.850681565625 0.4611788203125 0.7412072765625
