2 0.30503281250000003 0.5233375 0.308240625 0.5225828124999999 0.3135890625 0.5142765625 0.3139453125 0.4976625 0.31822343750000004 0.47500937499999996 0.315728125 0.46141718750000005 0.3100234375 0.466703125 0.30146875 0.46594687500000004 0.2939828125 0.4644375 0.28471406250000003 0.45915156250000005 0.2818625 0.47274374999999996 0.2793671875 0.487090625 0.2811484375 0.5037046875 0.2914875 0.5218265625 0.30503281250000003 0.5233375
2 0.3217875 0.5286234375000001 0.3314125 0.5323984375 0.33889843750000004 0.542215625 0.346384375 0.5354203125 0.35030625 0.5225828124999999 0.3545828125 0.5014390625 0.35173125 0.4848265625 0.3399671875 0.4757640625 0.3303421875 0.4674578125 0.32071875 0.46594687500000004 0.31715312500000004 0.46821250000000003 0.31537031249999997 0.4780296875 0.31180625 0.50219375 0.3146578125 0.5256031250000001 0.3217875 0.5286234375000001
2 0.3514484375 0.5477953125 0.3547125 0.5563078124999999 0.3577265625 0.561628125 0.3602390625 0.5648187499999999 0.3650109375 0.561628125 0.36953281250000003 0.55524375 0.3738015625 0.54673125 0.37782031250000003 0.5328984375 0.375309375 0.5195984375 0.3707875 0.510021875 0.3675234375 0.500446875 0.36400625 0.4914015625 0.3599875 0.48980625 0.3547125 0.496190625 0.3496890625 0.5110859375000001 0.3491875 0.535559375 0.3494390625 0.540346875 0.3514484375 0.5477953125
2 0.5720609375000001 0.5672296875 0.5770765625000001 0.5636890625000001 0.58576875 0.5459875000000001 0.5877734375 0.531825 0.585434375 0.5134140625 0.58309375 0.50066875 0.57908125 0.4935875 0.5720609375000001 0.49500312500000004 0.565709375 0.4992515625 0.5573515625 0.492878125 0.549328125 0.5254515625 0.5530062499999999 0.540321875 0.5600265624999999 0.5587328125 0.56604375 0.5665218750000001 0.5720609375000001 0.5672296875
1 0.6944296875 0.5649671875 0.697771875 0.5675421875 0.7026343749999999 0.5681859375 0.70719375 0.5694734375 0.7081046875 0.5643234374999999 0.7081046875 0.5585296875 0.7032421875 0.5533796875 0.69655625 0.5540234374999999 0.69260625 0.5585296875 0.6944296875 0.5649671875
5 0.24609375 0.6315104171875 0.2994791671875 0.6510416671875 0.3177083328125 0.59375 0.28515625 0.5768229171875 0.24609375 0.6315104171875
5 0.3450520828125 0.6705729171875 0.3658854171875 0.6692708328125 0.37109375 0.609375 0.3541666671875 0.60546875 0.3450520828125 0.6705729171875
5 0.58203125 0.6106770828125 0.5963541671875 0.6966145828125 0.6549479171875 0.6458333328125 0.6484375 0.60546875 0.6458333328125 0.6041666671875 0.58203125 0.6106770828125
0 0.4856770828125 0.6705729171875 0.55859375 0.6549479171875 0.6041666671875 0.6575520828125 0.6549479171875 0.6653645828125 0.6705729171875 0.6354166671875 0.70703125 0.5989583328125 0.75390625 0.51953125 0.7278645828125 0.51953125 0.6744791671875 0.62109375 0.6328125 0.6419270828125 0.546875 0.6432291671875 0.4427083328125 0.65234375 0.4010416671875 0.6393229171875 0.2786458328125 0.6015625 0.24869791718749998 0.5377604171875 0.23958333281250002 0.5481770828125 0.2721354171875 0.6067708328125 0.2994791671875 0.6341145828125 0.3489583328125 0.6432291671875 0.3971354171875 0.6614583328125 0.4583333328125 0.6692708328125 0.4856770828125 0.6705729171875
0 0.5716145828125 0.5013020828125 0.6783854171875 0.4388020828125 0.68359375 0.4192708328125 0.6432291671875 0.453125 0.5638020828125 0.4830729171875 0.515625 0.4934895828125 0.44921875 0.4921875 0.3932291671875 0.4856770828125 0.2955729171875 0.4388020828125 0.2916666671875 0.4518229171875 0.390625 0.5 0.4231770828125 0.51171875 0.4518229171875 0.5221354171875 0.5716145828125 0.5013020828125
