2 0.433330375 0.620816721875 0.47047595624999994 0.6196483890625 0.4673786984375 0.521196153125 0.4302337546875 0.5223644765625 0.433330375 0.620816721875
2 0.4700660390625 0.622723196875 0.500654365625 0.621048425 0.49529769687499997 0.523228128125 0.4647098984375 0.5249028859375 0.4700660390625 0.622723196875
2 0.49601419843750005 0.6337535062499999 0.5302021906250001 0.633243003125 0.52872663125 0.534457740625 0.494539240625 0.5349682390625 0.49601419843750005 0.6337535062499999
2 0.566828125 0.5389437499999999 0.53009375 0.5389437499999999 0.53009375 0.6360390625 0.566828125 0.6360390625 0.566828125 0.5389437499999999
2 0.592325353125 0.5296245203125001 0.5662174249999999 0.529846328125 0.56702735625 0.6251701515625 0.593135284375 0.6249483453125 0.592325353125 0.5296245203125001
2 0.5958937093750001 0.6190665703125 0.6238198015624999 0.616072765625 0.6139990671875 0.524476928125 0.586073425 0.527470709375 0.5958937093750001 0.6190665703125
2 0.6416267578125 0.5120631625 0.6097281625 0.515463365625 0.619117434375 0.6035395984374999 0.6510160265625 0.6001394203125 0.6416267578125 0.5120631625
2 0.6762508390625 0.49183825312499996 0.63545438125 0.49334599843750004 0.6389073609375 0.5867685125000001 0.6797038171875001 0.585260778125 0.6762508390625 0.49183825312499996
2 0.45299506406249995 0.6268938375 0.4159519203125 0.62616265 0.4139825703125 0.725919625 0.45102571406249997 0.7266508046875 0.45299506406249995 0.6268938375
2 0.4790019421875 0.6541857265625 0.4460766859375 0.653026559375 0.44168540156249997 0.7777389796875 0.47461065625 0.77889813125 0.4790019421875 0.6541857265625
2 0.491928128125 0.6593728390625 0.47649991406250003 0.658969253125 0.47356692031250003 0.771074153125 0.488995134375 0.7714777359375 0.491928128125 0.6593728390625
2 0.5143627921875 0.665041875 0.49290787343750003 0.6654007562500001 0.49484077656250003 0.7809374953125 0.5162956953125 0.78057861875 0.5143627921875 0.665041875
2 0.5176651125 0.7846294578124999 0.53810173125 0.78363286875 0.5322495671875 0.6636508734375 0.5118134875 0.6646474484375 0.5176651125 0.7846294578124999
2 0.552711609375 0.659261865625 0.5317458046875 0.6607087953125 0.540027615625 0.780692803125 0.5609934171875001 0.77924589375 0.552711609375 0.659261865625
2 0.580634303125 0.655974146875 0.547558771875 0.6601570359375 0.564195471875 0.79168908125 0.597270990625 0.7875062546875 0.580634303125 0.655974146875
2 0.5922146749999999 0.744161584375 0.62229460625 0.739479434375 0.6068953015624999 0.6405652140625 0.576815996875 0.6452473140625 0.5922146749999999 0.744161584375
2 0.6112644031250001 0.7161790531250001 0.652242415625 0.7123294921875 0.6436887421875 0.621293425 0.602711484375 0.6251429515625 0.6112644031250001 0.7161790531250001
5 0.4302884609375 0.5853365390625 0.4671993171875 0.49637502343750006 0.3137019234375 0.43269230781249995 0.2767906578125 0.521652696875 0.4302884609375 0.5853365390625
5 0.40545896875 0.72695769375 0.43074915625 0.6295978765625 0.278846153125 0.59014423125 0.253554975 0.6875025265625 0.40545896875 0.72695769375
5 0.677884615625 0.5697115390625 0.7740824296875 0.54107565 0.740384615625 0.427884615625 0.6441883875000001 0.45652025625 0.677884615625 0.5697115390625
5 0.8040733203125001 0.6649177328125 0.7596145625 0.5769214484375 0.6130251484375 0.65097425 0.65748219375 0.738969065625 0.8040733203125001 0.6649177328125
7 0.442434296875 0.3963815578125 0.4424342109375 0.495888171875 0.44983552656250003 0.4958881578125 0.4498355625 0.396381596875 0.442434296875 0.3963815578125
7 0.5142291953125 0.45218691250000004 0.507401315625 0.45230263125 0.508852859375 0.5379437203124999 0.5156807390625 0.5378280015625 0.5142291953125 0.45218691250000004
7 0.55093963125 0.42464780625 0.5452302484375 0.42434210468750005 0.5419407890625 0.48577308593749996 0.5476501703125 0.4860787875 0.55093963125 0.42464780625
7 0.5734876250000001 0.4315286078125 0.567649696875 0.43176834218750004 0.5699013109375 0.4865954546875 0.5757392390625 0.486355721875 0.5734876250000001 0.4315286078125
7 0.651577465625 0.45866680468750004 0.6587171281249999 0.458059209375 0.6514773015624999 0.372991590625 0.6443377171875 0.373599184375 0.651577465625 0.45866680468750004
7 0.4180021140625 0.7805844609375 0.421875 0.78125 0.43092109218749997 0.7286184265625 0.427048253125 0.7279528921875 0.4180021140625 0.7805844609375
7 0.6410241625 0.7127331625 0.634046053125 0.7138157890625 0.6492525671875 0.8118132890625 0.6562306734375001 0.810730675 0.6410241625 0.7127331625
