2 0.454975 0.6201359375 0.46157812500000006 0.6151140625 0.4698328125 0.599209375 0.46942031249999994 0.5866546875 0.4685953125 0.5598687499999999 0.46570625000000004 0.53978125 0.461990625 0.5213656249999999 0.45332343750000004 0.5247140625 0.4425921875 0.5238765625 0.4343375 0.5263875 0.43268593749999995 0.549825 0.43186093750000004 0.5740984375 0.433925 0.590003125 0.4376390625 0.6033953125 0.4467203125 0.6126031249999999 0.454975 0.6201359375
2 0.497075 0.601721875 0.49872500000000003 0.5858171875 0.497075 0.555684375 0.49542343750000006 0.53810625 0.48716875000000004 0.5288984375 0.4834546875 0.5238765625 0.4756125 0.5255515625 0.470659375 0.5422921875 0.46735781249999997 0.5732625 0.47024687500000006 0.6084171875 0.47519999999999996 0.6151140625 0.47973906250000004 0.6192984375 0.48675625 0.621809375 0.493359375 0.6201359375 0.497075 0.601721875
2 0.52968125 0.5983734375 0.5292687500000001 0.5707515625 0.5267921875 0.554846875 0.5172984375 0.543128125 0.50863125 0.5347578125 0.5012015625 0.5364328125 0.49666249999999995 0.5481515625 0.49542343750000006 0.5699140625 0.49542343750000006 0.5941875 0.497075 0.623484375 0.501615625 0.62766875 0.5111078124999999 0.633528125 0.5222515624999999 0.6310171875 0.52968125 0.6243203125 0.52968125 0.5983734375
2 0.5470171875000001 0.6360390625 0.556509375 0.633528125 0.565590625 0.6243203125 0.566828125 0.6134390625 0.566828125 0.58414375 0.566003125 0.5632171875 0.56105 0.5523359375 0.5540328125 0.5422921875 0.545365625 0.5389437499999999 0.539175 0.5464765625 0.5325703125000001 0.56070625 0.53009375 0.5690765625 0.53009375 0.5891656249999999 0.5305078125 0.6259953125 0.5329828125 0.6326921875 0.5404125 0.6360390625 0.5470171875000001 0.6360390625
2 0.5928312499999999 0.5891656249999999 0.59118125 0.5531734375 0.5858156250000001 0.5330843749999999 0.5792109375 0.5297359375 0.5730203125 0.5364328125 0.566415625 0.5531734375 0.5676546874999999 0.56154375 0.566828125 0.5816328125 0.566828125 0.601721875 0.5684796875 0.6251578125 0.582925 0.622646875 0.5899421874999999 0.610928125 0.5928312499999999 0.5891656249999999
2 0.6060390625000001 0.617625 0.609340625 0.617625 0.6109921875000001 0.61595 0.6151203125 0.6075796875 0.619659375 0.59335 0.619246875 0.5807953125 0.618421875 0.5657281249999999 0.6163578125 0.5464765625 0.6114046875 0.5280625 0.6039749999999999 0.5255515625 0.596959375 0.532246875 0.59159375 0.5473140625 0.5903546875 0.567403125 0.5940703125 0.599209375 0.598609375 0.6092546875 0.6027375 0.6142765625 0.6060390625000001 0.617625
2 0.6469015625 0.56154375 0.6407093749999999 0.543128125 0.63493125 0.5288984375 0.6320421875 0.5180171875 0.625025 0.5138328125 0.6159453125 0.5171812499999999 0.61223125 0.5389437499999999 0.6155328124999999 0.5699140625 0.618421875 0.5833062499999999 0.6246125 0.5925140625 0.6361703125 0.601721875 0.6419484375 0.59335 0.6477265625 0.5799578125 0.6469015625 0.56154375
2 0.6782703125 0.5464765625 0.6749671875 0.51634375 0.6700140625000001 0.49206874999999994 0.6629984375 0.49290625 0.650615625 0.49290625 0.6411234375 0.499603125 0.6365828125 0.5238765625 0.6378203124999999 0.5573578125 0.6435984375 0.5632171875 0.6481390625000001 0.5682390625 0.6580453125 0.5816328125 0.6646484375 0.5858171875 0.67620625 0.576609375 0.6782703125 0.5464765625
2 0.45188125 0.6833140625 0.45085781249999995 0.648725 0.44505937500000003 0.6307390625 0.43755468750000004 0.6265890625 0.42527499999999996 0.6265890625 0.418453125 0.636965625 0.4150421875 0.6722453125000001 0.414359375 0.7068328125 0.416746875 0.7137515624999999 0.42322812499999996 0.724128125 0.4283453125 0.726203125 0.43823749999999995 0.7185937499999999 0.44301250000000003 0.7061421875 0.45188125 0.6833140625
2 0.45904531249999997 0.7780859375 0.46211562500000003 0.767709375 0.4682546875 0.7462640625 0.475759375 0.7310453125 0.47678281250000004 0.717209375 0.47678281250000004 0.693690625 0.47337187500000005 0.6757046875 0.47064218750000003 0.6604859375000001 0.4614328125 0.6535671875 0.4535875 0.654259375 0.451540625 0.6680953125 0.44574218749999994 0.6929984375 0.4440359375 0.710984375 0.442671875 0.7497234374999999 0.44539999999999996 0.767709375 0.451540625 0.7780859375 0.45904531249999997 0.7780859375
2 0.49076875 0.7033750000000001 0.491109375 0.6750125 0.48667499999999997 0.6646359375 0.4815578125 0.6591015625 0.4764421875 0.6611765625 0.4761 0.6743203125 0.4764421875 0.7006078125 0.474053125 0.752490625 0.47712343749999997 0.7711671875 0.48258124999999996 0.7704765625000001 0.48599218750000006 0.7594078125 0.48974531250000003 0.7428046875 0.48974531250000003 0.72066875 0.49076875 0.7033750000000001
2 0.5108937499999999 0.7573328125 0.51328125 0.7428046875 0.515328125 0.72274375 0.5129406249999999 0.695765625 0.511234375 0.6722453125000001 0.5071421875000001 0.665328125 0.49725 0.665328125 0.49315625 0.6798546875 0.49349687500000006 0.7006078125 0.49486093750000004 0.7358875 0.49417968749999996 0.741421875 0.49690781250000005 0.7684 0.499978125 0.7808515625 0.506459375 0.771859375 0.5108937499999999 0.7573328125
2 0.5337484375 0.69438125 0.530678125 0.673628125 0.52624375 0.6639437499999999 0.517715625 0.6667109375 0.5136234375 0.6708624999999999 0.5149874999999999 0.69023125 0.5146468750000001 0.72274375 0.5166921875 0.7601 0.5197625 0.7746265625000001 0.524196875 0.7843109375 0.5320421875 0.7801609375 0.53681875 0.7573328125 0.5354546874999999 0.7331203125 0.5337484375 0.69438125
2 0.5572843749999999 0.7255109375 0.5535328125000001 0.6971484375 0.5504625 0.6701703125 0.5450046875 0.65979375 0.533065625 0.6667109375 0.5340890625 0.68608125 0.5354546874999999 0.7144421875 0.5378421875 0.74903125 0.5398890625 0.756640625 0.5419343750000001 0.767709375 0.547734375 0.7801609375 0.5535328125000001 0.7767015625 0.5569437500000001 0.758715625 0.5572843749999999 0.7255109375
2 0.572634375 0.773934375 0.578775 0.7898453125 0.585596875 0.7884609375 0.59003125 0.7635578125 0.587303125 0.7296625 0.5862796875 0.7006078125 0.5801390625 0.6791625 0.5777515625 0.6639437499999999 0.5685421875000001 0.65771875 0.561378125 0.658409375 0.55455625 0.6680953125 0.55216875 0.6819296875 0.5528500000000001 0.701990625 0.5562625 0.7289703125 0.560696875 0.7421140625 0.5661546875 0.7621749999999999 0.572634375 0.773934375
2 0.61118125 0.6680953125 0.605040625 0.6459578125000001 0.594465625 0.6425 0.5842328125 0.65771875 0.5825265625 0.6819296875 0.5886671875 0.7068328125 0.5951484375 0.7199765625000001 0.6019703125 0.7331203125 0.609815625 0.741421875 0.61356875 0.7379625 0.6169796875 0.7192859375 0.6152734375 0.69438125 0.61118125 0.6680953125
2 0.64665625 0.6528765625 0.6425625 0.6348906249999999 0.6360812499999999 0.6265890625 0.6241421875000001 0.6231296875 0.6118625 0.6286640625000001 0.607428125 0.6480328125 0.606746875 0.6680953125 0.6118625 0.69023125 0.62005 0.6992234374999999 0.6272125 0.7082171875000001 0.6371046875 0.7137515624999999 0.644609375 0.70545 0.6493859375000001 0.6819296875 0.64665625 0.6528765625
5 0.39474377031249996 0.51288323125 0.41973959531249994 0.43792620156249995 0.3197562921875 0.40357087812500003 0.2916359125 0.47696632812499995 0.39474377031249996 0.51288323125
5 0.3759969296875 0.7564936531249999 0.3791213640625 0.6706053171875 0.3011718390625 0.6585937515625 0.3010093328125 0.754932071875 0.3759969296875 0.7564936531249999
5 0.7618703140624999 0.45198061093749997 0.7384367046875 0.389516409375 0.6800780890625 0.4320312515625 0.6962562546875 0.50507520625 0.7618703140624999 0.45198061093749997
5 0.7603082156250001 0.7283847156250001 0.7540591109375 0.659674128125 0.6937499640625 0.6800781265625 0.6993806890625 0.750247209375 0.7603082156250001 0.7283847156250001
7 0.42402342031250007 0.5255859375 0.47236777031250005 0.531427303125 0.45830758125 0.4525662296875 0.4551830875 0.4088413 0.442685175 0.374485978125 0.42402342031250007 0.5255859375
7 0.4926768859375 0.4205533375 0.48330340625 0.396348471875 0.47675779374999994 0.4083984375 0.4700243859375 0.5298657515625 0.47080549375 0.5985763078125 0.485646790625 0.6110691359375 0.49423910312499997 0.589206671875 0.4926768859375 0.5290849015625 0.4926768859375 0.4205533375
7 0.5262650234375 0.5337697625 0.5070312328125001 0.4240234375 0.49423910312499997 0.498633590625 0.497363596875 0.5540705578125 0.5090804 0.6298084078125 0.52470280625 0.6149731468749999 0.5317329015625 0.5860834781250001 0.5262650234375 0.5337697625
7 0.56844553125 0.5774946328125 0.5629777140625001 0.5251808875 0.5431640453125001 0.4191406265625 0.5364196125 0.454127840625 0.53095179375 0.5532898265624999 0.535638503125 0.6235620234375 0.5481364156249999 0.6259043953125001 0.560634328125 0.6087267640625 0.56844553125 0.5774946328125
7 0.585630215625 0.5290849015625 0.5685546687499999 0.4191406265625 0.563758821875 0.543139340625 0.5676644234375 0.6134115671875 0.579381228125 0.6235620234375 0.5887547078125 0.6149731468749999 0.5910980921875 0.5774946328125 0.585630215625 0.5290849015625
7 0.6684289546875 0.4798943171875 0.659055534375 0.41664932656250003 0.6427734203125001 0.3830078125 0.6379653109375 0.5040992140625 0.64108974375 0.558755390625 0.6567121499999999 0.57905624375 0.6738967734375 0.5696866078125 0.680145759375 0.510345628125 0.6684289546875 0.4798943171875
7 0.47982091093749996 0.67620111875 0.463802059375 0.6552083343749999 0.4454515859375 0.6907761156250001 0.4412855953125 0.764692071875 0.4402441171875 0.8656758328124999 0.4537835671875 0.8479776734375 0.4756549203125 0.7365831328125 0.47982091093749996 0.67620111875
7 0.5923021875 0.7584456671875001 0.578762815625 0.66891358125 0.5641818875 0.6595440140625 0.5562499765625 0.6747395843749999 0.5548084281250001 0.7240903249999999 0.56626484375 0.7667741796875001 0.57980429375 0.822991978125 0.6027171250000001 0.884415125 0.6058416375 0.8458954859375 0.5923021875 0.7584456671875001
7 0.664165271875 0.828197328125 0.662082315625 0.7771848796875 0.6506258203125 0.7022278703125 0.6506258203125 0.65329753125 0.6291666421875 0.6239583343749999 0.60792459375 0.633517303125 0.612090584375 0.67620111875 0.6318790609375 0.7376242671875 0.6527089359375 0.828197328125 0.664165271875 0.828197328125
