1 0.262578125 0.4654890625 0.258965625 0.47379531249999995 0.2558046875 0.4821015625 0.25535312499999996 0.4920703125 0.25715937499999997 0.5036984375 0.262578125 0.5086828125 0.266640625 0.48542500000000005 0.262578125 0.4654890625
6 0.3281640625 0.4067890625 0.32844531250000003 0.4134953125 0.331809375 0.420715625 0.33573437500000003 0.39956875 0.33293125 0.3810015625 0.3273234375 0.3706859375 0.321996875 0.3706859375 0.3147078125 0.376359375 0.3076984375 0.38925312500000003 0.308540625 0.40472656249999994 0.31358593749999997 0.41916875 0.318071875 0.431546875 0.31695 0.4155578125 0.31863281250000003 0.4021484375 0.32255781250000004 0.398021875 0.3262015625 0.4006 0.3281640625 0.4067890625
2 0.5544109374999999 0.5821500000000001 0.5588953125 0.5878234375 0.5647828125000001 0.59504375 0.570390625 0.594528125 0.5830062500000001 0.58111875 0.5807640625 0.5326359375 0.5729140625 0.5176796875 0.565625 0.512521875 0.5513265625 0.5192265625 0.549925 0.53366875 0.5516062500000001 0.5522359375 0.553009375 0.5769921874999999 0.5544109374999999 0.5821500000000001
4 0.5715125 0.5135531249999999 0.573475 0.5094265625000001 0.5689890625 0.41401093749999995 0.5558125 0.4150421875 0.5516062500000001 0.5058171875 0.5541296874999999 0.511490625 0.5715125 0.5135531249999999
1 0.6460390625 0.5371171875 0.6482828125 0.5360859375 0.6502453125 0.5345375 0.6524875 0.529896875 0.6530484375000001 0.520096875 0.647721875 0.510296875 0.645759375 0.5180343749999999 0.645759375 0.5257703125 0.6440765625 0.54124375 0.6460390625 0.5371171875
1 0.6937 0.529896875 0.6911765625 0.5175171875 0.68949375 0.5051390625 0.6855687500000001 0.510296875 0.6844484375000001 0.519065625 0.6872515625 0.530928125 0.6928578125 0.5381484375000001 0.6951015625 0.545884375 0.6937 0.529896875
1 0.7220156249999999 0.5051390625 0.723696875 0.511328125 0.729865625 0.520096875 0.7340703125 0.51958125 0.7374343750000001 0.5159703125 0.73659375 0.5066875 0.73435 0.495340625 0.7312671875000001 0.48399374999999994 0.7290234375 0.47780468750000005 0.723696875 0.4870875 0.7220156249999999 0.49894999999999995 0.7220156249999999 0.5051390625
1 0.74051875 0.5144234375 0.7447234375 0.522675 0.7489296875 0.522159375 0.7525734374999999 0.5144234375 0.7517328125 0.5051390625 0.749490625 0.4968875 0.7447234375 0.48915 0.737715625 0.485025 0.7363125 0.49276093750000005 0.73855625 0.5025609375 0.74051875 0.5144234375
1 0.6623359375 0.62046875 0.6650171874999999 0.627865625 0.6673140625 0.63315 0.66808125 0.6310374999999999 0.6690375000000001 0.6275140625 0.6694203125 0.6236390625 0.6688468750000001 0.6187078125000001 0.6684640625 0.6148328125 0.666740625 0.6120140625 0.66329375 0.6102531250000001 0.6613781249999999 0.6130703125 0.6623359375 0.62046875
1 0.6619531249999999 0.6338546875 0.6615703125 0.6261046875 0.6623359375 0.6208203125 0.6611875 0.6148328125 0.6600374999999999 0.6116625 0.658315625 0.6158890625 0.6573578125 0.6187078125000001 0.6581234375 0.6246953125 0.660421875 0.629275 0.6619531249999999 0.6338546875
1 0.3487515625 0.6427875000000001 0.35010625 0.656078125 0.3595875 0.664384375 0.3686171875 0.6718609375 0.3758421875 0.6635546875 0.3803578125 0.6552484375 0.38442031249999997 0.6245140625000001 0.3686171875 0.6245140625000001 0.3595875 0.6278359375 0.3532671875 0.62700625 0.3487515625 0.6427875000000001
0 0.27479533125 0.50158425 0.3724635515625 0.52724285 0.384879003125 0.48006413437499995 0.32694022968750003 0.4659932875 0.2738518171875 0.44703314218749995 0.2673460609375 0.4875134046875 0.27479533125 0.50158425
0 0.7176131109375 0.5984247734375 0.6605020328125 0.6307049484375 0.6638128203125 0.6737451812499999 0.7416163171875 0.6240833734375 0.7176131109375 0.5984247734375
0 0.68064619375 0.5297742140625 0.7378259859375 0.5125513859375 0.7412705515625 0.46501637812499996 0.68064619375 0.4967063828125 0.68064619375 0.5297742140625
