1 0.266640625 0.48542500000000005 0.262578125 0.4654890625 0.258965625 0.47379531249999995 0.2558046875 0.4821015625 0.25535312499999996 0.4920703125 0.25715937499999997 0.5036984375 0.262578125 0.5086828125 0.266640625 0.48542500000000005
7 0.3346125 0.46146093749999995 0.32311875 0.42123125000000006 0.329846875 0.4557875 0.3374171875 0.4820921875 0.3399390625 0.480028125 0.339659375 0.4702296875 0.3346125 0.46146093749999995
7 0.3424625 0.40317968750000005 0.34414531249999997 0.4588828125 0.34835 0.4604296875 0.34638749999999996 0.4021484375 0.3424625 0.40317968750000005
7 0.35003281249999996 0.46765 0.3519953125 0.478996875 0.353115625 0.4593984375 0.35031249999999997 0.4134953125 0.3508734375 0.443409375 0.35003281249999996 0.46765
2 0.5729140625 0.5176796875 0.565625 0.512521875 0.5513265625 0.5192265625 0.549925 0.53366875 0.5516062500000001 0.5522359375 0.553009375 0.5769921874999999 0.5544109374999999 0.5821500000000001 0.5588953125 0.5878234375 0.5647828125000001 0.59504375 0.570390625 0.594528125 0.5830062500000001 0.58111875 0.5807640625 0.5326359375 0.5729140625 0.5176796875
4 0.5715125 0.5135531249999999 0.573475 0.5094265625000001 0.5689890625 0.41401093749999995 0.5558125 0.4150421875 0.5516062500000001 0.5058171875 0.5541296874999999 0.511490625 0.5715125 0.5135531249999999
1 0.645759375 0.5180343749999999 0.645759375 0.5257703125 0.6440765625 0.54124375 0.6460390625 0.5371171875 0.6482828125 0.5360859375 0.6502453125 0.5345375 0.6524875 0.529896875 0.6530484375000001 0.520096875 0.647721875 0.510296875 0.645759375 0.5180343749999999
1 0.6928578125 0.5381484375000001 0.6951015625 0.545884375 0.6937 0.529896875 0.6911765625 0.5175171875 0.68949375 0.5051390625 0.6855687500000001 0.510296875 0.6844484375000001 0.519065625 0.6872515625 0.530928125 0.6928578125 0.5381484375000001
1 0.73435 0.495340625 0.7312671875000001 0.48399374999999994 0.7290234375 0.47780468750000005 0.723696875 0.4870875 0.7220156249999999 0.49894999999999995 0.7220156249999999 0.5051390625 0.723696875 0.511328125 0.729865625 0.520096875 0.7340703125 0.51958125 0.7374343750000001 0.5159703125 0.73659375 0.5066875 0.73435 0.495340625
1 0.7447234375 0.48915 0.737715625 0.485025 0.7363125 0.49276093750000005 0.73855625 0.5025609375 0.74051875 0.5144234375 0.7447234375 0.522675 0.7489296875 0.522159375 0.7525734374999999 0.5144234375 0.7517328125 0.5051390625 0.749490625 0.4968875 0.7447234375 0.48915
1 0.6688468750000001 0.6187078125000001 0.6684640625 0.6148328125 0.666740625 0.6120140625 0.66329375 0.6102531250000001 0.6613781249999999 0.6130703125 0.6623359375 0.62046875 0.6650171874999999 0.627865625 0.6673140625 0.63315 0.66808125 0.6310374999999999 0.6690375000000001 0.6275140625 0.6694203125 0.6236390625 0.6688468750000001 0.6187078125000001
1 0.6573578125 0.6187078125000001 0.6581234375 0.6246953125 0.660421875 0.629275 0.6619531249999999 0.6338546875 0.6615703125 0.6261046875 0.6623359375 0.6208203125 0.6611875 0.6148328125 0.6600374999999999 0.6116625 0.658315625 0.6158890625 0.6573578125 0.6187078125000001
1 0.38442031249999997 0.6245140625000001 0.3686171875 0.6245140625000001 0.3595875 0.6278359375 0.3532671875 0.62700625 0.3487515625 0.6427875000000001 0.35010625 0.656078125 0.3595875 0.664384375 0.3686171875 0.6718609375 0.3758421875 0.6635546875 0.3803578125 0.6552484375 0.38442031249999997 0.6245140625000001
0 0.7109375 0.6393229171875 0.7721354171875 0.6002604171875 0.6002604171875 0.6653645828125 0.5703125 0.671875 0.5143229171875 0.6744791671875 0.4791666671875 0.6692708328125 0.3502604171875 0.6223958328125 0.3059895828125 0.60546875 0.2760416671875 0.5924479171875 0.22135416718749998 0.57421875 0.23046875 0.578125 0.3125 0.6380208328125 0.4049479171875 0.6640625 0.46484375 0.67578125 0.5364583328125 0.6979166671875 0.6731770828125 0.65625 0.7109375 0.6393229171875
0 0.328125 0.49609375 0.3763020828125 0.5078125 0.4401041671875 0.5234375 0.4791666671875 0.5299479171875 0.54296875 0.5299479171875 0.6315104171875 0.5234375 0.66796875 0.515625 0.76171875 0.46484375 0.7760416671875 0.4375 0.7122395828125 0.47265625 0.68359375 0.4934895828125 0.6575520828125 0.5026041671875 0.6263020828125 0.5078125 0.60546875 0.5130208328125 0.5729166671875 0.5130208328125 0.5377604171875 0.5130208328125 0.4973958328125 0.51171875 0.4231770828125 0.5104166671875 0.3815104171875 0.4869791671875 0.3216145828125 0.48046875 0.21614583281250002 0.4440104171875 0.21223958281250002 0.4401041671875 0.2109375 0.453125 0.24088541718749998 0.4700520828125 0.2877604171875 0.4869791671875 0.328125 0.49609375
6 0.484375 0.4505208328125 0.5065104171875 0.4322916671875 0.4934895828125 0.4114583328125 0.45703125 0.4153645828125 0.4609375 0.44140625 0.484375 0.4505208328125
