1 0.2895234375 0.47811875 0.285959375 0.463015625 0.2801265625 0.4540921875 0.2775328125 0.47331406249999997 0.2788296875 0.488415625 0.2849875 0.4945953125 0.28790312500000004 0.488415625 0.2895234375 0.47811875
2 0.3410369078125 0.5057873374999999 0.3530275328125 0.50922015 0.3582119078125 0.5044154625 0.36242440781249996 0.486567025 0.3633978453125 0.4680310875 0.3575634703125 0.44949671249999995 0.3497869078125 0.444004525 0.3413603453125 0.444004525 0.3300181578125 0.44606389999999996 0.32321190781250003 0.45018265 0.3209447203125 0.468717025 0.3196478453125 0.4893123375 0.31899940781249997 0.50098265 0.3254806578125 0.5057873374999999 0.3335822203125 0.5064748375 0.3410369078125 0.5057873374999999
7 0.3018390625 0.3696546875 0.3005421875 0.3888765625 0.2982734375 0.4149625 0.298921875 0.42114062499999994 0.3060515625 0.41770781250000005 0.307671875 0.378578125 0.305728125 0.35111875000000003 0.3008671875 0.3298390625 0.3018390625 0.3696546875
7 0.279478125 0.34288124999999997 0.2849875 0.3902484375 0.2908203125 0.412903125 0.2927640625 0.42114062499999994 0.29438437500000003 0.4094703125 0.2856359375 0.3730875 0.279478125 0.34288124999999997
7 0.33410937500000004 0.438653125 0.32708906249999997 0.409621875 0.32140625 0.3770484375 0.3304328125 0.44644218750000003 0.33410937500000004 0.438653125
7 0.348484375 0.4018328125 0.3464796875 0.37988125 0.3464796875 0.41811875 0.3444734375 0.4429015625 0.347815625 0.44998281249999994 0.34881875 0.4244921875 0.348484375 0.4018328125
2 0.44710625000000004 0.5519499999999999 0.45212031250000007 0.5533671874999999 0.45446093750000005 0.529290625 0.45613281250000004 0.4960109375 0.45512968750000005 0.481140625 0.450784375 0.46768593750000004 0.44476562499999994 0.462021875 0.4390828125 0.46981093749999997 0.4360734375 0.4868046875 0.4350703125 0.507340625 0.43239687499999996 0.5271671875 0.43339999999999995 0.5413296875 0.4370765625 0.5484093750000001 0.44710625000000004 0.5519499999999999
2 0.4581390625 0.48043125 0.45579843750000004 0.49884218750000003 0.45512968750000005 0.5236265625 0.45680156250000004 0.5569078125 0.4728484375 0.5639890624999999 0.48154062499999994 0.5576156250000001 0.4845484375 0.5342484375 0.4838796875 0.5023828124999999 0.48053749999999995 0.48468125000000006 0.4741859375 0.47759999999999997 0.4634875 0.47689062499999996 0.4581390625 0.48043125
2 0.4975875 0.56115625 0.50861875 0.5597390625 0.512296875 0.5335390624999999 0.508953125 0.493178125 0.5039390625 0.48043125 0.493240625 0.481140625 0.4845484375 0.49247031249999995 0.48287812499999994 0.522209375 0.4848828125 0.5547828124999999 0.4975875 0.56115625
7 0.44476562499999994 0.45635624999999996 0.44844375000000003 0.457771875 0.448778125 0.3756328125 0.44476562499999994 0.45635624999999996
7 0.49625 0.4797234375 0.5009296875 0.479015625 0.5052765625 0.407496875 0.49625 0.4797234375
2 0.6155984375 0.49955 0.60824375 0.48468125000000006 0.5938687500000001 0.479015625 0.5858453124999999 0.48043125 0.5845078125 0.48892968750000004 0.5865140625 0.49813437499999996 0.590525 0.5186703125000001 0.590525 0.5285828125 0.603896875 0.54486875 0.61091875 0.54486875 0.6189421875 0.527875 0.6155984375 0.49955
2 0.6607296875 0.49884218750000003 0.65538125 0.475475 0.6446828124999999 0.46768593750000004 0.6329828125 0.45635624999999996 0.6162671875 0.46981093749999997 0.6132578125 0.486096875 0.6135921875 0.501675 0.6159328125 0.52291875 0.620946875 0.5285828125 0.627634375 0.5335390624999999 0.6403375 0.536371875 0.6547125 0.531415625 0.6617328125 0.5200859375 0.6607296875 0.49884218750000003
7 0.6012234375000001 0.4032484375 0.5998859375000001 0.4372375 0.6005546875000001 0.4436109375 0.60824375 0.449275 0.606571875 0.44007031249999995 0.605903125 0.402540625 0.60824375 0.371384375 0.604565625 0.3728 0.6012234375000001 0.4032484375
7 0.65404375 0.40537343750000004 0.6470234375 0.4436109375 0.64234375 0.46060468749999994 0.63833125 0.4691015625 0.6473578125 0.4655609375 0.65270625 0.43015625 0.65404375 0.40537343750000004
7 0.6299734375 0.4641453125 0.6309765625 0.4761828125 0.6349890625 0.4627296875 0.6309765625 0.43015625 0.630759375 0.41269375 0.6289703125 0.43511249999999996 0.6299734375 0.4641453125
7 0.637328125 0.3848375 0.636659375 0.419534375 0.6349890625 0.4514 0.641340625 0.4655609375 0.64100625 0.4521078125 0.641675 0.43228125000000006 0.637996875 0.3593453125 0.637328125 0.3848375
2 0.6998453125 0.49176093749999994 0.6991765625 0.4514 0.691821875 0.4379453125 0.6811234374999999 0.4414859375 0.669421875 0.44715156250000004 0.659728125 0.4726421875 0.6607296875 0.48751249999999996 0.6600625 0.5144203125 0.6654109375 0.53 0.675775 0.5236265625 0.6797859374999999 0.512296875 0.69081875 0.5101718749999999 0.6998453125 0.49176093749999994
7 0.6634046875 0.3876703125 0.6640734375 0.40608125 0.6647828125 0.41019375 0.6630703125 0.369259375 0.6634046875 0.3876703125
7 0.6654109375 0.42519999999999997 0.6690875000000001 0.4514 0.670425 0.4429015625 0.6647828125 0.41019375 0.6654109375 0.42519999999999997
7 0.6791171874999999 0.38979375 0.6827953124999999 0.3827140625 0.6817921874999999 0.3458921875 0.6791171874999999 0.38979375
7 0.721184375 0.5495109375 0.720078125 0.5606296875 0.72339375 0.5635546875 0.7289203125 0.56648125 0.7355515625 0.5740890624999999 0.7432875 0.5846234375 0.7535093749999999 0.592815625 0.74743125 0.581696875 0.7410765625 0.5717484374999999 0.7336171874999999 0.5618000000000001 0.721184375 0.5495109375
7 0.7388656250000001 0.6314390624999999 0.730025 0.61446875 0.718696875 0.597496875 0.7151046875 0.5893046875 0.710684375 0.5916453125000001 0.7181453125 0.607446875 0.725328125 0.616225 0.73140625 0.6261734375 0.7388656250000001 0.6314390624999999
2 0.334378125 0.58579375 0.341009375 0.5910609375 0.351784375 0.5951562499999999 0.3614546875 0.5963265625 0.36891562499999997 0.594571875 0.3774796875 0.590475 0.3802421875 0.5869640625 0.382453125 0.5711625 0.381625 0.5547765625000001 0.3755453125 0.5477546875 0.3667046875 0.5424875 0.3600734375 0.5459984375 0.352890625 0.5436578125 0.34294375 0.5366359375 0.3346546875 0.5395609375 0.332721875 0.5500953125 0.3305109375 0.5670671875 0.3307875 0.5852078125 0.334378125 0.58579375
7 0.3553765625 0.63026875 0.3553765625 0.6548484375 0.3487453125 0.699325 0.3573109375 0.6712343749999999 0.36256093749999996 0.6449 0.36256093749999996 0.6179796875 0.359521875 0.6203203125 0.3551 0.6138828125 0.3553765625 0.63026875
