1 0.2723754640625 0.5429090234375 0.2828102921875 0.5435052140625001 0.28510340156249997 0.5033729015625 0.27466864062499996 0.5027767140625 0.2723754640625 0.5429090234375
1 0.28355463125 0.55661965625 0.29676331875 0.5571723796875 0.2990874984375 0.501633696875 0.285878928125 0.5010809765625 0.28355463125 0.55661965625
1 0.3438550265625 0.5255239 0.3305676359375 0.5428557781250001 0.3524812515625 0.559654184375 0.3657685984375 0.5423223453125 0.3438550265625 0.5255239
1 0.37812943906249996 0.53778836875 0.3678710953125 0.5364754656249999 0.36518125 0.557490625 0.37543959375 0.558803525 0.37812943906249996 0.53778836875
1 0.417030753125 0.59248866875 0.426895396875 0.5916414890625 0.42351818124999996 0.552321175 0.4136536046875 0.5531683515625 0.417030753125 0.59248866875
1 0.43712607812500004 0.55311070625 0.428025165625 0.55249186875 0.4247035375 0.6013365265624999 0.43380444999999995 0.601955359375 0.43712607812500004 0.55311070625
1 0.4549332 0.5750783859374999 0.4626790265625 0.5742357124999999 0.4601517734375 0.5510076921875 0.452405978125 0.5518503640625 0.4549332 0.5750783859374999
1 0.46745033124999996 0.5866034546875001 0.4910140453125 0.5844696328125 0.488321875 0.55474375 0.4647582828125 0.556877565625 0.46745033124999996 0.5866034546875001
1 0.491248490625 0.5456064296875 0.49557712968749995 0.5848208796875001 0.530030028125 0.5810180921875 0.5257012890625 0.541803759375 0.491248490625 0.5456064296875
1 0.53492301875 0.58518251875 0.575024865625 0.5799706109375 0.568033075 0.5261804765625 0.527931596875 0.5313923593750001 0.53492301875 0.58518251875
1 0.5830350375 0.517316115625 0.5698719953125 0.518931025 0.575835534375 0.5675352250000001 0.588998575 0.565920321875 0.5830350375 0.517316115625
1 0.545106409375 0.6361254125 0.5666828125000001 0.6590906249999999 0.621194609375 0.607881228125 0.5996183453125 0.5849161765625001 0.545106409375 0.6361254125
1 0.5590394296875 0.61977808125 0.540654734375 0.6204447578125001 0.5423708375 0.6677631984375 0.5607555328125 0.667096525 0.5590394296875 0.61977808125
1 0.29896040468749996 0.596903715625 0.28239833124999997 0.5953386546874999 0.27830097343750004 0.6386935046875 0.29486304531249996 0.640258559375 0.29896040468749996 0.596903715625
1 0.265142890625 0.634949196875 0.2796452171875 0.6378517578125 0.28794602343750003 0.59638234375 0.2734438078125 0.59347979375 0.265142890625 0.634949196875
