1 0.24449339375 0.3918475125 0.22351905468750002 0.391247153125 0.22171301875 0.45434016875000005 0.242687359375 0.45494052500000004 0.24449339375 0.3918475125
1 0.2407178 0.4542282109375 0.26086095625 0.45931562968749995 0.273065659375 0.4109948484375 0.252922628125 0.405907446875 0.2407178 0.4542282109375
1 0.25801346875000003 0.46528643281250004 0.2719657921875 0.46832284062499996 0.2868881671875 0.39975821875 0.2729359703125 0.3967218234375 0.25801346875000003 0.46528643281250004
1 0.39032388125 0.4856412109375 0.379990621875 0.4847046875 0.37700753124999997 0.5176165609375001 0.38734078906249997 0.5185530828125 0.39032388125 0.4856412109375
1 0.648517065625 0.4861964578125 0.6708054234375 0.484886078125 0.6677534328125 0.4329788375 0.645465234375 0.4342892140625 0.648517065625 0.4861964578125
1 0.6990180296874999 0.4569993765625 0.713087965625 0.45535974843749993 0.708999478125 0.4202780953125 0.694929609375 0.42191771874999995 0.6990180296874999 0.4569993765625
1 0.6746820062500001 0.5527650328125 0.6829302609375001 0.5516425625 0.679809278125 0.5287107984375 0.6715610562500001 0.5298332671875 0.6746820062500001 0.5527650328125
1 0.6376434375 0.549433825 0.62757135 0.550256471875 0.6295152578125001 0.5740545 0.6395873453124999 0.5732318546874999 0.6376434375 0.549433825
1 0.6200058890625 0.5810769765625 0.6285796984375 0.581521875 0.6298639968749999 0.556773771875 0.621290225 0.5563288734375 0.6200058890625 0.5810769765625
1 0.3845428375 0.5624955671875 0.372660921875 0.559973434375 0.362952459375 0.6057059 0.37483437343750003 0.6082280234375 0.3845428375 0.5624955671875
1 0.211267346875 0.5441442046875 0.23087569375 0.5532473140625 0.25355279375 0.504404175 0.233944590625 0.4953011046875 0.211267346875 0.5441442046875
