1 0.2436703125 0.4206015625 0.2406609375 0.40322031249999996 0.23593437499999997 0.39294843749999997 0.22776718749999997 0.39136875 0.22304062500000002 0.40796093750000006 0.2226109375 0.422971875 0.22432968749999999 0.4395640625 0.22991718749999998 0.454575 0.23464374999999998 0.453784375 0.23765312500000002 0.445884375 0.24238125 0.432453125 0.2436703125 0.4206015625
1 0.2673078125 0.409540625 0.2600015625 0.40796093750000006 0.252265625 0.4206015625 0.24581875000000003 0.43403281250000003 0.24624843749999997 0.44430312499999997 0.25398437500000004 0.4553640625 0.2608609375 0.459315625 0.26644843749999997 0.43719374999999994 0.2677375 0.42455156250000003 0.26859687499999996 0.419021875 0.2673078125 0.409540625
1 0.28278125 0.409540625 0.2737546875 0.3969 0.2711765625 0.413490625 0.265159375 0.432453125 0.2617203125 0.44825468749999997 0.261290625 0.46484531249999994 0.26687812499999997 0.46721562499999997 0.2746140625 0.45615468750000004 0.278053125 0.440353125 0.2819203125 0.42218125000000006 0.28278125 0.409540625
1 0.3881953125 0.49260624999999997 0.3850703125 0.48614218749999993 0.37999062499999997 0.4847046875 0.37803749999999997 0.506253125 0.378428125 0.5177453125 0.3870234375 0.5127171875000001 0.3885859375 0.504815625 0.3881953125 0.49260624999999997
1 0.6537207453125 0.4444920546875 0.6470785578125 0.4617295546875 0.65333011875 0.47178580468750003 0.6615348078125 0.4854311171875 0.6658332453125 0.4811217421875 0.6697394953125 0.46675767968750004 0.6681769953125001 0.44018267968749997 0.6673957453125 0.4329998671875 0.6603629328125 0.43371861718750004 0.6537207453125 0.4444920546875
1 0.7106312499999999 0.4342796875 0.7059421875 0.420634375 0.696175 0.42781562500000003 0.69695625 0.43930781249999995 0.7008625 0.45151874999999997 0.7090687499999999 0.45582812500000003 0.7129749999999999 0.454390625 0.7106312499999999 0.4342796875
1 0.6770296874999999 0.5290890625 0.675465625 0.5355531250000001 0.6735125 0.544171875 0.674684375 0.5520734375 0.6797640625 0.5520734375 0.6825 0.54848125 0.6809359374999999 0.5369890625 0.6770296874999999 0.5290890625
1 0.6281890625 0.55781875 0.6293624999999999 0.572184375 0.63483125 0.5736203125 0.6387390625 0.562846875 0.6371765625 0.553509375 0.6317062499999999 0.54991875 0.6281890625 0.55781875
1 0.621546875 0.57649375 0.6285796875 0.581521875 0.6293624999999999 0.5664374999999999 0.6266265625 0.55781875 0.6223296875 0.5563828125 0.620765625 0.5664374999999999 0.621546875 0.57649375
1 0.37266093749999996 0.5599734375 0.37148906249999997 0.56715625 0.3699265625 0.579365625 0.36640937500000004 0.589421875 0.364065625 0.6059421875 0.3730515625 0.606659375 0.378521875 0.5908578125 0.38125624999999996 0.5757749999999999 0.37930312499999996 0.5635656250000001 0.37266093749999996 0.5599734375
1 0.2220747078125 0.5491614890625 0.23756829218750003 0.5388324328125 0.2450281671875 0.5227650125000001 0.24445433125 0.5135836281249999 0.2415851484375 0.5084191 0.23871596562500003 0.4975162078125 0.2324037640625 0.5026807359375 0.228386909375 0.5089929375 0.22092703593750002 0.5233388484375 0.2220747078125 0.5319463953125 0.2220747078125 0.5491614890625
