1 0.47976738125 0.6482119671875 0.48776354531250005 0.6483909156250001 0.4885670359375 0.6124904531250001 0.480570928125 0.6123115046875001 0.47976738125 0.6482119671875
1 0.49775962656250006 0.6599961265625 0.509153703125 0.6604116859375 0.5107242265624999 0.6173543828125 0.49933024687499994 0.616938825 0.49775962656250006 0.6599961265625
1 0.521563896875 0.620036871875 0.5105763109375 0.619904325 0.510033146875 0.664925109375 0.5210207328124999 0.6650576546875 0.521563896875 0.620036871875
1 0.5822813046875 0.6191383734375 0.5687534671875001 0.619879515625 0.5712976078125 0.6663111984375 0.5848254453124999 0.6655700609374999 0.5822813046875 0.6191383734375
1 0.8160776046875 0.506153903125 0.8054983531250001 0.495319996875 0.7855231421875 0.51482415625 0.7961023671875 0.5256580390625001 0.8160776046875 0.506153903125
1 0.765385796875 0.6374922859375001 0.7557728140625 0.6389144 0.7585262328125 0.65752418125 0.768139215625 0.6561020703125 0.765385796875 0.6374922859375001
1 0.7439580625 0.6783663625 0.7583970140625 0.6780558437499999 0.7576353171875 0.6426442640625 0.74319646875 0.6429547828125 0.7439580625 0.6783663625
1 0.698100053125 0.675112865625 0.6905613171875 0.675550540625 0.6920093421875 0.7004884328125 0.6995480781250001 0.7000507578125 0.698100053125 0.675112865625
9 0.794708365625 0.46372567968749995 0.8540049109375 0.43513755468750004 0.8111979171874999 0.3463541671875 0.7519019984375 0.3749421109375 0.794708365625 0.46372567968749995
9 0.8735218109374999 0.5248865968749999 0.8076991984375 0.5291300921875 0.817461875 0.680547325 0.883284484375 0.6763038875 0.8735218109374999 0.5248865968749999
7 0.3210257984375 0.679535553125 0.3139999765625 0.6772358046875 0.28398403125 0.768921478125 0.2910098421875 0.771221203125 0.3210257984375 0.679535553125
