7 0.46263750000000003 0.5073640625 0.4647546875 0.5589078125 0.46157812500000006 0.574371875 0.459671875 0.5863984375 0.46284843750000004 0.5958484375 0.465603125 0.5756593750000001 0.46814375 0.560196875 0.4687796875 0.54086875 0.46263750000000003 0.5073640625
7 0.43722031250000004 0.5382906249999999 0.4357375 0.5120890625000001 0.43467968749999997 0.5279828125 0.43764375 0.5537546875 0.4420921875 0.57651875 0.4459046875 0.589834375 0.4480234375 0.5979953124999999 0.45119999999999993 0.588975 0.4433625 0.5674984375000001 0.43722031250000004 0.5382906249999999
7 0.4554359375 0.5859687499999999 0.45903593750000005 0.5872578125000001 0.46284843750000004 0.560196875 0.463696875 0.5193921875 0.4639078125 0.48889531249999996 0.457978125 0.5241156250000001 0.4556484375 0.574371875 0.4554359375 0.5859687499999999
7 0.8089171875 0.60014375 0.8139234375 0.6040484375 0.8204687500000001 0.56421875 0.8245125 0.540790625 0.82566875 0.52009375 0.8218171875 0.5443046875 0.812575 0.583353125 0.8089171875 0.60014375
7 0.793128125 0.52829375 0.7913953125 0.5497703125 0.791971875 0.574371875 0.7937046875 0.5911625 0.796015625 0.6040484375 0.7992890625 0.597409375 0.79755625 0.58374375 0.79563125 0.5575812499999999 0.793128125 0.52829375
7 0.8027546875 0.5568 0.8014078124999999 0.5212656250000001 0.7987109375 0.5021328125 0.799096875 0.557971875 0.8027546875 0.5568
7 0.41525468749999994 0.8256937499999999 0.4178171875 0.8143546875000001 0.4215453125 0.7893125000000001 0.4278359375 0.7515140625 0.41735156250000005 0.752459375 0.4185171875 0.7647437499999999 0.41548749999999995 0.7926203125 0.4103625 0.8290015625 0.39685000000000004 0.856878125 0.40360625 0.8507359375 0.4101296875 0.837978125 0.41525468749999994 0.8256937499999999
7 0.3698234375 0.8346718750000001 0.3777453125 0.8219140625 0.38426875 0.8082125 0.394053125 0.7883671875 0.40290625 0.7647437499999999 0.4103625 0.7534046875 0.408265625 0.7467890625 0.407334375 0.7359218750000001 0.40057656250000007 0.754821875 0.3928890625 0.7737203125 0.385665625 0.7949828125 0.3651640625 0.83750625 0.3698234375 0.8346718750000001
5 0.7724154515625 0.7491043828125 0.7824959140625001 0.748474353125 0.7894262328125 0.7459542375 0.7963565499999999 0.74406415 0.807697071875 0.7409140062499999 0.8082232749999999 0.7345995578125 0.7944664640625 0.7327236296875 0.7780857125 0.7302035140625 0.7698953359375 0.7352437453125 0.766745190625 0.736503803125 0.766745190625 0.738393890625 0.765485134375 0.743434121875 0.7661151625 0.7446941796875 0.7724154515625 0.7491043828125
0 0.7560347000000001 0.800766753125 0.8265979390625 0.771785421875 0.8650297015625 0.7554046718749999 0.8637696453125001 0.7157128484374999 0.7257933125 0.756664728125 0.7005921546875 0.7629650171875 0.66846068125 0.77115539375 0.643889553125 0.7724154515625 0.6004175578125001 0.7724154515625 0.5752164 0.770525365625 0.5380446953125 0.763595046875 0.48575229531249997 0.7547746421875 0.3962881875 0.7050023578125 0.3843176390625 0.748474353125 0.38494766875 0.7503644390625 0.4485805890625 0.780605828125 0.50780330625 0.7969865796875 0.58403680625 0.8171475046875001 0.641999465625 0.8228177656250001 0.6816912875 0.82344779375 0.7560347000000001 0.800766753125
0 0.7579247859375 0.655860103125 0.8688098765625 0.63632920625 0.9141719578125 0.619948453125 0.9059815828125 0.579626603125 0.8706999625 0.5764764578125 0.8391985171874999 0.5859268921874999 0.7818658859375 0.5947472968749999 0.6678306515625 0.6010475875 0.57395634375 0.6079779046875 0.4813420921875 0.5972674125 0.438500125 0.5834067765625 0.3773873203125 0.5682860828125 0.3817975234375 0.619948453125 0.43030975 0.6331790609375 0.5342645218750001 0.653970015625 0.6609003328124999 0.6533399875 0.7579247859375 0.655860103125
