1 0.2671484375 0.4029546875 0.271353125 0.4070578125 0.2771765625 0.41321250000000004 0.2784703125 0.40979374999999996 0.27879375 0.4002203125 0.274265625 0.3920125 0.2697359375 0.38859374999999996 0.26617812500000004 0.387909375 0.2610015625 0.396115625 0.2671484375 0.4029546875
1 0.3104953125 0.4426203125 0.30823125 0.43372968749999996 0.3033796875 0.42962656250000003 0.30014375000000004 0.42757500000000004 0.30014375000000004 0.41936875 0.2985265625 0.406375 0.29464531250000003 0.41526406250000003 0.2933515625 0.42620625 0.295615625 0.436465625 0.298203125 0.443303125 0.3020859375 0.44672343750000004 0.3098484375 0.448090625 0.3104953125 0.4426203125
1 0.3486671875 0.4426203125 0.3460796875 0.4330453125 0.34155 0.44740624999999995 0.34316874999999997 0.45834843750000004 0.3480203125 0.45287812499999996 0.3486671875 0.4426203125
1 0.37584062500000004 0.4631359375 0.3774578125 0.43920000000000003 0.3732515625 0.4125296875 0.3654890625 0.42825781249999995 0.3599890625 0.4501421875 0.3629 0.4761296875 0.3680765625 0.4795484375 0.3735765625 0.47202656249999997 0.37584062500000004 0.4631359375
1 0.34155 0.42962656250000003 0.3373453125 0.42689062499999997 0.3337875 0.435096875 0.334434375 0.44672343750000004 0.33702187499999997 0.4542453125 0.34025625000000004 0.4501421875 0.34155 0.42962656250000003
1 0.7006109375 0.42511093750000006 0.695725 0.4082125 0.6930609375000001 0.40164218749999997 0.6899515625 0.42135625 0.6930609375000001 0.44200937500000004 0.6997234375 0.44858125 0.7006109375 0.42511093750000006
1 0.769453125 0.38005 0.7752265625 0.3706609375 0.7801125 0.35470156249999996 0.776115625 0.3406203125 0.769009375 0.3453140625 0.763234375 0.36784531249999997 0.7565734375 0.36784531249999997 0.748134375 0.36690625 0.7476906249999999 0.3809875 0.7516875 0.3894375 0.755684375 0.3950703125 0.75835 0.396009375 0.7641234375 0.3931921875 0.769453125 0.38005
1 0.34850781249999996 0.518875 0.3468390625 0.5245171875 0.3448375 0.5336875 0.3448375 0.552025 0.3498421875 0.5569625 0.3531796875 0.5492046875 0.3578515625 0.53791875 0.3588515625 0.530865625 0.3545140625 0.5146437500000001 0.34850781249999996 0.518875
1 0.30045625 0.5082953125 0.2954515625 0.5033578125 0.2901125 0.507590625 0.286775 0.516759375 0.2874421875 0.5294546875 0.2901125 0.53791875 0.2954515625 0.5301609375 0.30045625 0.5181703125 0.30045625 0.5082953125
0 0.60546875 0.5950520828125 0.7408854171875 0.52734375 0.7838541671875 0.4921875 0.7369791671875 0.5091145828125 0.66015625 0.5533854171875 0.6028645828125 0.5755208328125 0.55859375 0.5872395828125 0.5078125 0.5911458328125 0.4453125 0.5872395828125 0.43359375 0.5859375 0.3333333328125 0.5481770828125 0.2643229171875 0.50390625 0.20833333281250002 0.4427083328125 0.203125 0.453125 0.23828125 0.5091145828125 0.2877604171875 0.5546875 0.3567708328125 0.5768229171875 0.39453125 0.5859375 0.48828125 0.6158854171875 0.60546875 0.5950520828125
6 0.6497395828125 0.6575520828125 0.6822916671875 0.65625 0.6796875 0.6067708328125 0.64453125 0.6184895828125 0.6497395828125 0.6575520828125
0 0.4153645828125 0.4296875 0.4817708328125 0.4479166671875 0.5533854171875 0.4479166671875 0.5924479171875 0.4479166671875 0.6588541671875 0.4375 0.6940104171875 0.4127604171875 0.71484375 0.3919270828125 0.7591145828125 0.34375 0.7591145828125 0.3111979171875 0.7122395828125 0.3880208328125 0.6380208328125 0.4388020828125 0.6015625 0.4427083328125 0.5338541671875 0.4427083328125 0.4427083328125 0.4205729171875 0.3880208328125 0.4114583328125 0.32421875 0.3971354171875 0.23177083281250002 0.3190104171875 0.23046875 0.34375 0.2903645828125 0.3802083328125 0.3359375 0.4088541671875 0.37890625 0.4205729171875 0.4153645828125 0.4296875
5 0.37890625 0.4895833328125 0.4036458328125 0.4791666671875 0.3958333328125 0.4361979171875 0.3723958328125 0.4283854171875 0.37890625 0.4895833328125
