1 0.2682624609375 0.38587181406250004 0.259153371875 0.3947764828125 0.2771765578125 0.41321250468750004 0.28628563125 0.40430785 0.2682624609375 0.38587181406250004
1 0.300869878125 0.45127579687499997 0.31293742343750003 0.446994796875 0.2985265625 0.406375 0.2864590796875 0.4106559859375 0.300869878125 0.45127579687499997
1 0.3408691046875 0.4582034265625 0.34765750156249997 0.4586314890625 0.349258359375 0.433245753125 0.3424699859375 0.43281769218750005 0.3408691046875 0.4582034265625
1 0.35804801249999996 0.47887091875000004 0.3747015359375 0.47999601406250003 0.379232415625 0.41293375 0.3625790453125 0.4118086609375 0.35804801249999996 0.47887091875000004
1 0.3325975484375 0.45396632343750004 0.3399857234375 0.45443220625 0.34170519375 0.42716555156249997 0.33431704687499997 0.42669966875 0.3325975484375 0.45396632343750004
1 0.6969886562500001 0.40105089375 0.687118265625 0.4025368203125 0.6941760734375 0.44941636875 0.7040464640625 0.44793044687499994 0.6969886562500001 0.40105089375
1 0.7384423015625 0.3865739890625 0.7617299 0.39804934531249997 0.78731148125 0.34613726875 0.7640240109375 0.3346619515625 0.7384423015625 0.3865739890625
1 0.34170115 0.55580835625 0.355046925 0.5577003687500001 0.3610207125 0.5155661921875 0.347675028125 0.5136741859375 0.34170115 0.55580835625
1 0.30463181562499997 0.5066992296875 0.2920976375 0.5021370546874999 0.2803643484375 0.5343706375 0.29289852031249997 0.5389328 0.30463181562499997 0.5066992296875
5 0.406868859375 0.417099778125 0.37860574062499996 0.4146634578125 0.3719772671875 0.49155407812499996 0.400240384375 0.493990384375 0.406868859375 0.417099778125
6 0.6790294140625 0.602486190625 0.649555275 0.6021658578125 0.6487365875 0.6774852078125 0.678210725 0.6778055375 0.6790294140625 0.602486190625
6 0.6495398156250001 0.62021618125 0.6342383203125 0.61970619375 0.6333331390625 0.6468615953125 0.648634634375 0.6473715828125 0.6495398156250001 0.62021618125
6 0.2991513 0.635812975 0.3190296640625 0.6421265546875 0.33569516875 0.5896608921875 0.31581699531249996 0.5833473453125 0.2991513 0.635812975
6 0.3151383578125 0.5863817640625 0.29824780624999997 0.5834699171875 0.2929589453125 0.614145346875 0.30984949375 0.6170571859375 0.3151383578125 0.5863817640625
6 0.2929447578125 0.254064809375 0.277143290625 0.268300678125 0.3011800171875 0.29498023125 0.3169814625 0.28074438281249997 0.2929447578125 0.254064809375
8 0.6669034093749999 0.5106534093749999 0.6356534093749999 0.5106534093749999 0.6356534093749999 0.6370738640625 0.6669034093749999 0.6370738640625 0.6669034093749999 0.5106534093749999
8 0.6890950359375 0.5362625375000001 0.6612865640625001 0.5319008671875001 0.6461513984375 0.6283876703125 0.6739598625000001 0.632749303125 0.6890950359375 0.5362625375000001
8 0.35117481875 0.5322356874999999 0.3290359921875 0.52747513125 0.3096781125 0.6174896249999999 0.33181692812499997 0.62225014375 0.35117481875 0.5322356874999999
8 0.2833922015625 0.59593125 0.3133659609375 0.602924465625 0.33110972968749997 0.52687953125 0.3011363640625 0.5198863640625 0.2833922015625 0.59593125
8 0.4049528828125 0.3503413828125 0.377986546875 0.3500000515625 0.3766389140625 0.456463146875 0.40360525 0.45680447500000004 0.4049528828125 0.3503413828125
8 0.6249999421875 0.47869318125 0.6534091671875 0.47869318125 0.6534089546875 0.33096590937500003 0.6250002593749999 0.33096590937500003 0.6249999421875 0.47869318125
8 0.6257102265625 0.37642045468749996 0.5973011359375 0.37642045468749996 0.5973011359375 0.46661931875 0.6257102265625 0.46661931875 0.6257102265625 0.37642045468749996
