1 0.2391578125 0.43982968749999996 0.23755937500000002 0.416128125 0.23195937500000002 0.4366703125 0.231159375 0.4540515625 0.231159375 0.47933281250000004 0.2391578125 0.48091249999999997 0.2399578125 0.4651109375 0.2391578125 0.43982968749999996
1 0.25115625 0.43825000000000003 0.25115625 0.42086875 0.24555781250000003 0.442990625 0.2439578125 0.45563125 0.25195625 0.44931093750000006 0.25115625 0.43825000000000003
8 0.29420156249999996 0.371475 0.29445625 0.39060625 0.2959859375 0.4102421875 0.2952203125 0.44548437500000004 0.298025 0.4485046875 0.3010828125 0.45202968749999994 0.32758906250000003 0.4560578125 0.33013750000000003 0.443975 0.3339609375 0.43088437500000004 0.3349796875 0.4117515625 0.3339609375 0.3971515625 0.3331953125 0.3825515625 0.329628125 0.37248125 0.325040625 0.36291562499999996 0.3194328125 0.3598953125 0.3125515625 0.36593749999999997 0.3112765625 0.371475 0.30720000000000003 0.3820484375 0.3061796875 0.371978125 0.30465 0.36291562499999996 0.3005734375 0.3543578125 0.294965625 0.35536406249999997 0.29420156249999996 0.371475
1 0.43490624999999994 0.5324921875 0.43730624999999995 0.5419734375 0.4413046875 0.5372328125 0.44370468750000003 0.526171875 0.4429046875 0.5119515625 0.43650625 0.49931093750000005 0.43490624999999994 0.5324921875
2 0.5804843749999999 0.5419734375 0.584484375 0.5230109374999999 0.585284375 0.47086875 0.578884375 0.45822812500000004 0.5668875 0.4692890625 0.5540890625 0.47086875 0.5500890625 0.4977296875 0.5532890625 0.5230109374999999 0.5596875 0.5372328125 0.5716859375000001 0.551453125 0.5804843749999999 0.5419734375
2 0.6116796875 0.5166906250000001 0.6180796875000001 0.4977296875 0.6156796875 0.47718906250000004 0.60688125 0.45822812500000004 0.60048125 0.4471671875 0.5948828125000001 0.448746875 0.5908828125000001 0.45980781249999997 0.585284375 0.47718906250000004 0.586884375 0.49298906249999996 0.586884375 0.50405 0.586884375 0.51353125 0.5948828125000001 0.526171875 0.60048125 0.526171875 0.6116796875 0.5166906250000001
2 0.646075 0.5072109375 0.645275 0.49457031249999994 0.643675 0.47718906250000004 0.6388765624999999 0.45822812500000004 0.6372765625000001 0.44084687499999997 0.629278125 0.43136562500000003 0.621278125 0.42820625 0.6124796875 0.45348750000000004 0.6108796875 0.47244843750000004 0.6132796875000001 0.49457031249999994 0.6188796875 0.51353125 0.626878125 0.5166906250000001 0.6348765625 0.5166906250000001 0.646075 0.5072109375
2 0.6540734375 0.5103703125 0.665271875 0.5103703125 0.6780703124999999 0.5087906249999999 0.6844703125 0.5024703125000001 0.68846875 0.48825 0.6828703125 0.4692890625 0.6780703124999999 0.448746875 0.6748703125 0.43136562500000003 0.666071875 0.42188593750000003 0.6580734374999999 0.41872499999999996 0.647675 0.4297859375 0.6412765625 0.456646875 0.644475 0.46770781250000004 0.646075 0.4850890625 0.648475 0.49615 0.6540734375 0.5103703125
2 0.7340625000000001 0.475609375 0.7364625 0.4613875 0.7324625 0.43610625000000003 0.7252640625 0.41398437499999996 0.712465625 0.42346562499999996 0.7012671874999999 0.4250453125 0.68926875 0.43136562500000003 0.6820703124999999 0.4471671875 0.6844703125 0.4692890625 0.68926875 0.48666875000000004 0.69326875 0.500890625 0.710065625 0.5072109375 0.7188640625 0.49140937500000004 0.7340625000000001 0.475609375
2 0.392159375 0.57641875 0.3904625 0.5670375 0.38232187500000003 0.5596656249999999 0.37180625 0.5576546875 0.3623078125 0.562346875 0.35891562499999996 0.569046875 0.3545046875 0.583790625 0.3534875 0.5998734375 0.3524703125 0.6126046875 0.3521296875 0.621315625 0.3534875 0.6293578125 0.363325 0.63471875 0.36705625 0.6340484375 0.3704484375 0.6320375 0.37960781250000003 0.63136875 0.3870703125 0.6199765625 0.387409375 0.6119343749999999 0.3880890625 0.5971921874999999 0.3901234375 0.5898203125 0.392159375 0.57641875
2 0.3402578125 0.6266765624999999 0.346703125 0.6219859375000001 0.35179062499999997 0.614615625 0.3551828125 0.6079140625 0.356540625 0.5911609375 0.360271875 0.57641875 0.3592546875 0.5670375 0.358575 0.5610062499999999 0.3514515625 0.5543046875 0.34738125000000003 0.5543046875 0.3395796875 0.554975 0.3310984375 0.5529640625 0.326009375 0.5496140625 0.3212609375 0.5509546875 0.3127796875 0.55229375 0.3073515625 0.5556453125 0.3029421875 0.563015625 0.3005671875 0.57641875 0.3005671875 0.5945125 0.301925 0.6092546875 0.30565625 0.6199765625 0.30972656249999997 0.6280171875 0.31820781249999996 0.636059375 0.32533124999999996 0.636059375 0.33516875 0.6320375 0.3402578125 0.6266765624999999
2 0.273090625 0.6032234375 0.2808921875 0.6099249999999999 0.2863203125 0.616625 0.2897125 0.6199765625 0.294121875 0.616625 0.297853125 0.6105937499999999 0.30090625000000004 0.6032234375 0.303959375 0.5945125 0.3046390625 0.581109375 0.30565625 0.571728125 0.304978125 0.5610062499999999 0.30158593749999996 0.550284375 0.2985328125 0.547603125 0.29140781250000003 0.540903125 0.28292812500000003 0.5449234374999999 0.273090625 0.546934375 0.26901875 0.54559375 0.2625734375 0.540903125 0.2557890625 0.5375515625 0.24934375000000003 0.540903125 0.2456125 0.5529640625 0.24357812499999998 0.57306875 0.2459515625 0.581109375 0.25205781250000003 0.5851296875 0.2602 0.59183125 0.26630625 0.5985328125 0.273090625 0.6032234375
5 0.7540591109375 0.6674821546875 0.7384367046875 0.590963603125 0.622830875 0.6393732156249999 0.6243932109375 0.7112070828125 0.7540591109375 0.6674821546875
5 0.41036617499999994 0.4722815234375 0.4041171890625 0.411378903125 0.3402343390625 0.4125000015625 0.3431899015625 0.4707198828125 0.41036617499999994 0.4722815234375
