2 0.7210062500000001 0.429625 0.7188203125 0.451703125 0.721734375 0.465503125 0.7224625 0.4751625 0.72975 0.4889609375 0.737765625 0.4958609375 0.746509375 0.497240625 0.7581687500000001 0.4931 0.7647265625 0.48758125 0.774928125 0.47102187500000003 0.7800281250000001 0.4613625 0.7814859375000001 0.451703125 0.7778421875 0.43376562500000004 0.77055625 0.41030625 0.763996875 0.4116859375 0.7581687500000001 0.4130671875 0.750153125 0.41720625 0.7414078125 0.4213453125 0.7326640624999999 0.4282453125 0.7210062500000001 0.429625
2 0.6780140625 0.4668828125 0.6772843749999999 0.47378125000000004 0.6772843749999999 0.484821875 0.6801999999999999 0.49862031250000005 0.6860296875 0.5055203125000001 0.6969593749999999 0.5041390625 0.7078890624999999 0.502759375 0.7159046874999999 0.502759375 0.7246484375 0.49862031250000005 0.7268343749999999 0.48758125 0.7246484375 0.46412343749999996 0.721734375 0.44756406249999997 0.7166328125 0.429625 0.7086187500000001 0.41582656250000005 0.6991453125 0.414446875 0.6918578125 0.414446875 0.6831140625 0.426865625 0.6750984375 0.44894375000000003 0.6780140625 0.4668828125
2 0.6838437500000001 0.5013796875 0.6823859375 0.48620156249999996 0.6801999999999999 0.46412343749999996 0.67655625 0.44894375000000003 0.672184375 0.43652499999999994 0.6648968749999999 0.4282453125 0.6546953125 0.43652499999999994 0.647409375 0.45446406250000004 0.64449375 0.4751625 0.6459515625 0.502759375 0.6488671874999999 0.5082796875 0.66416875 0.5179390625 0.67655625 0.509659375 0.6838437500000001 0.5013796875
2 0.6459515625 0.5206984375 0.647409375 0.4958609375 0.6452234375 0.4751625 0.643765625 0.4503234375 0.63939375 0.439284375 0.63210625 0.439284375 0.6248203125 0.45446406250000004 0.61971875 0.47102187500000003 0.618990625 0.484821875 0.6175328125 0.5069 0.6233625 0.5234578125 0.6306499999999999 0.5303578124999999 0.640121875 0.52621875 0.6459515625 0.5206984375
2 0.6175328125 0.5041390625 0.6175328125 0.4751625 0.6131609375 0.45446406250000004 0.60223125 0.4613625 0.594215625 0.46412343749999996 0.5840140625 0.4668828125 0.5803703125 0.4889609375 0.581828125 0.5110390625 0.5847421875000001 0.5317375 0.5956734375 0.5469171875 0.6051453125 0.5455359375 0.61461875 0.5331171875 0.6175328125 0.5041390625
1 0.46523906249999997 0.5082796875 0.4608671875 0.4889609375 0.45868125 0.522078125 0.45868125 0.5331171875 0.46451093749999994 0.522078125 0.46523906249999997 0.5082796875
1 0.2491125 0.417228125 0.243090625 0.4275953125 0.2409015625 0.43899999999999995 0.23980625 0.45351406250000004 0.23706875 0.468028125 0.24199687499999997 0.4783953125 0.24856562499999998 0.4783953125 0.25075625 0.46284375000000005 0.2502078125 0.44729374999999993 0.2502078125 0.43485312499999995 0.2491125 0.417228125
1 0.2551359375 0.43277968749999995 0.2523984375 0.45040312499999996 0.25732499999999997 0.44832968749999996 0.26170468750000003 0.44522031249999994 0.2638953125 0.4379625 0.26225312500000003 0.425521875 0.2551359375 0.43277968749999995
2 0.3136578125 0.5489171875000001 0.308184375 0.5404359375000001 0.2962390625 0.5385500000000001 0.285290625 0.5338375 0.26687500000000003 0.5300671875 0.255428125 0.5753078125 0.26687500000000003 0.5885015625000001 0.27633125000000003 0.5979265625 0.29026718749999997 0.6073515625 0.3017140625 0.6205468749999999 0.3071890625 0.615834375 0.3146546875 0.60358125 0.3171421875 0.582846875 0.3181375 0.5621125 0.3136578125 0.5489171875000001
2 0.329584375 0.6309140625 0.340534375 0.639396875 0.3544703125 0.63185625 0.363428125 0.62243125 0.37089375 0.60829375 0.3753734375 0.5903875000000001 0.376865625 0.5724796875 0.3738796875 0.5583421875 0.367409375 0.5498609375 0.3589484375 0.5517453125 0.3475015625 0.5508031250000001 0.339040625 0.5442046875 0.3285890625 0.547975 0.31963125 0.5536296875 0.3171421875 0.5705953125 0.316146875 0.5951 0.320128125 0.6167765625 0.329584375 0.6309140625
2 0.4047375 0.62714375 0.40722500000000006 0.6092375 0.4097140625 0.585675 0.409215625 0.5715375 0.4007546875 0.564940625 0.391796875 0.560228125 0.38134531250000003 0.5592843750000001 0.3723875 0.578134375 0.3684046875 0.5979265625 0.368903125 0.6214890625 0.37587031249999997 0.6327984375 0.38035 0.6356265624999999 0.3908015625 0.6356265624999999 0.3982671875 0.6290296875 0.4047375 0.62714375
1 0.44091250000000004 0.6037828125 0.440090625 0.6154671875 0.44626093750000007 0.6185828124999999 0.452840625 0.6154671875 0.45983437499999996 0.6092359375 0.46518125 0.5998890625 0.455309375 0.595215625 0.4470828125 0.6014468749999999 0.44091250000000004 0.6037828125
0 0.609375 0.6549479171875 0.6223958328125 0.65234375 0.6328125 0.6471354171875 0.62109375 0.6380208328125 0.5611979171875 0.64453125 0.5338541671875 0.6497395828125 0.4973958328125 0.6536458328125 0.484375 0.6536458328125 0.4088541671875 0.6484375 0.3515625 0.625 0.3177083328125 0.6158854171875 0.2903645828125 0.6106770828125 0.2565104171875 0.5846354171875 0.24479166718749998 0.6119791671875 0.3307291671875 0.6536458328125 0.3802083328125 0.6432291671875 0.4375 0.66015625 0.45703125 0.6627604171875 0.53125 0.6640625 0.609375 0.6549479171875
0 0.5260416671875 0.4856770828125 0.5768229171875 0.4856770828125 0.6223958328125 0.4752604171875 0.6627604171875 0.45703125 0.7565104171875 0.4205729171875 0.7604166671875 0.3841145828125 0.7083333328125 0.3958333328125 0.6744791671875 0.42578125 0.6171875 0.4375 0.6158854171875 0.4596354171875 0.51953125 0.4700520828125 0.4544270828125 0.46484375 0.41015625 0.4309895828125 0.3450520828125 0.4283854171875 0.22005208281250002 0.4127604171875 0.21614583281250002 0.4231770828125 0.265625 0.4322916671875 0.4010416671875 0.4622395828125 0.4309895828125 0.4765625 0.5260416671875 0.4856770828125
5 0.3411458328125 0.484375 0.4153645828125 0.4934895828125 0.4309895828125 0.4505208328125 0.3450520828125 0.4505208328125 0.3411458328125 0.484375
5 0.6223958328125 0.5833333328125 0.63671875 0.6705729171875 0.7174479171875 0.65625 0.7747395828125 0.6184895828125 0.7565104171875 0.5481770828125 0.6223958328125 0.5833333328125
