1 0.249749090625 0.5315920328125 0.2473588 0.548680625 0.2622328125 0.5507609421875 0.26462307812499997 0.5336723734375 0.249749090625 0.5315920328125
5 0.36298076875 0.7259615390625 0.4132992609375 0.72828360625 0.41706730781249995 0.646634615625 0.366749675 0.6443125671875001 0.36298076875 0.7259615390625
5 0.3233173625 0.5096152625 0.3233170640625 0.5798585968750001 0.368990359375 0.579858565625 0.368990390625 0.5096154953124999 0.3233173625 0.5096152625
7 0.2983303859375 0.517884525 0.3034540375 0.5172697265624999 0.2935855265625 0.43503289531249995 0.28846193593749997 0.4356476890625 0.2983303859375 0.517884525
7 0.309658415625 0.415322090625 0.30678028125 0.4151547703125 0.3009868421875 0.51480263125 0.303864975 0.5149699515624999 0.309658415625 0.415322090625
7 0.3133348625 0.42181634062500006 0.31167763125 0.421875 0.314967084375 0.51480263125 0.31662431562500004 0.5147439734375 0.3133348625 0.42181634062500006
7 0.3615088359375 0.6898978390625 0.3487791640625 0.6881301484375 0.3305921046875 0.8190789468749999 0.3433217703125 0.8208466109374999 0.3615088359375 0.6898978390625
7 0.614171484375 0.807773484375 0.6208882359375 0.8075657859375 0.618421053125 0.727796053125 0.611704425 0.72800375 0.614171484375 0.807773484375
7 0.6447368296875 0.8083881578125001 0.6472039671875 0.8083881578125001 0.647203946875 0.71792763125 0.644736859375 0.71792763125 0.6447368296875 0.8083881578125001
7 0.5985045171875 0.4408242109375 0.5953354328125 0.44065292031250003 0.592303484375 0.49674407187499997 0.59547256875 0.49691536249999996 0.5985045171875 0.4408242109375
7 0.5966445484375 0.5294669890625 0.6033738484375 0.5299231828125001 0.610197375 0.429276315625 0.6034681749999999 0.4288201265625 0.5966445484375 0.5294669890625
7 0.74326481875 0.7777201390624999 0.7488733390625 0.775266796875 0.7129934203125 0.6932565796875 0.7073849984375 0.6957098953124999 0.74326481875 0.7777201390624999
7 0.7222927375 0.7874397156249999 0.731085828125 0.7845393734375 0.7047697375 0.7047697375 0.6959768015625001 0.7076700515625001 0.7222927375 0.7874397156249999
7 0.6579922093749999 0.5403406093750001 0.667801834375 0.5402633734375 0.6669407890625 0.43092105312499995 0.657131328125 0.43099828906250004 0.6579922093749999 0.5403406093750001
7 0.686200359375 0.4426749109375 0.6768091484375 0.4416118359375 0.6669407890625 0.5287828953125 0.6763319984375 0.5298459640625001 0.686200359375 0.4426749109375
8 0.6161286765625 0.5739085328125 0.64524760625 0.573169525 0.641189271875 0.413283878125 0.6120710390624999 0.41402287656250003 0.6161286765625 0.5739085328125
