1 0.269518778125 0.5465365203125 0.2913435375 0.547177871875 0.2932950140625 0.48077220625 0.27147048281249997 0.4801308578125 0.269518778125 0.5465365203125
1 0.43323735 0.5534604375 0.44244675468750005 0.5539611078125 0.44441328125 0.517791259375 0.43520393124999995 0.5172905906249999 0.43323735 0.5534604375
1 0.684081396875 0.5099138 0.66479264375 0.512084296875 0.6697997828125 0.5565779156249999 0.689088534375 0.5544074265625001 0.684081396875 0.5099138
1 0.7043436671875 0.6426756734375 0.6968765625 0.6437359375 0.7002572796875 0.6675421546875 0.707724384375 0.6664818921875 0.7043436671875 0.6426756734375
1 0.695559184375 0.6428423875 0.6905276875 0.643588621875 0.694457209375 0.670080053125 0.6994887078125 0.6693338203125 0.695559184375 0.6428423875
1 0.6409859250000001 0.677759375 0.647157821875 0.677759375 0.647157809375 0.6525562500000001 0.64098594375 0.6525562500000001 0.6409859250000001 0.677759375
1 0.631820815625 0.6802025484375 0.6405846671875 0.6795212140625 0.638535209375 0.653163278125 0.6297714046875 0.653844609375 0.631820815625 0.6802025484375
1 0.3898762375 0.6449515124999999 0.37831273125 0.6460004296874999 0.381243384375 0.6783043703125 0.392806890625 0.6772554562499999 0.3898762375 0.6449515124999999
1 0.3588900734375 0.6393048546875 0.35227650625 0.6380640515625 0.341990625 0.69288125 0.34860419062500003 0.6941220453125 0.3588900734375 0.6393048546875
1 0.30324375 0.6317640625000001 0.2881578125 0.6317640625000001 0.2881578125 0.6670484375 0.30324375 0.6670484375 0.30324375 0.6317640625000001
1 0.290945778125 0.6324957109375 0.281974190625 0.6306061781250001 0.2752016390625 0.6627585140625001 0.28417322500000003 0.664648040625 0.290945778125 0.6324957109375
8 0.378405328125 0.35998921250000004 0.35064682343750003 0.3601469203125 0.3516190328125 0.5312577484375 0.37937753750000003 0.5311000421875 0.378405328125 0.35998921250000004
8 0.40664775000000003 0.33456433125 0.3739724921875 0.3355961234375 0.3805095765625 0.5426040750000001 0.41318483281249996 0.541572296875 0.40664775000000003 0.33456433125
