2 0.3778797296875 0.6859961 0.3865229484375 0.6185943453125 0.3375930984375 0.6123206703124999 0.328949603125 0.6797220984375001 0.3778797296875 0.6859961
1 0.39327979375 0.6479987781250001 0.37813226875 0.6472583140625 0.3768715125 0.6730459484375 0.3920190390625 0.673786409375 0.39327979375 0.6479987781250001
1 0.39093836406250004 0.5748794859374999 0.40212501562499997 0.5791207468749999 0.413083084375 0.5502207390625 0.4018964875 0.545979490625 0.39093836406250004 0.5748794859374999
2 0.5548446203124999 0.54883963125 0.5329133140625 0.549605253125 0.5351786015625 0.6144881296875 0.55710990625 0.6137225140625 0.5548446203124999 0.54883963125
2 0.6326653609374999 0.5547534265625 0.6028596375 0.5579831609375 0.60915314375 0.6160570921875 0.638958865625 0.612827375 0.6326653609374999 0.5547534265625
2 0.679003646875 0.5930223921875 0.7331881484375 0.579826771875 0.715507153125 0.5072322546875 0.661323303125 0.5204277921875 0.679003646875 0.5930223921875
2 0.5626647250000001 0.7030876312500001 0.5956792 0.7004067015625 0.5905168359374999 0.63684561875 0.5575027859375 0.63952653125 0.5626647250000001 0.7030876312500001
9 0.804645921875 0.5857956625 0.727894746875 0.5717872484375001 0.70944943125 0.672836278125 0.7862005703125 0.686844553125 0.804645921875 0.5857956625
7 0.5423936359375 0.5444831265625 0.5513393125 0.5446428578125 0.5530530437500001 0.44867138593749994 0.5441074984375 0.44851165625 0.5423936359375 0.5444831265625
7 0.5780244765625 0.7853515843750001 0.58828135625 0.7851562484375 0.58671875 0.703125 0.5764620609375 0.7033203359375 0.5780244765625 0.7853515843750001
7 0.6212748484375 0.5573264921875001 0.628125075 0.557031246875 0.62421875 0.46640625 0.6173686218750001 0.46670149375000003 0.6212748484375 0.5573264921875001
7 0.349522884375 0.686684821875 0.34296873125 0.6828124890625 0.3231848890625 0.7162928625 0.32973903125000004 0.7201651796874999 0.349522884375 0.686684821875
