1 0.2427359375 0.48276250000000004 0.246840625 0.4767203125 0.2497140625 0.46765937500000004 0.2534078125 0.4540671875 0.25381875 0.4427390625 0.248071875 0.44349531249999996 0.24027343750000002 0.44878125 0.23493750000000002 0.46463906250000003 0.2394515625 0.475965625 0.2427359375 0.48276250000000004
1 0.26284843750000003 0.49031250000000004 0.2640796875 0.47823125 0.26366875 0.4623734375 0.2583328125 0.4623734375 0.2525875 0.46539374999999994 0.24930312500000001 0.4729453125 0.24519843749999998 0.48200624999999997 0.2427359375 0.493334375 0.246840625 0.5061703125 0.25381875 0.51145625 0.2603859375 0.5023953125 0.26284843750000003 0.49031250000000004
1 0.278446875 0.50768125 0.2813203125 0.5046609375 0.278446875 0.49031250000000004 0.278446875 0.48049687499999993 0.2780359375 0.4669046875 0.270646875 0.4669046875 0.265721875 0.48200624999999997 0.2685953125 0.492578125 0.27393125 0.49635468749999995 0.2727 0.505415625 0.278446875 0.50768125
1 0.32963593750000003 0.5459109375 0.32887187500000004 0.5548203125 0.32810625 0.560915625 0.3301453125 0.5646671875 0.3324390625 0.5632609375000001 0.33524375 0.5585718749999999 0.336771875 0.5524765625 0.33651718750000004 0.5449734375 0.3319296875 0.537471875 0.32963593750000003 0.5459109375
1 0.63224375 0.5142390625 0.6332625000000001 0.5292171875 0.63461875 0.5423218750000001 0.6386890625 0.547315625 0.640725 0.5429468749999999 0.6424218749999999 0.5317125 0.6427609375000001 0.521728125 0.6403859375 0.51049375 0.6342796875000001 0.5048781250000001 0.63224375 0.5142390625
1 0.7191734375000001 0.4447203125 0.7128515625 0.4355828125 0.7128515625 0.450534375 0.715109375 0.4671484375 0.7155609375 0.485421875 0.7187218750000001 0.49539062500000003 0.7236875 0.4912375 0.7268484374999999 0.48126875 0.7236875 0.46548749999999994 0.7232359374999999 0.4530265625 0.7191734375000001 0.4447203125
1 0.6821859375 0.5935359375 0.67435 0.5811796874999999 0.6702453125 0.5811796874999999 0.6661406249999999 0.5880453125 0.6646484375 0.6004015625 0.6691265625 0.6196234375 0.6765890625 0.6319796875 0.681440625 0.628546875 0.6859171875000001 0.6189359375000001 0.685171875 0.607953125 0.6821859375 0.5935359375
1 0.6515875 0.6196234375 0.65531875 0.633353125 0.6609171875000001 0.6429640625 0.6661406249999999 0.6463953124999999 0.6694984374999999 0.645709375 0.6691265625 0.6251156250000001 0.6668875 0.6134453125 0.6612890625000001 0.6017750000000001 0.6545734375000001 0.609325 0.6515875 0.6196234375
1 0.356425 0.6264875 0.35269375 0.6175640625 0.343365625 0.6100125000000001 0.334409375 0.6203093749999999 0.32806562499999997 0.627175 0.325453125 0.6450234375 0.3276921875 0.6614984374999999 0.3373953125 0.66905 0.3437375 0.6656171875 0.349709375 0.653946875 0.3541859375 0.637471875 0.356425 0.6264875
6 0.280253121875 0.7442222609375 0.280253121875 0.7481625515625 0.2817307296875 0.752102840625 0.28370087499999996 0.7540729859375 0.28616355625 0.7550580578125 0.29108891875 0.7565356671875 0.294536671875 0.7550580578125 0.2989694984375 0.7506252328125 0.30340232500000003 0.7447147968750001 0.3053724703125 0.7383118265624999 0.307342615625 0.7353566078125 0.3078351515625 0.73141631875 0.311775440625 0.725505884375 0.314238121875 0.720580521875 0.31079036875 0.7333864640625001 0.3098052953125 0.743729725 0.30931275937499997 0.747177478125 0.30882022343750004 0.752595378125 0.3083276875 0.7555505953125 0.3038948609375 0.761953565625 0.302417253125 0.7673714640625 0.302417253125 0.769341609375 0.3038948609375 0.7713117546875 0.3063575421875 0.771804290625 0.31325305000000003 0.7732818984375001 0.31571573124999996 0.7708192171875 0.3221187015625 0.7668789281249999 0.3309843546875 0.7604759578125 0.3378798625 0.7555505953125 0.3428052234375 0.7447147968750001 0.343790296875 0.7383118265624999 0.3428052234375 0.7264909562499999 0.34132761562499997 0.7191029125 0.338864934375 0.71171486875 0.337387325 0.7087596515625 0.3349246453125 0.7067895078124999 0.3270440640625 0.7077745796875 0.3196560203125 0.708267115625 0.3122679765625 0.7102372609375001 0.302417253125 0.708267115625 0.294536671875 0.698908928125 0.294536671875 0.6979238546875 0.2866560921875 0.7023566812500001 0.28123819375000003 0.7097447234375001 0.27926804843749997 0.7146700874999999 0.2782829765625 0.7284611015625 0.2787755125 0.737326753125 0.280253121875 0.7442222609375
5 0.2585815265625 0.593506171875 0.26104420781250004 0.600401678125 0.27188000625000003 0.605327040625 0.279760584375 0.6082822578125 0.2891187734375 0.6097598671875 0.292566528125 0.610252403125 0.3038948609375 0.6117300125 0.3053724703125 0.610252403125 0.304879934375 0.6008942140625 0.2891187734375 0.5939987078125 0.282223265625 0.591043490625 0.27188000625000003 0.5900584171875 0.26646210625 0.58956588125 0.2595666 0.591043490625 0.2585815265625 0.593506171875
6 0.6977842078125 0.3558028125 0.701733184375 0.3621211765625 0.7064719562499999 0.3696242328125 0.706866853125 0.3656752546875 0.70765665 0.3502742453125 0.706866853125 0.34000690625 0.70449746875 0.327765078125 0.6969944124999999 0.329739565625 0.68949135625 0.33171405468750004 0.681593403125 0.3313191578125 0.6784342203125 0.3332936453125 0.6721158578125 0.341586496875 0.6650077 0.3506691421875 0.661058721875 0.35698750625 0.6590842343750001 0.3652803578125 0.6642179046875001 0.38265585625 0.6705362671875 0.384235446875 0.6748801421875 0.3791017765625 0.677249528125 0.3715987203125 0.6800138125 0.362910971875 0.6827780953125 0.3558028125 0.6883066624999999 0.353433428125 0.6977842078125 0.3558028125
8 0.7013382859374999 0.3739681078125 0.6977842078125 0.3621211765625 0.6954148203125 0.35185383593749997 0.6902811515625 0.34948445 0.68514748125 0.35106404062499996 0.68080360625 0.3558028125 0.6733005515625 0.367254846875 0.67882911875 0.4663741640625 0.683567890625 0.4782210953125 0.6902811515625 0.46953334687500003 0.6977842078125 0.456106825 0.7013382859374999 0.44702417812500006 0.7025229796875 0.44031091718750004 0.7064719562499999 0.439126225 0.7052872625 0.4237252140625 0.7052872625 0.4047701265625 0.7037076718749999 0.3854201390625 0.7013382859374999 0.3739681078125
6 0.7199544328124999 0.7716590671875 0.7316857375 0.7686176171875 0.74167906875 0.7612312421875 0.7412445765625 0.753844865625 0.7355961718749999 0.746023996875 0.723430375 0.7373341421874999 0.7125680578125 0.729947765625 0.7073541453125001 0.7256028390625 0.6938848703125 0.7269063171875 0.6938848703125 0.7321202296875 0.6951883484375 0.7464584890625 0.6977953046875001 0.7542793578125 0.70518168125 0.7634037046875 0.71039559375 0.769921096875 0.7199544328124999 0.7716590671875
