1 0.7117281249999999 0.48974062500000004 0.71123125 0.505834375 0.7137140625 0.520921875 0.720171875 0.52896875 0.7236484375 0.519915625 0.7236484375 0.5018109374999999 0.7236484375 0.4857171875 0.7216609375 0.47264062500000004 0.71669375 0.4806875 0.7117281249999999 0.48974062500000004
1 0.6923578125 0.5319859375 0.6943453125 0.5148859375 0.6913640625 0.4927578125 0.6854046874999999 0.4977875 0.682921875 0.512875 0.680934375 0.5249453125 0.68341875 0.5380203125 0.6923578125 0.5319859375
7 0.663890625 0.455153125 0.66473125 0.47388906249999996 0.6680953125 0.46139843750000004 0.6711796875 0.4455 0.671740625 0.42506093749999996 0.6711796875 0.403484375 0.665853125 0.3660109375 0.667815625 0.39042656249999996 0.66865625 0.41313750000000005 0.6672546875 0.43584843749999996 0.663890625 0.455153125
7 0.66276875 0.44947499999999996 0.663890625 0.42676406250000004 0.663890625 0.404053125 0.6641703125 0.3847484375 0.6622078124999999 0.3626046875 0.661646875 0.3841796875 0.6610859375 0.4006453125 0.6594046875 0.41597656250000004 0.658003125 0.43811875 0.6557593749999999 0.45288125 0.66276875 0.44947499999999996
7 0.6467890625 0.45004218749999997 0.648190625 0.4716171875 0.651834375 0.4687796875 0.651540625 0.44197031249999996 0.6582828125 0.35863125 0.6470687500000001 0.4210859375 0.6467890625 0.45004218749999997
7 0.6170703125 0.449815625 0.6176875 0.47604687500000004 0.6229296875 0.483540625 0.6223140625 0.45793437499999995 0.6213890625 0.432328125 0.6210796875 0.4079703125 0.6179953125 0.3861109375 0.6158375 0.362378125 0.6133703125000001 0.354259375 0.6152203125 0.37486875 0.6170703125 0.4035984375 0.6170703125 0.449815625
7 0.608128125 0.35300937499999996 0.609053125 0.362378125 0.609978125 0.3817390625 0.6121359375 0.40484687499999994 0.610903125 0.42795625 0.611828125 0.45793437499999995 0.610903125 0.48916250000000006 0.6170703125 0.48041875 0.6173796874999999 0.4722984375 0.6161453125 0.4529375 0.6161453125 0.431078125 0.614603125 0.4123421875 0.6142953125 0.38985781249999996 0.608128125 0.35300937499999996
1 0.35709843750000003 0.5172671875 0.35617343749999997 0.4991546875 0.35000624999999996 0.4860390625 0.3422953125 0.47792031250000006 0.33982968750000003 0.48666406249999994 0.33859531249999997 0.4941578125 0.33828749999999996 0.5085234375 0.3404453125 0.5210140625 0.3435296875 0.5385015625 0.346921875 0.541625 0.3524734375 0.5310078125000001 0.35709843750000003 0.5172671875
1 0.40947812499999997 0.5044015625 0.402375 0.4855921875 0.384346875 0.508828125 0.38653125 0.5254234375 0.3881703125 0.5409140625 0.38926249999999996 0.5575109375 0.3947265625 0.5597234375 0.402921875 0.5475531250000001 0.4078390625 0.5375953124999999 0.4116625 0.5243171875 0.40947812499999997 0.5044015625
7 0.2572125 0.7132375 0.26377968749999997 0.6966109375 0.2699375 0.6841421875 0.2748625 0.6700109375000001 0.2650125 0.6749984375 0.25475 0.6966109375 0.2481828125 0.718225 0.23217500000000002 0.7548015625 0.23956249999999998 0.74815 0.2469515625 0.73734375 0.25146718749999997 0.724875 0.2572125 0.7132375
7 0.267884375 0.7597890625 0.280609375 0.7365125 0.2953859375 0.6733359375 0.28840781249999997 0.6791546875 0.2875875 0.7024296875 0.283071875 0.7157312499999999 0.2789671875 0.72736875 0.2715796875 0.73900625 0.2682953125 0.74815 0.2588546875 0.7597890625 0.25639218750000003 0.7714265625000001 0.267884375 0.7597890625
7 0.321376875 0.6987987421875 0.29128125 0.805509375 0.3131464921875 0.7493568125000001 0.31275456875 0.7442618125 0.3198091828125 0.7270171999999999 0.32059302968750003 0.7227060468750001 0.321376875 0.6987987421875
7 0.33438124999999996 0.7572953124999999 0.3315078125 0.7780765625 0.31878281249999996 0.809665625 0.3212453125 0.8080031249999999 0.32699218750000003 0.7947015625 0.3315078125 0.7830640625 0.336021875 0.7722578125 0.3376640625 0.7614515625 0.3397171875 0.7464875 0.3405375 0.7282 0.34176875 0.71406875 0.34176875 0.6999359375 0.33684375 0.7024296875 0.3364328125 0.7099109375 0.3364328125 0.7340187499999999 0.33438124999999996 0.7572953124999999
7 0.37311071406249996 0.7180029703125 0.37702994375 0.687041053125 0.3735026375 0.6842975906250001 0.36723186874999997 0.6917441281250001 0.36598593749999997 0.7265375 0.3540828125 0.8387593750000001 0.37311071406249996 0.7180029703125
1 0.34956718750000004 0.650059375 0.351209375 0.6733359375 0.35695625 0.6749984375 0.35695625 0.6525531250000001 0.3565453125 0.636759375 0.354903125 0.630109375 0.34956718750000004 0.6359281250000001 0.34956718750000004 0.650059375
1 0.6258109375 0.6716734375 0.6340203125 0.6741671874999999 0.637715625 0.666684375 0.6348421875 0.650890625 0.63196875 0.640084375 0.627453125 0.642578125 0.6241703125 0.653384375 0.6258109375 0.6716734375
1 0.6865609375 0.626784375 0.6840984375 0.631771875 0.681634375 0.645903125 0.68245625 0.657540625 0.6853296875 0.6700109375000001 0.6914859375 0.6799859374999999 0.6935390625 0.6567093749999999 0.6902546875 0.641746875 0.6865609375 0.626784375
1 0.7038 0.658371875 0.7013375 0.648396875 0.6964109374999999 0.640915625 0.6951796875 0.6567093749999999 0.6964109374999999 0.6675171875 0.7001062499999999 0.6808171875 0.7029796875 0.6725046875 0.7038 0.658371875
1 0.746078125 0.6126515625 0.742384375 0.6193015625 0.7375225140625 0.627501809375 0.7452578125 0.6384218749999999 0.751003125 0.6525531250000001 0.7542875 0.658371875 0.75675 0.642578125 0.75675 0.629278125 0.7546984375 0.6176390625 0.7514140625 0.6126515625 0.746078125 0.6126515625
8 0.22849112031250002 0.7587629640625 0.23750535 0.7587629640625 0.251614578125 0.738774890625 0.2555338078125 0.727801046875 0.2618045765625 0.7168272015625 0.2704268828125 0.70115028125 0.2747380359375 0.6846895140625 0.276305728125 0.6799864375 0.27708957343749996 0.6768510531249999 0.2790491890625 0.6650933625000001 0.2735622671875 0.6568629796875001 0.26964303749999996 0.6603902875000001 0.26298034531250003 0.6686206703125 0.259061115625 0.6760672078125001 0.2539661171875 0.7031098953125 0.24769534843750002 0.717611046875 0.242208425 0.7297606609375 0.2363295796875 0.7415183515625 0.23084265781250002 0.750924503125 0.22849112031250002 0.7587629640625
8 0.2621965 0.7564114265625 0.2563176546875 0.7697368078125 0.2621965 0.7716964234375 0.2743461140625 0.7618983484374999 0.3002130328125 0.6995825875 0.30295649375 0.683121821875 0.3041322625 0.6697964390625 0.2990372625 0.667052978125 0.293550340625 0.6697964390625 0.28884726562499996 0.6717560546875 0.286103803125 0.6729318234375 0.2872795734375 0.6760672078125001 0.2876714953125 0.683121821875 0.2864957265625 0.6952714359375001 0.27865726562500004 0.7195706625 0.2621965 0.7564114265625
6 0.237897271875 0.7701287328124999 0.2457357328125 0.763466040625 0.2465195796875 0.76268219375 0.24769534843750002 0.7630741171875 0.25043880937499996 0.76777719375 0.252790346875 0.7736560390625 0.25592573125 0.7795348843750001 0.260236884375 0.7850218078125 0.26533188281250003 0.7873733453125 0.2743461140625 0.788157190625 0.28218457343750003 0.7834541140625 0.28806341875 0.7728721921874999 0.291590725 0.7630741171875 0.27826534375 0.757195271875 0.26611572968749997 0.7650337328125 0.260236884375 0.766601425 0.25827726875 0.7642498875 0.263764190625 0.7552356578125 0.2649399609375 0.7454375828125 0.2543580390625 0.7426941203124999 0.2512226546875 0.7438698890625 0.249263040625 0.7462214281249999 0.24416804062500003 0.750924503125 0.23554573437499998 0.7587629640625 0.22888304218750002 0.7630741171875 0.22692342812500002 0.7716964234375 0.23123458125 0.7736560390625 0.237897271875 0.7701287328124999
