1 0.7112312265625 0.52896875 0.7236484765625 0.52896875 0.7236484265625001 0.47264062500000004 0.7112312828125 0.47264062500000004 0.7112312265625 0.52896875
1 0.6794680421875 0.5375611671875 0.6915466765625 0.538964928125 0.6968431859375 0.493394590625 0.6847646390625 0.491990834375 0.6794680421875 0.5375611671875
7 0.6730371421875 0.3661690875 0.6658531140624999 0.3660109375 0.6634787531249999 0.47386149062499994 0.6706627796875 0.4740196390625 0.6730371421875 0.3661690875
7 0.6689395 0.3630855046875 0.662207778125 0.36260468437500004 0.6557593749999999 0.45288125 0.662491096875 0.4533620671875 0.6689395 0.3630855046875
7 0.644124365625 0.4713791484375 0.6516563828125 0.47182007343750004 0.6582828125 0.35863125 0.6507509078125 0.35819032812499996 0.644124365625 0.4713791484375
7 0.61916845 0.3540538515625 0.6133703125000001 0.354259375 0.61795935625 0.4837168046875 0.62375749375 0.4835112828125 0.61916845 0.3540538515625
7 0.6149455921875 0.35287043281249997 0.608128125 0.35300937499999996 0.6109031015624999 0.48916250000000006 0.6177205703124999 0.48902355937499997 0.6149455921875 0.35287043281249997
1 0.33999601562500004 0.5419786734375001 0.3583127546875 0.5410433171875 0.3550556921875 0.47726869218749995 0.336739134375 0.47820404375000003 0.33999601562500004 0.5419786734375001
1 0.4076981078125 0.48505474687500005 0.382206315625 0.48762849375000006 0.3895387703125 0.5602472140625 0.415030559375 0.5576734812499999 0.4076981078125 0.48505474687500005
7 0.33037221875 0.70133525 0.3213765140625 0.698798640625 0.29128125 0.805509375 0.3002769421875 0.8080459531249999 0.33037221875 0.70133525
7 0.34802486875 0.7009894171875 0.3373877640625 0.6991982140624999 0.31878281249999996 0.809665625 0.3294199125 0.81145680625 0.34802486875 0.7009894171875
7 0.34870793906249997 0.8380791234375 0.3577658734375 0.8392255078125 0.3773161203125 0.6847802390625 0.36825849375 0.6836338734375 0.34870793906249997 0.8380791234375
1 0.35022061875 0.6751736687500001 0.3575398875 0.674983253125 0.35637128749999997 0.6300711796875 0.349052084375 0.63026159375 0.35022061875 0.6751736687500001
1 0.6353026500000001 0.639785346875 0.62304900625 0.6408844171875 0.6260983765625 0.6748777296874999 0.6383520203125 0.6737786640625 0.6353026500000001 0.639785346875
1 0.68757173125 0.680845021875 0.6983192921875 0.6784861624999999 0.686951484375 0.6266986578125 0.676204034375 0.6290575046875 0.68757173125 0.680845021875
1 0.701742171875 0.640308359375 0.69341925625 0.6412563984374999 0.6979540328125 0.6810623390625 0.706276946875 0.680114303125 0.701742171875 0.640308359375
1 0.7433049625 0.6603074796875 0.7616495828125001 0.657074353125 0.7535860671875 0.611328328125 0.73524160625 0.614561440625 0.7433049625 0.6603074796875
6 0.2400145578125 0.7354098640625 0.22554595000000002 0.7713674859374999 0.27987439375 0.793223925 0.2943427125 0.7572665484375001 0.2400145578125 0.7354098640625
8 0.2515980078125 0.7755052874999999 0.27486265468750004 0.7822585765625 0.3203125 0.6257102265625 0.2970486203125 0.61895705625 0.2515980078125 0.7755052874999999
8 0.3011020078125 0.6252101109375 0.2670612046875 0.6153816625 0.22343953593750002 0.7664438984374999 0.2574802734375 0.7762721828125 0.3011020078125 0.6252101109375
