1 0.300440625 0.5412046875 0.2999421875 0.52905 0.29345 0.5219609375 0.2839609375 0.514871875 0.27597031250000004 0.5037296875 0.27197343749999997 0.4925890625 0.2649828125 0.497653125 0.2604875 0.5138578125000001 0.268478125 0.5229734374999999 0.27646875 0.52905 0.284459375 0.5391781250000001 0.2944484375 0.54829375 0.2969453125 0.54930625 0.300440625 0.5412046875
1 0.3468875 0.558421875 0.35337968750000004 0.557409375 0.3568765625 0.5331015625 0.3528796875 0.4996796875 0.3473875 0.5017046875 0.34139375 0.5128453125 0.3324046875 0.5087937499999999 0.32341406250000004 0.5128453125 0.3159234375 0.5260125 0.314425 0.54829375 0.31792031249999997 0.5655125 0.3259109375 0.5665250000000001 0.3324046875 0.5604484375000001 0.33689843750000004 0.558421875 0.3468875 0.558421875
1 0.37934999999999997 0.4814484375 0.36986093750000004 0.478409375 0.36286874999999996 0.49461562499999995 0.3568765625 0.5098078125 0.35238125 0.517909375 0.357375 0.5442421875 0.36486718749999997 0.54930625 0.37785156249999996 0.5513328125 0.38084843749999997 0.5351281250000001 0.387340625 0.5239859375 0.3853421875 0.5118328125 0.37934999999999997 0.4814484375
1 0.630059375 0.48043593749999997 0.6290609375 0.4844875 0.6260640625 0.4925890625 0.6265640625 0.5027171874999999 0.629559375 0.5118328125 0.635553125 0.5118328125 0.630059375 0.48043593749999997
1 0.7134625 0.47233281250000003 0.7069703125 0.47233281250000003 0.700478125 0.47435937499999997 0.6954828125 0.4834734375 0.6924875 0.4936015625 0.6959828124999999 0.5037296875 0.7009765625 0.515884375 0.7039734375 0.5300640624999999 0.705971875 0.516896875 0.7044734375 0.5027171874999999 0.7074703125 0.49461562499999995 0.7119640625 0.4844875 0.71845625 0.476384375 0.7134625 0.47233281250000003
1 0.7039734375 0.599946875 0.6909890625 0.6121015625 0.68599375 0.6110890625 0.6750078125 0.60805 0.667515625 0.6212171875 0.6670171875 0.6353953125 0.6745078125 0.6546390625 0.6829984375 0.660715625 0.689990625 0.659703125 0.6964828125 0.6526140625 0.7064703125 0.6536265625000001 0.7094671875 0.6465375 0.7149609375 0.636409375 0.716459375 0.6232421875 0.7119640625 0.6151390625000001 0.7089671875 0.6050109375 0.7039734375 0.599946875
1 0.6167609374999999 0.666065625 0.620171875 0.6786421875 0.6273046875 0.6855609375 0.6322656249999999 0.672353125 0.6328859375 0.6604046875 0.63846875 0.6597765625 0.64405 0.6641781250000001 0.64963125 0.6648078125 0.658625 0.6604046875 0.6595546875 0.6534875 0.65769375 0.6396515625 0.6542828125 0.6314765625 0.6502515625 0.632734375 0.6434296875000001 0.6390234375 0.6356765625 0.6396515625 0.6260640625 0.63525 0.61738125 0.637765625 0.616140625 0.6446828124999999 0.6170703125 0.6534875 0.6167609374999999 0.666065625
1 0.658625 0.6402812499999999 0.6607953125 0.6497140625 0.6648265624999999 0.6528578125 0.6673078125 0.647828125 0.6669968749999999 0.63839375 0.6645171875 0.63210625 0.6607953125 0.6339921875 0.658625 0.6402812499999999
1 0.42108749999999995 0.7182625 0.423878125 0.7126015625 0.42573906250000004 0.7044265625 0.425428125 0.6918484375 0.4226375 0.68493125 0.419846875 0.6830453125 0.41860625 0.690590625 0.419846875 0.703796875 0.42108749999999995 0.7182625
1 0.39410781250000004 0.6736109375 0.3919375 0.6729828125 0.3872859375 0.6729828125 0.383875 0.677384375 0.37767343750000004 0.6799000000000001 0.376121875 0.6924781249999999 0.3742609375 0.7069421874999999 0.37767343750000004 0.7251796875000001 0.38201406250000003 0.7251796875000001 0.3844953125 0.7151171875 0.3869765625 0.7100859374999999 0.3897671875 0.7019109375 0.3910078125 0.69310625 0.3919375 0.6868171875 0.39441875 0.6805296875 0.39410781250000004 0.6736109375
1 0.34852343750000003 0.6641781250000001 0.34511250000000004 0.6780140625 0.3407703125 0.6987671875 0.3417015625 0.7100859374999999 0.346353125 0.7088281249999999 0.351934375 0.7050546875 0.35720625 0.697509375 0.3621671875 0.6924781249999999 0.36495781250000003 0.688075 0.3686796875 0.6786421875 0.368990625 0.6622921875000001 0.366509375 0.6440546875 0.36309843750000004 0.6421671875 0.35875625 0.6427968749999999 0.3537953125 0.6490859375 0.34852343750000003 0.6641781250000001
5 0.330691928125 0.744000765625 0.330691928125 0.6940293921875 0.2666400859375 0.6830982046875 0.26507787031249996 0.748685628125 0.330691928125 0.744000765625
