1 0.5003829093750001 0.5494406781250001 0.48705427031250004 0.54746906875 0.48135896406249995 0.5859672328125 0.49468760156249997 0.5879388359375 0.5003829093750001 0.5494406781250001
1 0.7362562687499999 0.5871206203125 0.7572864671875 0.5888231765625 0.7632866593750001 0.5147138703125 0.7422567265625 0.513011325 0.7362562687499999 0.5871206203125
1 0.8710395875 0.5916321515625 0.8877408140625 0.5901080390625 0.8822589609374999 0.530044571875 0.86555790625 0.5315686765625001 0.8710395875 0.5916321515625
1 0.8950050656249999 0.5776894671874999 0.9044084765625 0.574165796875 0.8898203125 0.5352390625 0.8804169625 0.5387627203124999 0.8950050656249999 0.5776894671874999
1 0.51033633125 0.66744525625 0.5006845203125 0.66608596875 0.4982097921875 0.6836557015625 0.5078616031250001 0.6850149859375 0.51033633125 0.66744525625
1 0.4808964015625 0.6714135140625 0.4622127546875 0.6702118984375 0.4598198921875 0.70741269375 0.47850353749999996 0.708614303125 0.4808964015625 0.6714135140625
1 0.4463470125 0.72239375 0.46505191874999996 0.715536121875 0.444572240625 0.6596841765625 0.425867546875 0.6665417609375 0.4463470125 0.72239375
6 0.7345872984375 0.7888047609375 0.716088384375 0.7882032921875 0.7145553734375001 0.8353435796875001 0.7330542875 0.83594504375 0.7345872984375 0.7888047609375
6 0.3444081015625 0.8941196421875001 0.3585035171875 0.8784616890624999 0.3308098765625 0.8535375015625 0.31671451875 0.8691953765625 0.3444081015625 0.8941196421875001
6 0.49549856718749996 0.8827773171875 0.48514071718749996 0.8574067703124999 0.45559828593749996 0.86946505 0.46595600781249996 0.8948354890625 0.49549856718749996 0.8827773171875
8 0.7338096859375 0.6881899406249999 0.7038352265625 0.6917613640625 0.7201702046875 0.82883525625 0.750144653125 0.825263890625 0.7338096859375 0.6881899406249999
