1 0.5003829093750001 0.5494406781250001 0.48705427031250004 0.54746906875 0.48135896406249995 0.5859672328125 0.49468760156249997 0.5879388359375 0.5003829093750001 0.5494406781250001
1 0.7362562687499999 0.5871206203125 0.7572864671875 0.5888231765625 0.7632866593750001 0.5147138703125 0.7422567265625 0.513011325 0.7362562687499999 0.5871206203125
1 0.8710395875 0.5916321515625 0.8877408140625 0.5901080390625 0.8822589609374999 0.530044571875 0.86555790625 0.5315686765625001 0.8710395875 0.5916321515625
1 0.8950050656249999 0.5776894671874999 0.9044084765625 0.574165796875 0.8898203125 0.5352390625 0.8804169625 0.5387627203124999 0.8950050656249999 0.5776894671874999
1 0.9310787062499999 0.65503876875 0.921119559375 0.64366755 0.8989066031249999 0.6631195640625 0.9088657140624999 0.6744907484375 0.9310787062499999 0.65503876875
1 0.8748773546875 0.6836437359375 0.8832294875000001 0.684558465625 0.8857205312499999 0.6618164640625 0.8773684375 0.6609017359375 0.8748773546875 0.6836437359375
1 0.8376312499999999 0.672475 0.8287625000000001 0.672475 0.8287625000000001 0.699453125 0.8376312499999999 0.699453125 0.8376312499999999 0.672475
1 0.7821143265625 0.666732334375 0.773856465625 0.6679196296875001 0.7775953078125 0.6939203125 0.7858531671875 0.6927330203125 0.7821143265625 0.666732334375
6 0.71409606875 0.84529125625 0.7356067578125 0.84414510625 0.7321276937500001 0.778867659375 0.710617353125 0.7800137984375 0.71409606875 0.84529125625
1 0.51033633125 0.66744525625 0.5006845203125 0.66608596875 0.4982097921875 0.6836557015625 0.5078616031250001 0.6850149859375 0.51033633125 0.66744525625
1 0.4808964015625 0.6714135140625 0.4622127546875 0.6702118984375 0.4598198921875 0.70741269375 0.47850353749999996 0.708614303125 0.4808964015625 0.6714135140625
1 0.4463470125 0.72239375 0.46505191874999996 0.715536121875 0.444572240625 0.6596841765625 0.425867546875 0.6665417609375 0.4463470125 0.72239375
6 0.32014226875 0.7966381953125 0.283106159375 0.7912787953125 0.27562875937500003 0.8429409765625 0.3126648609375 0.8483003421875001 0.32014226875 0.7966381953125
8 0.7371330328125001 0.6918556515625001 0.7045454546875 0.6938920453125 0.71264264375 0.8234461625 0.74523021875 0.8214097984375 0.7371330328125001 0.6918556515625001
