2 0.2376375 0.649903125 0.24260312499999998 0.6599546875 0.25055 0.6681781250000001 0.2555171875 0.6672640624999999 0.260484375 0.6608671875 0.267934375 0.654471875 0.27190781249999996 0.64259375 0.274390625 0.6288875 0.27687343750000004 0.6078718750000001 0.27290000000000003 0.5905125 0.26296718750000003 0.5758921875 0.2485640625 0.581375 0.2346578125 0.5905125 0.2242265625 0.6042171875 0.22174375 0.627975 0.2252203125 0.6535578125 0.230684375 0.6563 0.2376375 0.649903125
2 0.26296718750000003 0.66178125 0.2634640625 0.6745734375 0.2699203125 0.6791421875 0.2748875 0.6764015624999999 0.2783640625 0.6764015624999999 0.28184062499999996 0.678228125 0.28631093750000003 0.6855375 0.2927671875 0.687365625 0.296740625 0.684625 0.3012109375 0.678228125 0.3066734375 0.678228125 0.311640625 0.669090625 0.3151171875 0.6380250000000001 0.3121375 0.6206640625000001 0.3051828125 0.602390625 0.29574687499999996 0.5969078125 0.2788609375 0.6042171875 0.2704171875 0.6206640625000001 0.26594687499999997 0.640765625 0.26296718750000003 0.66178125
2 0.34640624999999997 0.6288875 0.3344875 0.62340625 0.32008281250000004 0.6288875 0.3136265625 0.6380250000000001 0.3071703125 0.6572125 0.30567968749999996 0.678228125 0.3126328125 0.701984375 0.3220703125 0.711121875 0.33349375000000003 0.706553125 0.34292968749999997 0.69924375 0.347896875 0.6837109375 0.34740000000000004 0.6608671875 0.34640624999999997 0.6288875
1 0.519621875 0.717996875 0.5233156250000001 0.7142203125 0.5233156250000001 0.709690625 0.5237265625 0.6998734375 0.5274203125 0.6945875 0.5298828125 0.6908125 0.5307031249999999 0.6809953125 0.531525 0.6689125 0.5286515625 0.6575859375 0.5253671875 0.6538109375000001 0.5212625 0.654565625 0.5171578125 0.6560765625 0.5159265625 0.6689125 0.5171578125 0.688546875 0.5171578125 0.7044046875000001 0.519621875 0.717996875
1 0.5413765625 0.6802406249999999 0.54548125 0.6953421875 0.545890625 0.6802406249999999 0.545890625 0.6651374999999999 0.5438390625 0.6560765625 0.5393234375 0.6530546875 0.53645 0.6613625 0.5389125 0.6726890625 0.5413765625 0.6802406249999999
2 0.5832437500000001 0.6764640625 0.582421875 0.6613625 0.5783171874999999 0.6432390625 0.5692875 0.6326671875 0.5602578125 0.6394624999999999 0.549175 0.64776875 0.5467125 0.65683125 0.5467125 0.6726890625 0.5487640625 0.6893015625000001 0.5516375 0.7006281249999999 0.5590265624999999 0.7081796875 0.5684671875 0.709690625 0.5766765625 0.707425 0.5848859375 0.693078125 0.5832437500000001 0.6764640625
2 0.611565625 0.6409734375 0.6041765625 0.6236046875000001 0.5980203125 0.6175640625 0.58570625 0.6243609375 0.57955 0.637196875 0.57955 0.6553203125 0.5803703125 0.6749546875 0.5873484375 0.6862812500000001 0.59843125 0.6938328125 0.6078718750000001 0.692321875 0.6156703125 0.6870359374999999 0.616490625 0.671934375 0.6156703125 0.6553203125 0.611565625 0.6409734375
2 0.6160812499999999 0.6772203125 0.623059375 0.68175 0.6353734375 0.6847703125 0.643171875 0.671178125 0.646865625 0.6651374999999999 0.6485078125 0.6560765625 0.6415296875000001 0.61831875 0.6345515625 0.6100125000000001 0.6288046875 0.6024609375 0.62346875 0.5934 0.615259375 0.591134375 0.6091031250000001 0.5986859375 0.6045874999999999 0.6115234375 0.6062296875000001 0.633421875 0.6078718750000001 0.64776875 0.611565625 0.6606062500000001 0.6160812499999999 0.6772203125
7 0.5629203125 0.6267875 0.5686875 0.6249156250000001 0.5669906250000001 0.584975 0.5656343749999999 0.5444093750000001 0.5673296875 0.5019734375 0.5629203125 0.5543953125 0.563259375 0.591215625 0.5629203125 0.6267875
5 0.6393229171875 0.5963541671875 0.6471354171875 0.6328125 0.68359375 0.6393229171875 0.7369791671875 0.5716145828125 0.7200520828125 0.5234375 0.6393229171875 0.5963541671875
5 0.47265625 0.7604166671875 0.5677083328125 0.7265625 0.6419270828125 0.7747395828125 0.7018229171875 0.7565104171875 0.7200520828125 0.7200520828125 0.7200520828125 0.67578125 0.5638020828125 0.70703125 0.2565104171875 0.7161458328125 0.24348958281250002 0.7890625 0.2786458328125 0.8216145828125001 0.3411458328125 0.8125 0.47265625 0.7604166671875
