1 0.135666578125 0.47265098749999995 0.1175998953125 0.4744939140625 0.1229435375 0.52687510625 0.1410102203125 0.5250321859375 0.135666578125 0.47265098749999995
1 0.22074540781250002 0.5594097171875 0.2363627671875 0.5614941578125 0.24456718125000002 0.50002876875 0.228949978125 0.4979443375 0.22074540781250002 0.5594097171875
2 0.23660096406250003 0.5758366968749999 0.2688505140625 0.5776833359375 0.2726110234375 0.5120129546875 0.24036182187500002 0.5101663249999999 0.23660096406250003 0.5758366968749999
2 0.2680115625 0.5964803390625 0.3040441046875 0.5946426984375 0.2995974421875 0.5074660546875001 0.26356542968749996 0.5093036828125 0.2680115625 0.5964803390625
1 0.315316446875 0.544360178125 0.30438982812500004 0.5435112906249999 0.301439090625 0.5814886859375 0.3123657078125 0.5823375703125 0.315316446875 0.544360178125
1 0.32579533125000004 0.5749000890625 0.33131095 0.574975 0.3316875 0.5472515625 0.3261719078125 0.5471766515625001 0.32579533125000004 0.5749000890625
1 0.34189579375 0.548144221875 0.33508281093750003 0.5479437500000001 0.334328125 0.5735890625 0.3411411078125 0.573789534375 0.34189579375 0.548144221875
1 0.3648781 0.5832921875 0.37242189375 0.5832921875 0.372421871875 0.5424 0.36487813125 0.5424 0.3648781 0.5832921875
1 0.382859559375 0.5482134234375 0.3746859359375 0.5479437500000001 0.37347515625 0.584638178125 0.3816487796875 0.58490785 0.382859559375 0.5482134234375
1 0.41453071875 0.5679905187500001 0.41806095781249997 0.567349996875 0.41315625 0.5403203125 0.4096260265625 0.5409608328125 0.41453071875 0.5679905187500001
1 0.4259121421875 0.538379575 0.41919218437500005 0.5375484375 0.4152853625 0.5691331671875 0.42200531874999997 0.569964303125 0.4259121421875 0.538379575
2 0.48403771874999996 0.47858328125 0.447064015625 0.48102306875 0.45375519375 0.582416103125 0.490728896875 0.5799763359375001 0.48403771874999996 0.47858328125
2 0.520561 0.47169519375 0.4844023828125 0.4723631421875 0.48593316093750005 0.5552236921875 0.522091778125 0.55455575 0.520561 0.47169519375
2 0.5123075359375 0.5409263203125 0.55494480625 0.538441059375 0.5508356484375 0.46795349531249997 0.5081988390625 0.47043874218750004 0.5123075359375 0.5409263203125
1 0.5904373609375 0.5173733281249999 0.6357222453125 0.5219925171875001 0.643037840625 0.45027616249999997 0.5977534328125 0.4456569984375 0.5904373609375 0.5173733281249999
1 0.6238764203125 0.6231361546875 0.6547978171875 0.6161757265625 0.638504403125 0.5438014296875 0.607583403125 0.5507618125 0.6238764203125 0.6231361546875
6 0.6359843640625 0.75474475 0.6633054515625 0.7435958390625 0.6387077671875 0.683327853125 0.611387028125 0.6944766812500001 0.6359843640625 0.75474475
6 0.6805162265625 0.664577765625 0.6523780890624999 0.669291153125 0.662707146875 0.7309448640625 0.6908452765625 0.72623150625 0.6805162265625 0.664577765625
6 0.5765921046875 0.7067664625 0.5481444421874999 0.7095010046875 0.5535856921875 0.7660975515625 0.5820333515625 0.763363028125 0.5765921046875 0.7067664625
6 0.6089491734375 0.699427178125 0.584458621875 0.706533215625 0.5995826390625 0.7586489234375 0.624073175 0.751542928125 0.6089491734375 0.699427178125
1 0.5562810687499999 0.5963487656249999 0.565446678125 0.589853621875 0.5449389375 0.5609171796875 0.5357733687499999 0.567412303125 0.5562810687499999 0.5963487656249999
1 0.49053320312500004 0.634643784375 0.5040007375 0.6313463484375 0.49614709843749993 0.5992741328125 0.48267964531249996 0.6025715593750001 0.49053320312500004 0.634643784375
1 0.48199573281249997 0.6078323250000001 0.47213364375 0.6071162953125 0.4694902015625 0.6435209640624999 0.47935229062499995 0.6442369890624999 0.48199573281249997 0.6078323250000001
2 0.40342150937500004 0.6235662203125 0.37685698125 0.6250120124999999 0.38119680625 0.704740165625 0.40776133281250004 0.7032943859375 0.40342150937500004 0.6235662203125
1 0.134918959375 0.592508415625 0.1254519765625 0.5929377953125 0.12644745156249998 0.61488361875 0.135914434375 0.6144542390625001 0.134918959375 0.592508415625
1 0.1068988484375 0.6082682765625 0.14919551250000002 0.5610236343749999 0.098265021875 0.51543169375 0.055968564062500004 0.5626760625 0.1068988484375 0.6082682765625
6 0.047732921875 0.6667625515625 0.052713939062500006 0.7103246796875 0.09122354375 0.7059218734375 0.08624237343749999 0.662359921875 0.047732921875 0.6667625515625
6 0.020020271875000002 0.6313039046875 0.042412596875 0.66075205625 0.07478786093749999 0.6361369 0.0523955859375 0.6066888640625 0.020020271875000002 0.6313039046875
6 0.1525047125 0.6925337921875 0.10982584687500001 0.670659428125 0.0734362828125 0.7416480625 0.11611502031250001 0.7635222359375 0.1525047125 0.6925337921875
6 0.15012436093749998 0.7628062296875 0.1780420515625 0.77675711875 0.21284668125 0.7071195218749999 0.18492940468750002 0.6931687578125 0.15012436093749998 0.7628062296875
6 0.508888646875 0.7263520859375 0.48080269218750005 0.7325299140625 0.49401353124999997 0.7925792671874999 0.5220994734375 0.786401484375 0.508888646875 0.7263520859375
5 0.220838575 0.47101563437499994 0.1695794703125 0.46635609687499996 0.16148128281250002 0.5554366484375 0.21274038437499998 0.560096153125 0.220838575 0.47101563437499994
5 0.5495557265625 0.5229571890625 0.6036629140625001 0.5159002015625 0.59348193125 0.437848709375 0.5393753484375 0.44490565625 0.5495557265625 0.5229571890625
