1 0.126675 0.5248640625000001 0.1344328125 0.5257031249999999 0.139453125 0.5131234375 0.13808437499999998 0.4963515625 0.1312390625 0.48209375000000004 0.12530625 0.4737078125 0.12074218750000001 0.48377187499999996 0.1198296875 0.4963515625 0.12119843749999999 0.50976875 0.126675 0.5248640625000001
1 0.224796875 0.5290578125 0.223884375 0.5449921875 0.22662187500000003 0.55589375 0.2320984375 0.560925 0.2366625 0.5592484375 0.2366625 0.5416375 0.24031406249999998 0.521509375 0.2425953125 0.5148015625 0.2421390625 0.49970468749999997 0.2366625 0.5064140625 0.2307296875 0.5198328125 0.224796875 0.5290578125
2 0.24031406249999998 0.5223484375 0.23894375 0.534928125 0.23894375 0.557571875 0.24624687500000003 0.5726671875 0.2544609375 0.576859375 0.2654140625 0.576021875 0.269521875 0.5659578125 0.271346875 0.5340890625 0.269065625 0.5173171875 0.25948125 0.512284375 0.248071875 0.5106078125 0.2425953125 0.5148015625 0.24031406249999998 0.5223484375
2 0.267240625 0.548346875 0.26632656250000003 0.5634421875 0.268153125 0.5810531250000001 0.2772796875 0.594471875 0.290971875 0.595309375 0.30146875 0.5894390625 0.3028375 0.5709890625 0.30146875 0.544153125 0.2969046875 0.5248640625000001 0.2873203125 0.5080921875 0.2768234375 0.5131234375 0.269521875 0.5340890625 0.267240625 0.548346875
1 0.3139609375 0.56180625 0.312075 0.5479437500000001 0.307925 0.5437859375 0.30415312499999997 0.5465578125 0.30264531250000004 0.5659640625 0.3037765625 0.58051875 0.30679375000000003 0.5819046875 0.31132031250000003 0.574975 0.3139609375 0.56180625
1 0.33131093749999996 0.574975 0.3316875 0.5472515625 0.32942499999999997 0.551409375 0.3260296875 0.557646875 0.3260296875 0.56804375 0.33131093749999996 0.574975
1 0.34149375000000004 0.56180625 0.3399859375 0.5534890625 0.3350828125 0.5479437500000001 0.334328125 0.5735890625 0.33885312500000003 0.5701234375 0.34149375000000004 0.56180625
1 0.3694046875 0.5424 0.364878125 0.5507171875 0.3660109375 0.5638859375 0.367896875 0.5756671875 0.3720453125 0.5832921875 0.372421875 0.5659640625 0.372421875 0.5493296875 0.3694046875 0.5424
1 0.38222812500000003 0.56735 0.38222812500000003 0.5569546875 0.3795890625 0.5500234374999999 0.3746859375 0.5479437500000001 0.3746859375 0.5562609375 0.37393125 0.570815625 0.3746859375 0.584678125 0.379965625 0.578440625 0.38222812500000003 0.56735
1 0.41202500000000003 0.552103125 0.41277968749999994 0.558340625 0.41542031250000006 0.5645781249999999 0.41806093750000006 0.56735 0.41315625 0.5403203125 0.41164843749999996 0.5486375 0.41202500000000003 0.552103125
1 0.42258593749999995 0.5417062500000001 0.41919218750000004 0.5375484375 0.41730625000000005 0.5527953125 0.4176828125 0.5694296875 0.42069999999999996 0.5659640625 0.42334062499999997 0.557646875 0.42447187499999994 0.5500234374999999 0.42258593749999995 0.5417062500000001
2 0.4512515625 0.5042796875 0.44974218749999995 0.5216062499999999 0.4512515625 0.544478125 0.4538921875 0.56804375 0.4618125 0.5791328124999999 0.4719953125 0.5812125 0.485575 0.5701234375 0.48783750000000003 0.5361625 0.486328125 0.5139828125 0.4799171875 0.48556718749999994 0.47275 0.479328125 0.4636984375 0.4814078125 0.45502343749999996 0.48972499999999997 0.4512515625 0.5042796875
2 0.49651249999999997 0.4945765625 0.4844023828125 0.4723631421875 0.485196875 0.5035859375 0.485196875 0.51536875 0.48595156250000004 0.52923125 0.48934531249999996 0.5424 0.4946265625 0.5500234374999999 0.504809375 0.554875 0.511221875 0.5534890625 0.5198968749999999 0.5403203125 0.5210281250000001 0.5278453125 0.52140625 0.5174484374999999 0.51725625 0.49249687499999995 0.512353125 0.47794218749999995 0.50405625 0.4848734375 0.49651249999999997 0.4945765625
2 0.538378125 0.47725 0.5312125 0.47031875 0.522159375 0.469625 0.5146171875000001 0.4758625 0.5119765625 0.4848734375 0.510090625 0.49111093749999996 0.510090625 0.5028937499999999 0.5146171875000001 0.518834375 0.5232921875 0.532696875 0.5346062500000001 0.5396265625 0.5440359375 0.5375484375 0.54969375 0.531309375 0.5538421875 0.519528125 0.5527109375 0.5001218749999999 0.550825 0.4834875 0.5470531249999999 0.4758625 0.542528125 0.4758625 0.538378125 0.47725
1 0.6217343750000001 0.4647734375 0.6187171874999999 0.473784375 0.6096640625 0.4758625 0.6074015625 0.4654671875 0.6021203125000001 0.473784375 0.5938234375 0.48556718749999994 0.5926921875 0.49527031250000003 0.595709375 0.5084390625 0.6047609375 0.518834375 0.6138140625 0.5146765624999999 0.6311640625 0.5112109375 0.637953125 0.5001218749999999 0.637953125 0.48903125000000003 0.6356890625 0.47725 0.641346875 0.466853125 0.6394609375 0.4509125 0.6356890625 0.4495265625 0.6270140625 0.45368437500000003 0.6217343750000001 0.4647734375
1 0.6221109375 0.578440625 0.6183390625 0.5985390625 0.622865625 0.6124015625 0.631540625 0.6214109375 0.640215625 0.6186390625 0.6507765625 0.60755 0.6492671875 0.591609375 0.6447421875 0.571509375 0.637953125 0.5569546875 0.6334265625 0.5493296875 0.626259375 0.5465578125 0.6247515625 0.5638859375 0.6221109375 0.578440625
6 0.6519078125 0.748246875 0.6556796874999999 0.7392359374999999 0.656434375 0.7267609375 0.6496453125 0.7101265625 0.6421015625 0.6990375 0.6341812499999999 0.685175 0.6356890625 0.695571875 0.6405921875 0.7059671875 0.64285625 0.71220625 0.6443640625 0.728146875 0.642478125 0.7329984375 0.6341812499999999 0.7288390625 0.6285234375 0.7205234375 0.6217343750000001 0.7066609374999999 0.6175843750000001 0.6990375 0.622865625 0.7198296875 0.6296546875 0.7392359374999999 0.6417234374999999 0.7489390625000001 0.6519078125 0.748246875
6 0.6756703125 0.727453125 0.6805734375 0.7198296875 0.6843453125 0.7108187499999999 0.6854765625 0.6941859375 0.6817046875 0.67963125 0.67340625 0.66576875 0.6756703125 0.6789375 0.677178125 0.6900265625 0.677178125 0.6997296875 0.6752921875 0.708046875 0.6692578124999999 0.7073546875 0.6617140625 0.6990375 0.6575656249999999 0.6865609375 0.6575656249999999 0.6941859375 0.6579421875 0.702503125 0.6594515624999999 0.7115125 0.66246875 0.7246812499999999 0.6669953125 0.7302265625000001 0.6756703125 0.727453125
6 0.570815625 0.7128984375 0.5632718750000001 0.708046875 0.5587453124999999 0.7454734375000001 0.5538421875 0.73785 0.5500703125 0.7295328125 0.551203125 0.741315625 0.554975 0.7558703125 0.5587453124999999 0.7593359375000001 0.5700609375 0.7634937500000001 0.57345625 0.7641875 0.5768500000000001 0.75725625 0.5787359375000001 0.7454734375000001 0.5791140625 0.7329984375 0.57571875 0.7191359375 0.570815625 0.7128984375
6 0.5934453125 0.7260671875 0.5889203125 0.7184437499999999 0.5919375 0.7323046875 0.5949546875 0.7427015625 0.603253125 0.7530984375 0.61155 0.7551765625 0.6168312499999999 0.73854375 0.6160765625 0.7239875 0.6123046875 0.7115125 0.6111734375 0.708046875 0.605515625 0.7004234375 0.606646875 0.7101265625 0.6077781250000001 0.7239875 0.604384375 0.7316125 0.59948125 0.7329984375 0.5934453125 0.7260671875
1 0.543384375 0.577284375 0.5464296875 0.5824484375 0.5518156249999999 0.5854609375 0.5518156249999999 0.589334375 0.55603125 0.5932062499999999 0.560715625 0.5932062499999999 0.56141875 0.5841703125000001 0.5546265625 0.5781453125 0.548303125 0.5656640625 0.5412765625 0.5635125000000001 0.5375296875 0.5673859375 0.540809375 0.5729796875 0.543384375 0.577284375
1 0.48670937500000006 0.619028125 0.4895203125 0.6289265625 0.4932671875 0.6336593749999999 0.49982499999999996 0.63236875 0.5019328125 0.6229015625 0.49982499999999996 0.6142937500000001 0.4965453125 0.6091296875000001 0.4932671875 0.607409375 0.48975468749999995 0.6065484375 0.48577343749999996 0.6018140625 0.483665625 0.6052562499999999 0.486475 0.61128125 0.48670937500000006 0.619028125
1 0.47101875 0.6224703125 0.47008124999999995 0.63538125 0.47054999999999997 0.63839375 0.4759375 0.6439890625 0.4785125 0.6426968750000001 0.4801515625 0.6332296875 0.479684375 0.62333125 0.4785125 0.6117125 0.4761703125 0.607409375 0.475 0.6108515625 0.47101875 0.6224703125
2 0.4056125 0.6669828125 0.40458437500000005 0.6449296875 0.40286875 0.626028125 0.392925 0.6241375 0.38058125 0.6285484375 0.3774953125 0.6367390625 0.3788671875 0.6619421875 0.383325 0.6833640625 0.391896875 0.7041578125 0.399096875 0.7003765625 0.40355468749999995 0.687775 0.4056125 0.6669828125
1 0.1355890625 0.60728125 0.132846875 0.598459375 0.12873125000000002 0.5927890625 0.1256453125 0.5972000000000001 0.12633125 0.612321875 0.1273609375 0.6148421875000001 0.131475 0.61358125 0.1355890625 0.60728125
1 0.0800421875 0.5745171874999999 0.0910140625 0.5940484374999999 0.10061562500000001 0.6022406250000001 0.1122734375 0.6003499999999999 0.11947343749999999 0.5927890625 0.126675 0.5814468749999999 0.131475 0.5808171875 0.1331890625 0.57325625 0.13627499999999998 0.561284375 0.1355890625 0.5493140624999999 0.129075 0.5430125 0.1208453125 0.5398625 0.112615625 0.5423828125 0.1112453125 0.5329312500000001 0.1023296875 0.5190703125 0.09444375 0.5197 0.085528125 0.5310406249999999 0.0800421875 0.5398625 0.0762703125 0.554984375 0.0800421875 0.5745171874999999
5 0.1876705140625 0.536100296875 0.201834325 0.5353921078125 0.2053752796875 0.5346839171875 0.2103326140625 0.524769246875 0.20325070781250001 0.5226446765625 0.19333603906250002 0.5219364859375 0.1720903203125 0.5183955328125001 0.1685493671875 0.524769246875 0.1699657484375 0.5290183921875 0.1876705140625 0.536100296875
5 0.5856736406249999 0.4999825765625 0.588506403125 0.497858003125 0.5856736406249999 0.48935971718750004 0.563011540625 0.490776096875 0.55522144375 0.496441621875 0.5566378249999999 0.502107146875 0.564427921875 0.503523528125 0.579299925 0.5013989578125 0.5856736406249999 0.4999825765625
0 0.4589075203125 0.5353921078125 0.5389330593749999 0.509189053125 0.640912509375 0.48086142968749995 0.6416207 0.4334126578125 0.558762396875 0.4567829484375 0.4617402828125 0.4836941921875 0.3831311234375 0.4999825765625 0.21883090156249999 0.4836941921875 0.12110059531249999 0.4567829484375 0.1218087859375 0.5063562921875 0.20749984999999999 0.5283102015625001 0.28327624687499997 0.54955591875 0.3703836921875 0.554513253125 0.4589075203125 0.5353921078125
