1 0.12074218750000001 0.48377187499999996 0.1198296875 0.4963515625 0.12119843749999999 0.50976875 0.126675 0.5248640625000001 0.1344328125 0.5257031249999999 0.139453125 0.5131234375 0.13808437499999998 0.4963515625 0.1312390625 0.48209375000000004 0.12530625 0.4737078125 0.12074218750000001 0.48377187499999996
1 0.24031406249999998 0.521509375 0.2425953125 0.5148015625 0.2421390625 0.49970468749999997 0.2366625 0.5064140625 0.2307296875 0.5198328125 0.224796875 0.5290578125 0.223884375 0.5449921875 0.22662187500000003 0.55589375 0.2320984375 0.560925 0.2366625 0.5592484375 0.2366625 0.5416375 0.24031406249999998 0.521509375
2 0.269521875 0.5659578125 0.271346875 0.5340890625 0.269065625 0.5173171875 0.25948125 0.512284375 0.248071875 0.5106078125 0.2425953125 0.5148015625 0.24031406249999998 0.5223484375 0.23894375 0.534928125 0.23894375 0.557571875 0.24624687500000003 0.5726671875 0.2544609375 0.576859375 0.2654140625 0.576021875 0.269521875 0.5659578125
2 0.3028375 0.5709890625 0.30146875 0.544153125 0.2969046875 0.5248640625000001 0.2873203125 0.5080921875 0.2768234375 0.5131234375 0.269521875 0.5340890625 0.267240625 0.548346875 0.26632656250000003 0.5634421875 0.268153125 0.5810531250000001 0.2772796875 0.594471875 0.290971875 0.595309375 0.30146875 0.5894390625 0.3028375 0.5709890625
7 0.2635890625 0.5047375 0.2640453125 0.451903125 0.2631328125 0.4024234375 0.25993750000000004 0.47035312500000004 0.25674375 0.49299687499999995 0.2635890625 0.5047375
7 0.25236562500000004 0.462846875 0.2564875 0.4619 0.25416875 0.41929531249999996 0.25236562500000004 0.462846875
7 0.29057499999999997 0.509825 0.28416406250000004 0.3809109375 0.282278125 0.3864546875 0.2819 0.408634375 0.28152343750000003 0.5070515624999999 0.29057499999999997 0.509825
1 0.30679375000000003 0.5819046875 0.31132031250000003 0.574975 0.3139609375 0.56180625 0.312075 0.5479437500000001 0.307925 0.5437859375 0.30415312499999997 0.5465578125 0.30264531250000004 0.5659640625 0.3037765625 0.58051875 0.30679375000000003 0.5819046875
1 0.3316875 0.5472515625 0.32942499999999997 0.551409375 0.3260296875 0.557646875 0.3260296875 0.56804375 0.33131093749999996 0.574975 0.3316875 0.5472515625
1 0.3399859375 0.5534890625 0.3350828125 0.5479437500000001 0.334328125 0.5735890625 0.33885312500000003 0.5701234375 0.34149375000000004 0.56180625 0.3399859375 0.5534890625
1 0.372421875 0.5493296875 0.3694046875 0.5424 0.364878125 0.5507171875 0.3660109375 0.5638859375 0.367896875 0.5756671875 0.3720453125 0.5832921875 0.372421875 0.5659640625 0.372421875 0.5493296875
1 0.3746859375 0.584678125 0.379965625 0.578440625 0.38222812500000003 0.56735 0.38222812500000003 0.5569546875 0.3795890625 0.5500234374999999 0.3746859375 0.5479437500000001 0.3746859375 0.5562609375 0.37393125 0.570815625 0.3746859375 0.584678125
1 0.41202500000000003 0.552103125 0.41277968749999994 0.558340625 0.41542031250000006 0.5645781249999999 0.41806093750000006 0.56735 0.41315625 0.5403203125 0.41164843749999996 0.5486375 0.41202500000000003 0.552103125
1 0.42447187499999994 0.5500234374999999 0.42258593749999995 0.5417062500000001 0.41919218750000004 0.5375484375 0.41730625000000005 0.5527953125 0.4176828125 0.5694296875 0.42069999999999996 0.5659640625 0.42334062499999997 0.557646875 0.42447187499999994 0.5500234374999999
2 0.485575 0.5701234375 0.48783750000000003 0.5361625 0.486328125 0.5139828125 0.4799171875 0.48556718749999994 0.47275 0.479328125 0.4636984375 0.4814078125 0.45502343749999996 0.48972499999999997 0.4512515625 0.5042796875 0.44974218749999995 0.5216062499999999 0.4512515625 0.544478125 0.4538921875 0.56804375 0.4618125 0.5791328124999999 0.4719953125 0.5812125 0.485575 0.5701234375
2 0.4946265625 0.5500234374999999 0.504809375 0.554875 0.511221875 0.5534890625 0.5198968749999999 0.5403203125 0.5210281250000001 0.5278453125 0.52140625 0.5174484374999999 0.51725625 0.49249687499999995 0.512353125 0.47794218749999995 0.50405625 0.4848734375 0.49651249999999997 0.4945765625 0.4897234375 0.4959625 0.485196875 0.5035859375 0.485196875 0.51536875 0.48595156250000004 0.52923125 0.48934531249999996 0.5424 0.4946265625 0.5500234374999999
2 0.510090625 0.5028937499999999 0.5146171875000001 0.518834375 0.5232921875 0.532696875 0.5346062500000001 0.5396265625 0.5440359375 0.5375484375 0.54969375 0.531309375 0.5538421875 0.519528125 0.5527109375 0.5001218749999999 0.550825 0.4834875 0.5470531249999999 0.4758625 0.542528125 0.4758625 0.538378125 0.47725 0.5312125 0.47031875 0.522159375 0.469625 0.5146171875000001 0.4758625 0.5119765625 0.4848734375 0.510090625 0.49111093749999996 0.510090625 0.5028937499999999
7 0.4972671875 0.4231890625 0.49613593749999996 0.40239531250000005 0.4923640625 0.3774453125 0.49387187499999996 0.41902968749999997 0.492740625 0.44883281249999996 0.4934953125 0.4682390625 0.48896875 0.46200156249999996 0.48595156250000004 0.43774375 0.4836890625 0.4121 0.481803125 0.389228125 0.47953906249999995 0.37883125 0.47765312499999996 0.39061406249999997 0.4810484375 0.43219843750000003 0.48217968750000006 0.45021875 0.48293437499999997 0.4647734375 0.48934531249999996 0.47170468750000005 0.4972671875 0.47655624999999996 0.49688906250000003 0.454378125 0.4972671875 0.4231890625
7 0.45653125 0.3240765625 0.455778125 0.3670484375 0.45766406249999997 0.401009375 0.45879531250000005 0.41902968749999997 0.460303125 0.427346875 0.4636984375 0.421109375 0.46068125000000004 0.38368281249999997 0.45879531250000005 0.3518 0.45653125 0.3240765625
1 0.5926921875 0.49527031250000003 0.595709375 0.5084390625 0.6047609375 0.518834375 0.6138140625 0.5146765624999999 0.6311640625 0.5112109375 0.637953125 0.5001218749999999 0.637953125 0.48903125000000003 0.6356890625 0.47725 0.641346875 0.466853125 0.6394609375 0.4509125 0.6356890625 0.4495265625 0.6270140625 0.45368437500000003 0.6217343750000001 0.4647734375 0.6187171874999999 0.473784375 0.6096640625 0.4758625 0.6074015625 0.4654671875 0.6021203125000001 0.473784375 0.5938234375 0.48556718749999994 0.5926921875 0.49527031250000003
7 0.6096640625 0.421803125 0.605515625 0.39685156250000003 0.6058921875000001 0.37883125 0.6081562500000001 0.3698203125 0.6100421875 0.36081093750000004 0.605515625 0.36635625 0.6028749999999999 0.38368281249999997 0.6024984375 0.408634375 0.606646875 0.4363578125 0.608909375 0.45021875 0.6100421875 0.46200156249999996 0.6077781250000001 0.4723984375 0.6111734375 0.479328125 0.6194703125000001 0.47794218749999995 0.6236203125 0.47031875 0.6232421875 0.45645625 0.6281453124999999 0.4419015625 0.6319171875 0.41348593749999996 0.633803125 0.3961578125 0.6341812499999999 0.3712078125 0.6296546875 0.3469484375 0.6304093749999999 0.3732859375 0.6304093749999999 0.39893125 0.6247515625 0.4252671875 0.62135625 0.4398234375 0.6194703125000001 0.42041562499999996 0.6183390625 0.3802171875 0.6175843750000001 0.34001875 0.615321875 0.3240765625 0.613059375 0.319225 0.6123046875 0.3573453125 0.6134359375 0.4030890625 0.614190625 0.43150625 0.614190625 0.44259531250000006 0.6096640625 0.421803125
1 0.6492671875 0.591609375 0.6447421875 0.571509375 0.637953125 0.5569546875 0.6334265625 0.5493296875 0.626259375 0.5465578125 0.6247515625 0.5638859375 0.6221109375 0.578440625 0.6183390625 0.5985390625 0.622865625 0.6124015625 0.631540625 0.6214109375 0.640215625 0.6186390625 0.6507765625 0.60755 0.6492671875 0.591609375
7 0.5896734375 0.6941859375 0.5949546875 0.7128984375 0.5998578125 0.7288390625 0.600234375 0.7191359375 0.5926921875 0.688640625 0.585903125 0.6636890625 0.581753125 0.64705625 0.5764734375 0.649828125 0.5836390625 0.6747796875 0.5896734375 0.6941859375
7 0.5555625 0.7231734375000001 0.55696875 0.6934796875 0.5581390625 0.6706703125 0.5600125 0.651734375 0.5611843750000001 0.6418375000000001 0.5565 0.6418375000000001 0.5511140625000001 0.6418375000000001 0.5473656250000001 0.677125 0.547834375 0.6969218749999999 0.5494734375 0.7184390625 0.553221875 0.7309203125 0.5579046875 0.741678125 0.5555625 0.7231734375000001
1 0.56141875 0.5841703125000001 0.5546265625 0.5781453125 0.548303125 0.5656640625 0.5412765625 0.5635125000000001 0.5375296875 0.5673859375 0.540809375 0.5729796875 0.543384375 0.577284375 0.5464296875 0.5824484375 0.5518156249999999 0.5854609375 0.5518156249999999 0.589334375 0.55603125 0.5932062499999999 0.560715625 0.5932062499999999 0.56141875 0.5841703125000001
1 0.4965453125 0.6091296875000001 0.4932671875 0.607409375 0.48975468749999995 0.6065484375 0.48577343749999996 0.6018140625 0.483665625 0.6052562499999999 0.486475 0.61128125 0.48670937500000006 0.619028125 0.4895203125 0.6289265625 0.4932671875 0.6336593749999999 0.49982499999999996 0.63236875 0.5019328125 0.6229015625 0.49982499999999996 0.6142937500000001 0.4965453125 0.6091296875000001
1 0.479684375 0.62333125 0.4785125 0.6117125 0.4761703125 0.607409375 0.475 0.6108515625 0.47101875 0.6224703125 0.47008124999999995 0.63538125 0.47054999999999997 0.63839375 0.4759375 0.6439890625 0.4785125 0.6426968750000001 0.4801515625 0.6332296875 0.479684375 0.62333125
2 0.3788671875 0.6619421875 0.383325 0.6833640625 0.391896875 0.7041578125 0.399096875 0.7003765625 0.40355468749999995 0.687775 0.4056125 0.6669828125 0.40458437500000005 0.6449296875 0.40286875 0.626028125 0.392925 0.6241375 0.38058125 0.6285484375 0.3774953125 0.6367390625 0.3788671875 0.6619421875
7 0.40081249999999996 0.736290625 0.404240625 0.75204375 0.406640625 0.7545640625 0.4083546875 0.7495234375 0.40595468749999997 0.7205390625 0.4025265625 0.6928156249999999 0.39532500000000004 0.699746875 0.39738281249999996 0.7091984375 0.40081249999999996 0.736290625
1 0.131475 0.61358125 0.1355890625 0.60728125 0.132846875 0.598459375 0.12873125000000002 0.5927890625 0.1256453125 0.5972000000000001 0.12633125 0.612321875 0.1273609375 0.6148421875000001 0.131475 0.61358125
1 0.131475 0.5808171875 0.1331890625 0.57325625 0.13627499999999998 0.561284375 0.1355890625 0.5493140624999999 0.129075 0.5430125 0.1208453125 0.5398625 0.112615625 0.5423828125 0.1112453125 0.5329312500000001 0.1023296875 0.5190703125 0.09444375 0.5197 0.085528125 0.5310406249999999 0.0800421875 0.5398625 0.0762703125 0.554984375 0.0800421875 0.5745171874999999 0.0910140625 0.5940484374999999 0.10061562500000001 0.6022406250000001 0.1122734375 0.6003499999999999 0.11947343749999999 0.5927890625 0.126675 0.5814468749999999 0.131475 0.5808171875
6 0.5572916671875 0.7565104171875 0.5768229171875 0.7604166671875 0.5807291671875 0.7161458328125 0.55078125 0.7213541671875 0.5572916671875 0.7565104171875
6 0.6627604171875 0.7161458328125 0.63671875 0.6966145828125 0.6119791671875 0.7239583328125 0.6497395828125 0.7513020828125 0.6627604171875 0.7161458328125
5 0.5572916671875 0.5182291671875 0.5859375 0.5247395828125 0.5911458328125 0.4596354171875 0.5533854171875 0.4635416671875 0.5572916671875 0.5182291671875
5 0.20963541718749998 0.4895833328125 0.17578125 0.4817708328125 0.1979166671875 0.546875 0.20963541718749998 0.4895833328125
0 0.3907915921875 0.6751543375 0.4220498734375 0.6798459593749999 0.47362608437500003 0.6814098125 0.5455201062499999 0.6657710359375 0.5845929578125 0.648568403125 0.662738659375 0.6204186125 0.6814937 0.5985243 0.66742745 0.5953965328125 0.6127254578125 0.6204186125 0.5627121374999999 0.634493478125 0.47675186406250003 0.6563877921875 0.414235303125 0.6657710359375 0.301705540625 0.6735904234375 0.2735730390625 0.6704627171875 0.239188978125 0.6657710359375 0.1876127671875 0.6501322578125001 0.1563544859375 0.625110234375 0.120407534375 0.6157269921874999 0.08914919375 0.579757753125 0.0672684328125 0.5656828890625001 0.07820884375 0.6063436890625 0.1250962046875 0.6501322578125001 0.19855323593750002 0.6767181921875001 0.3235863609375 0.6970485921875 0.354844640625 0.6923569703125 0.3907915921875 0.6751543375
0 0.20167901718749998 0.48436122812500004 0.134473784375 0.47497798593749996 0.1097655890625 0.4339843765625 0.1157187453125 0.4859250828125 0.1610432765625 0.5015638625000001 0.2001161265625 0.5000000078125 0.2470035484375 0.517202640625 0.2860764 0.5297137109375 0.326712140625 0.5312775640625 0.372036671875 0.5265859421875 0.43299034374999995 0.507819396875 0.4814406546875 0.503127775 0.53457975625 0.4812334625 0.578341278125 0.46715859687499994 0.60803666875 0.4562114390625 0.6250249171875 0.44057263124999996 0.5705267078125 0.44057263124999996 0.5423943265625 0.4609030625 0.4814406546875 0.4702863046875 0.42986444375 0.49218061718749995 0.36734788125 0.503127775 0.315771790625 0.5156387859375 0.253255228125 0.498436153125 0.20167901718749998 0.48436122812500004
