1 0.135666578125 0.47265098749999995 0.1175998953125 0.4744939140625 0.1229435375 0.52687510625 0.1410102203125 0.5250321859375 0.135666578125 0.47265098749999995
1 0.22074540781250002 0.5594097171875 0.2363627671875 0.5614941578125 0.24456718125000002 0.50002876875 0.228949978125 0.4979443375 0.22074540781250002 0.5594097171875
2 0.23660096406250003 0.5758366968749999 0.2688505140625 0.5776833359375 0.2726110234375 0.5120129546875 0.24036182187500002 0.5101663249999999 0.23660096406250003 0.5758366968749999
2 0.2680115625 0.5964803390625 0.3040441046875 0.5946426984375 0.2995974421875 0.5074660546875001 0.26356542968749996 0.5093036828125 0.2680115625 0.5964803390625
7 0.25664287343750003 0.5046775203125 0.2635890765625 0.5047375 0.26447247812499997 0.4024350046875 0.257526375 0.4023750265625 0.25664287343750003 0.5046775203125
7 0.25824443124999996 0.41946404375 0.2541687453125 0.41929531249999996 0.25236562500000004 0.462846875 0.2564413109375 0.46301560625000004 0.25824443124999996 0.41946404375
1 0.315316446875 0.544360178125 0.30438982812500004 0.5435112906249999 0.301439090625 0.5814886859375 0.3123657078125 0.5823375703125 0.315316446875 0.544360178125
1 0.32579533125000004 0.5749000890625 0.33131095 0.574975 0.3316875 0.5472515625 0.3261719078125 0.5471766515625001 0.32579533125000004 0.5749000890625
1 0.34189579375 0.548144221875 0.33508281093750003 0.5479437500000001 0.334328125 0.5735890625 0.3411411078125 0.573789534375 0.34189579375 0.548144221875
1 0.3648781 0.5832921875 0.37242189375 0.5832921875 0.372421871875 0.5424 0.36487813125 0.5424 0.3648781 0.5832921875
1 0.382859559375 0.5482134234375 0.3746859359375 0.5479437500000001 0.37347515625 0.584638178125 0.3816487796875 0.58490785 0.382859559375 0.5482134234375
1 0.41453071875 0.5679905187500001 0.41806095781249997 0.567349996875 0.41315625 0.5403203125 0.4096260265625 0.5409608328125 0.41453071875 0.5679905187500001
1 0.4259121421875 0.538379575 0.41919218437500005 0.5375484375 0.4152853625 0.5691331671875 0.42200531874999997 0.569964303125 0.4259121421875 0.538379575
2 0.48403771874999996 0.47858328125 0.447064015625 0.48102306875 0.45375519375 0.582416103125 0.490728896875 0.5799763359375001 0.48403771874999996 0.47858328125
2 0.5192351078125 0.47756755625 0.48324560937500005 0.4795267 0.48739923125000006 0.5558227421875 0.523388728125 0.5538636109375 0.5192351078125 0.47756755625
2 0.5123075359375 0.5409263203125 0.55494480625 0.538441059375 0.5508356484375 0.46795349531249997 0.5081988390625 0.47043874218750004 0.5123075359375 0.5409263203125
7 0.522406265625 0.4731052453125 0.5305079 0.4723437421875 0.5217828124999999 0.3795234375 0.513681278125 0.3802849359375 0.522406265625 0.4731052453125
7 0.4957250453125 0.3776786328125 0.47682777187500003 0.37902432343750003 0.48384154687500003 0.47751229375 0.5027388187499999 0.4761666125 0.4957250453125 0.3776786328125
7 0.4593882734375 0.42741159062499995 0.46412063750000004 0.42707682656249996 0.45683257031249996 0.324055246875 0.45210026406250003 0.324390009375 0.4593882734375 0.42741159062499995
1 0.5904373609375 0.5173733281249999 0.6357222453125 0.5219925171875001 0.643037840625 0.45027616249999997 0.5977534328125 0.4456569984375 0.5904373609375 0.5173733281249999
1 0.6238764203125 0.6231361546875 0.6547978171875 0.6161757265625 0.638504403125 0.5438014296875 0.607583403125 0.5507618125 0.6238764203125 0.6231361546875
1 0.5562810687499999 0.5963487656249999 0.565446678125 0.589853621875 0.5449389375 0.5609171796875 0.5357733687499999 0.567412303125 0.5562810687499999 0.5963487656249999
1 0.49053320312500004 0.634643784375 0.5040007375 0.6313463484375 0.49614709843749993 0.5992741328125 0.48267964531249996 0.6025715593750001 0.49053320312500004 0.634643784375
1 0.48199573281249997 0.6078323250000001 0.47213364375 0.6071162953125 0.4694902015625 0.6435209640624999 0.47935229062499995 0.6442369890624999 0.48199573281249997 0.6078323250000001
2 0.40342150937500004 0.6235662203125 0.37685698125 0.6250120124999999 0.38119680625 0.704740165625 0.40776133281250004 0.7032943859375 0.40342150937500004 0.6235662203125
7 0.40217170468749996 0.755116578125 0.41010910312500004 0.7541352375 0.4025265625 0.6928156249999999 0.39458927187500004 0.6937969578125001 0.40217170468749996 0.755116578125
1 0.134918959375 0.592508415625 0.1254519765625 0.5929377953125 0.12644745156249998 0.61488361875 0.135914434375 0.6144542390625001 0.134918959375 0.592508415625
1 0.1068988484375 0.6082682765625 0.14919551250000002 0.5610236343749999 0.098265021875 0.51543169375 0.055968564062500004 0.5626760625 0.1068988484375 0.6082682765625
5 0.595493784375 0.449608421875 0.5520943468749999 0.4537169453125 0.558157015625 0.5177541 0.60155645 0.5136455953125 0.595493784375 0.449608421875
5 0.1649342515625 0.5468253546875 0.2079328703125 0.548076928125 0.2100654375 0.474809259375 0.1670673078125 0.47355769218750005 0.1649342515625 0.5468253546875
7 0.6147316671875 0.44533344374999995 0.6197611765625 0.4451839046875 0.6161010296875 0.32208891875 0.6110715921875001 0.3222384578125 0.6147316671875 0.44533344374999995
7 0.6356313078125 0.3492983625 0.6300464921875 0.3491113203125 0.627273946875 0.43189195781249995 0.6328587625 0.4320789984375 0.6356313078125 0.3492983625
7 0.6082707218750001 0.4536690421875 0.617496284375 0.45246201875000003 0.6060838875 0.3652395859375 0.5968584234375001 0.3664466046875 0.6082707218750001 0.4536690421875
6 0.064431765625 0.7248168234375 0.0938301234375 0.6965797671875 0.05857303125 0.6598781687499999 0.029174840624999997 0.6881150734375 0.064431765625 0.7248168234375
6 0.10912232343749999 0.7706671203125001 0.1357961203125 0.749971515625 0.096807325 0.6997289171875 0.0701337796875 0.720424371875 0.10912232343749999 0.7706671203125001
6 0.39910107031250003 0.7709403515625 0.42391575000000004 0.7619752171874999 0.4127194671875 0.7309905453125001 0.3879049578125 0.739955646875 0.39910107031250003 0.7709403515625
6 0.6434580999999999 0.6976561546875 0.6210140171874999 0.7070403890625 0.63853816875 0.7489458921875001 0.6609822249999999 0.7395617046875 0.6434580999999999 0.6976561546875
6 0.5464250749999999 0.7622156125 0.5746032984375 0.76470609375 0.5794048484375 0.71038691875 0.551226965625 0.7078964515624999 0.5464250749999999 0.7622156125
6 0.5989857890625 0.7414116359375 0.6214549625 0.732241965625 0.6053732140625 0.6928421109375 0.5829042265625 0.7020117390625 0.5989857890625 0.7414116359375
6 0.6756693281249999 0.6661183359375 0.6518218499999999 0.6735364703125 0.6645078046874999 0.7143128046875 0.6883552671875 0.7068947031249999 0.6756693281249999 0.6661183359375
6 0.49077944375 0.7922804390625 0.523502334375 0.787699996875 0.5143962328125 0.7226589546875 0.4816738328125 0.7272393625 0.49077944375 0.7922804390625
7 0.5499138453125 0.7411336515625 0.55628914375 0.74109375 0.55566099375 0.6407597578125 0.549285828125 0.640799659375 0.5499138453125 0.7411336515625
