1 0.2559984375 0.44180156249999997 0.2538078125 0.4296296875 0.2477859375 0.4240984375 0.24614375000000002 0.45175937499999996 0.2472390625 0.4672484375 0.2510703125 0.4639296875 0.2532609375 0.452865625 0.2559984375 0.44180156249999997
7 0.372196875 0.412215625 0.376284375 0.4117 0.376028125 0.37556875 0.3775609375 0.3611171875 0.3737296875 0.3745375 0.372196875 0.412215625
7 0.396715625 0.362665625 0.39569375 0.4437015625 0.398503125 0.4328625 0.396715625 0.362665625
7 0.40284531250000005 0.38434375 0.40029062499999996 0.3951828125 0.39977968750000004 0.4065390625 0.400546875 0.434928125 0.40335625 0.42976562500000004 0.40309999999999996 0.40189375 0.4064203125 0.37608593749999997 0.40437812500000003 0.3740203125 0.40284531250000005 0.38434375
1 0.6615046875 0.48802500000000004 0.660509375 0.479978125 0.65851875 0.4689140625 0.652546875 0.49003593749999996 0.65055625 0.5061296875 0.6535421875 0.5061296875 0.6590171875 0.5000953124999999 0.6615046875 0.48802500000000004
7 0.7304110015624999 0.64516409375 0.7212082109375 0.6553356 0.76795 0.7262515625 0.7490296875 0.683025 0.7304110015624999 0.64516409375
1 0.40709062500000004 0.674353125 0.4125109375 0.669484375 0.4161234375 0.660965625 0.41913437499999995 0.651228125 0.41913437499999995 0.6354062500000001 0.41190781249999997 0.6268875 0.40648906250000005 0.6341890625 0.40769374999999997 0.6536625 0.40709062500000004 0.674353125
1 0.36963249062500003 0.613171378125 0.372643428125 0.599783878125 0.367826240625 0.591263565625 0.357587178125 0.597349503125 0.35276999062500003 0.6083026281249999 0.347952803125 0.620474503125 0.348554365625 0.635079190625 0.350360615625 0.6484666906250001 0.355179365625 0.653335440625 0.362405928125 0.6448151281250001 0.365416865625 0.627776065625 0.36963249062500003 0.613171378125
6 0.180216209375 0.643422528125 0.1925201265625 0.650660128125 0.2004814859375 0.6528314078124999 0.209166603125 0.650660128125 0.2106141234375 0.6448700484375001 0.21206164374999997 0.63763245 0.2098903640625 0.6173671734374999 0.20192900468750002 0.5992731765625 0.1975864453125 0.5963781375 0.190348846875 0.595654378125 0.18311124843749998 0.5891405375 0.17225485000000001 0.588416778125 0.16863604999999998 0.602168215625 0.16718853125 0.6180909328124999 0.17080733125 0.6303948515625 0.180216209375 0.643422528125
5 0.29312275 0.623157253125 0.30180786875 0.6253285328125 0.3061504265625 0.6166434125 0.307597946875 0.6137483734375 0.3097692265625 0.6065107750000001 0.3141117859375 0.602168215625 0.2952940296875 0.5985494171875 0.2923989890625 0.5985494171875 0.288780190625 0.60506325625 0.2873326703125 0.6130246140625 0.2909514703125 0.6217097328125 0.29312275 0.623157253125
5 0.664538390625 0.6441953796875 0.66841325 0.64516409375 0.6718037531250001 0.6432266640625001 0.67858475625 0.638867446875 0.6776160421874999 0.6262741546874999 0.6713193953125 0.6238523671875 0.6659914640625 0.6248210828125 0.6611478890625 0.6291802984375 0.6611478890625 0.633539515625 0.6611478890625 0.640804878125 0.664538390625 0.6441953796875
