1 0.22419531250000002 0.489221875 0.2259984375 0.483540625 0.23037812500000002 0.47927968749999994 0.23166718749999998 0.47028593750000003 0.23166718749999998 0.4627109375 0.228059375 0.456084375 0.22471093749999999 0.45892499999999997 0.22316562499999998 0.46649843750000003 0.2229078125 0.47880625 0.22419531250000002 0.489221875
1 0.262321875 0.4627109375 0.2571703125 0.468865625 0.253821875 0.47927968749999994 0.25459375 0.4844875 0.2571703125 0.4930078125 0.2607765625 0.498215625 0.2661875 0.4996359375 0.2685046875 0.49348125 0.27030937499999996 0.487328125 0.27056562500000003 0.4783328125 0.2700515625 0.46791875000000005 0.2695359375 0.4627109375 0.266959375 0.4537171875 0.262321875 0.4627109375
1 0.2726265625 0.489221875 0.2731421875 0.4986890625 0.28061250000000004 0.49348125 0.282159375 0.4840140625 0.2819015625 0.47359999999999997 0.281128125 0.46791875000000005 0.2782953125 0.45845156249999997 0.27571875 0.46507812499999995 0.273915625 0.472653125 0.2731421875 0.47880625 0.2726265625 0.489221875
1 0.3197703125 0.4830671875 0.31642187499999996 0.48874843749999997 0.315134375 0.49679531250000003 0.3174515625 0.50484375 0.32105937500000004 0.51194375 0.322346875 0.5015296874999999 0.32260468750000004 0.49016875000000004 0.3197703125 0.4830671875
1 0.322346875 0.5034234375 0.32363437500000003 0.5190453125000001 0.32646875 0.5124171875 0.330590625 0.5053171875 0.33239375 0.4977421875 0.33368125000000004 0.48874843749999997 0.3326515625 0.4783328125 0.32775625 0.470759375 0.32492343749999997 0.47738593749999997 0.3238921875 0.48874843749999997 0.322346875 0.5034234375
1 0.3936359375 0.5085625 0.39576406249999996 0.506784375 0.39847343749999997 0.5028718750000001 0.4013765625 0.49824843750000003 0.4037 0.49575781250000006 0.40524843749999995 0.4925578125 0.40292500000000003 0.48437656249999994 0.40021562499999996 0.47548593749999996 0.39692500000000003 0.48935625 0.39499062500000004 0.4996703125 0.3936359375 0.5085625
1 0.388409375 0.5060734375 0.39111875 0.5060734375 0.394021875 0.5089187500000001 0.39382812500000003 0.506428125 0.39382812500000003 0.5003828125 0.39266718749999996 0.49362500000000004 0.3903453125 0.491134375 0.3870546875 0.4929125 0.3839578125 0.4978921875 0.3843453125 0.5074953125 0.38627968749999997 0.5057171874999999 0.388409375 0.5060734375
7 0.37666093749999996 0.41192812500000003 0.3758390625 0.4335984375 0.3758390625 0.4739234375 0.38496406250000004 0.478828125 0.3864546875 0.4616140625 0.386028125 0.453790625 0.38879687500000004 0.4166234375 0.3845390625 0.435403125 0.3828359375 0.4514421875 0.3800671875 0.46239687500000004 0.379003125 0.4553546875 0.3783640625 0.42836093750000004 0.3781515625 0.4048859375 0.3709125 0.36106875 0.37410625 0.3821953125 0.37666093749999996 0.41192812500000003
6 0.369421875 0.3591125 0.36686718749999997 0.3704578125 0.364525 0.37515312500000003 0.3587765625 0.379065625 0.35302812499999997 0.3908015625 0.3523890625 0.40919062500000003 0.35728593750000004 0.42092656249999993 0.3602671875 0.427578125 0.36686718749999997 0.4346203125 0.37389375 0.427578125 0.368996875 0.4373578125 0.3894359375 0.40332187499999994 0.38113125000000003 0.37671875 0.382409375 0.37671875 0.38709375 0.3739796875 0.3902875 0.37085 0.3907125 0.362634375 0.3828359375 0.3602859375 0.378790625 0.3591125 0.376234375 0.354809375 0.3730421875 0.350896875 0.369421875 0.3591125
1 0.684946875 0.4756984375 0.681965625 0.48039375 0.6811140625000001 0.49017499999999997 0.68324375 0.4956515625 0.6875015624999999 0.5015203125000001 0.6872890625 0.49173906250000005 0.6875015624999999 0.4850890625 0.684946875 0.4756984375
1 0.6945281249999999 0.486653125 0.6945281249999999 0.478046875 0.6906953125 0.476090625 0.68984375 0.48313281249999995 0.6906953125 0.48821875 0.6906953125 0.49486875 0.6906953125 0.4999546875 0.6945281249999999 0.494478125 0.6945281249999999 0.486653125
1 0.6845203125 0.5832875 0.6798375 0.5864171875 0.681965625 0.593459375 0.68366875 0.6008921875000001 0.687928125 0.6067609375 0.6894171874999999 0.6130203125 0.691546875 0.6228015625000001 0.6936765625 0.6188890625 0.695165625 0.611846875 0.6970828124999999 0.6044140625 0.697934375 0.591503125 0.694740625 0.5840703125 0.69026875 0.57741875 0.6864375 0.5789828124999999 0.6845203125 0.5832875
1 0.6774953125 0.5848515625 0.6755796875 0.59189375 0.6732375 0.59580625 0.6700437499999999 0.5965890625 0.6668499999999999 0.5946328125 0.6642953125 0.591503125 0.6628046875 0.5969796875 0.6657859375 0.605978125 0.6674890625 0.6165421875 0.6738765625 0.6184984375 0.6774953125 0.6153671875 0.678771875 0.6122375 0.6789859375 0.59971875 0.6796249999999999 0.5922859375 0.6774953125 0.5848515625
1 0.5633781250000001 0.6134125 0.56508125 0.6181062500000001 0.5674234375 0.6165421875 0.569978125 0.61419375 0.57125625 0.609890625 0.5693390625 0.601675 0.566784375 0.5985453125 0.5625265625 0.597371875 0.5608234375000001 0.600109375 0.5616749999999999 0.6063703125 0.5633781250000001 0.6134125
1 0.42222187499999997 0.59385 0.4192421875 0.58524375 0.41477031249999996 0.577028125 0.41391875 0.5821140625 0.41370625 0.5899375 0.41264218750000003 0.5977625 0.4092359375 0.6055875000000001 0.40668125 0.6110640625 0.40668125 0.6188890625 0.40838437499999997 0.6278875 0.4105125 0.6294515625 0.41689999999999994 0.6310171875 0.4232875 0.6251484375 0.42499062500000007 0.6173234375 0.4256296875 0.6055875000000001 0.42222187499999997 0.59385
1 0.2959703125 0.6212359375000001 0.2978859375 0.617715625 0.3025703125 0.61615 0.305125 0.6145859375 0.30853125000000003 0.6087171875 0.3119375 0.604021875 0.3155578125 0.59580625 0.3161953125 0.5868078125 0.3155578125 0.575853125 0.316834375 0.5684203125 0.3193890625 0.561378125 0.3138546875 0.5633343749999999 0.3106609375 0.5703765625 0.30767968749999997 0.573896875 0.3053375 0.577809375 0.30193125 0.57741875 0.297034375 0.573896875 0.290009375 0.57350625 0.28638906249999996 0.5762453125 0.2842609375 0.5848515625 0.283409375 0.5926765625 0.2812796875 0.6024578125 0.2866015625 0.617715625 0.2921375 0.6228015625000001 0.2959703125 0.6212359375000001
1 0.25892499999999996 0.58915625 0.2612671875 0.5950234375 0.264034375 0.59385 0.263821875 0.5887640625 0.2657375 0.581721875 0.26595 0.5746796875 0.2648859375 0.5641171875000001 0.2614796875 0.563725 0.25977656250000003 0.57350625 0.25935 0.5801578125 0.25892499999999996 0.58915625
5 0.5174904406249999 0.521762178125 0.5187109375000001 0.5229826734375 0.52481341875 0.5193211843750001 0.5272544109374999 0.513218703125 0.5284749078125001 0.5089469671875 0.525423665625 0.504675228125 0.52054168125 0.50406498125 0.5168801921874999 0.5089469671875 0.5156596953125 0.5119982078125 0.5156596953125 0.513218703125 0.51626994375 0.5187109375000001 0.5174904406249999 0.521762178125
5 0.6322170953125 0.5083367171875001 0.6352683359375 0.5004034921875 0.631606846875 0.4961317546875 0.6181813875 0.49674200312499994 0.60780716875 0.49796249843749996 0.60780716875 0.506811096875 0.6059764234375 0.5101674625 0.6194018828125001 0.5119982078125 0.6322170953125 0.5083367171875001
