1 0.2319629546875 0.4561661375 0.22338581875000002 0.455986484375 0.2226902953125 0.48919035156249996 0.2312674328125 0.48937000468749997 0.2319629546875 0.4561661375
1 0.2532524515625 0.4992674828125 0.26995572343749996 0.499743275 0.271263334375 0.4538397859375 0.2545601734375 0.45336399531250005 0.2532524515625 0.4992674828125
1 0.283412303125 0.45870486093749996 0.274159975 0.45824685781249996 0.2721602953125 0.4986404578125 0.281412621875 0.49909846093750004 0.283412303125 0.45870486093749996
1 0.3147938296875 0.5118015781249999 0.32211001875 0.5119675906250001 0.322764296875 0.483135125 0.315448140625 0.4829691125 0.3147938296875 0.5118015781249999
1 0.335386653125 0.47151439218749996 0.3256002765625 0.4705460453125 0.32082847187499997 0.5187676734375 0.3306148484375 0.5197360171875001 0.335386653125 0.47151439218749996
1 0.408170434375 0.47697772968749996 0.3995497515625 0.4753610640625 0.393333553125 0.5085057921875 0.40195423437500005 0.5101224546875 0.408170434375 0.47697772968749996
1 0.39344988281250004 0.4910091109375 0.38369595156249997 0.491402665625 0.3844183859375 0.509306234375 0.3941723171875 0.5089126796875 0.39344988281250004 0.4910091109375
7 0.3863423125 0.360395215625 0.3709125 0.36106875 0.3760700859375 0.4792163578125 0.3914998984375 0.478542828125 0.3863423125 0.360395215625
1 0.68111405625 0.5015203125000001 0.6875015703125 0.5015203125000001 0.6875015578125 0.4756984375 0.68111406875 0.4756984375 0.68111405625 0.5015203125000001
1 0.68984374375 0.4999546875 0.6945281328124999 0.4999546875 0.6945281249999999 0.476090625 0.6898437515625 0.476090625 0.68984374375 0.4999546875
1 0.6939487515625 0.5764448296875 0.6782945640625 0.5805877421875001 0.689603846875 0.6233157874999999 0.7052580265625 0.6191728921874999 0.6939487515625 0.5764448296875
1 0.677825846875 0.584772421875 0.6608545984374999 0.5888358499999999 0.6682784484375001 0.619838790625 0.68524969375 0.615775375 0.677825846875 0.584772421875
1 0.5644481515625001 0.618253971875 0.5727555875 0.616315578125 0.568034953125 0.5960865859375 0.5597275484375 0.5980249765625001 0.5644481515625001 0.618253971875
1 0.4056281140625 0.6304034640625 0.42422328125000003 0.6314159203124999 0.4271480953125 0.5777020640625 0.408553115625 0.5766896140625 0.4056281140625 0.6304034640625
1 0.321331775 0.561707046875 0.28910389375 0.556250509375 0.278233509375 0.620447475 0.3104613828125 0.62590398125 0.321331775 0.561707046875
1 0.2665761296875 0.5639656828125 0.2601291390625 0.5636612203125 0.25865371875 0.5949000156250001 0.2651007109375 0.595204478125 0.2665761296875 0.5639656828125
5 0.5299479734375 0.5064848078125 0.5195315484374999 0.50231856875 0.512292734375 0.5204155984375001 0.5227091546875 0.52458183125 0.5299479734375 0.5064848078125
6 0.638830603125 0.7558260515625 0.63731335 0.7254877765625001 0.6129523953125 0.7267059046875 0.6144695609374999 0.757044096875 0.638830603125 0.7558260515625
6 0.2864847671875 0.6859212578125 0.2620921546875 0.6722024078125 0.2418625859375 0.7081661015625 0.26625515625 0.7218848921875 0.2864847671875 0.6859212578125
6 0.2541352265625 0.67607515 0.23462833593750002 0.6731505796875 0.22964915000000002 0.706357 0.2491560375 0.709281559375 0.2541352265625 0.67607515
6 0.356794053125 0.37401437187500003 0.3848551453125 0.3824018671875 0.3939227140625 0.3520666328125 0.3658617140625 0.3436791515625 0.356794053125 0.37401437187500003
6 0.407368584375 0.42071865781250006 0.382058209375 0.37431870312500004 0.3412997015625 0.3965507046875 0.36660992187499997 0.4429505265625 0.407368584375 0.42071865781250006
5 0.64423076875 0.46394230781249995 0.59014423125 0.46394230781249995 0.59014423125 0.540865384375 0.64423076875 0.540865384375 0.64423076875 0.46394230781249995
