1 0.2319629546875 0.4561661375 0.22338581875000002 0.455986484375 0.2226902953125 0.48919035156249996 0.2312674328125 0.48937000468749997 0.2319629546875 0.4561661375
1 0.2532524515625 0.4992674828125 0.26995572343749996 0.499743275 0.271263334375 0.4538397859375 0.2545601734375 0.45336399531250005 0.2532524515625 0.4992674828125
1 0.283412303125 0.45870486093749996 0.274159975 0.45824685781249996 0.2721602953125 0.4986404578125 0.281412621875 0.49909846093750004 0.283412303125 0.45870486093749996
1 0.3147938296875 0.5118015781249999 0.32211001875 0.5119675906250001 0.322764296875 0.483135125 0.315448140625 0.4829691125 0.3147938296875 0.5118015781249999
1 0.335386653125 0.47151439218749996 0.3256002765625 0.4705460453125 0.32082847187499997 0.5187676734375 0.3306148484375 0.5197360171875001 0.335386653125 0.47151439218749996
1 0.408170434375 0.47697772968749996 0.3995497515625 0.4753610640625 0.393333553125 0.5085057921875 0.40195423437500005 0.5101224546875 0.408170434375 0.47697772968749996
1 0.39344988281250004 0.4910091109375 0.38369595156249997 0.491402665625 0.3844183859375 0.509306234375 0.3941723171875 0.5089126796875 0.39344988281250004 0.4910091109375
1 0.6939487515625 0.5764448296875 0.6782945640625 0.5805877421875001 0.689603846875 0.6233157874999999 0.7052580265625 0.6191728921874999 0.6939487515625 0.5764448296875
1 0.677825846875 0.584772421875 0.6608545984374999 0.5888358499999999 0.6682784484375001 0.619838790625 0.68524969375 0.615775375 0.677825846875 0.584772421875
1 0.5644481515625001 0.618253971875 0.5727555875 0.616315578125 0.568034953125 0.5960865859375 0.5597275484375 0.5980249765625001 0.5644481515625001 0.618253971875
1 0.4056281140625 0.6304034640625 0.42422328125000003 0.6314159203124999 0.4271480953125 0.5777020640625 0.408553115625 0.5766896140625 0.4056281140625 0.6304034640625
1 0.321331775 0.561707046875 0.28910389375 0.556250509375 0.278233509375 0.620447475 0.3104613828125 0.62590398125 0.321331775 0.561707046875
1 0.2665761296875 0.5639656828125 0.2601291390625 0.5636612203125 0.25865371875 0.5949000156250001 0.2651007109375 0.595204478125 0.2665761296875 0.5639656828125
6 0.26904799687500003 0.6827408265625 0.24854106250000002 0.66145578125 0.21833400468750003 0.6905544734375 0.2388408453125 0.711839425 0.26904799687500003 0.6827408265625
6 0.6387120234375 0.7560323328125 0.6364020484374999 0.7256787421875 0.6129835078125 0.7274606625 0.6152933953125 0.7578141734375 0.6387120234375 0.7560323328125
7 0.38039813125 0.48151238125000007 0.385832359375 0.48181426250000003 0.38934431406250003 0.4185985875 0.383910134375 0.41829670625000004 0.38039813125 0.48151238125000007
7 0.378574265625 0.366141665625 0.372384478125 0.366382 0.376597740625 0.47488832812500004 0.382787528125 0.47464799375 0.378574265625 0.366141665625
6 0.400367515625 0.35643647500000003 0.367014040625 0.34873591249999997 0.35002793906249996 0.422304709375 0.3833814015625 0.4300052390625 0.400367515625 0.35643647500000003
5 0.640625 0.462740384375 0.5937238890625001 0.46347315624999996 0.5949519171875 0.5420673078125 0.6418530265625 0.5413345406250001 0.640625 0.462740384375
