1 0.2571507515625 0.5803388671875 0.309911640625 0.588452134375 0.3185735390625 0.532127234375 0.26581314843750004 0.52401400625 0.2571507515625 0.5803388671875
1 0.329151946875 0.5763495765625 0.32384997968749996 0.57460311875 0.3151390625 0.6010453124999999 0.32044102812499997 0.6027917656249999 0.329151946875 0.5763495765625
1 0.658115609375 0.587735409375 0.6403421140625001 0.591237903125 0.6495170781249999 0.6377912390625 0.66729056875 0.6342887593750001 0.658115609375 0.587735409375
1 0.67221101875 0.6679074968750001 0.722195090625 0.6640100999999999 0.713896875 0.5576046875 0.6639138203125 0.56150204375 0.67221101875 0.6679074968750001
1 0.7426806609375001 0.547107775 0.7204216 0.5490089218749999 0.7255678515625 0.6092563953125001 0.7478269109375 0.607355259375 0.7426806609375001 0.547107775
6 0.7148464437500001 0.6624072640625001 0.6702701453125 0.6791578828125 0.7036432828125 0.7679557328125 0.748219490625 0.7512052875 0.7148464437500001 0.6624072640625001
9 0.27309516562499997 0.5446771125 0.2100244984375 0.5233930390625 0.1625019953125 0.6642010671875 0.22557252499999997 0.6854848515625 0.27309516562499997 0.5446771125
9 0.802177903125 0.6806108281250001 0.8594186593750001 0.6692584562499999 0.82691770625 0.5054048265625 0.7696785734375 0.5167570375 0.802177903125 0.6806108281250001
6 0.2780195046875 0.696362434375 0.2612633375 0.6843280859374999 0.2442119140625 0.7080663281249999 0.26096805 0.7201006390625 0.2780195046875 0.696362434375
6 0.231755240625 0.710449753125 0.24402102499999997 0.7156463390625001 0.2562515703125 0.6867821843749999 0.24398585781249998 0.681585615625 0.231755240625 0.710449753125
