7 0.3577078125 0.39525 0.361271875 0.4065765625 0.3630546875 0.392984375 0.36555 0.37410625 0.36590625 0.34541093749999996 0.3577078125 0.39525
1 0.5230937499999999 0.501946875 0.5227265625 0.520640625 0.52566875 0.5346625 0.530815625 0.5307671875 0.5315515625 0.520640625 0.5304484375 0.5081781249999999 0.5293453125 0.4910421875 0.5282421875 0.4778015625 0.5216234375 0.47390625000000003 0.5230937499999999 0.501946875
7 0.593671875 0.38125624999999996 0.590184375 0.409509375 0.58891875 0.35862656249999997 0.58708125 0.43262343750000004 0.5874484375 0.46066406249999997 0.585609375 0.48636875 0.5914937499999999 0.48169531250000003 0.5929640625 0.46923281250000004 0.5955390625 0.4552125 0.5922296874999999 0.42405625 0.593671875 0.38125624999999996
7 0.6510671875 0.4295078125 0.6576875 0.4263921875 0.6525390625 0.391340625 0.647021875 0.360184375 0.6422421875000001 0.32980624999999997 0.64591875 0.387446875 0.6466546875 0.4100359375 0.6510671875 0.4295078125
7 0.6639390625 0.42171875 0.6646734375000001 0.3835515625 0.6657765625 0.3485015625 0.6613640625 0.40925625 0.6639390625 0.42171875
1 0.61870625 0.5806171875 0.6069390625 0.5837328125 0.610615625 0.5923015625 0.615396875 0.5993125 0.6249578125 0.5946390625 0.6267968749999999 0.581396875 0.61870625 0.5806171875
7 0.6148125 0.6011437500000001 0.6165 0.6242375 0.622384375 0.646825 0.620178125 0.62813125 0.619809375 0.6109953124999999 0.619809375 0.596196875 0.6148125 0.6011437500000001
7 0.3844546875 0.5985328125 0.37158437499999997 0.7036859375 0.3793078125 0.6624046875 0.3844546875 0.6335843750000001 0.38923593749999996 0.5954171875000001 0.392178125 0.560365625 0.3881328125 0.560365625 0.38629375 0.5775015625 0.3844546875 0.5985328125
1 0.3734234375 0.5214203125 0.3701140625 0.5151890625 0.3631265625 0.510515625 0.355403125 0.504284375 0.3473140625 0.501946875 0.339590625 0.5190828125 0.3366484375 0.544009375 0.3300296875 0.5525765625 0.3256171875 0.5673765625 0.3289265625 0.57594375 0.33885624999999997 0.5720500000000001 0.34768125 0.57594375 0.35466875 0.5845125 0.360184375 0.5852906250000001 0.3675390625 0.575165625 0.37048125 0.5634812499999999 0.3730546875 0.5401140625 0.373790625 0.5346625 0.3734234375 0.5214203125
0 0.6380208328125 0.5846354171875 0.5572916671875 0.61328125 0.5052083328125 0.6106770828125 0.4361979171875 0.5989583328125 0.39453125 0.5924479171875 0.3229166671875 0.5611979171875 0.2734375 0.5247395828125 0.2513020828125 0.5260416671875 0.3450520828125 0.6119791671875 0.5390625 0.6380208328125 0.5950520828125 0.6145833328125 0.66796875 0.5924479171875 0.6940104171875 0.58203125 0.6380208328125 0.5846354171875
0 0.5559895828125 0.4635416671875 0.5885416671875 0.4596354171875 0.6731770828125 0.4296875 0.6666666671875 0.4127604171875 0.5768229171875 0.4479166671875 0.5572916671875 0.44921875 0.4270833328125 0.4231770828125 0.296875 0.3723958328125 0.2864583328125 0.3893229171875 0.3932291671875 0.4309895828125 0.4140625 0.4427083328125 0.4947916671875 0.453125 0.5559895828125 0.4635416671875
5 0.68359375 0.4791666671875 0.7213541671875 0.4596354171875 0.71484375 0.3880208328125 0.6770833328125 0.4231770828125 0.68359375 0.4791666671875
5 0.69140625 0.5950520828125 0.734375 0.5559895828125 0.7135416671875 0.5078125 0.6822916671875 0.5221354171875 0.69140625 0.5950520828125
