7 0.36590625 0.34541093749999996 0.3577078125 0.39525 0.361271875 0.4065765625 0.3630546875 0.392984375 0.36555 0.37410625 0.36590625 0.34541093749999996
1 0.530815625 0.5307671875 0.5315515625 0.520640625 0.5304484375 0.5081781249999999 0.5293453125 0.4910421875 0.5282421875 0.4778015625 0.5216234375 0.47390625000000003 0.5230937499999999 0.501946875 0.5227265625 0.520640625 0.52566875 0.5346625 0.530815625 0.5307671875
8 0.6069390625 0.4536546875 0.6135578125000001 0.468453125 0.6190734375 0.4630015625 0.622015625 0.45131718750000005 0.624221875 0.4388546875 0.6260609374999999 0.4232765625 0.6264296875 0.4045828125 0.62569375 0.393678125 0.620178125 0.39056250000000003 0.6157640625 0.391340625 0.60988125 0.41081406249999997 0.6065703124999999 0.44197031249999996 0.6069390625 0.4536546875
7 0.5874484375 0.46066406249999997 0.585609375 0.48636875 0.5914937499999999 0.48169531250000003 0.5929640625 0.46923281250000004 0.5955390625 0.4552125 0.5922296874999999 0.42405625 0.593671875 0.38125624999999996 0.590184375 0.409509375 0.58891875 0.35862656249999997 0.58708125 0.43262343750000004 0.5874484375 0.46066406249999997
7 0.6657765625 0.3485015625 0.6613640625 0.40925625 0.6639390625 0.42171875 0.6646734375000001 0.3835515625 0.6657765625 0.3485015625
7 0.6148125 0.6011437500000001 0.6165 0.6242375 0.622384375 0.646825 0.620178125 0.62813125 0.619809375 0.6109953124999999 0.619809375 0.596196875 0.6148125 0.6011437500000001
8 0.629003125 0.5837328125 0.6249578125 0.582175 0.61870625 0.5860703125 0.610615625 0.5845125 0.6054671875000001 0.591521875 0.608778125 0.6219 0.613190625 0.6569515625 0.6190734375 0.6810984375 0.6253265625 0.6881078125 0.631578125 0.6779828125 0.63268125 0.6585093750000001 0.6297390625 0.6335843750000001 0.63010625 0.611775 0.629003125 0.5837328125
7 0.3793078125 0.6624046875 0.3844546875 0.6335843750000001 0.38923593749999996 0.5954171875000001 0.392178125 0.560365625 0.3881328125 0.560365625 0.38629375 0.5775015625 0.3844546875 0.5985328125 0.37158437499999997 0.7036859375 0.3793078125 0.6624046875
1 0.35466875 0.5845125 0.360184375 0.5852906250000001 0.3675390625 0.575165625 0.37048125 0.5634812499999999 0.3730546875 0.5401140625 0.373790625 0.5346625 0.3734234375 0.5214203125 0.3701140625 0.5151890625 0.3631265625 0.510515625 0.355403125 0.504284375 0.3473140625 0.501946875 0.339590625 0.5190828125 0.3366484375 0.544009375 0.3300296875 0.5525765625 0.3256171875 0.5673765625 0.3289265625 0.57594375 0.33885624999999997 0.5720500000000001 0.34768125 0.57594375 0.35466875 0.5845125
6 0.3138484375 0.65305625 0.3131140625 0.6367 0.3061265625 0.637478125 0.2995078125 0.646046875 0.2980359375 0.6662984375 0.2991390625 0.6849921875 0.3042875 0.6966765625 0.3131140625 0.702128125 0.3212046875 0.7013499999999999 0.3256171875 0.6904453125 0.328559375 0.673309375 0.3252484375 0.6514984375 0.32377812499999997 0.667078125 0.316790625 0.677203125 0.314584375 0.6701937499999999 0.3138484375 0.65305625
