7 0.3563017484375 0.405921753125 0.361271875 0.4065765625 0.3692723078125 0.3458544140625 0.364302215625 0.34519960625 0.3563017484375 0.405921753125
1 0.5237822203125 0.5348031093750001 0.5325585015625001 0.5341489828125 0.5280323953125 0.473428565625 0.519256196875 0.47408268906249995 0.5237822203125 0.5348031093750001
7 0.598035140625 0.35886272343750003 0.5889187234375 0.35862656249999997 0.585609375 0.48636875 0.594725790625 0.486604909375 0.598035140625 0.35886272343750003
7 0.649547534375 0.4297310109375 0.6579956874999999 0.4284901921875 0.6434742078125 0.32962529687500003 0.6350261546875 0.33086610781250003 0.649547534375 0.4297310109375
7 0.661053109375 0.42164632500000004 0.6639390625 0.42171875 0.6657765625 0.3485015625 0.662890634375 0.3484291390625 0.661053109375 0.42164632500000004
7 0.393268525 0.5604915109374999 0.3881858078125 0.5599047125000001 0.37158437499999997 0.7036859375 0.376667090625 0.7042727296875 0.393268525 0.5604915109374999
1 0.3855263015625 0.512999490625 0.3447630265625 0.5012060218750001 0.323286103125 0.575433046875 0.364049346875 0.5872264390625 0.3855263015625 0.512999490625
6 0.3263529609375 0.635918875 0.2963477109375 0.637689253125 0.300195240625 0.702890359375 0.330200490625 0.70111999375 0.3263529609375 0.635918875
6 0.3559761515625 0.6591407593749999 0.33965163593750003 0.6535123890625 0.324924503125 0.6962210843750001 0.34124900625 0.7018494265624999 0.3559761515625 0.6591407593749999
6 0.6911773765625 0.66709133125 0.6626546359375001 0.6701808421875 0.6683723484375 0.722959828125 0.6968950859375 0.7198703359375 0.6911773765625 0.66709133125
6 0.613800246875 0.7018078015625 0.6017191093750001 0.70250041875 0.6029674953125 0.7242723203125 0.61504863125 0.7235797046875 0.613800246875 0.7018078015625
8 0.6138982140625 0.6839894546874999 0.63855289375 0.68174838125 0.6292613640625 0.5795454546875 0.60460716875 0.5817865062500001 0.6138982140625 0.6839894546874999
8 0.629627021875 0.402593309375 0.611695528125 0.40080026249999995 0.6051276890625 0.466478775 0.62305918125 0.4682718140625 0.629627021875 0.402593309375
