8 0.37007500000000004 0.4681375 0.37430625 0.506128125 0.39606093750000004 0.5208328125 0.39545625 0.5 0.394246875 0.47671562500000003 0.3882046875 0.4436265625 0.38518281249999997 0.41911718750000004 0.379140625 0.4068625 0.371284375 0.4142140625 0.36886718749999997 0.44117656250000004 0.37007500000000004 0.4681375
1 0.4050640625 0.5587453124999999 0.40341250000000006 0.5495375 0.398046875 0.5461890625 0.39309375 0.55958125 0.39639531250000004 0.5738109375 0.4017609375 0.5713 0.4050640625 0.566278125 0.4050640625 0.5587453124999999
1 0.670871875 0.5872046875 0.6716968750000001 0.5796703125 0.66756875 0.5478640625 0.6642671874999999 0.5244265625 0.6597265625000001 0.520240625 0.6556 0.5344703125 0.6543609375 0.5528859374999999 0.6576640625 0.5687890624999999 0.6646796875 0.578834375 0.670871875 0.5872046875
7 0.6569375 0.7052640625000001 0.6651125 0.71326875 0.672725 0.734421875 0.6848468750000001 0.76300625 0.6893578125000001 0.77615625 0.6882296875 0.7664359375 0.6803359375 0.7384234375000001 0.6724421875 0.7161265625000001 0.66455 0.6961171875 0.6600390625 0.6641015625 0.6572203125 0.668103125 0.6577828125 0.681253125 0.6549640625 0.687540625 0.6487625 0.698403125 0.6442515625 0.698975 0.644815625 0.7155546875 0.6442515625 0.7361359375000001 0.6479171874999999 0.76529375 0.6563734375 0.7921640625 0.6467890625 0.7241296875 0.655528125 0.7818734375 0.6642671874999999 0.8121734375 0.6617296875 0.795021875 0.6577828125 0.776728125 0.6546828125 0.7595765625 0.6521453125 0.73385 0.6507359375 0.7184140625000001 0.6521453125 0.7098375 0.6569375 0.7052640625000001
7 0.367134375 0.7583765625 0.357753125 0.8025109374999999 0.3645078125 0.7842484375 0.3705109375 0.7629421875 0.37651406249999997 0.72565625 0.378015625 0.6959796875 0.36938593750000004 0.693696875 0.369009375 0.724134375 0.367134375 0.7583765625
7 0.347621875 0.6868484375 0.34462031249999997 0.693696875 0.3348640625 0.7233734375 0.3288609375 0.7583765625 0.3239828125 0.7857703125 0.32811093750000003 0.7812046875 0.3303625 0.7713125 0.3397421875 0.7340265625 0.3506234375 0.696740625 0.347621875 0.6868484375
8 0.36863437499999996 0.7994671875 0.3772640625 0.7766390624999999 0.38139218750000003 0.7462015625 0.3817671875 0.6898921875 0.3742625 0.6914140625 0.358128125 0.692175 0.35850312500000003 0.7058718749999999 0.356253125 0.7408750000000001 0.3506234375 0.7888140625 0.35175 0.8078375 0.36188125000000004 0.812403125 0.36863437499999996 0.7994671875
8 0.3273609375 0.7834875 0.3348640625 0.7720734375 0.3397421875 0.75609375 0.346871875 0.7401140625 0.3536265625 0.7248953124999999 0.3596296875 0.7066328125 0.3547515625 0.68913125 0.347996875 0.6799999999999999 0.34049375 0.6883703125 0.3333640625 0.708915625 0.3239828125 0.7477234375 0.3239828125 0.7812046875 0.3273609375 0.7834875
1 0.30522187500000003 0.6427140625 0.304846875 0.675434375 0.308975 0.6914140625 0.31722968749999997 0.7051109375 0.3284859375 0.70435 0.337115625 0.6860875 0.3431203125 0.672390625 0.346121875 0.6396703125000001 0.34124374999999996 0.6411921875 0.336365625 0.6373875 0.32623437499999997 0.6267343750000001 0.31422812499999997 0.617603125 0.3070984375 0.6313 0.30522187500000003 0.6427140625
5 0.69169921875 0.6623020015625001 0.6968869625 0.6320401609374999 0.6899699703125 0.6294462890625 0.6787298578125001 0.638957153125 0.6752713625 0.638957153125 0.66921899375 0.6424156484375 0.6683543703125 0.650197265625 0.6770006093750001 0.666625121875 0.69169921875 0.6623020015625001
