1 0.24880698437499998 0.46358152343750003 0.2636312890625 0.4630343734375 0.26178868906249997 0.4131156921875 0.2469644828125 0.413662840625 0.24880698437499998 0.46358152343750003
1 0.2328601234375 0.4266306125 0.22227980937499997 0.4230665671875 0.2134871703125 0.44916711875 0.22406748125 0.45273115781250006 0.2328601234375 0.4266306125
8 0.30458634687499997 0.337546178125 0.261421246875 0.342244759375 0.2765160828125 0.48091201562499997 0.3196811765625 0.4762134734375 0.30458634687499997 0.337546178125
2 0.303930728125 0.48977669218750003 0.341263671875 0.5067050765625 0.366452775 0.451157946875 0.32912011093750004 0.4342296359375 0.303930728125 0.48977669218750003
7 0.33136769374999997 0.44037037031250004 0.33876080625 0.44033408906249993 0.3382938375 0.3451909484375 0.3309008109375 0.34522722968749997 0.33136769374999997 0.44037037031250004
8 0.5678274359375 0.4801788171875 0.5973901609375 0.4846824640625 0.612095421875 0.3881592859375 0.5825330703125 0.38365566875 0.5678274359375 0.4801788171875
8 0.6024478953125 0.4656778640625 0.6350367640625 0.46487304218750003 0.633300525 0.394579028125 0.6007119609375 0.3953838453125 0.6024478953125 0.4656778640625
8 0.729480259375 0.43845993125 0.7485591515625 0.442538165625 0.757491765625 0.400751490625 0.7384129765624999 0.3966732671875 0.729480259375 0.43845993125
1 0.734546678125 0.5780684203125 0.7710881984375 0.573548896875 0.763568075 0.5127538640625 0.7270269218750001 0.517273365625 0.734546678125 0.5780684203125
8 0.6475743234375 0.6843668390625 0.6781679734375 0.65773058125 0.6325265578125 0.6053150281249999 0.601933153125 0.631951103125 0.6475743234375 0.6843668390625
1 0.3085364453125 0.605228703125 0.31187968593750004 0.5816024109375 0.29403414843750003 0.579077446875 0.290690875 0.6027037015625 0.3085364453125 0.605228703125
1 0.29422499062499996 0.5642586406250001 0.278691440625 0.563263821875 0.27580997812499997 0.608251628125 0.2913435265625 0.60924644375 0.29422499062499996 0.5642586406250001
1 0.25832123125 0.549810475 0.22457049218749997 0.54858565625 0.22189023125000001 0.62243460625 0.25564096875 0.6236594171875 0.25832123125 0.549810475
8 0.16738393125 0.6105117515625 0.185178125 0.6168984375 0.2090080546875 0.5505116453125 0.1912140625 0.544125 0.16738393125 0.6105117515625
8 0.23129225312499999 0.574951675 0.21271247031249998 0.5621452921875 0.185626578125 0.60143805 0.20420631562499997 0.614244378125 0.23129225312499999 0.574951675
6 0.2421259234375 0.7137471015625 0.22486461562499999 0.7007663046875 0.200643553125 0.732969384375 0.2179048109375 0.745950125 0.2421259234375 0.7137471015625
6 0.22516650781249997 0.69342318125 0.20582030156250003 0.684687490625 0.1929483609375 0.713189671875 0.21229455000000003 0.7219253328125 0.22516650781249997 0.69342318125
6 0.754675146875 0.7347865984374999 0.7430267140625 0.7104151843750001 0.7211504890625 0.7208693765625 0.7327988453125001 0.745240725 0.754675146875 0.7347865984374999
6 0.7206696609375001 0.73842326875 0.7229848765625 0.7299618046874999 0.7061071359375 0.7253444828125 0.703791909375 0.7338059296874999 0.7206696609375001 0.73842326875
6 0.274536978125 0.372539771875 0.3024516515625 0.372539771875 0.30245160000000004 0.3368710703125 0.2745370359375 0.3368710703125 0.274536978125 0.372539771875
6 0.352269025 0.34098004375 0.33452015468749996 0.335433728125 0.3276245921875 0.3574995546875 0.3453734578125 0.36304586250000004 0.352269025 0.34098004375
