8 0.30458634687499997 0.337546178125 0.261421246875 0.342244759375 0.2765160828125 0.48091201562499997 0.3196811765625 0.4762134734375 0.30458634687499997 0.337546178125
8 0.5678274359375 0.4801788171875 0.5973901609375 0.4846824640625 0.612095421875 0.3881592859375 0.5825330703125 0.38365566875 0.5678274359375 0.4801788171875
8 0.6024478953125 0.4656778640625 0.6350367640625 0.46487304218750003 0.633300525 0.394579028125 0.6007119609375 0.3953838453125 0.6024478953125 0.4656778640625
5 0.597408340625 0.3606761140625 0.5768161640625 0.3864078125 0.6309983453125 0.429765740625 0.65159040625 0.4040341484375 0.597408340625 0.3606761140625
8 0.729480259375 0.43845993125 0.7485591515625 0.442538165625 0.757491765625 0.400751490625 0.7384129765624999 0.3966732671875 0.729480259375 0.43845993125
8 0.6475743234375 0.6843668390625 0.6781679734375 0.65773058125 0.6325265578125 0.6053150281249999 0.601933153125 0.631951103125 0.6475743234375 0.6843668390625
8 0.16738393125 0.6105117515625 0.185178125 0.6168984375 0.2090080546875 0.5505116453125 0.1912140625 0.544125 0.16738393125 0.6105117515625
8 0.23129225312499999 0.574951675 0.21271247031249998 0.5621452921875 0.185626578125 0.60143805 0.20420631562499997 0.614244378125 0.23129225312499999 0.574951675
5 0.20752447968749999 0.596088178125 0.1727753796875 0.590221240625 0.165479984375 0.6334260546875 0.20022907812500002 0.63929296875 0.20752447968749999 0.596088178125
5 0.7344150859374999 0.7430106953125 0.7528450015625 0.73631003125 0.7391358984374999 0.6986099 0.7207061296874999 0.7053105359375 0.7344150859374999 0.7430106953125
5 0.7864825343749999 0.659296865625 0.7938980796874999 0.654568703125 0.7781668296875 0.6298993328125 0.770751315625 0.63462748125 0.7864825343749999 0.659296865625
5 0.78169663125 0.683718271875 0.784361309375 0.6805315375000001 0.7630689046875 0.6627297453125001 0.7604042328125 0.6659164703125 0.78169663125 0.683718271875
5 0.2383657703125 0.7325072453125 0.2300974046875 0.7145954609375 0.2041749796875 0.726559728125 0.2124432796875 0.74447145625 0.2383657703125 0.7325072453125
5 0.2216190984375 0.7037699749999999 0.2073583421875 0.6930760265625 0.193647684375 0.7113569234375 0.20790841875 0.7220508453125001 0.2216190984375 0.7037699749999999
