8 0.30458634687499997 0.337546178125 0.261421246875 0.342244759375 0.2765160828125 0.48091201562499997 0.3196811765625 0.4762134734375 0.30458634687499997 0.337546178125
8 0.5678274359375 0.4801788171875 0.5973901609375 0.4846824640625 0.612095421875 0.3881592859375 0.5825330703125 0.38365566875 0.5678274359375 0.4801788171875
8 0.6024478953125 0.4656778640625 0.6350367640625 0.46487304218750003 0.633300525 0.394579028125 0.6007119609375 0.3953838453125 0.6024478953125 0.4656778640625
8 0.729480259375 0.43845993125 0.7485591515625 0.442538165625 0.757491765625 0.400751490625 0.7384129765624999 0.3966732671875 0.729480259375 0.43845993125
8 0.6475743234375 0.6843668390625 0.6781679734375 0.65773058125 0.6325265578125 0.6053150281249999 0.601933153125 0.631951103125 0.6475743234375 0.6843668390625
8 0.16738393125 0.6105117515625 0.185178125 0.6168984375 0.2090080546875 0.5505116453125 0.1912140625 0.544125 0.16738393125 0.6105117515625
8 0.23129225312499999 0.574951675 0.21271247031249998 0.5621452921875 0.185626578125 0.60143805 0.20420631562499997 0.614244378125 0.23129225312499999 0.574951675
5 0.2421259234375 0.7137471015625 0.22486461562499999 0.7007663046875 0.200643553125 0.732969384375 0.2179048109375 0.745950125 0.2421259234375 0.7137471015625
5 0.22516650781249997 0.69342318125 0.20582030156250003 0.684687490625 0.1929483609375 0.713189671875 0.21229455000000003 0.7219253328125 0.22516650781249997 0.69342318125
5 0.754675146875 0.7347865984374999 0.7430267140625 0.7104151843750001 0.7211504890625 0.7208693765625 0.7327988453125001 0.745240725 0.754675146875 0.7347865984374999
5 0.7206696609375001 0.73842326875 0.7229848765625 0.7299618046874999 0.7061071359375 0.7253444828125 0.703791909375 0.7338059296874999 0.7206696609375001 0.73842326875
5 0.274536978125 0.372539771875 0.3024516515625 0.372539771875 0.30245160000000004 0.3368710703125 0.2745370359375 0.3368710703125 0.274536978125 0.372539771875
5 0.352269025 0.34098004375 0.33452015468749996 0.335433728125 0.3276245921875 0.3574995546875 0.3453734578125 0.36304586250000004 0.352269025 0.34098004375
