7 0.2822546875 0.37126875 0.29700625 0.4567015625 0.3002828125 0.4406203125 0.2822546875 0.37126875
7 0.3133953125 0.4567015625 0.3204984375 0.3381015625 0.3052 0.45368593749999997 0.3133953125 0.4567015625
1 0.33251718750000003 0.5019296875 0.33415625000000004 0.5210265625 0.3418046875 0.513990625 0.3450828125 0.50595 0.34672187499999996 0.49589999999999995 0.3450828125 0.4838390625 0.3423515625 0.476803125 0.337434375 0.475796875 0.3330640625 0.47981875 0.33251718750000003 0.5019296875
2 0.565253125 0.557209375 0.5718093750000001 0.5582140625 0.5789125 0.5511781250000001 0.5789125 0.5320828125 0.5772734374999999 0.5099703124999999 0.57235625 0.49891406250000003 0.5658000000000001 0.4969046875 0.5586984375 0.49891406250000003 0.5548734375000001 0.513990625 0.5565125 0.5340921875 0.5586984375 0.54916875 0.565253125 0.557209375
2 0.5734484375 0.50595 0.5772734374999999 0.5330874999999999 0.5827359375000001 0.54916875 0.59093125 0.562234375 0.5996718750000001 0.560225 0.606228125 0.5471578125 0.6045890625 0.530071875 0.6024046875 0.5019296875 0.5931171875000001 0.4969046875 0.5838296875 0.49589999999999995 0.5734484375 0.50595
2 0.6067750000000001 0.4938890625 0.5974875 0.500925 0.6013109375 0.5220312500000001 0.6045890625 0.5451484375 0.6116921875 0.55921875 0.6182484374999999 0.5632390625 0.62535 0.5632390625 0.63190625 0.5582140625 0.63736875 0.5471578125 0.6324515625 0.497909375 0.619340625 0.4938890625 0.6067750000000001 0.4938890625
7 0.6190671875 0.4046359375 0.61921875 0.46187500000000004 0.61765625 0.47671875 0.6165625 0.48140625000000004 0.6171875 0.49312500000000004 0.6215625 0.49406249999999996 0.6221515625 0.4056671875 0.6199078124999999 0.39535156250000003 0.6143015625 0.412371875 0.6109375 0.45484375000000005 0.6090625000000001 0.49234375 0.61515625 0.49375 0.6148625 0.434034375 0.6190671875 0.4046359375
7 0.6047328125 0.74635625 0.6060890624999999 0.71203125 0.606428125 0.6833234375 0.607446875 0.65274375 0.6020187499999999 0.6571125 0.603715625 0.7026703125 0.6020187499999999 0.739490625 0.6054109375000001 0.7894171875 0.6047328125 0.74635625
9 0.6044807 0.2988088 0.5838914015625 0.312535 0.5643579640625 0.3273170609375 0.5474641796874999 0.33945946718750003 0.5390172875 0.3463225671875 0.509981096875 0.37747048125 0.5120928203124999 0.41864907812499996 0.5221235046875 0.4360707921875 0.543768665625 0.432375278125 0.5569669328125 0.3959480578125 0.5770283015625 0.3827497875 0.6155672453125 0.334180159375 0.6319330984375 0.282970878125 0.6166231078125 0.29036190781250004 0.6044807 0.2988088
5 0.6541943171875 0.5238454859375 0.6517441500000001 0.518455121875 0.6483139171875 0.51306475625 0.6458637515625 0.511104621875 0.6434135859375 0.51159465625 0.6345929875 0.520415253125 0.6355730546875 0.5238454859375 0.6468438187500001 0.529725884375 0.6497840171875 0.5316860171875 0.6527242171875 0.5302159171875 0.655664415625 0.527765753125 0.6541943171875 0.5238454859375
5 0.6635049468750001 0.623322225 0.6561544484375 0.621852125 0.6394933203125001 0.6292026234375 0.630672721875 0.6355730546875 0.6238122578125 0.6478238843749999 0.6355730546875 0.6497840171875 0.6502740499999999 0.6478238843749999 0.6659551125000001 0.6375331875 0.671345478125 0.6267524578125 0.6635049468750001 0.623322225
5 0.34058228281249997 0.6343345015625 0.357611396875 0.636463140625 0.36293299375 0.6353988203125 0.365061634375 0.61836970625 0.33845364375 0.6173053875 0.33100340625 0.6162410671874999 0.3097170125 0.622626984375 0.30865269375 0.6247556234375 0.321424528125 0.629012903125 0.34058228281249997 0.6343345015625
0 0.60902471875 0.6895936125000001 0.6927656171875001 0.680077603125 0.7308296624999999 0.648991965625 0.71496964375 0.6109279203125 0.6711959921874999 0.6394759546875 0.5024453921875 0.6318631453125 0.36795243437499997 0.6261535375 0.2689859171875 0.5836486875 0.262641909375 0.63059434375 0.3140283703125 0.670561590625 0.3857156546875 0.6718303921875 0.44915572968750006 0.680712003125 0.50307979375 0.6794432015625 0.554466253125 0.675636796875 0.60902471875 0.6895936125000001
0 0.744786478125 0.47326295781249994 0.675636796875 0.4656501484375 0.6426479578125 0.46438134687500005 0.5760358796875 0.469456553125 0.48848857656250005 0.478972565625 0.4466181265625 0.45994054218749997 0.3590708234375 0.45486533749999997 0.283577134375 0.436467715625 0.277867528125 0.48848857656250005 0.42948930625 0.5151334078125 0.6477231640625 0.522111815625 0.7460552796875 0.5214774156249999 0.744786478125 0.47326295781249994
