1 0.4370421875 0.7396281250000001 0.43398906249999997 0.7246515625 0.42991875 0.731515625 0.42991875 0.740253125 0.43195468750000005 0.7502375 0.436025 0.7558546875000001 0.43805937500000003 0.7502375 0.4370421875 0.7396281250000001
1 0.439078125 0.744621875 0.440434375 0.7521109375 0.446540625 0.748365625 0.4485765625 0.7390046875 0.44620156250000004 0.7246515625 0.44145312499999995 0.72090625 0.4400953125 0.7283953125 0.43805937500000003 0.7340125 0.439078125 0.744621875
1 0.3322921875 0.7171984375 0.333821875 0.7247 0.3348421875 0.733140625 0.33560625 0.737359375 0.338409375 0.7289203125 0.339175 0.7167296875 0.3399390625 0.7078203125 0.338409375 0.70219375 0.333821875 0.7073515625 0.3322921875 0.7171984375
1 0.5402640625 0.7781515625 0.542303125 0.7744015625 0.54510625 0.76924375 0.5438328125 0.7612734375 0.542303125 0.7556468749999999 0.5395 0.7514265625000001 0.5379703124999999 0.759865625 0.538225 0.77018125 0.5402640625 0.7781515625
1 0.6200375 0.803471875 0.625390625 0.805346875 0.6304875 0.8076921875 0.6348203125 0.806284375 0.6445046875 0.804409375 0.6513859375 0.8001890625 0.6521515625000001 0.79315625 0.6490921875 0.7884671875 0.6437406250000001 0.7865921874999999 0.6399171875 0.7842484375 0.6330359375 0.79221875 0.6302328125 0.8001890625 0.6261546874999999 0.8025343749999999 0.6210578124999999 0.7983140625 0.6192734375 0.79503125 0.6154499999999999 0.7945625 0.6174890625 0.7997203125000001 0.6200375 0.803471875
1 0.727275 0.7092453125 0.722796875 0.7181703125000001 0.7198125 0.7319 0.7224234375 0.7442562500000001 0.731753125 0.7470015625 0.731753125 0.7545531249999999 0.73361875 0.7627906249999999 0.7377234374999999 0.771715625 0.742946875 0.7772078125 0.7451859375 0.758671875 0.7444390624999999 0.737390625 0.747425 0.7216015625 0.7489171875 0.7071859375 0.7489171875 0.6982609375 0.7459328125 0.6907109375 0.7403359375 0.6982609375 0.7321265625 0.6989484375 0.727275 0.7092453125
1 0.8879546875000001 0.7017859375 0.8896375000000001 0.707459375 0.8946828124999999 0.7100390625 0.8938421875 0.6997234375 0.8918796875 0.6894078125 0.8879546875000001 0.694565625 0.8879546875000001 0.7017859375
1 0.8969265625 0.7028187499999999 0.89720625 0.707975 0.8994500000000001 0.704365625 0.9005703125 0.7002390625 0.900009375 0.694565625 0.8969265625 0.69301875 0.8969265625 0.7028187499999999
2 0.8278625 0.8534218750000001 0.837675 0.8513578125000001 0.8528140625 0.8462015624999999 0.8617859375 0.8364015625000001 0.8693546874999999 0.829696875 0.8749625 0.8198968750000001 0.873840625 0.8064875 0.873 0.7925609375 0.866271875 0.784825 0.8595421875 0.7801828125 0.8502906250000001 0.786371875 0.844403125 0.788434375 0.8401984375 0.787403125 0.8275828125 0.7920453125 0.8186109374999999 0.8044234375 0.8160875000000001 0.8137078125 0.817209375 0.8322749999999999 0.8219749999999999 0.8487796875000001 0.8278625 0.8534218750000001
2 0.7673062500000001 0.8540390625000001 0.7743156250000001 0.8571328125000001 0.7832859375 0.8524906250000001 0.7933796875 0.8483656249999999 0.801509375 0.8452703125 0.8102 0.849396875 0.8177703125000001 0.8478484375 0.817209375 0.8267031250000001 0.8177703125000001 0.813809375 0.8116015624999999 0.8096828125 0.8059953125 0.8055562500000001 0.7970234375 0.806071875 0.787771875 0.807103125 0.7813234375 0.804009375 0.7717921875 0.8009140625000001 0.76141875 0.8076187499999999 0.7600171875 0.82515625 0.7611390625000001 0.8468171874999999 0.7673062500000001 0.8540390625000001
1 0.46480468750000004 0.8463015625000001 0.4628421875 0.8509437500000001 0.46340312499999997 0.8633218749999999 0.4659265625 0.8695109375 0.46844843750000004 0.8602281250000001 0.47069218749999997 0.851975 0.47237343750000005 0.8463015625000001 0.4718140625 0.840628125 0.46816874999999997 0.8421749999999999 0.46480468750000004 0.8463015625000001
1 0.3591109375 0.8401125 0.3605125 0.8437234374999999 0.36275625 0.8432078125 0.367521875 0.83701875 0.3661203125 0.827734375 0.36219531250000003 0.8230921875 0.35883125 0.828765625 0.3591109375 0.8339234375 0.3591109375 0.8401125
