7 0.3392203125 0.4464859375 0.341621875 0.41624218749999997 0.33887812500000003 0.3910390625 0.3330484375 0.3677265625 0.33785 0.406790625 0.3368203125 0.43010312500000003 0.3347640625 0.4527859375 0.3392203125 0.4464859375
7 0.3154375 0.38626875 0.31672500000000003 0.4179859375 0.3154375 0.43408125000000003 0.3169828125 0.4511234375 0.323165625 0.44354843749999995 0.3211046875 0.413725 0.3198171875 0.3947890625 0.319559375 0.37348750000000003 0.317240625 0.35455156250000003 0.3154375 0.38626875
7 0.59984375 0.7848609375 0.5959796875000001 0.743203125 0.5926296875 0.707225 0.592115625 0.691603125 0.5931453125 0.6873437499999999 0.5869625 0.6859234375 0.591084375 0.7327874999999999 0.5946906249999999 0.7649781250000001 0.5972671875 0.7839140625 0.59984375 0.7848609375
7 0.6858125 0.4634265625 0.6875265625 0.452715625 0.69026875 0.4350734375 0.6912984375 0.3871875 0.6888984375 0.42310156250000003 0.6813546875000001 0.4602765625 0.6858125 0.4634265625
7 0.6631453125 0.39355 0.66144375 0.39355 0.65974375 0.40344375 0.6654125 0.44614374999999995 0.668528125 0.46749375000000004 0.6722125 0.4622859375 0.6773140625 0.4591609375 0.6673953125 0.39927812500000004 0.66059375 0.35762031250000004 0.6594609375 0.36074375000000003 0.6631453125 0.39355
1 0.3590734375 0.6374140625 0.36360000000000003 0.6450390625 0.3715203125 0.6485046875 0.37793125 0.6568203125000001 0.3847203125 0.6561281250000001 0.3900015625 0.6443453124999999 0.38887031250000004 0.6256328124999999 0.3850984375 0.6145421875 0.37529218750000004 0.6027609375 0.369634375 0.5986015625000001 0.3628453125 0.6110765625 0.3575640625 0.6277109375000001 0.3590734375 0.6374140625
2 0.31532031250000003 0.57365 0.30853125000000003 0.5785015625 0.3021203125 0.5895921875 0.3009890625 0.6083046875 0.3009890625 0.6325624999999999 0.3096640625 0.6415734375000001 0.3190921875 0.6422656250000001 0.33455625 0.6415734375000001 0.34738125000000003 0.636721875 0.3575640625 0.6207796875 0.3579421875 0.610384375 0.3571875 0.5923640625 0.351153125 0.5798890625 0.3466265625 0.5798890625 0.337575 0.5819671875 0.3326703125 0.5861265625 0.3224875 0.5757296875 0.31532031250000003 0.57365
7 0.3154590921875 0.6599144265625 0.32329141093749997 0.654915075 0.3313078125 0.6772828125 0.32896562500000004 0.7461390625 0.33365 0.6876109375 0.329903125 0.7530249999999999 0.33294687500000003 0.7319375 0.3371625 0.700521875 0.33833437499999997 0.68115625 0.33809999999999996 0.65404375 0.3399559171875 0.6395837296875 0.3092932265625 0.6420834046875 0.3112929671875 0.648082628125 0.3154590921875 0.6599144265625
7 0.316553125 0.6626515625 0.313509375 0.6574875 0.2914953125 0.7319375 0.3025015625 0.7009515625 0.29594375 0.7319375 0.3074203125 0.68675 0.313509375 0.6699671875 0.316553125 0.6626515625
6 0.3385671875 0.7401140625 0.3357578125 0.7474296875 0.3345859375 0.7504421875 0.3280296875 0.7525953125 0.325921875 0.7500125 0.32170624999999997 0.742696875 0.3240484375 0.7181671875 0.321003125 0.7229 0.316553125 0.7383921875 0.3167875 0.747 0.3191296875 0.7568984375000001 0.32147187499999996 0.763353125 0.32615625000000004 0.7672265625 0.332478125 0.7650750000000001 0.3355234375 0.760771875 0.3392703125 0.7538859375 0.340675 0.7491515625 0.34114374999999997 0.742265625 0.3402078125 0.736240625 0.3390359375 0.7345203125 0.3385671875 0.7401140625
6 0.2868109375 0.7461390625 0.293134375 0.7491515625 0.2982859375 0.748721875 0.3029703125 0.7418359375 0.30601406249999996 0.736240625 0.3064828125 0.7284953125 0.30624843749999997 0.7138625000000001 0.30343906249999997 0.7237609375 0.30062812499999997 0.7315078125000001 0.2964125 0.7366718750000001 0.29102656250000003 0.7379625 0.28774687499999996 0.7340890625000001 0.28798124999999997 0.7263437500000001 0.291728125 0.7164453125 0.293134375 0.7069765625 0.2914953125 0.709559375 0.288215625 0.7164453125 0.284703125 0.7250515625 0.2830640625 0.7379625 0.2868109375 0.7461390625
7 0.2825875 0.650628125 0.2731578125 0.6534 0.2708953125 0.690134375 0.26636875 0.716471875 0.25882499999999997 0.7414234375000001 0.2724046875 0.7053828125 0.2780609375 0.6721140625 0.2825875 0.650628125
7 0.25882499999999997 0.6450843749999999 0.25656249999999997 0.6534 0.252790625 0.6631046875 0.2471328125 0.676965625 0.241853125 0.6922140625 0.2373265625 0.7074609374999999 0.2350640625 0.7310265625000001 0.2350640625 0.736571875 0.2433609375 0.706075 0.250528125 0.6852828125 0.2561859375 0.6714203125 0.262596875 0.6624109375 0.2671234375 0.6492421875 0.25882499999999997 0.6450843749999999
5 0.3734375 0.496875 0.36770833281250004 0.49791666718750005 0.3625 0.49791666718750005 0.359375 0.4859375 0.3578125 0.5 0.3625 0.5083333328124999 0.3734375 0.496875
5 0.41442134218750004 0.5139138 0.41677155781249997 0.5099967750000001 0.4191217734375 0.5045129375 0.420688584375 0.5005959125 0.4214719890625 0.49589548125 0.41285453125 0.49432867187499996 0.4073706953125 0.49824569687500003 0.40580388593750005 0.5084299640625 0.406587290625 0.5131303953125 0.4136379375 0.5139138 0.41442134218750004 0.5139138
5 0.654143328125 0.640825440625 0.6619773796875 0.6322079828125 0.6557101390625 0.627507553125 0.6376918203125 0.6322079828125 0.6290743625 0.638475225 0.6478760859375 0.6517931124999999 0.65257651875 0.6447424671875 0.654143328125 0.640825440625
