1 0.45656875 0.43815781249999997 0.45293593750000005 0.44644375 0.45339062500000005 0.4584140625 0.459746875 0.456571875 0.4670109375 0.45933437499999996 0.4779078125 0.45933437499999996 0.47926875 0.451046875 0.483809375 0.433553125 0.47518281250000005 0.43447500000000006 0.4670109375 0.43447500000000006 0.45656875 0.43815781249999997
1 0.5643578125000001 0.463915625 0.56098125 0.473046875 0.56023125 0.4844609375 0.5591046875 0.49891874999999997 0.5628578125 0.5194640625 0.566234375 0.5255515625 0.5699859375 0.5148984375000001 0.5692359375 0.5027234375 0.5733640624999999 0.48826562500000004 0.5752390625 0.48065625 0.5741140625 0.4677203125 0.5718625 0.4616328125 0.5643578125000001 0.463915625
1 0.7016890625000001 0.521746875 0.7050671875 0.521746875 0.7110703125 0.520225 0.7140718749999999 0.5148984375000001 0.7144468749999999 0.5027234375 0.7166984375000001 0.49435312500000006 0.7204515625 0.49891874999999997 0.7219515624999999 0.51109375 0.723078125 0.521746875 0.7298312499999999 0.521746875 0.7317078125 0.5141375 0.7313328125 0.49435312500000006 0.7275796875 0.47989531249999995 0.7223265624999999 0.4692421875 0.7166984375000001 0.4692421875 0.70844375 0.471525 0.7013140625000001 0.49435312500000006 0.6986875 0.5148984375000001 0.7016890625000001 0.521746875
1 0.6983125 0.6412140625 0.6998140625 0.652628125 0.704315625 0.6640421875 0.7099453125 0.673934375 0.7155734375 0.68154375 0.7242031250000001 0.6838265625 0.72870625 0.6777390624999999 0.7328328125 0.666325 0.7264546875 0.6625203125 0.723828125 0.6587156249999999 0.7204515625 0.65415 0.7148218749999999 0.6488234375 0.703940625 0.6434968750000001 0.6983125 0.6412140625
1 0.4023 0.573221875 0.39630624999999997 0.5711953125 0.3868171875 0.5813234375 0.3843203125 0.6025921875 0.3898140625 0.6248750000000001 0.393809375 0.6289265625 0.39680624999999997 0.613734375 0.399803125 0.597528125 0.4023 0.573221875
1 0.3353765625 0.614746875 0.33787500000000004 0.6269 0.3438671875 0.635003125 0.350359375 0.633990625 0.3548546875 0.6258874999999999 0.356853125 0.6106953125000001 0.3483625 0.616771875 0.34236875 0.616771875 0.3353765625 0.614746875
5 0.3802083328125 0.51171875 0.3723958328125 0.4401041671875 0.3359375 0.4596354171875 0.3359375 0.5234375 0.3802083328125 0.51171875
6 0.2721354171875 0.7018229171875 0.28125 0.73046875 0.2903645828125 0.7369791671875 0.3138020828125 0.7109375 0.3098958328125 0.6627604171875 0.2877604171875 0.6692708328125 0.2721354171875 0.7018229171875
6 0.31640625 0.7291666671875 0.3190104171875 0.76171875 0.3333333328125 0.7643229171875 0.33984375 0.73828125 0.34375 0.7265625 0.31640625 0.7291666671875
6 0.3697916671875 0.8294270828125001 0.39453125 0.8033854171874999 0.3802083328125 0.7799479171875 0.3515625 0.7916666671875 0.3697916671875 0.8294270828125001
6 0.48828125 0.82421875 0.5013020828125 0.7799479171875 0.4856770828125 0.7643229171875 0.46875 0.8111979171874999 0.48828125 0.82421875
6 0.640625 0.7682291671875 0.6263020828125 0.8541666671874999 0.6354166671875 0.875 0.6549479171875 0.859375 0.65625 0.78515625 0.6497395828125 0.7708333328125 0.640625 0.7682291671875
0 0.456434053125 0.67828210625 0.514261825 0.6814098125 0.589281746875 0.682973728125 0.623665809375 0.6907931171875 0.6736791296875 0.69861250625 0.708063190625 0.69861250625 0.7658909625 0.6876653484374999 0.7721426421875 0.6595155593750001 0.795586353125 0.6157269921874999 0.7862088921875 0.6063436890625 0.7658909625 0.6298018578125 0.7408843609375 0.6563877921875 0.7033744000000001 0.6720265703125 0.6408578390625 0.6735904234375 0.58771885625 0.6595155593750001 0.5517717859375 0.6470045484375 0.5048843656249999 0.634493478125 0.4548711640625 0.6313657703125 0.41892409218750004 0.6329296234374999 0.36734788125 0.6329296234374999 0.32827503125 0.62354638125 0.2938909703125 0.614163078125 0.2751360484375 0.6188547 0.27201015 0.6360573921875 0.25481811875 0.637621246875 0.2298115171875 0.6188547 0.22824862656249997 0.5907049109375 0.2054687140625 0.5707031265625 0.22824862656249997 0.6407490124999999 0.26888436875 0.6845375812500001 0.3220234703125 0.645440634375 0.3735995609375 0.6563877921875 0.4048578421875 0.668898803125 0.456434053125 0.67828210625
0 0.4017320625 0.45933920781250004 0.4408049140625 0.4499559046875 0.475188975 0.4499559046875 0.5392684265625001 0.4499559046875 0.561149246875 0.4546475265625 0.58771885625 0.4702863046875 0.66430155 0.49218061718749995 0.7143148703125 0.5109471640625001 0.7565135015625 0.525022028125 0.7893346734375 0.523458175 0.7658909625 0.503127775 0.7143148703125 0.4890528515625 0.6517983093749999 0.4702863046875 0.617414128125 0.4499559046875 0.5627121374999999 0.44057263124999996 0.515824715625 0.4233699984375 0.4689372953125 0.4171144640625 0.38141413125 0.43275324218750005 0.3439041703125 0.4437004578125 0.2766989390625 0.44839205 0.250129328125 0.44839205 0.20324190781249998 0.44839205 0.2132812140625 0.4808593765625 0.2454406578125 0.46246691562500003 0.27044725937499997 0.46715859687499994 0.3204604609375 0.47966960781249995 0.3501558515625 0.464030828125 0.368910890625 0.4609030625 0.4017320625 0.45933920781250004
