7 0.5125033796875 0.28874695781250004 0.5013202546875 0.288137496875 0.49341816875 0.43312922187499997 0.50460129375 0.433738678125 0.5125033796875 0.28874695781250004
1 0.5765939921875 0.4619759765625 0.5618617484375 0.46090748125000003 0.557220346875 0.5248977984375001 0.571952590625 0.5259662890625 0.5765939921875 0.4619759765625
1 0.721101803125 0.6869800046875 0.7371959546875 0.670615353125 0.702729303125 0.6367230187499999 0.6866352296875 0.6530875921875 0.721101803125 0.6869800046875
1 0.40280493906250003 0.571958153125 0.38811900625 0.5702342625 0.381399753125 0.6274698812499999 0.39608568437499997 0.6291937625 0.40280493906250003 0.571958153125
5 0.3794222765625 0.439522396875 0.3343333140625 0.44547237968750003 0.3437562375 0.5168744249999999 0.3888451953125 0.5109244734375 0.3794222765625 0.439522396875
6 0.370025975 0.7970869265625 0.35647334062499997 0.7998903625 0.3599278875 0.816587353125 0.3734805203125 0.813783921875 0.370025975 0.7970869265625
6 0.3347508828125 0.7702300203125 0.34208669999999997 0.7397910828125001 0.3167092171875 0.7336761390625 0.30937333906250003 0.7641149859375 0.3347508828125 0.7702300203125
6 0.489418359375 0.7754703890625 0.47716865156250005 0.7754703890625 0.47716865156250005 0.8034994390625 0.489418359375 0.8034994390625 0.489418359375 0.7754703890625
6 0.6555438875 0.7718570062500001 0.645260125 0.770536821875 0.636740503125 0.8368887953125 0.6470242625 0.8382089687500001 0.6555438875 0.7718570062500001
6 0.325989190625 0.6779791125 0.3049942109375 0.6660582796875001 0.2747235625 0.71936318125 0.2957184859375 0.7312839375 0.325989190625 0.6779791125
5 0.643028846875 0.700721153125 0.696720315625 0.6934664374999999 0.68337694375 0.5947298984375 0.629686509375 0.6019845421875 0.643028846875 0.700721153125
8 0.3977833125 0.779934125 0.4237056375 0.779590834375 0.42185005625 0.6395233453125 0.39592852968750003 0.63986663125 0.3977833125 0.779934125
8 0.7442495921875001 0.6225737703124999 0.723291046875 0.627345821875 0.747579671875 0.7340053765625 0.7685382 0.729233378125 0.7442495921875001 0.6225737703124999
8 0.7252805375 0.6287159328125 0.6879275109375 0.6393867375 0.7205924296874999 0.7537136296875 0.7579454015625 0.743042959375 0.7252805375 0.6287159328125
8 0.5820309359375 0.7273441609375 0.6066406796875 0.7308593250000001 0.615625 0.66796875 0.5910155859375 0.664453609375 0.5820309359375 0.7273441609375
8 0.310054303125 0.751845365625 0.3362812859375 0.7565004234375 0.3642638640625 0.5988656734375 0.3380377484375 0.5942106953125 0.310054303125 0.751845365625
8 0.2612117703125 0.7064288640624999 0.2893773484375 0.718066059375 0.34438560625000003 0.5849464125 0.31622075625 0.573309390625 0.2612117703125 0.7064288640624999
8 0.2696214875 0.5839237374999999 0.2445312265625 0.5789062453125 0.23425474687499998 0.6302887421875 0.2593450015625 0.635306209375 0.2696214875 0.5839237374999999
8 0.2497761734375 0.5595756515625 0.22734369999999998 0.5554687406250001 0.214243915625 0.6270139765625 0.23667638281249997 0.6311208609375 0.2497761734375 0.5595756515625
8 0.29907600625 0.49037881875 0.3209090515625 0.4962005890625 0.3407222328125 0.42190074062500005 0.31888940468750004 0.41607900000000003 0.29907600625 0.49037881875
8 0.45002924687499996 0.45573594218749996 0.481647209375 0.4599282140625 0.5036451484375 0.29402614374999997 0.47202775781249995 0.28983390937500003 0.45002924687499996 0.45573594218749996
8 0.74329686875 0.4547341375 0.7043592984375 0.449172040625 0.6930936859375 0.5280316859374999 0.73203125 0.53359375 0.74329686875 0.4547341375
8 0.6916808203125 0.43680335625 0.672677375 0.43997037343749995 0.685831878125 0.518897740625 0.70483531875 0.51573074375 0.6916808203125 0.43680335625
8 0.6456677046875 0.506225403125 0.6718750609375 0.510156259375 0.6855478234375 0.4190039453125 0.65934079375 0.4150731140625 0.6456677046875 0.506225403125
