5 0.7717176171875 0.716315546875 0.7399624203124999 0.6921968140625 0.7085805953125 0.7335083 0.7403356703124999 0.75762689375 0.7717176171875 0.716315546875
5 0.3811025234375 0.778911821875 0.3593076671875 0.7773773046875 0.35625782031250003 0.8206861312499999 0.37805267656249997 0.8222206406250001 0.3811025234375 0.778911821875
5 0.3395919390625 0.7271755390625 0.315455509375 0.7264310015625 0.31394041562499997 0.7755390875 0.33807684375 0.7762836203125 0.3395919390625 0.7271755390625
5 0.32694984374999997 0.676104525 0.3094076671875 0.6653874109375 0.27463752812500003 0.7222921453125 0.2921796484375 0.7330091828125 0.32694984374999997 0.676104525
5 0.391867065625 0.8047721828125001 0.42297106093750003 0.8036789078125001 0.42071320781250005 0.73946053125 0.389609684375 0.740553796875 0.391867065625 0.8047721828125001
5 0.65390974375 0.7731696921875 0.6454789796875 0.7722935140625 0.63863315 0.8381526296875 0.6470639125 0.8390288015625 0.65390974375 0.7731696921875
8 0.74224976875 0.45433284374999994 0.7045106734375 0.44973085937499996 0.69493053125 0.5282883859374999 0.7326696203124999 0.53289034375 0.74224976875 0.45433284374999994
8 0.692434115625 0.44048038749999996 0.6733443343750001 0.44380011093749994 0.6867273 0.52075249375 0.7058170765625 0.517432790625 0.692434115625 0.44048038749999996
8 0.6496835578125 0.504967625 0.672604246875 0.5079059874999999 0.6839641453125 0.41929825625 0.6610437359375 0.4163599109375 0.6496835578125 0.504967625
8 0.449793640625 0.4540001875 0.4806286734375 0.4583307796875 0.50267456875 0.301363134375 0.471840065625 0.2970325796875 0.449793640625 0.4540001875
8 0.30097530625 0.4887899796875 0.3215757390625 0.49258454687500003 0.335326253125 0.41793834375000005 0.31472603125 0.4141437953125 0.30097530625 0.4887899796875
8 0.2705183015625 0.581904903125 0.2453124171875 0.5749999765625 0.2296875 0.63203125 0.2548933703125 0.6389361375 0.2705183015625 0.581904903125
8 0.24955327500000002 0.5563634093750001 0.2254525921875 0.5525833062500001 0.21410410156249998 0.6249300265625 0.2382047765625 0.6287101046875 0.24955327500000002 0.5563634093750001
8 0.36302194375 0.5975911984375 0.335156053125 0.5945312281249999 0.3176833296875 0.7536267 0.34554921250000004 0.7566866203125 0.36302194375 0.5975911984375
8 0.34356546718750003 0.5853306765624999 0.31718721875 0.5757811484375 0.2689645984375 0.708968165625 0.2953427796875 0.7185175593750001 0.34356546718750003 0.5853306765624999
8 0.39530588125 0.7763171828125001 0.42184741875 0.776625759375 0.4234375 0.63984375 0.3968967609375 0.6395351781249999 0.39530588125 0.7763171828125001
8 0.614335284375 0.6717765453125 0.5945312421875 0.67109375 0.5925205953125 0.72940269375 0.6123246390625 0.7300854859375 0.614335284375 0.6717765453125
8 0.7423939374999999 0.7302894703125 0.76567768125 0.72557043125 0.744433034375 0.620765596875 0.7211497859375 0.625484584375 0.7423939374999999 0.7302894703125
8 0.729058896875 0.631775503125 0.69140625 0.64140625 0.719372971875 0.75073020625 0.7570255765625 0.7410995734375 0.729058896875 0.631775503125
