1 0.34950156250000003 0.479809375 0.3540421875 0.4890171875 0.35693125000000003 0.47562499999999996 0.3606453125 0.4655796875 0.3610578125 0.44465468750000003 0.35899375 0.42874999999999996 0.351978125 0.4053140625 0.34207187499999997 0.40949843750000003 0.3350546875 0.43042499999999995 0.3284515625 0.4488390625 0.3284515625 0.4597203125 0.33464218749999997 0.46223281250000003 0.34413593750000004 0.46474374999999996 0.3462 0.46474374999999996 0.34950156250000003 0.479809375
7 0.4609421875 0.4044765625 0.45681562500000006 0.37518125 0.44938593750000005 0.35174375 0.457228125 0.39108437500000004 0.45640156249999997 0.41786874999999996 0.4543390625 0.44130624999999996 0.4506234375 0.4555359375 0.4535125 0.468928125 0.46052968749999995 0.4312625 0.4609421875 0.4044765625
7 0.43741562500000003 0.4546984375 0.43411406250000006 0.4371203125 0.42957343750000004 0.41535781250000003 0.42668437499999995 0.402803125 0.42668437499999995 0.38606250000000003 0.427096875 0.369321875 0.4242078125 0.4002921875 0.42668437499999995 0.42372812499999996 0.42957343750000004 0.4438171875 0.43122499999999997 0.4605578125 0.43741562500000003 0.4546984375
7 0.453925 0.32914374999999996 0.447734375 0.3877359375 0.4456703125 0.41870624999999995 0.44484531250000003 0.44130624999999996 0.45103593750000004 0.44130624999999996 0.45103593750000004 0.4053140625 0.4526875 0.3760171875 0.4535125 0.34672187499999996 0.453925 0.32914374999999996
1 0.82776875 0.5123359375 0.8296328125000001 0.52745625 0.8312640625000001 0.537378125 0.8338265625 0.5340703125 0.8370875 0.5288734374999999 0.8382531249999999 0.5222578125 0.8375546875 0.5146984375 0.8347578125 0.505721875 0.8305640625 0.5024140625 0.82776875 0.5123359375
1 0.8284671875 0.5487171875 0.828934375 0.5397406250000001 0.8287015625 0.5317078125 0.8266046875 0.52273125 0.8238078124999999 0.5165890625 0.8231093749999999 0.5189515625000001 0.8221765624999999 0.5269828125 0.8231093749999999 0.5364328125 0.8261375 0.5444656250000001 0.8284671875 0.5487171875
2 0.47990625 0.6490781250000001 0.4849796875 0.6450765625 0.4917453125 0.6416453125 0.49851093750000003 0.6342140625 0.5030218750000001 0.6216359375 0.5024578125 0.6062000000000001 0.49682031249999997 0.593621875 0.486953125 0.5896203125 0.47680468749999994 0.5901921875 0.4689109375 0.59419375 0.4635546875 0.609059375 0.4621453125 0.627353125 0.4635546875 0.6416453125 0.46834687500000005 0.64850625 0.4725765625 0.6519359375 0.47990625 0.6490781250000001
7 0.459890625 0.7582734375 0.46440000000000003 0.7405515625 0.48119423906250003 0.6739396375 0.48253274843750005 0.645161678125 0.471155415625 0.651184971875 0.459890625 0.7582734375
1 0.3042515625 0.5089921875 0.3092453125 0.5218828125 0.314240625 0.5320109375000001 0.3260453125 0.5366140625 0.33285468749999997 0.5347734375 0.3373953125 0.5218828125 0.341028125 0.5163578125 0.3392109375 0.50346875 0.32559062499999997 0.49702343750000005 0.31651093750000003 0.4868953125 0.31060781249999997 0.48321249999999993 0.30334374999999997 0.49794375 0.3042515625 0.5089921875
6 0.387498559375 0.26770194062499997 0.387498559375 0.2576631171875 0.3868293046875 0.24427802187499997 0.384821540625 0.2402624921875 0.378798246875 0.23691621718749997 0.375451971875 0.23691621718749997 0.369428678125 0.2395932375 0.360728365625 0.24494727656249998 0.3567128359375 0.24829355 0.35604358125 0.252978334375 0.354705071875 0.262347903125 0.3480125234375 0.2777407640625 0.348681778125 0.2911258609375 0.35002028749999997 0.2944721359375 0.3526973078125 0.2971491546875 0.357382090625 0.3018339375 0.360728365625 0.3045109578125 0.3674209140625 0.3031724484375 0.3741134625 0.2971491546875 0.37679048125 0.2944721359375 0.3854907953125 0.2817562921875 0.387498559375 0.26770194062499997
6 0.43367714375000005 0.34399699375 0.43033087031250006 0.33864295625 0.4243075765625 0.333958171875 0.41493800937499997 0.331281153125 0.40824545937499995 0.32994264218749997 0.40289142031249997 0.3286041328125 0.3982066375 0.3292733875 0.3975373828125 0.3346274265625 0.3982066375 0.341319975 0.396868128125 0.3540358171875 0.3955296171875 0.3613976203125 0.4062376953125 0.36541315 0.41159173437499996 0.3640746390625 0.417615028125 0.3553743265625 0.4196227921875 0.351358796875 0.4209613015625 0.3493510328125 0.43367714375000005 0.34399699375
8 0.396868128125 0.393521853125 0.3988758921875 0.3747827171875 0.3988758921875 0.3734442078125 0.393521853125 0.36608240468750003 0.38950632500000004 0.3613976203125 0.387498559375 0.35604358281250004 0.3834830296875 0.3600591109375 0.3774597375 0.3707671875 0.3721056984375 0.3982066375 0.3761212265625 0.4196227921875 0.378798246875 0.43836192812499997 0.381475265625 0.45174702499999997 0.387498559375 0.46914765156250005 0.3955296171875 0.4497392609375 0.39619887187499997 0.44237745781250004 0.396868128125 0.42899236093750004 0.3948603625 0.4122609890625 0.396868128125 0.393521853125
8 0.3982066375 0.4671398875 0.40422993125 0.468478396875 0.41159173437499996 0.45843957343749997 0.41627651875 0.445054478125 0.4196227921875 0.43033087031250006 0.42229981250000004 0.40690695000000004 0.4243075765625 0.38348303125 0.426315340625 0.36809016875 0.42229981250000004 0.3553743265625 0.41493800937499997 0.354705071875 0.4109224796875 0.35604358281250004 0.41025322500000005 0.3613976203125 0.4109224796875 0.36541315 0.40489918593749996 0.38013675625 0.40289142031249997 0.390175578125 0.399545146875 0.4075762046875 0.40422993125 0.4162765171875 0.40422993125 0.42497683124999996 0.40155291093749995 0.4376926734375 0.3982066375 0.45710106406250006 0.3982066375 0.4671398875
9 0.9121943640625 0.530719096875 0.9095173453125 0.530719096875 0.9001477765624999 0.528042078125 0.8927859734375 0.5273728234374999 0.8827471499999999 0.530719096875 0.8720390734375 0.54209643125 0.8807393859375001 0.6070141515625 0.896801503125 0.70338685 0.9061710703125 0.716771946875 0.9148713828125 0.717441203125 0.9175484031250001 0.6946865375 0.9255794609375 0.617722228125 0.9255794609375 0.585597996875 0.92825648125 0.558827803125 0.926248715625 0.5414271765625001 0.9229024421875 0.534734628125 0.9121943640625 0.530719096875
