1 0.3276696609375 0.48849733124999994 0.360180971875 0.4891381953125 0.36182944687499996 0.405508253125 0.329318503125 0.40486739375 0.3276696609375 0.48849733124999994
7 0.4603119140625 0.3516134875 0.44938593750000005 0.35174375 0.450783490625 0.4689606609375 0.4617094671875 0.4688304 0.4603119140625 0.3516134875
7 0.431136984375 0.46056844999999996 0.438024590625 0.45973604375 0.427096875 0.369321875 0.4202093484375 0.3701542765625 0.431136984375 0.46056844999999996
1 0.8359582734375 0.5017491078125 0.8266057203124999 0.5029020140625 0.8308621078125 0.537427675 0.8402146609375001 0.5362747703124999 0.8359582734375 0.5017491078125
1 0.82717636875 0.5162565796874999 0.821176234375 0.5168488046874999 0.8243619671875001 0.5491223796875 0.8303621031249999 0.54853015625 0.82717636875 0.5162565796874999
2 0.4630562484375 0.6522837890625001 0.504087221875 0.6507846046875 0.5018320187499999 0.589076665625 0.4608015234375 0.5905758421875 0.4630562484375 0.6522837890625001
7 0.48420289375000003 0.6453373359375 0.471906434375 0.6440440546875 0.459890625 0.7582734375 0.4721870828125 0.759566703125 0.48420289375000003 0.6453373359375
1 0.3489559703125 0.5021207390625 0.3106078015625 0.4832124953125 0.291961765625 0.52102596875 0.33030989375 0.5399341515625 0.3489559703125 0.5021207390625
6 0.4367686625 0.766445265625 0.42812702343750003 0.757402521875 0.4031211828125 0.781294859375 0.411762784375 0.790337565625 0.4367686625 0.766445265625
6 0.4797048140625 0.74501445 0.45073971718749994 0.7401876749999999 0.443610175 0.7829640203125 0.4725752640625 0.787790771875 0.4797048140625 0.74501445
6 0.38432887031249996 0.777956203125 0.3921069453125 0.7816064796875 0.4056444234375 0.75276573125 0.3978663984375 0.7491154671875 0.38432887031249996 0.777956203125
6 0.8480513406249999 0.79821345625 0.8327304484375 0.7896762421875 0.8138124796874999 0.8236197296875 0.82913334375 0.832156903125 0.8480513406249999 0.79821345625
6 0.3352368453125 0.2975229234375 0.3508272890625 0.336995671875 0.391217953125 0.321043075 0.375627478125 0.28157040625 0.3352368453125 0.2975229234375
8 0.4342097640625 0.3465918546875 0.40373420156249995 0.34406988437499997 0.391378375 0.4933706671875 0.42185393437499996 0.49589261406249996 0.4342097640625 0.3465918546875
8 0.40123947812500005 0.3280630703125 0.3757774203125 0.32820144375 0.3766351796875 0.48603050937500003 0.40209723750000004 0.48589213750000004 0.40123947812500005 0.3280630703125
