4 0.2788811 0.47533551406249996 0.3098082984375 0.47436133593749996 0.3063019953125 0.36305895312500003 0.2753752453125 0.3640331234375 0.2788811 0.47533551406249996
4 0.3590972515625 0.49840530000000005 0.3769130859375 0.4986101703125 0.378463475 0.363781003125 0.36064795625 0.363576134375 0.3590972515625 0.49840530000000005
1 0.5523341046875 0.603439440625 0.570642715625 0.6005104125 0.5612599421875 0.5418675687500001 0.5429515171875 0.54479658125 0.5523341046875 0.603439440625
2 0.621994615625 0.5275652046875 0.5868429328125 0.5295201296875 0.59103359375 0.6048656859375 0.626185275 0.6029107734375 0.621994615625 0.5275652046875
4 0.568694815625 0.511208296875 0.5849172874999999 0.5109734359375 0.5829271312500001 0.3735274125 0.56670495625 0.373762271875 0.568694815625 0.511208296875
7 0.6059616250000001 0.5306488484375 0.611565659375 0.5306031250000001 0.6107578124999999 0.431603125 0.6051538625 0.4316488484375 0.6059616250000001 0.5306488484375
7 0.6017629375 0.4676750921875 0.6059125 0.46830156250000005 0.6119687593750001 0.4281890640625 0.60781921875 0.4275625953125 0.6017629375 0.4676750921875
2 0.659971459375 0.511245184375 0.6164965015625 0.5177675359375 0.6269438625 0.5873985375 0.6704188109375 0.580876225 0.659971459375 0.511245184375
2 0.66533908125 0.55992595 0.6980032359375 0.5594444296875001 0.6970486625000001 0.4947065890625 0.664384846875 0.4951881078125 0.66533908125 0.55992595
7 0.63680859375 0.4070446109375 0.6291 0.4076203125 0.6332359234375 0.4629968765625 0.6409445171875 0.4624211765625 0.63680859375 0.4070446109375
4 0.6917009421875 0.3401122171875 0.669772440625 0.34059240156250004 0.67276480625 0.477237765625 0.6946933093750001 0.47675758593750006 0.6917009421875 0.3401122171875
2 0.6979898953125 0.57684491875 0.6433759828125 0.5864118781250001 0.6530024609375 0.6413594421875 0.707616359375 0.6317925343749999 0.6979898953125 0.57684491875
7 0.691827665625 0.7398844796875 0.700540915625 0.7382280703124999 0.6814421875 0.637778125 0.6727291203125 0.6394345171875 0.691827665625 0.7398844796875
7 0.706545915625 0.6745182953125 0.7018718749999999 0.67626875 0.7187499203125001 0.7213297171875 0.72342395625 0.719579271875 0.706545915625 0.6745182953125
2 0.6494481984375 0.5873752125 0.6007953765625 0.5896031859375 0.60446369375 0.669699875 0.6531165156250001 0.6674719203125 0.6494481984375 0.5873752125
4 0.633055540625 0.7813022328125 0.656555746875 0.7793037890625001 0.6461920234375 0.6574578437499999 0.6226924406250001 0.6594562609375 0.633055540625 0.7813022328125
2 0.5566809046875 0.581332075 0.5891905093750001 0.5845827296875 0.5942849453125 0.533637215625 0.56177561875 0.530386575 0.5566809046875 0.581332075
2 0.312705815625 0.48931763281249996 0.2803707890625 0.48667825625 0.275346571875 0.5482250734375 0.307681596875 0.5508644390625 0.312705815625 0.48931763281249996
2 0.348985075 0.573531825 0.37258936875000004 0.5758344734375 0.3775539625 0.5249464203125 0.3539498703125 0.52264378125 0.348985075 0.573531825
5 0.35513101874999997 0.46078540781250005 0.3046875 0.46484375 0.3128083640625 0.565775003125 0.363251878125 0.56171669375 0.35513101874999997 0.46078540781250005
5 0.7060848843749999 0.6306009593749999 0.749330771875 0.6111423171875 0.7265625 0.560546875 0.6833169890625 0.58000541875 0.7060848843749999 0.6306009593749999
