1 0.24573509218749998 0.3470526328125 0.2306623390625 0.34289461875 0.21815175781249999 0.3882435328125 0.23322450625000002 0.39240153437499997 0.24573509218749998 0.3470526328125
1 0.2406229046875 0.4099715609375 0.2498521125 0.41160862500000006 0.25546038437499996 0.379992528125 0.2462312109375 0.37835546875000003 0.2406229046875 0.4099715609375
2 0.2900387015625 0.41886515625 0.285443359375 0.49058288437500003 0.3352422328125 0.493773359375 0.3398373109375 0.42205588125000004 0.2900387015625 0.41886515625
7 0.3284059265625 0.3331082546875 0.3207609359375 0.33307031249999997 0.320342821875 0.41731429843749995 0.32798781093749996 0.4173522390625 0.3284059265625 0.3331082546875
7 0.320948540625 0.325926325 0.3157796796875 0.325546875 0.3125765625 0.369178125 0.3177454234375 0.3695575734375 0.320948540625 0.325926325
2 0.40297877968750007 0.452045046875 0.3657529 0.44636470156249997 0.3534059828125 0.5272739953125 0.3906318546875 0.53295430625 0.40297877968750007 0.452045046875
7 0.39273631875000004 0.3633495 0.381689053125 0.36298906249999996 0.37857695156250004 0.45836901562500004 0.3896242171875 0.45872945156249995 0.39273631875000004 0.3633495
7 0.3839731375 0.370013359375 0.3792078125 0.369984375 0.37893125 0.41545156250000004 0.383696575 0.415480546875 0.3839731375 0.370013359375
1 0.38864706718750003 0.5223298921875 0.3977730140625 0.5238309890624999 0.40340637187499995 0.4895854796875 0.3942804734375 0.48808438593750003 0.38864706718750003 0.5223298921875
2 0.45795417812499994 0.470228821875 0.42581123906249996 0.46952180156249995 0.4242588109375 0.54009388125 0.45640175000000005 0.540800896875 0.45795417812499994 0.470228821875
2 0.49477312968750004 0.4612864109375 0.45625715468749994 0.46166677656250005 0.4570854625 0.5455353953125 0.49560143749999996 0.5451550328125 0.49477312968750004 0.4612864109375
7 0.437143496875 0.46645905625 0.44512275625 0.46671497031250003 0.449314790625 0.336015359375 0.44133566562500004 0.335759446875 0.437143496875 0.46645905625
7 0.47450468749999997 0.3491265625 0.47050625 0.3491265625 0.47050625 0.42986250000000004 0.47450468749999997 0.42986250000000004 0.47450468749999997 0.3491265625
2 0.532107609375 0.445920821875 0.49559779062500003 0.4456469140625 0.494836975 0.5470502671874999 0.5313467937499999 0.547324175 0.532107609375 0.445920821875
2 0.5327325453125 0.5406926453125 0.5665674421875 0.5403594843749999 0.565727140625 0.455050221875 0.5318926859374999 0.45538338125 0.5327325453125 0.5406926453125
4 0.49981262031250007 0.44301218750000004 0.5212546125 0.443948796875 0.5276202921875 0.29822152968750004 0.506178653125 0.29728492812499996 0.49981262031250007 0.44301218750000004
7 0.5440673328125001 0.461200025 0.556670375 0.46084218593750004 0.5531753921875 0.3377584 0.540572540625 0.3381162375 0.5440673328125001 0.461200025
7 0.5773860187500001 0.4768326921875 0.583760865625 0.47664311406250004 0.5784328125 0.2974921875 0.5720581109375 0.2976817640625 0.5773860187500001 0.4768326921875
2 0.5929700171875 0.52719156875 0.631889584375 0.5261290578125 0.629511728125 0.4390438171875 0.590592659375 0.4401063234375 0.5929700171875 0.52719156875
7 0.6017983375 0.45359865624999995 0.61078833125 0.45275688281250004 0.601084375 0.3491265625 0.5920944984375 0.34996833125000004 0.6017983375 0.45359865624999995
7 0.6072097515625 0.448435659375 0.614835271875 0.4489201859375 0.6217522828125001 0.34006455468749996 0.6141268656250001 0.33958003125 0.6072097515625 0.448435659375
2 0.65948866875 0.42123450625 0.6242599171875 0.42577838593750006 0.6360085828125001 0.5168600171875 0.6712373281249999 0.5123161671875 0.65948866875 0.42123450625
2 0.6553142703125 0.4868288625 0.7092935125000001 0.491738609375 0.7210782124999999 0.3621765140625 0.667099865625 0.357266809375 0.6553142703125 0.4868288625
4 0.7027820640625 0.24657521249999997 0.6805859375 0.2467984375 0.6817208765625 0.35964716874999997 0.703917003125 0.359423946875 0.7027820640625 0.24657521249999997
2 0.6885272453125 0.55399441875 0.749595059375 0.5288073171875001 0.7209911703125 0.45946183749999997 0.6599239890625 0.484648790625 0.6885272453125 0.55399441875
7 0.726626253125 0.5306641578125 0.7149292265625 0.5353756359374999 0.7500685390624999 0.6226063359375 0.7617655437499999 0.6178948953125001 0.726626253125 0.5306641578125
7 0.7123554359375001 0.5489888890625 0.7049203125 0.5512265625 0.7305465484375 0.63636625625 0.7379816640625 0.6341286 0.7123554359375001 0.5489888890625
2 0.673605621875 0.49849387968750003 0.6244610296875 0.5079196171875 0.6384772078125 0.5809918484375001 0.687621784375 0.57156616875 0.673605621875 0.49849387968750003
7 0.6754464484375 0.68048948125 0.6828970812499999 0.679243715625 0.6663852125 0.58050295 0.65893471875 0.5817487046875 0.6754464484375 0.68048948125
2 0.614930115625 0.621311709375 0.64513706875 0.616207959375 0.6306006359375 0.530183240625 0.6003941375 0.5352869515625 0.614930115625 0.621311709375
4 0.6345001531250001 0.7061841921875 0.6540519312499999 0.703317253125 0.639893484375 0.606774525 0.6203420796875 0.6096414359375 0.6345001531250001 0.7061841921875
2 0.4160349046875 0.5384295078125 0.3833294828125 0.5350679421875 0.3733823375 0.6318362734375 0.4060877546875 0.6351978093749999 0.4160349046875 0.5384295078125
7 0.3714984375 0.7161852125 0.3764015625 0.7172609375000001 0.3881484859375 0.6637265734375 0.383245415625 0.6626508546875 0.3714984375 0.7161852125
7 0.361950459375 0.589100840625 0.357682653125 0.5884671640625 0.3418984375 0.6947609375 0.3461662421875 0.6953946078125 0.361950459375 0.589100840625
2 0.38779885 0.5294164218749999 0.351610978125 0.5268821328125 0.3468165296875 0.595337121875 0.3830044 0.597871396875 0.38779885 0.5294164218749999
2 0.3536291125 0.5116451718749999 0.309499584375 0.5076482078125 0.30121052656249997 0.5991575 0.34534005 0.6031544328125 0.3536291125 0.5116451718749999
4 0.2791094125 0.690528353125 0.29789594375 0.694230975 0.320311071875 0.58051368125 0.301524953125 0.5768111 0.2791094125 0.690528353125
2 0.29783207031250003 0.5475585359374999 0.32527609687500003 0.5100150703125 0.26701874999999997 0.46743281249999996 0.239574803125 0.5049760640625001 0.29783207031250003 0.5475585359374999
7 0.2292794875 0.603878984375 0.2559338765625 0.6161472906250001 0.2932691015625 0.535039703125 0.2666150625 0.5227714890625 0.2292794875 0.603878984375
6 0.34966451875 0.7015202359375 0.3361297 0.689217678125 0.3244775015625 0.7020351 0.33801229843749997 0.7143376359375 0.34966451875 0.7015202359375
6 0.3842531234375 0.7304472296875 0.39070866249999997 0.716677475 0.3688975203125 0.7064535750000001 0.3624419734375 0.7202232937499999 0.3842531234375 0.7304472296875
6 0.593435725 0.2853366484375 0.55728096875 0.28108327499999997 0.54962776875 0.3461355625 0.5857825234375 0.3503889234375 0.593435725 0.2853366484375
6 0.7254757109375001 0.6536505515625 0.744724365625 0.649199834375 0.73665330625 0.6142983234375 0.7174047781249999 0.618749025 0.7254757109375001 0.6536505515625
5 0.36669361562499997 0.42561158125 0.3401560859375 0.42295800625 0.332837471875 0.496144515625 0.359375 0.4987980765625 0.36669361562499997 0.42561158125
