1 0.23714062500000002 0.35789375 0.23322500000000002 0.3436015625 0.22788750000000002 0.3541328125 0.226109375 0.3593984375 0.22361875000000003 0.3684265625 0.2214828125 0.379709375 0.225396875 0.3902421875 0.2325140625 0.3894890625 0.23607187500000001 0.3819671875 0.23963125000000002 0.369178125 0.23714062500000002 0.35789375
1 0.2431890625 0.39926875 0.2439015625 0.410553125 0.25030625 0.4090484375 0.2545765625 0.38497499999999996 0.25386406250000004 0.379709375 0.24959375 0.3812140625 0.24425625 0.3894890625 0.2431890625 0.39926875
2 0.33570625 0.48653124999999997 0.3378421875 0.44440468749999995 0.33392656249999997 0.4361296875 0.3268109375 0.43236875 0.314 0.42183593750000004 0.301190625 0.4195796875 0.295140625 0.42334062499999997 0.28695624999999997 0.46697187500000004 0.28802500000000003 0.47675156249999995 0.29798749999999996 0.49104374999999995 0.3043921875 0.491796875 0.314 0.49104374999999995 0.327878125 0.4933015625 0.33570625 0.48653124999999997
7 0.32823437499999997 0.36767343750000003 0.327521875 0.3488671875 0.3207609375 0.33307031249999997 0.3243203125 0.35789375 0.3232515625 0.38046250000000004 0.322184375 0.3955078125 0.32040625 0.404534375 0.322184375 0.4173234375 0.327521875 0.3947546875 0.32823437499999997 0.36767343750000003
7 0.3125765625 0.369178125 0.31827031250000004 0.3624078125 0.31577968749999996 0.325546875 0.3125765625 0.369178125
7 0.31289218750000003 0.3892953125 0.3114234375 0.3792078125 0.3073859375 0.3505015625 0.305184375 0.36834687499999996 0.30591875 0.3846390625 0.30848749999999997 0.41179531249999995 0.31289218750000003 0.3892953125
2 0.3789625 0.5273984375 0.387771875 0.521190625 0.39327812500000003 0.507225 0.3998859375 0.47231249999999997 0.3984171875 0.464553125 0.39254375 0.4567953125 0.38703750000000003 0.4552421875 0.379696875 0.452915625 0.373090625 0.447484375 0.3642796875 0.45601875 0.360609375 0.4800703125 0.35730625 0.5103296875 0.36538125 0.5258468749999999 0.37455781250000003 0.5305015625 0.3789625 0.5273984375
7 0.38803125 0.45508906250000003 0.389134375 0.428275 0.391340625 0.406125 0.389134375 0.3903859375 0.3816890625 0.36298906249999996 0.385825 0.40029531250000006 0.3841703125 0.41953125 0.3794828125 0.43060625 0.3816890625 0.44984375 0.3852734375 0.4585875 0.38803125 0.45508906250000003
7 0.38058593749999997 0.39563125 0.37893125 0.41545156250000004 0.38389531250000003 0.3828078125 0.3792078125 0.369984375 0.3794828125 0.37872812499999997 0.38058593749999997 0.39563125
1 0.38995 0.514409375 0.39195156249999996 0.5228734375 0.3986265625 0.5186421875 0.4012953125 0.50241875 0.3999609375 0.48901874999999995 0.3979578125 0.4925453125 0.3932875 0.5073562500000001 0.38995 0.514409375
2 0.4530171875 0.4798484375 0.44634375000000004 0.46997343750000004 0.437 0.4706796875 0.42832499999999996 0.48408125 0.42532031249999996 0.4918390625 0.424653125 0.52216875 0.42665625 0.5299265625 0.43199531249999995 0.5398015625 0.44300625 0.54050625 0.45435156250000003 0.5369796874999999 0.4563546875 0.5299265625 0.45735468749999997 0.49748125 0.4530171875 0.4798484375
2 0.4953953125 0.5242843749999999 0.49372812499999996 0.49325 0.48805468750000003 0.47491093749999996 0.48171406250000004 0.467153125 0.4720375 0.46151093750000005 0.4643625 0.472090625 0.460025 0.4826703125 0.45668749999999997 0.505240625 0.457021875 0.539096875 0.466365625 0.54544375 0.4893890625 0.5447390624999999 0.4953953125 0.54050625 0.4953953125 0.5242843749999999
7 0.44696718750000003 0.3763515625 0.4483 0.3359828125 0.43852812500000005 0.42329062500000003 0.43764062499999995 0.466475 0.44519062500000006 0.4645984375 0.44696718750000003 0.409209375 0.44696718750000003 0.3763515625
7 0.47050625 0.42986250000000004 0.47450468749999997 0.39794375 0.47050625 0.3491265625 0.47050625 0.42986250000000004
2 0.49537812499999995 0.474925 0.494934375 0.53406875 0.5007078125 0.54345625 0.516253125 0.5472109374999999 0.5313546875 0.5397015625 0.5317984375 0.487128125 0.52735625 0.4580265625 0.51891875 0.44582187500000003 0.5069265625 0.44582187500000003 0.4993765625 0.44770000000000004 0.49537812499999995 0.474925
2 0.5322421875 0.490884375 0.5344625 0.5284359375000001 0.538015625 0.540640625 0.5504515624999999 0.5387625 0.5611109375 0.5359453125 0.566440625 0.527496875 0.565996875 0.48243437499999997 0.5571140625 0.4655359375 0.5495640625 0.455209375 0.5357953125 0.4627203125 0.5322421875 0.490884375
4 0.5242484375 0.37541250000000004 0.5255796875 0.300309375 0.5109234375 0.2974921875 0.5078140624999999 0.3209625 0.50559375 0.368840625 0.5002640625 0.43267812499999997 0.5211390625 0.44394375 0.5215828124999999 0.436434375 0.5242484375 0.37541250000000004
7 0.5500078125 0.45239375 0.5566703125 0.46084218750000006 0.55489375 0.409209375 0.5540046875 0.3669640625 0.5495640625 0.3378609375 0.5468984375 0.4242296875 0.543790625 0.45145468749999995 0.5500078125 0.45239375
7 0.5775453125000001 0.354759375 0.5784328125 0.2974921875 0.5762125 0.43737343749999996 0.5784328125 0.47680156250000005 0.58331875 0.46178125000000003 0.579321875 0.40357656249999996 0.5775453125000001 0.354759375
2 0.6250671875 0.5237421875 0.6312859375000001 0.5040265625 0.629953125 0.455209375 0.621959375 0.43925000000000003 0.61263125 0.4420671875 0.608190625 0.450515625 0.6024171875000001 0.458965625 0.5957546875 0.45333281249999996 0.5913125 0.466475 0.5930890625 0.4965171875 0.5997515625000001 0.5077828125 0.6064140625000001 0.5199859375 0.6068578125 0.5237421875 0.616184375 0.5265578125 0.6250671875 0.5237421875
7 0.5993078125 0.41202500000000003 0.5997515625000001 0.43174062500000004 0.6046375 0.45333281249999996 0.6095234375 0.43925000000000003 0.6068578125 0.42329062500000003 0.601084375 0.3491265625 0.601528125 0.3829234375 0.5993078125 0.41202500000000003
2 0.6481640625 0.5152921874999999 0.6552703125 0.50684375 0.6610437499999999 0.49839374999999997 0.6650406249999999 0.486190625 0.6659296875 0.47116875 0.657046875 0.42798437500000003 0.650828125 0.4223515625 0.6419453125000001 0.427046875 0.6343953124999999 0.4420671875 0.629065625 0.441128125 0.629509375 0.466475 0.6321734375 0.487128125 0.6348390625 0.504965625 0.6379484375 0.5124765625000001 0.6481640625 0.5152921874999999
2 0.713896875 0.441128125 0.7161171875 0.41671874999999997 0.707234375 0.377290625 0.7014609375 0.3603921875 0.693465625 0.36226875000000003 0.68280625 0.3697796875 0.6748125 0.3857390625 0.6623765625 0.41202500000000003 0.6601546875000001 0.4336171875 0.6628203125 0.474925 0.6703703125 0.4880671875 0.679253125 0.48900625 0.6943546875 0.4739859375 0.7085671875 0.459903125 0.713896875 0.441128125
7 0.643721875 0.420475 0.6410578124999999 0.3425546875 0.6388359375 0.386678125 0.6317296875 0.32377968749999997 0.6375031250000001 0.4308015625 0.643721875 0.420475
4 0.70368125 0.3359828125 0.693465625 0.2477375 0.6805859375 0.2467984375 0.6814734375 0.33504375 0.6845828125 0.3444328125 0.685915625 0.35945312500000004 0.7010156249999999 0.35945312500000004 0.7023484375 0.3444328125 0.70368125 0.3359828125
2 0.6795921875000001 0.5318296874999999 0.682896875 0.5380375 0.685465625 0.5465718749999999 0.689503125 0.5496749999999999 0.69684375 0.5496749999999999 0.7008828125 0.5488984375 0.709325 0.5442437499999999 0.7177671875 0.5403640625 0.7232734375 0.529503125 0.7273109375 0.5232953124999999 0.732815625 0.5093296875 0.7361203125 0.49614062499999995 0.730246875 0.4829515625 0.7236390625 0.46588124999999997 0.7148296875 0.462003125 0.699046875 0.4720890625 0.6858328124999999 0.48372656249999996 0.67665625 0.49614062499999995 0.6751875 0.507778125 0.6795921875000001 0.5318296874999999
7 0.7185015625 0.5442437499999999 0.726209375 0.558209375 0.7339171875 0.5737265625 0.741625 0.5869156249999999 0.7467640624999999 0.6125203124999999 0.75006875 0.62260625 0.7412578125 0.57295 0.734284375 0.5496749999999999 0.7265765625 0.5333812499999999 0.7218046874999999 0.53260625 0.7185015625 0.5442437499999999
7 0.7295125 0.6156234375 0.7210703125 0.5822609375 0.7137296875 0.5535546874999999 0.7049203125 0.5512265625 0.7074890625 0.5597609375 0.7185015625 0.5853640625 0.7350187499999999 0.6350203125 0.7295125 0.6156234375
2 0.646925 0.57760625 0.655734375 0.5760546875 0.6674796875 0.5605375 0.6777578125 0.55588125 0.6803265625 0.5512265625 0.6795921875000001 0.5388124999999999 0.6788578125 0.5263984374999999 0.6770234375 0.5163125 0.67115 0.5038984375 0.66160625 0.5007953125 0.6564687499999999 0.5038984375 0.646925 0.50545 0.63995 0.51010625 0.6307734375 0.5256234375 0.631875 0.5465718749999999 0.63738125 0.575278125 0.63995 0.580709375 0.646925 0.57760625
7 0.6740875 0.5838125 0.6858328124999999 0.60010625 0.693540625 0.61795 0.7129953125 0.6575203125 0.6799593749999999 0.5760546875 0.6740875 0.5838125
7 0.6700484375 0.648209375 0.6762890625 0.6699328125 0.682896875 0.67924375 0.6784921875000001 0.662175 0.6696828125 0.6241578125 0.6678468750000001 0.58924375 0.66050625 0.5814859375 0.662340625 0.597003125 0.6700484375 0.648209375
2 0.6384828125 0.5768296875 0.6329765625 0.5442437499999999 0.6300390625000001 0.5302781249999999 0.62526875 0.5333812499999999 0.6186609375 0.5395890624999999 0.6083828125 0.547346875 0.6050796875 0.5574328125 0.6072828125 0.5760546875 0.6131546875 0.60088125 0.6219640625 0.6156234375 0.625634375 0.619503125 0.6315078125 0.61795 0.6370140625 0.6063125 0.6384828125 0.5985546875 0.6384828125 0.5768296875
4 0.6414187499999999 0.617175 0.6377484375 0.6070890624999999 0.62930625 0.6132953125 0.6241671875 0.6156234375 0.6226984375 0.625709375 0.6307734375 0.653640625 0.63444375 0.676140625 0.6436203125 0.704846875 0.652796875 0.7009671875000001 0.652796875 0.6947609375 0.6414187499999999 0.617175
2 0.38925 0.6334671875 0.3947546875 0.6272609375 0.4009953125 0.6140718749999999 0.4065015625 0.59545 0.41017187499999996 0.5876921875 0.41200625 0.572175 0.41384218749999996 0.5597609375 0.41090625000000003 0.5481234374999999 0.404665625 0.5372609374999999 0.398425 0.5380375 0.389615625 0.5442437499999999 0.3819078125 0.5488984375 0.3800734375 0.56674375 0.377503125 0.6070890624999999 0.3786046875 0.6210546875 0.3826421875 0.6303640625 0.38925 0.6334671875
7 0.383009375 0.6637265625000001 0.3764015625 0.7172609375000001 0.3881484375 0.6637265625000001 0.383009375 0.6637265625000001
2 0.3819078125 0.5822609375 0.38594531249999997 0.55588125 0.3826421875 0.5403640625 0.3753015625 0.529503125 0.366859375 0.5279499999999999 0.3529109375 0.5318296874999999 0.35034062499999996 0.5450203124999999 0.3488734375 0.56596875 0.3499734375 0.5737265625 0.35364375 0.5884671875 0.3595171875 0.5962265625 0.3675921875 0.5962265625 0.3764015625 0.58924375 0.3819078125 0.5822609375
2 0.336025 0.5962265625 0.3459359375 0.574503125 0.3499734375 0.5520031249999999 0.35034062499999996 0.5364859375 0.3459359375 0.5263984374999999 0.3308875 0.5147609375 0.31950781250000004 0.5085546875 0.3129015625 0.5124328125 0.307028125 0.5349328125 0.30372499999999997 0.5713984375 0.309596875 0.58924375 0.3129015625 0.5993296875 0.3202421875 0.60088125 0.32978593749999996 0.60088125 0.336025 0.5962265625
4 0.2952828125 0.687778125 0.2993203125 0.6784671875 0.3121671875 0.6218296875 0.3158375 0.6032093749999999 0.3114328125 0.597003125 0.30555937499999997 0.57760625 0.3007875 0.5876921875 0.296015625 0.6047609375 0.2897765625 0.639675 0.28316875 0.687778125 0.29271250000000004 0.693209375 0.2952828125 0.687778125
2 0.2930796875 0.49070937499999995 0.2809671875 0.479071875 0.26701874999999997 0.46743281249999996 0.259678125 0.49924375000000004 0.262246875 0.5116578125 0.2794984375 0.5341578124999999 0.293446875 0.5442437499999999 0.2996875 0.5450203124999999 0.311065625 0.518640625 0.31179999999999997 0.50545 0.30629375 0.49614062499999995 0.2930796875 0.49070937499999995
7 0.2747265625 0.5349328125 0.271790625 0.5256234375 0.267753125 0.5232953124999999 0.2640828125 0.5333812499999999 0.25490625 0.552778125 0.243159375 0.5737265625 0.239121875 0.5938984375 0.23288281249999998 0.6055375 0.236553125 0.6039859375 0.24242499999999997 0.5938984375 0.24866562499999997 0.574503125 0.25600625 0.55588125 0.26444999999999996 0.5457953125 0.26995468749999996 0.5481234374999999 0.27325937499999997 0.5535546874999999 0.273625 0.5628640625 0.2695875 0.5814859375 0.2666515625 0.5923468749999999 0.262246875 0.6024328125 0.2754609375 0.5737265625 0.278396875 0.552778125 0.2794984375 0.547346875 0.2747265625 0.5349328125
6 0.34009725468749996 0.7094183078125 0.3430619875 0.7085712421875 0.3451796546875 0.7064535750000001 0.3460267203125 0.7030653078125 0.3472973203125 0.6996770421875 0.3439090546875 0.696288775 0.34009725468749996 0.6954417078125 0.3388266546875 0.6933240421875 0.33586192187499997 0.6895122421875 0.3316265875 0.6941711078125 0.3328971875 0.702641775 0.333320721875 0.707724175 0.3341677875 0.7098418421875 0.33586192187499997 0.7123830421874999 0.34009725468749996 0.7094183078125
6 0.378215253125 0.7136536421875 0.3735563859375 0.7094183078125 0.3688975203125 0.7064535750000001 0.3688975203125 0.7081477078125 0.3688975203125 0.7157713078125 0.3710151875 0.7242419734375 0.38287411875 0.7289008406249999 0.38795651875 0.722547840625 0.3824505859375 0.712806575 0.378215253125 0.7136536421875
5 0.35816275625 0.46410669687499995 0.35996861875 0.45989301875 0.357560803125 0.45808715624999996 0.35274516875 0.4538734765625 0.34251194687500003 0.4526695671875 0.338900221875 0.455077384375 0.340706084375 0.45989301875 0.35093930625 0.466514515625 0.35816275625 0.46410669687499995
0 0.46169888124999997 0.629042153125 0.539350975 0.6320519234375 0.5778760453125 0.6302460609375 0.6079737546875 0.628440196875 0.6302460609375 0.630848015625 0.6501105500000001 0.6091776624999999 0.68321803125 0.5820897234375 0.7018786125 0.571856503125 0.739801728125 0.530923615625 0.726558734375 0.5020298125 0.691645390625 0.5441666078125 0.657334 0.568244778125 0.6182069765625 0.5911190375 0.5754682265625 0.60014835 0.52069039375 0.606769846875 0.4526695671875 0.599546396875 0.40812495625 0.5911190375 0.37080379531249996 0.57787604375 0.3364924046875 0.5568076468750001 0.2979673359375 0.5357392484375 0.279908709375 0.51707866875 0.2600442203125 0.49661222499999996 0.2582383578125 0.49300050000000006 0.24379145625 0.518282578125 0.2949575640625 0.5808858156250001 0.305792740625 0.6049639828125 0.33950217656250004 0.6200128390625 0.3816389703125 0.621818703125 0.41173668125 0.6266343359375 0.46169888124999997 0.629042153125
0 0.35635689375 0.466514515625 0.3954839171875 0.4881848671875 0.46169888124999997 0.4917965921875 0.541758790625 0.486379003125 0.621216746875 0.47433992031249994 0.6910434359375001 0.43400898750000005 0.715723559375 0.382240925 0.7024805671875 0.3376963125 0.680810215625 0.3455217171875 0.6597418171875 0.39428000937499996 0.6302460609375 0.4243777203125 0.57065259375 0.4370187578125 0.536341203125 0.43160117031249995 0.5062434921875 0.43160117031249995 0.45808715624999996 0.44845588750000004 0.4285914 0.447853934375 0.36478425312499996 0.42798944531250005 0.3106083734375 0.4021054140625 0.2744911203125 0.368395978125 0.23656800625000002 0.337094359375 0.23235432656250002 0.3262591828125 0.21790742500000002 0.35635689375 0.23837386875000002 0.38043506250000003 0.2979673359375 0.42798944531250005 0.35635689375 0.466514515625
