8 0.29447812500000003 0.5027859375 0.2886484375 0.49459375000000005 0.2824765625 0.5008953125 0.276990625 0.5153875 0.2697890625 0.523578125 0.26533281249999996 0.5412203124999999 0.2691046875 0.5594921875 0.2759609375 0.5500406250000001 0.28419062500000003 0.55508125 0.2910484375 0.560753125 0.296878125 0.556971875 0.3020203125 0.5563421875000001 0.309221875 0.5563421875000001 0.31265 0.54878125 0.30750781250000003 0.536809375 0.3009921875 0.5210578124999999 0.29447812500000003 0.5027859375
8 0.58764375 0.48325312499999995 0.5787296875 0.49585468749999995 0.5777 0.5053062500000001 0.5777 0.5216875 0.5787296875 0.5443703125 0.5783859375 0.5613828125 0.5821578125 0.5796546874999999 0.5883296875 0.5941468750000001 0.5969015625 0.600446875 0.6034171875000001 0.5916265625 0.6027312499999999 0.560753125 0.6030734375 0.5418499999999999 0.601703125 0.5185375 0.60033125 0.49585468749999995 0.58764375 0.48325312499999995
8 0.546840625 0.577134375 0.55335625 0.579025 0.561928125 0.5783953125 0.5705 0.5828046875 0.5746140625 0.5815453125000001 0.576671875 0.5670531249999999 0.571871875 0.5544515624999999 0.5731907890625 0.429276315625 0.5600328953125 0.4539473671875 0.5488984375 0.560753125 0.547184375 0.5676828125 0.546840625 0.577134375
6 0.561928125 0.44544843749999996 0.5660421875 0.4378875 0.5701578125 0.4334765625 0.5746140625 0.4347359375 0.5777 0.44355781250000004 0.5773578125000001 0.46246093750000006 0.579415625 0.4782125 0.5825015625 0.46939062500000006 0.58524375 0.44985937500000006 0.583871875 0.425915625 0.5735859375000001 0.41835468750000004 0.567071875 0.41898437499999996 0.5622703125 0.43158593749999996 0.561928125 0.44544843749999996
8 0.7086828125 0.5935171875 0.7097109374999999 0.58595625 0.7097109374999999 0.5626421875000001 0.705596875 0.5286187499999999 0.700796875 0.5034156249999999 0.6911953125 0.48766406250000005 0.6819375 0.49144375 0.6809093749999999 0.5059359375 0.675765625 0.4971140625 0.6689078125 0.5021546875 0.6637640625000001 0.5172765625 0.65965 0.53176875 0.6538203125 0.550671875 0.65965 0.5645328125 0.666165625 0.57524375 0.673021875 0.584065625 0.6812515625 0.582175 0.6826234375 0.5651625 0.6819375 0.54878125 0.6843375 0.5380703125 0.688453125 0.5393296875 0.6908531250000001 0.5513015625000001 0.6911953125 0.5651625 0.6966812499999999 0.5865859375 0.701825 0.5991875 0.7086828125 0.5935171875
8 0.397 0.7088203125 0.38911406249999997 0.7189015624999999 0.3849984375 0.721421875 0.3853421875 0.7333937500000001 0.3839703125 0.7491453124999999 0.38945625 0.7667875000000001 0.39871406249999997 0.7667875000000001 0.405915625 0.7573375 0.40762968749999995 0.728353125 0.40728593750000003 0.701890625 0.40214375 0.7044109375 0.397 0.7088203125
8 0.616776315625 0.671875 0.6134868421874999 0.6743421046875 0.6077302625 0.6743421046875 0.601151315625 0.679276315625 0.5970394734375 0.681743421875 0.5986842109375 0.6907894734375 0.6052631578125001 0.742598684375 0.6118421046875 0.7763157890625 0.62582236875 0.7648026328124999 0.6225328953125 0.6751644734375 0.616776315625 0.671875
5 0.3059895828125 0.6744791671875 0.3268229171875 0.6712239578125 0.337890625 0.6712239578125 0.34765625 0.6640625 0.3450520828125 0.6569010421875 0.3404947921875 0.654296875 0.326171875 0.654296875 0.2708333328125 0.6516927078125 0.265625 0.6595052078125 0.2662760421875 0.6686197921875 0.3059895828125 0.6744791671875
5 0.6796875 0.6484375 0.6510416671875 0.650390625 0.6321614578125 0.658203125 0.626953125 0.6627604171875 0.6328125 0.6705729171875 0.6751302078125 0.6712239578125 0.6881510421875 0.6647135421875 0.6940104171875 0.6588541671875 0.6796875 0.6484375
0 0.4069010421875 0.677734375 0.3489583328125 0.673828125 0.3450520828125 0.7141927078125 0.4173177078125 0.7278645828125 0.5390625 0.7174479171875 0.619140625 0.7180989578125 0.615234375 0.66796875 0.5279947921875 0.6790364578125 0.4069010421875 0.677734375
5 0.3489583328125 0.578125 0.3489583328125 0.560546875 0.3170572921875 0.5651041671875 0.3059895828125 0.5651041671875 0.3092447921875 0.5735677078125 0.3307291671875 0.5813802078125 0.345703125 0.58203125 0.3489583328125 0.578125
0 0.72062653125 0.5684742640625 0.7661994484375 0.542432596875 0.7505744484375 0.497510721875 0.6568244484375 0.5430836390625 0.60929840625 0.5548023890625 0.4849494484375 0.5489430140625 0.3651577828125 0.538526346875 0.23429840624999998 0.511182596875 0.2193244484375 0.5567555140625 0.3495327828125 0.579541971875 0.411381740625 0.5801930140625 0.6001838234375 0.58670343125 0.72062653125 0.5684742640625
1 0.73667279375 0.5142463234375 0.7385110296875 0.5234375 0.7458639703125 0.5298713234375 0.7509191171875 0.53125 0.7375919125 0.50551470625 0.73667279375 0.5142463234375
