1 0.3509534671875 0.5764638265625 0.36237790312499996 0.5774984 0.36575449375 0.540215115625 0.3543301296875 0.539180546875 0.3509534671875 0.5764638265625
2 0.45781406249999995 0.5376828125 0.434828125 0.5376828125 0.434828125 0.6018687500000001 0.45781406249999995 0.6018687500000001 0.45781406249999995 0.5376828125
1 0.657520403125 0.5409519234375 0.6489548562499999 0.5431569781250001 0.6580679328125 0.5785534234374999 0.6666334765624999 0.576348375 0.657520403125 0.5409519234375
1 0.6723256796875 0.5424860625 0.663493746875 0.5410468749999999 0.6583717546875001 0.5724762953125 0.6672036859375 0.57391548125 0.6723256796875 0.5424860625
1 0.731157965625 0.5292041265625 0.719954384375 0.5264987328124999 0.716109375 0.5424203125 0.7273129546875 0.5451257015625 0.731157965625 0.5292041265625
1 0.7332921796874999 0.61118948125 0.7397982078124999 0.6101794703125 0.7366307625 0.5897785609375 0.7301247578125001 0.5907885687500001 0.7332921796874999 0.61118948125
1 0.6495305484375 0.6794880515624999 0.657626853125 0.67868740625 0.6542599046875 0.64464489375 0.6461636562499999 0.6454455359375 0.6495305484375 0.6794880515624999
1 0.644858478125 0.6475606 0.63516965625 0.6472092609375 0.6339523078125 0.6807755359375001 0.643641128125 0.6811268734375 0.644858478125 0.6475606
1 0.6117111468750001 0.6436526734375 0.59819375 0.6440187500000001 0.5992206125 0.681930625 0.612738009375 0.6815645484374999 0.6117111468750001 0.6436526734375
1 0.5998778328125 0.6477274984375 0.5895451515625 0.6469246421875 0.586993109375 0.6797648390625 0.597325790625 0.6805676921875 0.5998778328125 0.6477274984375
1 0.5759455484375 0.651143421875 0.5670454140625 0.653703840625 0.57519160625 0.68201655625 0.5840917359375 0.67945614375 0.5759455484375 0.651143421875
1 0.5654260718749999 0.6805575828125 0.5741219906249999 0.6803434984375001 0.5733930953125 0.6507416390625 0.564697228125 0.6509557234375001 0.5654260718749999 0.6805575828125
1 0.374560946875 0.6695133 0.38800476562499997 0.672203965625 0.393904040625 0.64273215625 0.3804603015625 0.6400414984375 0.374560946875 0.6695133
1 0.278891225 0.64703140625 0.28723039687499996 0.6492973015625 0.2955809609375 0.6185684484375 0.2872418390625 0.6163025609375 0.278891225 0.64703140625
7 0.40349827187500004 0.529799453125 0.40937515625 0.5289062265625 0.39453125 0.43125 0.38865445 0.4321432203125 0.40349827187500004 0.529799453125
7 0.402500021875 0.42921878125 0.396875 0.4296875 0.4041810015625 0.517359903125 0.40980602343749994 0.5168911875 0.402500021875 0.42921878125
7 0.44847033124999997 0.430399353125 0.442995634375 0.430519665625 0.4454348890625 0.5415065734375 0.45090958593749997 0.5413862609375 0.44847033124999997 0.430399353125
7 0.5398940640625 0.44261220625000003 0.5328946234374999 0.442140371875 0.52578125 0.54765625 0.532780690625 0.54812808125 0.5398940640625 0.44261220625000003
7 0.5799437578125 0.4517550984375 0.572234275 0.451454753125 0.56796875 0.5609375 0.5756782328125001 0.5612378421875001 0.5799437578125 0.4517550984375
7 0.5763616421875 0.5569401375 0.579687509375 0.55703125 0.5824685171875 0.455523534375 0.5791427031249999 0.455432421875 0.5763616421875 0.5569401375
7 0.634375 0.434375 0.63046875 0.434375 0.63046875 0.53203125 0.634375 0.53203125 0.634375 0.434375
7 0.62995416875 0.52884913125 0.6375 0.5296875 0.6476562671874999 0.4382812515625 0.6401105375 0.43744288906250006 0.62995416875 0.52884913125
7 0.6684351078125 0.45073931875 0.6617186375 0.449218725 0.64296875 0.53203125 0.64968521875 0.533551834375 0.6684351078125 0.45073931875
