1 0.3649046875 0.5495984375 0.359496875 0.5396484375 0.3564921875 0.54628125 0.3528859375 0.5551265625 0.3570921875 0.5672875000000001 0.359496875 0.5772375000000001 0.363703125 0.5628656249999999 0.3649046875 0.5495984375
2 0.4557609375 0.599603125 0.45781406249999995 0.574684375 0.456171875 0.558071875 0.45001406250000003 0.541459375 0.44139531249999997 0.5376828125 0.4368796875 0.5437234375 0.434828125 0.5603374999999999 0.434828125 0.5777046875 0.4356484375 0.5958281249999999 0.445909375 0.6018687500000001 0.4557609375 0.599603125
1 0.66125625 0.5554625 0.6571515625 0.5410468749999999 0.6549125 0.5485984375 0.6523 0.5561499999999999 0.6556578125 0.5691921875 0.6597625 0.5781171875 0.66125625 0.5671328124999999 0.66125625 0.5554625
1 0.66349375 0.5733109375 0.6657328125 0.5691921875 0.6683453125 0.5630140625 0.6702109375 0.5554625 0.6675984374999999 0.547225 0.66349375 0.5410468749999999 0.66125625 0.5547765625000001 0.66125625 0.5643875 0.66349375 0.5733109375
1 0.726184375 0.528003125 0.7190937500000001 0.5300625 0.716109375 0.5424203125 0.719840625 0.54310625 0.7224515625000001 0.5396734375000001 0.7287953125 0.5389875 0.7299156250000001 0.5341812499999999 0.726184375 0.528003125
1 0.7332734375000001 0.6069484375 0.7384984375 0.61038125 0.7388703125 0.604203125 0.737378125 0.5945921875 0.7321546875 0.5904734375 0.7317812499999999 0.6014578125 0.7332734375000001 0.6069484375
1 0.654165625 0.6790296875 0.6549125 0.6728515625 0.6560312500000001 0.6625546875 0.655284375 0.655003125 0.6537921875 0.650884375 0.6467031249999999 0.6453921874999999 0.6474484375 0.6584359375 0.650434375 0.672165625 0.654165625 0.6790296875
1 0.6347625 0.6584359375 0.6343890625 0.6687328124999999 0.6384937500000001 0.6749109375 0.6425984375 0.6810890625 0.644090625 0.6687328124999999 0.64334375 0.6604953124999999 0.64334375 0.6536296875 0.6418515625000001 0.6474515625 0.637 0.650884375 0.6347625 0.6584359375
1 0.598565625 0.6577484375 0.6008046874999999 0.668046875 0.6026703125 0.676284375 0.604909375 0.6817765625 0.6082687499999999 0.66941875 0.612 0.6618671875000001 0.612 0.6543171875 0.60565625 0.6440187500000001 0.59819375 0.6440187500000001 0.598565625 0.6577484375
1 0.5907296875 0.6749109375 0.5952078125 0.680403125 0.5970734375 0.6707921875 0.5989390625000001 0.6598078125 0.5963265625 0.6474515625 0.59185 0.650884375 0.5888640625 0.6556890625 0.5881171875 0.6653 0.5907296875 0.6749109375
1 0.5814015625 0.67010625 0.5780421875 0.6584359375 0.572071875 0.6522578125 0.5709531250000001 0.6618671875000001 0.5705796875 0.6659875000000001 0.5739375 0.6776578125 0.578415625 0.6810890625 0.5814015625 0.67010625
1 0.5717 0.680403125 0.5739375 0.6728515625 0.573565625 0.6577484375 0.5713265625 0.650884375 0.5675953125000001 0.650884375 0.5657281249999999 0.6556890625 0.5649828125 0.6625546875 0.5668484375 0.6735375 0.5717 0.680403125
1 0.392959375 0.6474515625 0.386615625 0.6412734375 0.3795265625 0.64470625 0.3776609375 0.6563765625 0.3795265625 0.6653 0.384378125 0.6714781249999999 0.39034843750000003 0.6604953124999999 0.392959375 0.6474515625
1 0.2854921875 0.6399 0.2854921875 0.648825 0.29034375 0.637840625 0.2937015625 0.625484375 0.2907171875 0.617246875 0.2843734375 0.6268578125000001 0.2854921875 0.6399
7 0.3865638640625 0.4127236140625 0.389341190625 0.4793521125 0.38309221875 0.5466746453125 0.3942708171875 0.5861111125 0.41294839375 0.5848472124999999 0.4094767484375 0.46963544687500003 0.40045044843750005 0.416193846875 0.39420147499999997 0.4106414796875 0.3865638640625 0.4127236140625
7 0.44461803906249997 0.431597221875 0.43377826875 0.5355698828125 0.4372499140625 0.593869815625 0.453219453125 0.5980340843749999 0.4566910984375 0.539734178125 0.45738541718750003 0.45714261250000005 0.44461803906249997 0.431597221875
7 0.54348224375 0.428686709375 0.53229165 0.4263888890625 0.5205694140625 0.4897628125 0.5233466875 0.5841531515625 0.5365389515625 0.6001162453125 0.545565253125 0.5987281203125 0.54348224375 0.5064199171875 0.54348224375 0.428686709375
7 0.59416829375 0.4557545140625 0.58514199375 0.4210521796875 0.5698667734375 0.4717175828125 0.565700809375 0.5529210499999999 0.56292348125 0.5945638515625 0.58514199375 0.5959519765625 0.5865306312499999 0.536958034375 0.59416829375 0.4557545140625
7 0.63582804375 0.4189700453125 0.6274961140624999 0.42035814374999997 0.621941459375 0.5272413171875 0.61499816875 0.5917876796875 0.6399940609375 0.5917876796875 0.6517976359375 0.602198353125 0.6615182015625 0.5945638515625 0.6580465546875 0.5522270140625001 0.66429558125 0.4869866140625 0.6789930390625 0.4342013890625 0.6691558640624999 0.42035814374999997 0.645548609375 0.5105842125 0.6601295640625 0.4293807453125 0.6392996890625 0.43840334687500004 0.63582804375 0.4189700453125
