1 0.755203125 0.458859375 0.7608015625 0.47974218750000003 0.7727999999999999 0.48938125 0.7807984375 0.4733171875 0.789596875 0.460465625 0.7863984375 0.43797499999999995 0.7799984375 0.4219109375 0.7736 0.41709218750000004 0.7600015625000001 0.404240625 0.754403125 0.4203046875 0.752003125 0.43797499999999995 0.755203125 0.458859375
1 0.7384046875 0.48135000000000006 0.7416046875 0.4958078125 0.7448046875000001 0.48135000000000006 0.7456031249999999 0.4684984375 0.7432046875 0.45564687499999995 0.7304062499999999 0.45404062500000003 0.7384046875 0.48135000000000006
1 0.7072093749999999 0.5231171875 0.7112093749999999 0.5070515624999999 0.7024109375 0.48616875000000004 0.6968109375 0.510265625 0.6992109375 0.5327546875 0.7072093749999999 0.5231171875
1 0.6536171875 0.5279359375 0.64881875 0.5407875 0.64881875 0.5600640625 0.6552171875 0.571309375 0.664015625 0.5664906249999999 0.664015625 0.5504265625 0.6624156250000001 0.5327546875 0.6536171875 0.5279359375
1 0.6368203125 0.5809484375 0.64161875 0.5664906249999999 0.6400187500000001 0.5536390625000001 0.6320203125 0.5472125 0.6368203125 0.5809484375
1 0.45105312499999994 0.51716875 0.445590625 0.5215578125 0.44449843749999995 0.5292390625000001 0.44504374999999996 0.5402109375 0.44886875000000004 0.5511828125 0.45105312499999994 0.5621546875 0.4526921875 0.533628125 0.45105312499999994 0.51716875
1 0.2685796875 0.46669687499999996 0.27021875 0.45353125 0.26694062500000004 0.43817031249999994 0.2620234375 0.4217109375 0.25382812499999996 0.41403125 0.2500046875 0.42280937500000004 0.24727187499999997 0.43158593749999996 0.2429015625 0.45353125 0.24071718749999998 0.46450312499999996 0.2396234375 0.48315625000000006 0.2439953125 0.4897390625 0.2500046875 0.4908359375 0.251096875 0.49741875 0.25382812499999996 0.49851718749999996 0.2598375 0.4886421875 0.2658484375 0.48315625000000006 0.2685796875 0.46669687499999996
1 0.3275828125 0.617015625 0.32375937499999996 0.6214046875 0.32048125 0.6334734375 0.32048125 0.6499328125 0.3232125 0.6620015625 0.3281296875 0.656515625 0.33468593750000003 0.6543203125 0.3412421875 0.6477375000000001 0.3412421875 0.6400578125 0.33468593750000003 0.636765625 0.330315625 0.6323765625 0.33523125 0.617015625 0.3275828125 0.617015625
1 0.374021875 0.6916265625 0.373475 0.705890625 0.376753125 0.710278125 0.3838546875 0.698209375 0.3909578125 0.6905296875 0.3936890625 0.6850421875 0.38931875 0.6707796874999999 0.3827625 0.658709375 0.37620624999999996 0.66529375 0.373475 0.6751671875 0.374021875 0.6916265625
7 0.53628125 0.7333203125 0.5384671875 0.858403125 0.5428375 0.7333203125 0.53628125 0.7333203125
6 0.5280859375 0.872665625 0.526446875 0.8529171874999999 0.52316875 0.8331671875 0.5193453124999999 0.8463328125 0.5127890625 0.850721875 0.5067796875 0.8397500000000001 0.507871875 0.8156109375 0.5007703125 0.8221953125000001 0.4936671875 0.830971875 0.4882046875 0.849625 0.4882046875 0.870471875 0.4947609375 0.8770546875 0.5084187499999999 0.8891249999999999 0.514975 0.8957078125000001 0.523715625 0.888028125 0.5280859375 0.872665625
1 0.573978125 0.69930625 0.5690609375 0.710278125 0.56796875 0.7223484375 0.5707 0.7344171875 0.573978125 0.737709375 0.5788953125 0.7311265625 0.577803125 0.7201531250000001 0.573978125 0.69930625
1 0.5799875 0.715765625 0.5794421875 0.7420984374999999 0.5821734375000001 0.737709375 0.585996875 0.7256390625 0.5843578125 0.7113765625 0.5821734375000001 0.69930625 0.5799875 0.715765625
1 0.59965625 0.7431953124999999 0.605665625 0.747584375 0.6067578124999999 0.7333203125 0.601840625 0.7256390625 0.596378125 0.730028125 0.59965625 0.7431953124999999
7 0.6204156249999999 0.72893125 0.6220546875 0.7618484375000001 0.6297046875000001 0.7761109375 0.628065625 0.7146671875 0.6204156249999999 0.72893125
7 0.6253328125000001 0.7980562499999999 0.6340749999999999 0.848528125 0.6291578125 0.8068328125 0.626971875 0.7848890625 0.6253328125000001 0.7980562499999999
7 0.678415625 0.7309859375000001 0.704909375 0.808925 0.6828937500000001 0.7234906249999999 0.678415625 0.7309859375000001
7 0.663115625 0.7737015625 0.6679671875000001 0.7916875 0.6731906249999999 0.8066765625000001 0.6832671875 0.8201656249999999 0.6586390625 0.73623125 0.6593843749999999 0.755715625 0.663115625 0.7737015625
6 0.679534375 0.835903125 0.6855046875 0.8411484375 0.69035625 0.8426484375 0.6952078125 0.8389 0.6944609374999999 0.8291578124999999 0.68774375 0.8141703124999999 0.686625 0.8254109375 0.6825203125 0.8269109374999999 0.67655 0.8291578124999999 0.679534375 0.835903125
1 0.6993125 0.6875203125 0.6981921875 0.6755296875 0.6933421875 0.6620390625 0.6855046875 0.6635390625 0.6836390625 0.6732812499999999 0.6855046875 0.6860203125 0.6896093750000001 0.6957625000000001 0.6937140625 0.6972625 0.6993125 0.6875203125
1 0.7295375 0.6343109375 0.7265515625 0.62456875 0.72319375 0.6193234375000001 0.7194625 0.628315625 0.7190890624999999 0.6478015625 0.7205812500000001 0.660540625 0.726178125 0.67178125 0.7366265624999999 0.6740296875 0.73588125 0.6597906250000001 0.7336421875 0.6493 0.7295375 0.6343109375
1 0.7467015625 0.6035859375 0.7437171874999999 0.5908453125 0.7373734375 0.589346875 0.7366265624999999 0.59309375 0.7332687499999999 0.6103296874999999 0.732521875 0.6305640625 0.73588125 0.64855 0.7411046875 0.6672859375 0.7467015625 0.6650375000000001 0.7556578125 0.6545453125 0.7593890625 0.6433046874999999 0.7578968749999999 0.6275671875 0.7556578125 0.612578125 0.7511796875 0.6058343749999999 0.7467015625 0.6035859375
6 0.23091059687499998 0.8491771328125 0.2425244421875 0.851909803125 0.2520887875 0.8491771328125 0.2575541265625 0.843028628125 0.26165313125 0.835513784375 0.26506896874999997 0.8252662734375 0.266435303125 0.8109197578125 0.26506896874999997 0.8013554125000001 0.260286796875 0.7876920640625 0.256870959375 0.7808603890625 0.2493561171875 0.7699297109375001 0.2397917734375 0.7610485328125 0.23364326562499999 0.7583158625 0.22134625156249998 0.7671970406249999 0.2158809125 0.7747118828125 0.2165640796875 0.7904247328125 0.2227125875 0.8184345984375 0.22544525625 0.8443949625 0.23091059687499998 0.8491771328125
8 0.6750882578125 0.764938134375 0.6726598828125 0.749882209375 0.6731455578125 0.740654384375 0.6741169078125 0.7391973593750001 0.6930582328125 0.802335109375 0.704714434375 0.807677534375 0.7100568593750001 0.8091345593750001 0.708599834375 0.797478359375 0.705685784375 0.784850809375 0.7003433578125 0.769794884375 0.6925725578125 0.7455111343749999 0.6886871578125 0.729969534375 0.687715809375 0.7100568578125 0.6862587828125 0.7042287578125 0.6789736578125 0.7003433578125 0.6644034078125001 0.7052001078125001 0.6551755828125 0.7066571328125 0.6459477578125 0.7144279328125 0.6435308921875 0.7236925875 0.6605180078124999 0.778051359375 0.6716885328125 0.8251618359374999 0.6862587828125 0.8339039859374999 0.6852874328125 0.8149626609375 0.6814020328125 0.8003924093749999 0.679945009375 0.787764859375 0.6770309578125 0.7790227093750001 0.6750882578125 0.764938134375
8 0.6964579578125 0.4050529546875 0.6935439078125001 0.4011675546875 0.6823733828125 0.38951135468750003 0.6678031328125 0.3822262296875 0.6605180078124999 0.3817405546875 0.6556612578125 0.3904827046875 0.6576039578125 0.40602430468749995 0.6561469328125 0.50655903125 0.6546899078124999 0.51724388125 0.6721742093749999 0.51870090625 0.6882014828125 0.52307198125 0.695486609375 0.51918658125 0.6925725578125 0.50655903125 0.6964579578125 0.49101743124999997 0.6935439078125001 0.46819070625 0.697429309375 0.44730668125 0.6984006593750001 0.4186518546875 0.6964579578125 0.4050529546875
5 0.33463875625 0.5111149171875 0.3417144515625 0.5156933078125 0.3437955375 0.5127797859375 0.3462928421875 0.507368959375 0.34754149375 0.5032067859375 0.35128745 0.49529865624999997 0.345876625 0.492385134375 0.3433793203125 0.49113648281250005 0.3388009296875 0.4940500046875 0.336303625 0.4948824390625 0.331725234375 0.506536525 0.33463875625 0.5111149171875
9 0.2684815578125 0.5975669625 0.26261666875 0.5747590625 0.2580550890625 0.5688941734374999 0.2430670421875 0.5460862750000001 0.235247190625 0.542828003125 0.22742733906249998 0.524581684375 0.2183041796875 0.53370484375 0.2130909453125 0.5512995093749999 0.2078777109375 0.5786689875000001 0.20136116875 0.6164649359375 0.185721465625 0.647744340625 0.177901615625 0.6614290796875 0.1759466515625 0.6777204375 0.18246319375 0.6933601390625 0.20005785937499998 0.6972700640625 0.2098326734375 0.6901018671875 0.220910796875 0.672507203125 0.2508868921875 0.6321046375 0.2684815578125 0.5975669625
