2 0.2968516625 0.3982502 0.3403987609375 0.40219342031250005 0.3469414421875 0.32994024843749997 0.303394690625 0.32599704375 0.2968516625 0.3982502
2 0.3404583484375 0.41470755937500003 0.3737221625 0.41381967656249996 0.372002159375 0.3493887671875 0.3387385953125 0.350276646875 0.3404583484375 0.41470755937500003
2 0.3661727015625 0.43269060625 0.4012269921875 0.43447868125 0.40551488906250005 0.35041752656249997 0.37046095 0.34862946093749997 0.3661727015625 0.43269060625
2 0.678025021875 0.47503096562499997 0.6568693015625 0.4128797234375 0.606656478125 0.4299707296875 0.6278119296875 0.49212174375 0.678025021875 0.47503096562499997
6 0.6790602812500001 0.595018515625 0.64667965625 0.588085934375 0.6384290703125 0.6266183859375001 0.6708096875 0.6335509421875 0.6790602812500001 0.595018515625
8 0.6181118359375 0.1957269765625 0.5889188984375 0.1977520828125 0.6007812265625 0.3687500015625 0.6299741625 0.36672491093750004 0.6181118359375 0.1957269765625
7 0.3149018265625 0.31573049375 0.3203920046875 0.31593382812500004 0.323743265625 0.22544948593749997 0.318253128125 0.2252461515625 0.3149018265625 0.31573049375
7 0.3202736 0.32016439218750004 0.32503308125 0.3204747859375 0.3318067171875 0.21661239375000002 0.3270472765625 0.216302 0.3202736 0.32016439218750004
7 0.3425354390625 0.23565519531249998 0.3392922546875 0.23540572499999998 0.33258928593750003 0.3225446421875 0.3358324703125 0.3227941109375 0.3425354390625 0.23565519531249998
7 0.3771500234375 0.25132184375 0.3683035109375 0.24999999062499997 0.3537946421875 0.34709821406249997 0.362641153125 0.3484200609375 0.3771500234375 0.25132184375
7 0.4003618078125 0.2457808984375 0.395085778125 0.245355425 0.38616071406249997 0.35602678593750003 0.3914367421875 0.35645225625 0.4003618078125 0.2457808984375
7 0.6352565875 0.30709931562500004 0.6395089515625 0.306919640625 0.6361607140625 0.22767857187499999 0.6319083765625 0.22785824531249999 0.6352565875 0.30709931562500004
7 0.6584821421875 0.21763392812500001 0.6517857140625 0.21763392812500001 0.6517857140625 0.30915178593750003 0.6584821421875 0.30915178593750003 0.6584821421875 0.21763392812500001
7 0.6411319953125 0.1862183125 0.636353028125 0.186705953125 0.6483027 0.303812946875 0.65308166875 0.3033253078125 0.6411319953125 0.1862183125
7 0.5735743906249999 0.23511470937499998 0.5698041828125 0.235549721875 0.58103654375 0.3328972171875 0.5848067515625 0.33246220625 0.5735743906249999 0.23511470937499998
7 0.355884103125 0.6390295046875 0.3606393078125 0.6396825625 0.37838120000000003 0.5105090046874999 0.37362609999999996 0.5098559546875 0.355884103125 0.6390295046875
7 0.651098784375 0.609343640625 0.661866634375 0.607871846875 0.64544253125 0.4877231484375 0.63467489375 0.48919492656249997 0.651098784375 0.609343640625
7 0.68378110625 0.5994525734375 0.6879117703125 0.5985473109375 0.676740890625 0.5475805109375 0.6726102625 0.5484857703125 0.68378110625 0.5994525734375
6 0.3796657625 0.212230578125 0.36253603437500004 0.2124862265625 0.363071078125 0.248336396875 0.38020080625 0.24808075000000002 0.3796657625 0.212230578125
6 0.65035195 0.174531359375 0.6375394421875 0.174531359375 0.6375394421875 0.1926563640625 0.65035195 0.1926563640625 0.65035195 0.174531359375
7 0.384779321875 0.5128727515625 0.37868083124999996 0.5119920453125 0.3631855921875 0.6192795203125 0.36928408125 0.6201602187499999 0.384779321875 0.5128727515625
