2 0.309971875 0.38732968749999996 0.31703281250000004 0.39506718749999997 0.3243375 0.4007390625 0.33578125000000003 0.3991921875 0.3411375 0.394034375 0.344546875 0.35638437500000003 0.343328125 0.3450375 0.3372421875 0.334721875 0.3313984375 0.3285328125 0.321415625 0.333175 0.310946875 0.3300796875 0.30680625 0.333175 0.30169375 0.3450375 0.2999890625 0.36360468749999997 0.3031546875 0.370309375 0.30680625 0.380625 0.309971875 0.38732968749999996
2 0.3399203125 0.39455 0.3423546875 0.401771875 0.34673750000000003 0.41002343750000003 0.3540421875 0.41414999999999996 0.361346875 0.41414999999999996 0.36889375 0.4120859375 0.371571875 0.40847656250000003 0.37327656249999996 0.3971296875 0.372546875 0.380109375 0.372546875 0.36979375000000003 0.371815625 0.3620578125 0.3679203125 0.3548359375 0.36110312499999997 0.3496796875 0.35209375 0.3512265625 0.347225 0.358446875 0.34478906249999997 0.3661828125 0.3418671875 0.3754671875 0.34065 0.3868140625 0.3399203125 0.39455
2 0.3684078125 0.3888765625 0.3681640625 0.41002343750000003 0.3705984375 0.41518125 0.37327656249999996 0.4198234375 0.3764421875 0.4260125 0.3822859375 0.43220156249999997 0.3869109375 0.4337484375 0.3900765625 0.4296234375 0.3956765625 0.4224015625 0.399815625 0.41518125 0.4027375 0.40486562499999995 0.4037109375 0.3857828125 0.40444218750000005 0.370825 0.40200781250000006 0.3610265625 0.39665 0.35071093750000004 0.39105 0.3496796875 0.3871546875 0.3527734375 0.37985 0.35432031249999996 0.3747375 0.358446875 0.3701109375 0.370309375 0.3684078125 0.3888765625
1 0.616984375 0.3592 0.623346875 0.35297968750000003 0.624815625 0.346759375 0.624815625 0.3374296875 0.6243265625000001 0.3280984375 0.6213890625 0.31358437499999997 0.614046875 0.2990703125 0.6057265625 0.30010625 0.5993640625000001 0.3115109375 0.5978953125 0.3498703125 0.6018109375 0.356090625 0.6042578125 0.3602375 0.6071953125 0.3612734375 0.6111109375 0.3612734375 0.616984375 0.3592
2 0.625146875 0.47677500000000006 0.6301703125 0.4820953125 0.6369515625 0.48901093749999996 0.6515203125 0.48369062500000004 0.657296875 0.474646875 0.6628234375 0.4645390625 0.666590625 0.45443125 0.666590625 0.443790625 0.6623203125 0.42889375 0.6595578125 0.4235734375 0.65654375 0.4139984375 0.652021875 0.41452968749999997 0.63795625 0.4193171875 0.6206265625 0.4257015625 0.6133421875 0.4379375 0.6151 0.44272656250000003 0.6166078125000001 0.45443125 0.6198718750000001 0.4687953125 0.625146875 0.47677500000000006
7 0.6512443328125 0.5212768750000001 0.659055534375 0.51346885 0.6817079765625 0.6063843328125 0.6895191796875 0.5829602578124999 0.677802375 0.4853599421875 0.6603515453125001 0.4162109375 0.6106261 0.4392926109375 0.6324973734375 0.5275232890625 0.6567121499999999 0.6204388015625 0.6723345562499999 0.6173155796875001 0.6512443328125 0.5212768750000001
6 0.6466796687499999 0.5880859375 0.64108974375 0.6141923578124999 0.649682115625 0.6290276171875 0.6731157249999999 0.6227811734375 0.6738967734375 0.6056035421875 0.6567121499999999 0.6134115671875 0.6466796687499999 0.5880859375
7 0.5614154375 0.216763878125 0.5629777140625001 0.329980271875 0.5724609187499999 0.4044921875 0.57469451875 0.4228957390625 0.6004715125 0.41664932656250003 0.5965659109375 0.356527525 0.571570025 0.22613352187500002 0.5614154375 0.216763878125
7 0.6154296687499999 0.3527343765625 0.623905121875 0.283132121875 0.6121883171875 0.20895585312499998 0.5989092953124999 0.21051747031249998 0.5934413578125 0.262831221875 0.5934413578125 0.3440346828125 0.6154296687499999 0.3527343765625
7 0.6481197796875 0.24721517187500003 0.6457765140625 0.1777237515625 0.636402975 0.17694294531250002 0.62078056875 0.2300375265625 0.6215617375 0.3479386953125 0.636402975 0.3986908734375 0.6593749828125001 0.3800781265625 0.664523353125 0.3955676515625 0.680926928125 0.374485978125 0.6668667375 0.271420053125 0.6582743671875 0.20505183906250002 0.649682115625 0.215983071875 0.6481197796875 0.24721517187500003
7 0.382538934375 0.2932825328125 0.37226560625 0.4103515625 0.3895689703125 0.434607778125 0.401285775 0.3994716640625 0.40206694218749994 0.280789690625 0.39191235468749996 0.2206678890625 0.382538934375 0.2932825328125
7 0.369259853125 0.22457190312500003 0.359886434375 0.22457190312500003 0.3400390453125 0.3878906265625 0.362229759375 0.4150877140625 0.37472773125000003 0.3643355515625 0.37082213125 0.280789690625 0.37316545625 0.23159912187499998 0.369259853125 0.22457190312500003
7 0.30052130312499997 0.370581965625 0.3200493109375 0.3916636390625 0.3390624828125 0.3830078125 0.3481696296875 0.32763784218750003 0.3536374484375 0.236283940625 0.33723393437500004 0.200367021875 0.3169248171875 0.212079059375 0.3067702296875 0.276885678125 0.30052130312499997 0.370581965625
