7 0.3092089515625 0.43625679531249995 0.31350019218749997 0.43700918125 0.320609378125 0.3964640625 0.3163181609375 0.39571167812499997 0.3092089515625 0.43625679531249995
1 0.33886289375 0.4864311734375 0.3566672125 0.48880156562500005 0.3604921875 0.4600734375 0.3426879421875 0.45770305 0.33886289375 0.4864311734375
1 0.338613465625 0.5549840015624999 0.343009375 0.55583125 0.34683281250000003 0.5359953125 0.3424369171875 0.535148065625 0.338613465625 0.5549840015624999
7 0.357759375 0.5736140625 0.3524228046875 0.5693522609375 0.32677542656249997 0.60146421875 0.332111984375 0.6057260046875 0.357759375 0.5736140625
7 0.3770170828125 0.5832439484374999 0.3686093890625 0.57994335625 0.352296875 0.6214921875 0.3607045625 0.624792765625 0.3770170828125 0.5832439484374999
1 0.6990932546875 0.48297374375 0.6902609359375 0.4805046875 0.6861739640625 0.49512356406249997 0.69500628125 0.4975926171875 0.6990932546875 0.48297374375
7 0.6161693015624999 0.651554253125 0.6218251 0.65017075 0.6070686937499999 0.5898535468749999 0.6014129609375 0.5912370421875 0.6161693015624999 0.651554253125
7 0.398951371875 0.6101182890625 0.393493740625 0.6089765609375 0.388978125 0.630559375 0.39443575468750003 0.6317011 0.398951371875 0.6101182890625
7 0.40119360625 0.6458921765625 0.4058078125 0.6485453125 0.429154940625 0.6079459796875 0.42454076562500004 0.6052928546875 0.40119360625 0.6458921765625
6 0.39827687031250003 0.6349407874999999 0.382746925 0.6224426390625 0.363615665625 0.6462118218749999 0.3791455765625 0.6587099328125 0.39827687031250003 0.6349407874999999
6 0.44551409062499997 0.650993640625 0.4392312484375 0.625382659375 0.3928048109375 0.63677045 0.399087515625 0.6623813109375 0.44551409062499997 0.650993640625
7 0.29724483125 0.38877591875 0.2920672890625 0.389423078125 0.297337259375 0.4315828375 0.30251480000000003 0.4309356796875 0.29724483125 0.38877591875
7 0.321243003125 0.3741528140625 0.31610574062499996 0.3725961453125 0.2990827125 0.42877222968749995 0.3042199734375 0.43032889374999994 0.321243003125 0.3741528140625
6 0.7017122703124999 0.629111334375 0.685392246875 0.6269212875 0.6824882796875 0.648558715625 0.6988083015625 0.6507487578125 0.7017122703124999 0.629111334375
