7 0.2933867671875 0.44471954843750006 0.31502266875 0.4456150734375 0.317878125 0.376628125 0.2962424078125 0.37573260468749997 0.2933867671875 0.44471954843750006
7 0.3092089515625 0.43625679531249995 0.31350019218749997 0.43700918125 0.320609378125 0.3964640625 0.3163181609375 0.39571167812499997 0.3092089515625 0.43625679531249995
1 0.33886289375 0.4864311734375 0.3566672125 0.48880156562500005 0.3604921875 0.4600734375 0.3426879421875 0.45770305 0.33886289375 0.4864311734375
7 0.326775171875 0.601463959375 0.33211171875 0.60572581875 0.357759403125 0.5736140859375001 0.3524228828125 0.5693522421874999 0.326775171875 0.601463959375
7 0.3770170828125 0.5832439484374999 0.3686093890625 0.57994335625 0.352296875 0.6214921875 0.3607045625 0.624792765625 0.3770170828125 0.5832439484374999
1 0.6348444046874999 0.509103071875 0.6453948406250001 0.505492334375 0.6386665218750001 0.48583398437499997 0.6281161156249999 0.4894447171875 0.6348444046874999 0.509103071875
1 0.6990932546875 0.48297374375 0.6902609359375 0.4805046875 0.6861739640625 0.49512356406249997 0.69500628125 0.4975926171875 0.6990932546875 0.48297374375
7 0.6161693015624999 0.651554253125 0.6218251 0.65017075 0.6070686937499999 0.5898535468749999 0.6014129609375 0.5912370421875 0.6161693015624999 0.651554253125
7 0.398951371875 0.6101182890625 0.393493740625 0.6089765609375 0.388978125 0.630559375 0.39443575468750003 0.6317011 0.398951371875 0.6101182890625
7 0.40119360625 0.6458921765625 0.4058078125 0.6485453125 0.429154940625 0.6079459796875 0.42454076562500004 0.6052928546875 0.40119360625 0.6458921765625
6 0.39180323125 0.6556326671875 0.393216565625 0.6358841859375 0.36833693125 0.63410384375 0.3669235515625 0.6538522765625 0.39180323125 0.6556326671875
6 0.4180387953125 0.6429951875000001 0.40375468437500006 0.631587496875 0.3889179734375 0.6501629140625 0.40320206093750005 0.661570578125 0.4180387953125 0.6429951875000001
6 0.2389244578125 0.5511518640624999 0.21430205156249998 0.5691872906250001 0.2421479609375 0.607199265625 0.266770303125 0.5891639140625 0.2389244578125 0.5511518640624999
6 0.6882799203125 0.61924203125 0.6720708109375 0.6336483 0.69042123125 0.6542925562499999 0.7066303031250001 0.6398863265625 0.6882799203125 0.61924203125
