1 0.33025757499999997 0.5965301281250001 0.3369291984375 0.5955752234375 0.3329671515625 0.5678966562500001 0.3262955609375 0.568851559375 0.33025757499999997 0.5965301281250001
1 0.6906234687499999 0.570936575 0.695198103125 0.5696600078125 0.68863125 0.5461296875 0.6840566328125 0.5474062515625 0.6906234687499999 0.570936575
1 0.7309435078125001 0.47379047031250004 0.722778221875 0.47397512500000005 0.7235685203125 0.5089190078125 0.7317338062500001 0.508734353125 0.7309435078125001 0.47379047031250004
1 0.795827565625 0.55617056875 0.7657090796875 0.535589828125 0.7339099796874999 0.5821211640625 0.7640283828125 0.6027018046875 0.795827565625 0.55617056875
1 0.6495868375 0.641937446875 0.6388213890625 0.6433173812499999 0.6421680984375 0.6694230640625001 0.6529335453125 0.6680431328124999 0.6495868375 0.641937446875
1 0.621453803125 0.653270503125 0.6158539875 0.6541843093749999 0.6198043281250001 0.678388803125 0.6254041421875 0.677475 0.621453803125 0.653270503125
1 0.61866875 0.6599296875 0.6132500000000001 0.6599296875 0.6132500000000001 0.681625 0.61866875 0.681625 0.61866875 0.6599296875
1 0.395738790625 0.6549584562499999 0.36907878437499997 0.651423590625 0.3600884203125 0.7192195875 0.386748421875 0.722754428125 0.395738790625 0.6549584562499999
5 0.6701456218749999 0.5662378421875001 0.7020089484375001 0.5825892968749999 0.7490473718749999 0.4909355296875 0.7171844968750001 0.474584215625 0.6701456218749999 0.5662378421875001
1 0.36582159999999997 0.554395471875 0.34610869375000003 0.5505389828125 0.33756568593749997 0.594203303125 0.3572785875 0.5980597765625 0.36582159999999997 0.554395471875
5 0.22235576875000002 0.65985576875 0.1858022546875 0.7305125921875 0.3070504625 0.793227453125 0.343602721875 0.7225717046875 0.22235576875000002 0.65985576875
5 0.7460566640625 0.7193413203125 0.7163986515625 0.6622316953125 0.63691204375 0.7035043937500001 0.66656940625 0.7606134625000001 0.7460566640625 0.7193413203125
