1 0.3317203125 0.5931 0.33421249999999997 0.5959640625 0.3360828125 0.5896625 0.334525 0.5787796875 0.33296562500000004 0.567896875 0.3295375 0.5741968749999999 0.328290625 0.5827890625000001 0.32985000000000003 0.5885171875 0.3317203125 0.5931
1 0.6917484375 0.5575859375000001 0.68863125 0.5461296875 0.6883203124999999 0.556440625 0.687696875 0.56045 0.6908140625 0.5667515625 0.6933078125 0.5701875000000001 0.694865625 0.56846875 0.6917484375 0.5575859375000001
1 0.7229203125 0.4802578125 0.72323125 0.49400625 0.724478125 0.5088984375 0.7266609374999999 0.50374375 0.7291546875 0.5020249999999999 0.7313359375 0.49114218750000005 0.7307125 0.48255 0.7288421875 0.476821875 0.7235437499999999 0.4739578125 0.7229203125 0.4802578125
1 0.76780625 0.5444125 0.7653125000000001 0.540975 0.764378125 0.5375375 0.76095 0.5484218750000001 0.75814375 0.553003125 0.7506625 0.5610234375 0.7475453125 0.56216875 0.747234375 0.5673234375 0.7478578125 0.5730515625 0.7500390625 0.585653125 0.7553390624999999 0.5959640625 0.7575203125 0.5982546875 0.764065625 0.5976828125 0.7715468750000001 0.5902359374999999 0.7752875 0.5862265625 0.779340625 0.5787796875 0.7805875 0.5707609375 0.7818343750000001 0.564459375 0.7802749999999999 0.5535765625 0.77778125 0.5438390625 0.7737296875 0.5415484375 0.76780625 0.5444125
1 0.65185625 0.6635515625 0.6507953125 0.6513640625 0.64925 0.6432140625 0.6451859375 0.6425015625 0.6413140625 0.645703125 0.639765625 0.6506828125 0.6405406250000001 0.656728125 0.6422390625000001 0.6601109375 0.6428625 0.661353125 0.645765625 0.6649093749999999 0.6496375 0.668465625 0.65185625 0.6635515625
1 0.6161531250000001 0.6560171875 0.6173140625 0.6620640625 0.618475 0.67024375 0.6207984375 0.6777124999999999 0.621765625 0.67806875 0.6235078125 0.6730890625 0.6233140625 0.6666875 0.622540625 0.6599296875 0.6177015625 0.6538828125 0.6161531250000001 0.6560171875
1 0.6132500000000001 0.6730890625 0.616928125 0.6784234375 0.6182828125000001 0.681625 0.61866875 0.6691765625 0.6151859375 0.6599296875 0.6132500000000001 0.6666875 0.6132500000000001 0.6730890625
1 0.3885390625 0.6866046875 0.3912484375 0.6809140625000001 0.392215625 0.6766453125 0.39357031249999996 0.6713109375 0.39318437500000003 0.6645531250000001 0.387184375 0.66313125 0.3827328125 0.6641984375 0.3786671875 0.66313125 0.3757640625 0.6581515625 0.3759578125 0.6528171875 0.374215625 0.6521046875 0.3720875 0.6521046875 0.370925 0.6542390625000001 0.36840937500000004 0.6617078125 0.3670546875 0.6666875 0.3664734375 0.676290625 0.36589375 0.681625 0.364925 0.6880265624999999 0.363184375 0.6965625 0.362603125 0.7015421875000001 0.3614421875 0.7090109375 0.3635703125 0.71968125 0.3699578125 0.7182578125 0.3757640625 0.7122124999999999 0.380215625 0.710434375 0.38699062500000003 0.7043874999999999 0.38757031249999996 0.6979859375 0.3877640625 0.68909375 0.3885390625 0.6866046875
8 0.3177 0.6901609375 0.314021875 0.6979859375 0.30879687499999997 0.7050984375 0.3097640625 0.7075890625000001 0.314603125 0.70794375 0.31808593749999997 0.7033203125 0.3221515625 0.6994078125 0.3250546875 0.694784375 0.3271828125 0.6915843749999999 0.3277640625 0.6841140625000001 0.32563437500000003 0.6848265625 0.32389375 0.6855375 0.32273125 0.6855375 0.319828125 0.687315625 0.3177 0.6901609375
5 0.3178830921875 0.67556454375 0.3335001703125 0.664985234375 0.3324926171875 0.6569248078125 0.3249359671875 0.650375709375 0.318890646875 0.6498719328125 0.3088151125 0.6523908171875 0.27808473437500003 0.64735305 0.26952053125000003 0.6513832625 0.26246765625 0.67153433125 0.274558296875 0.67909098125 0.3148604328125 0.678083428125 0.3178830921875 0.67556454375
5 0.6881589609375001 0.6508794875 0.694708059375 0.6428190593750001 0.698738271875 0.63425485625 0.691181621875 0.633247303125 0.67153433125 0.6423152828124999 0.6604512437500001 0.6498719328125 0.6584361375000001 0.6564210296875 0.66246635 0.6604512437500001 0.672541884375 0.6589399140625 0.6881589609375001 0.6508794875
5 0.717378009375 0.5526430328124999 0.7214082234375 0.542567496875 0.722919553125 0.5274541968750001 0.720904446875 0.514356003125 0.7168742328125 0.512844671875 0.702264709375 0.5229202078124999 0.7032722625 0.5324919640625 0.702264709375 0.5435750515625 0.702264709375 0.5561694687500001 0.7093175828125 0.5607034578125 0.717378009375 0.5526430328124999
1 0.349711796875 0.594121484375 0.36020314999999997 0.58129871875 0.3625345625 0.5711959328125 0.361757425 0.5630359921875 0.3574831703125 0.55604175625 0.3543746203125 0.55215606875 0.35087750156249997 0.5517675 0.34427183437500003 0.5599274421875 0.3407747171875 0.5778016015625 0.34038614843750004 0.5890700921875001 0.34310612812499997 0.595287190625 0.349711796875 0.594121484375
