1 0.6786019015625 0.45231456718749996 0.6692945796875 0.4568742125 0.6740456625 0.4665716765625 0.6833529828125 0.462012034375 0.6786019015625 0.45231456718749996
1 0.68782523125 0.4364354921875 0.69643153125 0.4346402796875 0.6883189734374999 0.3957506234375 0.6797127140625 0.39754583125 0.68782523125 0.4364354921875
1 0.7147512828125 0.577507725 0.7239447328125 0.5765699765625001 0.71974424375 0.5353936203125 0.7105508578124999 0.536331365625 0.7147512828125 0.577507725
1 0.6847938328125001 0.5638823890625 0.67540849375 0.5681508546875 0.6917499609375 0.6040781421875 0.701135290625 0.599809690625 0.6847938328125001 0.5638823890625
1 0.656615596875 0.6225494890625 0.676569428125 0.6191652390625 0.6615858218749999 0.530830746875 0.6416323 0.53421496875 0.656615596875 0.6225494890625
6 0.6948585890625 0.6386536109375001 0.6669543359375 0.6488592890625 0.6893915203125001 0.7101984031249999 0.7172957390625 0.69999279375 0.6948585890625 0.6386536109375001
6 0.6576623109375 0.7357926703125 0.686669921875 0.7299457828125 0.6730673265625 0.6624719078125 0.6440601328125 0.6683187515625 0.6576623109375 0.7357926703125
1 0.58557310625 0.6624208890625 0.5919026609375 0.6612730921875001 0.5869266843750001 0.633836575 0.5805971640625 0.63498436875 0.58557310625 0.6624208890625
5 0.3289975265625 0.3331639 0.23120510625000001 0.317526665625 0.2112197078125 0.4425066109375 0.3090121015625 0.45814372812500004 0.3289975265625 0.3331639
9 0.2183376734375 0.49609874062500003 0.13245186874999998 0.48581730624999997 0.118610228125 0.601433471875 0.2044960140625 0.6117148078125 0.2183376734375 0.49609874062500003
5 0.700721153125 0.45552884687499995 0.7599366234375 0.43785337343749997 0.73076923125 0.34014423125 0.6715544640625 0.357819590625 0.700721153125 0.45552884687499995
