1 0.697222759375 0.434407753125 0.6771566171875001 0.43743688281250004 0.6852045796875 0.49074635625 0.70527071875 0.48771723749999996 0.697222759375 0.434407753125
7 0.6571857140625 0.37278902187499996 0.652731246875 0.3727390625 0.651984375 0.439328125 0.656438840625 0.43937808437500003 0.6571857140625 0.37278902187499996
7 0.6714834109375001 0.3933675453125 0.6667327843749999 0.39259062031249997 0.6572989671875 0.45027214375 0.66204959375 0.451049065625 0.6714834109375001 0.3933675453125
1 0.6291143328125 0.5057025875 0.6359428671875 0.5061383562499999 0.6375740890625 0.480578709375 0.63074558125 0.48014294218750003 0.6291143328125 0.5057025875
1 0.629025690625 0.4766790125 0.6237679843749999 0.47719852500000004 0.626119646875 0.5009967265624999 0.631377353125 0.5004772156249999 0.629025690625 0.4766790125
1 0.6845950421875 0.5828964375 0.6914118734375 0.581836321875 0.6883259749999999 0.5619952234375 0.6815091671875 0.5630553375 0.6845950421875 0.5828964375
1 0.6699841453125 0.6012685484375 0.6828711359375 0.601106646875 0.682368571875 0.5611115640625 0.6694816734375 0.561273465625 0.6699841453125 0.6012685484375
1 0.64248705625 0.566332478125 0.630300196875 0.56917180625 0.6397038515625 0.6095296375 0.6518907078125 0.6066903203125 0.64248705625 0.566332478125
1 0.63336443125 0.5757536140624999 0.625411415625 0.5743128140625 0.6216389359375001 0.59513423125 0.62959195 0.5965750265625 0.63336443125 0.5757536140624999
1 0.6060041953125 0.5768252281249999 0.5998357953125 0.577613753125 0.602571096875 0.599008990625 0.608739496875 0.5982204671875 0.6060041953125 0.5768252281249999
1 0.3700582140625 0.5679267765625 0.363803675 0.5673272546875 0.361694071875 0.58933358125 0.367948609375 0.5899331015625 0.3700582140625 0.5679267765625
1 0.345101959375 0.5590683328125 0.3404741703125 0.5578107125 0.333276234375 0.5842950671875 0.33790402343750003 0.585552684375 0.345101959375 0.5590683328125
1 0.31093576875 0.592383609375 0.32978850312499997 0.5952210015625 0.33670271875 0.5492845078124999 0.31785013281249996 0.5464471265624999 0.31093576875 0.592383609375
1 0.29913819531249997 0.5437622375 0.2895857484375 0.54305476875 0.2871056109375 0.57653919375 0.2966580578125 0.577246659375 0.29913819531249997 0.5437622375
1 0.26221305 0.57373379375 0.2799306171875 0.5777458171875 0.29119811093750003 0.52799166875 0.27348069062499997 0.5239796625 0.26221305 0.57373379375
1 0.28360552656250004 0.44858718125 0.276310271875 0.4474864125 0.27269585625000003 0.471439140625 0.2799911109375 0.4725399078125 0.28360552656250004 0.44858718125
1 0.28982732968749997 0.4506418109375 0.2835364734375 0.45026212499999996 0.2821699984375 0.4729012 0.288460853125 0.4732808859375 0.28982732968749997 0.4506418109375
1 0.327267484375 0.46159123593749996 0.3188559 0.46204808125 0.3204533484375 0.4914588015625 0.3288649328125 0.49100195625 0.327267484375 0.46159123593749996
1 0.334103125 0.47200625 0.3297703125 0.47200625 0.3297703125 0.49545000000000006 0.334103125 0.49545000000000006 0.334103125 0.47200625
7 0.37991073750000004 0.33468131562500003 0.37566875 0.3348265625 0.3784302671875 0.41547400156250003 0.38267225625 0.4153287546875 0.37991073750000004 0.33468131562500003
7 0.375928884375 0.3376029703125 0.3713515625 0.33766250000000003 0.3728937390625 0.4562375 0.3774710609375 0.45617797031249996 0.375928884375 0.3376029703125
