2 0.365134634375 0.47693007187500003 0.30602408593749997 0.4786105015625 0.308069671875 0.5505601718750001 0.367180221875 0.5488797515625 0.365134634375 0.47693007187500003
7 0.2844777046875 0.35195770937500004 0.27320781250000004 0.35297968750000003 0.2834696015625 0.4661363734375 0.2947394921875 0.46511440156250006 0.2844777046875 0.35195770937500004
7 0.27485481875 0.470108353125 0.2814171015625 0.4691996953125 0.2679359375 0.37184531249999997 0.2613737359375 0.37275396562499996 0.27485481875 0.470108353125
7 0.30222788125 0.3793710640625 0.29525497500000003 0.3812964296875 0.32251404375 0.4800125046875 0.3294869453125 0.478087153125 0.30222788125 0.3793710640625
2 0.3638039328125 0.48141198906250005 0.3070773328125 0.48223476718749997 0.3080408765625 0.5486613546875 0.3647674765625 0.5478385796875 0.3638039328125 0.48141198906250005
2 0.460240253125 0.5066363984375 0.4961717375 0.5071628609375 0.4978002640625 0.3960038953125 0.46186932656249996 0.3954774359375 0.460240253125 0.5066363984375
2 0.49303640312499997 0.5062168 0.52540014375 0.5065723828124999 0.5266157453125 0.3959181203125 0.49425250624999995 0.39556254062499996 0.49303640312499997 0.5062168
7 0.5081117390625 0.3967678859375 0.51446563125 0.397 0.5181411734375 0.29638929687500004 0.51178735 0.2961571828125 0.5081117390625 0.3967678859375
7 0.4754004046875 0.3982794265625 0.48159533750000005 0.3982578125 0.481283721875 0.30895240625 0.47508884843750004 0.3089740203125 0.4754004046875 0.3982794265625
1 0.5374140625 0.442909375 0.5265609375 0.442909375 0.5265609375 0.49887812499999995 0.5374140625 0.49887812499999995 0.5374140625 0.442909375
1 0.574692653125 0.5187398640625001 0.5965434000000001 0.5227537515625 0.6089479343749999 0.4552305484375 0.5870974046875 0.45121668125000003 0.574692653125 0.5187398640625001
7 0.5893270703125 0.45604454062500005 0.5988140625 0.4573734375 0.6143187859375 0.3466906296875 0.6048319265625001 0.34536174375 0.5893270703125 0.45604454062500005
7 0.6615585421875 0.4964937390625 0.667346875 0.49824999999999997 0.6850351859375 0.4399563140625 0.6792469 0.43820006093749997 0.6615585421875 0.4964937390625
7 0.6500225796875 0.489174353125 0.662178221875 0.4902511859375 0.671578675 0.38414122812499996 0.659423203125 0.383064403125 0.6500225796875 0.489174353125
7 0.7068252875 0.4729872421875 0.714171875 0.47435312500000004 0.7316007703125 0.3806147671875 0.724254271875 0.3792488921875 0.7068252875 0.4729872421875
7 0.719141646875 0.37683513281250003 0.713860925 0.3762484359375 0.7072511578125 0.43573851875 0.71253188125 0.43632521406249997 0.719141646875 0.37683513281250003
7 0.7062418312500001 0.4120151609375 0.7089000015625 0.41209375000000004 0.7098296875 0.38065000000000004 0.7071715265625 0.3805714109375 0.7062418312500001 0.4120151609375
2 0.3851394375 0.57820073125 0.32492385 0.5796849625 0.3267749078125 0.6547744078125 0.386990496875 0.6532901875 0.3851394375 0.57820073125
2 0.3293636765625 0.5844988390625 0.27127899843750003 0.5824534296875 0.268927690625 0.6492173718750001 0.3270123671875 0.65126276875 0.3293636765625 0.5844988390625
7 0.3636298828125 0.6720619953125 0.35866154375 0.6718286171875001 0.35547968750000003 0.7395562499999999 0.36044802656249997 0.7397896265624999 0.3636298828125 0.6720619953125
7 0.349330871875 0.7452373421875 0.35374811875 0.7453619015624999 0.35650624999999997 0.6475640625 0.3520890953125 0.6474395046875 0.349330871875 0.7452373421875
7 0.3454120828125 0.6546179515625 0.3413047 0.653605428125 0.31905225000000004 0.7438612546875001 0.3231596296875 0.74487376875 0.3454120828125 0.6546179515625
7 0.307105859375 0.6568961203125 0.299494653125 0.6555860859375 0.284234375 0.744234375 0.291845578125 0.745544396875 0.307105859375 0.6568961203125
7 0.292369296875 0.6462591859375 0.28348961250000004 0.6437907625 0.25728876093749997 0.7380301625000001 0.2661684359375 0.740498559375 0.292369296875 0.6462591859375
9 0.20165655624999998 0.4402005625 0.24869791718749998 0.45703125 0.30504932500000004 0.2995366015625 0.2580087453125 0.282706065625 0.20165655624999998 0.4402005625
5 0.6164769265625 0.713067259375 0.665270665625 0.696804825 0.63196028125 0.596875728125 0.5831675046875 0.6131379859375 0.6164769265625 0.713067259375
5 0.40641169687499995 0.59000785625 0.36614911562499997 0.59336264375 0.37318766718749996 0.677825890625 0.4134502453125 0.67447113125 0.40641169687499995 0.59000785625
5 0.32768207656250004 0.4812088375 0.339488684375 0.48082386250000003 0.33735795468749996 0.41548295468749996 0.3255514515625 0.41586792812500006 0.32768207656250004 0.4812088375
