2 0.361853125 0.5304249999999999 0.36639374999999996 0.5212171875 0.3593765625 0.4986171875 0.3494703125 0.48606249999999995 0.3383265625 0.47769218750000003 0.32553125 0.4785296875 0.3123234375 0.48606249999999995 0.3065453125 0.49694374999999996 0.3077828125 0.513684375 0.3077828125 0.5404703125 0.3135625 0.5480031249999999 0.32346718750000003 0.548840625 0.3391515625 0.5496765625 0.352359375 0.54298125 0.361853125 0.5304249999999999
7 0.284990625 0.3976296875 0.280959375 0.3768765625 0.2784796875 0.363040625 0.27320781250000004 0.35297968750000003 0.27661875 0.3712171875 0.2825109375 0.39574375 0.283440625 0.4183828125 0.284371875 0.4391359375 0.284371875 0.45485781249999996 0.28313125 0.4624046875 0.289953125 0.4655484375 0.2893328125 0.43158906249999995 0.2880921875 0.40391875 0.2868515625 0.378134375 0.284990625 0.36744374999999996 0.284990625 0.3976296875
7 0.31383125 0.44856875 0.3225140625 0.48001250000000006 0.327165625 0.47498125 0.3265453125 0.467434375 0.320653125 0.45234218750000005 0.314140625 0.43599062499999997 0.30731875 0.4083203125 0.2998765625 0.3800203125 0.303596875 0.401403125 0.30669843750000003 0.4215265625 0.31383125 0.44856875
2 0.3519734375 0.5410140625000001 0.3612765625 0.5340953125000001 0.3643765625 0.5208890625 0.3603453125 0.50328125 0.35414375 0.49510624999999997 0.3454609375 0.49007500000000004 0.330265625 0.48189843750000005 0.3200328125 0.482528125 0.3104203125 0.4881875 0.30731875 0.49887812499999995 0.30793906249999997 0.52151875 0.30793906249999997 0.5416421875 0.315071875 0.548559375 0.3256140625 0.54793125 0.33987968749999997 0.5473015625000001 0.3519734375 0.5410140625000001
2 0.48369687499999997 0.5054515625 0.4908953125 0.503190625 0.49634999999999996 0.4949859375 0.49719375 0.437403125 0.49462031250000005 0.41460937500000006 0.49181406250000004 0.4052109375 0.4853171875 0.3976296875 0.4800453125 0.39574375 0.4722921875 0.399515625 0.46826093750000003 0.4076921875 0.4629890625 0.42592968750000004 0.461128125 0.446053125 0.4617484375 0.467434375 0.46236875 0.49510624999999997 0.4674421875 0.5058578125000001 0.47695156250000004 0.50688125 0.48369687499999997 0.5054515625
2 0.4971 0.50139375 0.49958125000000003 0.503909375 0.5039234375 0.5057968749999999 0.5119859375 0.506425 0.5203578125 0.5057968749999999 0.5240796875 0.4995078125 0.5256296875 0.485671875 0.5259406249999999 0.4573734375 0.5253203125 0.43095937500000003 0.5253203125 0.41712499999999997 0.5197375 0.40203125 0.5107453125 0.39574375 0.504853125 0.3982578125 0.49741093750000004 0.4076921875 0.495240625 0.42718749999999994 0.495240625 0.445425 0.49337968749999994 0.47498125 0.494309375 0.49887812499999995 0.4971 0.50139375
7 0.512915625 0.3121015625 0.5122953125 0.3460609375 0.5095046875 0.381278125 0.5082640625 0.3925984375 0.5144656249999999 0.397 0.51570625 0.363040625 0.5150859375 0.32908125 0.517878125 0.2963796875 0.512915625 0.3121015625
7 0.47539375 0.396371875 0.4815953125 0.3982578125 0.47973437499999994 0.3693296875 0.480665625 0.341659375 0.48128593750000004 0.3095875 0.47973437499999994 0.3089578125 0.476634375 0.35738125 0.47539375 0.396371875
1 0.5361734375 0.4636609375 0.5346234375 0.4517125 0.5321421875000001 0.442909375 0.5281109374999999 0.445425 0.5268703125 0.45925937499999997 0.5265609375 0.47309531250000003 0.5265609375 0.490703125 0.5281109374999999 0.49824999999999997 0.5315218749999999 0.49887812499999995 0.53524375 0.49259062499999995 0.5374140625 0.48127031249999996 0.5361734375 0.4636609375
1 0.5966437499999999 0.4529703125 0.5916812499999999 0.45611562499999997 0.590440625 0.45925937499999997 0.5870296875000001 0.4686921875 0.5854796875 0.47561093750000005 0.5826890625 0.47875468750000005 0.5802078125000001 0.4888171875 0.5774171875 0.503909375 0.5777265625 0.51145625 0.5836187500000001 0.5183734375 0.5898203125 0.52151875 0.5963328125 0.5208890625 0.5985031249999999 0.5120859375 0.59974375 0.5001359375 0.602225 0.4888171875 0.6043953125 0.48001250000000006 0.6016046875 0.4712078125 0.6000546875 0.467434375 0.6006750000000001 0.45800156249999996 0.59974375 0.45422812500000004 0.5966437499999999 0.4529703125
7 0.5941625 0.4215265625 0.5907515625 0.449196875 0.5947828125 0.45359999999999995 0.5988140625 0.4573734375 0.59974375 0.4504546875 0.601915625 0.41523750000000004 0.605946875 0.383165625 0.61431875 0.34669062500000003 0.605015625 0.3743609375 0.5985031249999999 0.3982578125 0.5941625 0.4215265625
7 0.6775796875 0.4636609375 0.68223125 0.449196875 0.6844015625 0.4397640625 0.6750984375 0.45674374999999995 0.66920625 0.47498125 0.665175 0.4863015625 0.663315625 0.490703125 0.667346875 0.49824999999999997 0.67261875 0.48064062500000004 0.6775796875 0.4636609375
7 0.6698265625000001 0.40391875 0.6614546875 0.43473281249999995 0.6605234375 0.42215625 0.6614546875 0.409578125 0.663625 0.397 0.6676562500000001 0.38379375 0.6589734375 0.40454687500000003 0.6561828125 0.419640625 0.6537015625 0.4479390625 0.6533921874999999 0.47623906250000003 0.65308125 0.4894453125 0.658353125 0.485671875 0.6626953125 0.48441406249999996 0.6608343750000001 0.461775 0.6630046875 0.4416515625 0.664865625 0.4253 0.6698265625000001 0.40391875
7 0.714171875 0.47435312500000004 0.7213046875 0.43599062499999997 0.723475 0.41523750000000004 0.7253359374999999 0.39574375 0.725025 0.37939218750000003 0.72254375 0.406434375 0.7200640625 0.4253 0.7154125 0.4441671875 0.71138125 0.461775 0.7070390625 0.4718375 0.714171875 0.47435312500000004
7 0.7138609375 0.37624843750000003 0.714171875 0.399515625 0.71138125 0.412721875 0.7089000000000001 0.4208984375 0.7095203125 0.43599062499999997 0.71293125 0.41712499999999997 0.7163421875 0.40203125 0.7160328125000001 0.3900828125 0.7138609375 0.37624843750000003
7 0.7089000000000001 0.41209375000000004 0.7085890625 0.3951140625 0.7098296875 0.38065000000000004 0.7070390625 0.3850515625 0.7089000000000001 0.41209375000000004
2 0.3257515625 0.6106625 0.3262640625 0.6340515625 0.3283140625 0.6402875 0.338053125 0.6491234375 0.3544546875 0.651721875 0.36624375 0.6538015625 0.3741890625 0.651721875 0.3798265625 0.6340515625 0.384440625 0.615340625 0.38546562500000003 0.5914328125 0.382134375 0.5831171875 0.37547031249999996 0.5784390625 0.37034531249999997 0.5794796875 0.36470625 0.58415625 0.3567625 0.5846765625 0.34804843750000003 0.5836375 0.339846875 0.582596875 0.33625937499999997 0.5831171875 0.3293390625 0.585715625 0.3252390625 0.592471875 0.3257515625 0.6106625
2 0.281928125 0.5846765625 0.27577656250000004 0.5914328125 0.2703953125 0.6075453125 0.2696265625 0.6293734375 0.2719328125 0.6361296875 0.2750078125 0.644965625 0.282440625 0.6475640625 0.2957671875 0.6501625 0.3047359375 0.648084375 0.3160125 0.644965625 0.3229328125 0.6428859375 0.3272890625 0.6356109375 0.3280578125 0.621578125 0.3280578125 0.6075453125 0.3254953125 0.5966296875 0.3183203125 0.5909125000000001 0.31498750000000003 0.5914328125 0.3088375 0.587275 0.3044796875 0.5877953125000001 0.29884218749999997 0.587275 0.2952546875 0.5836375 0.29012812499999996 0.5831171875 0.281928125 0.5846765625
7 0.361375 0.714609375 0.36214375 0.7036953125000001 0.36265625 0.6907015624999999 0.36214375 0.6719921875 0.36035 0.67615 0.35855625 0.6740703124999999 0.35906875 0.68290625 0.35958125 0.6995375 0.3588125 0.7166890625 0.35547968750000003 0.7395562499999999 0.35778750000000004 0.7338390625 0.361375 0.714609375
7 0.3524046875 0.7156484375 0.3506109375 0.7452734375000001 0.3524046875 0.7312406250000001 0.3549671875 0.7021359375 0.35547968750000003 0.678228125 0.35650624999999997 0.6475640625 0.35205156249999997 0.6487703125000001 0.3521484375 0.6922609375000001 0.3524046875 0.7156484375
7 0.332928125 0.7047343749999999 0.337028125 0.6886234375 0.340871875 0.6688734375000001 0.3442046875 0.6543203125 0.340871875 0.65691875 0.337028125 0.6709515625 0.332159375 0.69278125 0.3257515625 0.7166890625 0.3226765625 0.7447546875 0.3249828125 0.7348796875 0.32882656250000003 0.720846875 0.332928125 0.7047343749999999
7 0.3254953125 0.714609375 0.3295953125 0.6933 0.333696875 0.678228125 0.330878125 0.6756296875000001 0.3298515625 0.6839453125 0.3252390625 0.7036953125000001 0.3198578125 0.742675 0.3254953125 0.714609375
7 0.291153125 0.7317609375 0.29371718750000003 0.7224062499999999 0.29653593749999996 0.714090625 0.30012343750000003 0.6974578124999999 0.3016609375 0.677709375 0.3042234375 0.6564 0.2993546875 0.6564 0.2985859375 0.664715625 0.2973046875 0.683425 0.2949984375 0.7021359375 0.29012812499999996 0.7244843750000001 0.284234375 0.744234375 0.291153125 0.7317609375
7 0.29038437500000003 0.7114906249999999 0.2932046875 0.6938203125 0.2955109375 0.6787484375 0.2975609375 0.6589984375 0.292178125 0.6543203125 0.291921875 0.6600374999999999 0.291409375 0.6704328125 0.29038437500000003 0.68654375 0.287821875 0.7083734374999999 0.2803890625 0.742675 0.286796875 0.7244843750000001 0.29038437500000003 0.7114906249999999
7 0.27577656250000004 0.677709375 0.26885781249999996 0.6964187500000001 0.26424375 0.7166890625 0.2609125 0.7390375 0.2670625 0.7156484375 0.2706515625 0.707853125 0.2750078125 0.6969390625 0.27962031249999997 0.6808265625 0.285259375 0.6636765625 0.29012812499999996 0.6543203125 0.287053125 0.6501625 0.283978125 0.6439265625 0.282440625 0.6475640625 0.27987656250000004 0.6610765625 0.27577656250000004 0.677709375
5 0.3763020828125 0.69921875 0.40625 0.6888020828125 0.4075520828125 0.5963541671875 0.3815104171875 0.60546875 0.3763020828125 0.69921875
5 0.61328125 0.6940104171875 0.6432291671875 0.69921875 0.6497395828125 0.6341145828125 0.61328125 0.6223958328125 0.61328125 0.6940104171875
9 0.2994791671875 0.3151041671875 0.2721354171875 0.2877604171875 0.22265625 0.3815104171875 0.24869791718749998 0.45703125 0.2994791671875 0.3151041671875
0 0.5767783875 0.6501322578125001 0.6439837390625 0.6814098125 0.66742745 0.7064318953125001 0.7018115109374999 0.693920884375 0.736195690625 0.657951646875 0.697122840625 0.648568403125 0.66430155 0.648568403125 0.623665809375 0.6470045484375 0.58771885625 0.6266740890625 0.55958635625 0.6204186125 0.52051350625 0.6188547 0.47987776406249993 0.6157269921874999 0.4408049140625 0.6204186125 0.42986444375 0.6313657703125 0.40642073281249996 0.639185159375 0.368910890625 0.6407490124999999 0.3173346796875 0.6470045484375 0.28138760937499996 0.6470045484375 0.267321478125 0.6360573921875 0.25638100937499997 0.6172908453125 0.239188978125 0.582885521875 0.2289062140625 0.5765625015625 0.2423147578125 0.634493478125 0.25950690781249997 0.6704627171875 0.36265921093750003 0.668898803125 0.4501823734375 0.668898803125 0.5064472546875 0.6548239375 0.5767783875 0.6501322578125001
0 0.47987776406249993 0.4499559046875 0.514261825 0.44839205 0.5423943265625 0.4515198171875 0.5674009265625 0.45777529375 0.6002220984375 0.4812334625 0.6705532296875 0.49687223906250005 0.7096260812499999 0.507819396875 0.7377585812499999 0.4953083859375 0.7127519796875 0.482797375 0.6564869796874999 0.482797375 0.606473778125 0.464030828125 0.5814671765625 0.4468281375 0.5236392859375 0.4280616796875 0.4689372953125 0.4311893875 0.4236128828125 0.44057263124999996 0.37672546093750003 0.4515198171875 0.3439041703125 0.4499559046875 0.30483132031250004 0.4609030625 0.2876392890625 0.4702863046875 0.2579438984375 0.46715859687499994 0.2464843390625 0.4750000015625 0.2751360484375 0.48748899687499997 0.32827503125 0.47966960781249995 0.38454003124999997 0.46715859687499994 0.4251757734375 0.46715859687499994 0.44861948281249997 0.4515198171875 0.47987776406249993 0.4499559046875
