1 0.7404503453125 0.5170364078125 0.723956246875 0.5163046875 0.72258704375 0.547165996875 0.7390811421875 0.547897715625 0.7404503453125 0.5170364078125
1 0.6985402625 0.5753127671875 0.7132854703125 0.5765820640625 0.7179591359375 0.5222931546875 0.7032140625000001 0.5210238640625 0.6985402625 0.5753127671875
1 0.6548259203125 0.5798116875 0.61589935625 0.5772788765625 0.6119512671875 0.6379500515625 0.6508778296875 0.6404828484375 0.6548259203125 0.5798116875
1 0.6170211937500001 0.5938332265625 0.6333919875 0.5922360484375 0.6275883015625 0.53275599375 0.611217675 0.5343531625 0.6170211937500001 0.5938332265625
1 0.48641956249999996 0.63860149375 0.4974914078125 0.6375222921875 0.4932971484375 0.594497615625 0.48222539375 0.5955768124999999 0.48641956249999996 0.63860149375
2 0.49323232343749995 0.5937040812500001 0.4577987859375 0.5876093921875001 0.4489418109375 0.6390966046875 0.48437534062500004 0.6451912640625 0.49323232343749995 0.5937040812500001
1 0.42272638906250004 0.555874796875 0.40514252656250005 0.5546785484375001 0.40020937500000003 0.627184375 0.4177932375 0.628380615625 0.42272638906250004 0.555874796875
1 0.43851198125 0.66851846875 0.41865735624999995 0.663678675 0.403637975 0.7252848171874999 0.4234925890625 0.730124578125 0.43851198125 0.66851846875
5 0.294553253125 0.6099978015625 0.3861612859375 0.6205357796875 0.40046191875000003 0.49622241093749997 0.30885577343750004 0.485684540625 0.294553253125 0.6099978015625
5 0.6763248234375 0.5368538609375 0.6470819875 0.5387293125 0.6529017406250001 0.6294642890625 0.6821445749999999 0.6275888515625 0.6763248234375 0.5368538609375
5 0.6261160718750001 0.75 0.6679017890625001 0.739915290625 0.6506696421875 0.6685267859375 0.6088845671875001 0.6786114140625 0.6261160718750001 0.75
5 0.32267989531249996 0.629031634375 0.30022321406249997 0.703125 0.373883809375 0.725446821875 0.396339796875 0.6513540515625 0.32267989531249996 0.629031634375
7 0.471072603125 0.5212695375 0.47325712031249995 0.52131154375 0.47443181875 0.46022727343750003 0.472247321875 0.4601852671875 0.471072603125 0.5212695375
7 0.595229025 0.5056450140625001 0.599046125 0.505748171875 0.6010051953125 0.43326196250000004 0.597188134375 0.43315880625 0.595229025 0.5056450140625001
6 0.612599840625 0.41531005624999995 0.5965909078125 0.41264204531250004 0.5907171203125 0.4478847265625 0.6067260531249999 0.45055273125 0.612599840625 0.41531005624999995
6 0.42442284218750004 0.8501047140625 0.4315066234375 0.8341694453124999 0.4125519609375 0.8257452453124999 0.40546816718749995 0.8416804718750001 0.42442284218750004 0.8501047140625
