1 0.7226328125 0.5461343750000001 0.7299046875 0.547490625 0.7391593750000001 0.5461343750000001 0.7378375 0.53393125 0.7318890625 0.521728125 0.72395625 0.5163046875 0.7226328125 0.5461343750000001
1 0.7160234375 0.544778125 0.7113953125 0.521728125 0.7041234375000001 0.5312203125 0.70081875 0.548846875 0.702140625 0.5610484375 0.70610625 0.5759640625 0.7140390625 0.567828125 0.7160234375 0.544778125
1 0.6294234375000001 0.634265625 0.638678125 0.6396890625 0.647271875 0.6396890625 0.6519 0.624775 0.6499171875 0.601725 0.6439671875 0.5854546875 0.6373562500000001 0.5786749999999999 0.6314078125 0.593590625 0.6254578125 0.5949453124999999 0.6195078125 0.5908781249999999 0.6142203125 0.60308125 0.612896875 0.62341875 0.6208296875 0.635621875 0.6294234375000001 0.634265625
1 0.61488125 0.5583375 0.6155421875 0.5786749999999999 0.6195078125 0.593590625 0.624796875 0.592234375 0.630084375 0.592234375 0.63206875 0.5786749999999999 0.630084375 0.5583375 0.6267796875 0.5420671875 0.6155421875 0.53393125 0.61488125 0.5583375
1 0.4867484375 0.5951359375 0.4843453125 0.6173234375 0.489753125 0.6382765625 0.493359375 0.6284156249999999 0.4957625 0.6197874999999999 0.493359375 0.5951359375 0.4867484375 0.5951359375
1 0.4200421875 0.5556921874999999 0.4122296875 0.5618546875 0.40802187500000003 0.5667859375 0.403815625 0.57418125 0.4026140625 0.5926703125 0.4044171875 0.60869375 0.40020937500000003 0.627184375 0.409225 0.6210203125 0.4170375 0.616090625 0.42064218750000004 0.5865078125000001 0.4200421875 0.5556921874999999
1 0.4260515625 0.71593125 0.430859375 0.6999078125 0.430859375 0.6863484375 0.42905625000000003 0.6715578125 0.42064218750000004 0.6641625 0.4164359375 0.672790625 0.4122296875 0.694978125 0.40802187500000003 0.7073031249999999 0.4110265625 0.7220953125 0.41583437500000003 0.7282578125 0.4218453125 0.7245609375 0.4260515625 0.71593125
5 0.378874171875 0.541851015625 0.3888724859375 0.5027067765625 0.3147916484375 0.4825000015625 0.3130517546875 0.5218624578125 0.378874171875 0.541851015625
7 0.5871729203125 0.55184529375 0.5939583140625 0.647083334375 0.61633468125 0.6384623031250001 0.60800273125 0.5043724953125001 0.60800273125 0.4160897375 0.5971712984375 0.408594053125 0.5871729203125 0.55184529375
5 0.6763248234375 0.564338134375 0.6763248234375 0.5368538609375 0.6470833140625001 0.5387500015625 0.6521620921875 0.569335321875 0.6763248234375 0.564338134375
5 0.67049235625 0.749232178125 0.6571613125 0.7117536578125 0.62937498125 0.725208334375 0.6313322171875 0.7667221421875 0.67049235625 0.749232178125
5 0.353878321875 0.7325750578125 0.3613770265625 0.7067565328125001 0.31895831406249997 0.6918750015625 0.3097189625 0.7192493734375 0.353878321875 0.7325750578125
