1 0.9183203125 0.5596 0.9126921875 0.5474249999999999 0.9111921875 0.5557953125 0.9111921875 0.5664484375 0.9145687499999999 0.5740578125 0.9175703125 0.5740578125 0.920196875 0.5694921875000001 0.9183203125 0.5596
1 0.8691671875000001 0.5740578125 0.866165625 0.585471875 0.8676656250000001 0.5953640625000001 0.87291875 0.5999296875 0.8710421875 0.588515625 0.8691671875000001 0.5740578125
2 0.9065703125000001 0.69048125 0.9129484375000001 0.679828125 0.916325 0.6630874999999999 0.9133234375000001 0.6440640625 0.9065703125000001 0.6402593750000001 0.8941874999999999 0.6471078125 0.8825546875000001 0.658521875 0.8758015625000001 0.6714578125 0.8637937499999999 0.69048125 0.8645453125 0.7193968749999999 0.8712984374999999 0.7262453125 0.8780531249999999 0.7292890625 0.8866828124999999 0.7193968749999999 0.8953125 0.707221875 0.9065703125000001 0.69048125
2 0.83115 0.7544 0.8390296875000001 0.7612484375 0.8469093750000001 0.7688578125000001 0.8532875000000001 0.7711421875 0.8622937500000001 0.765053125 0.8682968750000001 0.7483125 0.8690468750000001 0.7323328124999999 0.8690468750000001 0.7171140625 0.8645453125 0.701134375 0.8607921875000001 0.688959375 0.8547890625000001 0.688959375 0.8484093749999999 0.695046875 0.8405296874999999 0.7018953125 0.830775 0.7079828125 0.8247703124999999 0.7201578125 0.8285234375 0.7414640625 0.8292734375 0.749834375 0.83115 0.7544
2 0.80038125 0.7688578125000001 0.8071359375 0.7833171875 0.814640625 0.7924484374999999 0.8221437500000001 0.793209375 0.8285234375 0.7810343750000001 0.8322749999999999 0.773425 0.8315250000000001 0.7544 0.8288984375 0.7399421875 0.8240203125000001 0.7186359375 0.8172671875 0.717875 0.8075109375 0.71483125 0.79925625 0.716353125 0.7887500000000001 0.717875 0.7876234375 0.737659375 0.7917515625 0.7475515625 0.7977546875 0.758965625 0.80038125 0.7688578125000001
2 0.7767421875 0.7673359375000001 0.7812453125000001 0.7642921874999999 0.7853718749999999 0.7559218750000001 0.7879984375 0.740703125 0.783496875 0.7232015625 0.7812453125000001 0.7095046875000001 0.774490625 0.7049390625 0.7662359375000001 0.6996125 0.75760625 0.6866765625 0.751978125 0.6958078125 0.7557296874999999 0.710265625 0.7538546875 0.7300500000000001 0.75723125 0.7429859375000001 0.763234375 0.758965625 0.7688625 0.7673359375000001 0.7767421875 0.7673359375000001
1 0.7549796875 0.728528125 0.7557296874999999 0.71483125 0.751603125 0.7133093749999999 0.74785 0.7277671875 0.7508515625000001 0.7368984375000001 0.7542296875 0.7384203125 0.7549796875 0.728528125
2 0.4968265625 0.7140703125 0.49832656249999996 0.7368984375000001 0.5024546875 0.7544 0.509209375 0.7642921874999999 0.5137109375 0.76353125 0.5182140625 0.7597265625 0.52534375 0.7452687499999999 0.5298453125 0.731571875 0.5328484375 0.7193968749999999 0.5320968749999999 0.6958078125 0.5298453125 0.6874374999999999 0.521590625 0.6927640625 0.511459375 0.6897203125 0.500203125 0.695046875 0.4968265625 0.7140703125
2 0.46305625 0.7551609375 0.4649328125 0.758965625 0.47168593750000004 0.7673359375000001 0.477690625 0.762009375 0.48519375 0.7483125 0.49119843750000003 0.73918125 0.49457500000000004 0.731571875 0.4957 0.7193968749999999 0.4957 0.70874375 0.4926984375 0.695046875 0.48707031250000005 0.692003125 0.47919062500000004 0.693525 0.46530781250000003 0.69656875 0.4559265625 0.7018953125 0.4540515625 0.7216796875 0.458178125 0.743746875 0.46117968749999994 0.7505953125 0.46305625 0.7551609375
2 0.41802968749999997 0.7802734375 0.42103124999999997 0.7863609375 0.425909375 0.7894046875 0.4341640625 0.7909265624999999 0.44091874999999997 0.7817953125 0.44392031249999997 0.77646875 0.4502984375 0.7658140625 0.457428125 0.7536390625 0.4604296875 0.7452687499999999 0.4604296875 0.7300500000000001 0.457053125 0.7140703125 0.4499234375 0.7133093749999999 0.437540625 0.71483125 0.426659375 0.707221875 0.41690468750000004 0.7117875 0.409025 0.7239625000000001 0.4075234375 0.7414640625 0.4135265625 0.7688578125000001 0.41802968749999997 0.7802734375
