1 0.9128070890625001 0.574961315625 0.9209416812500001 0.5734183203125001 0.915895428125 0.5468173984375 0.9077608734375 0.5483603890625 0.9128070890625001 0.574961315625
1 0.868357975 0.60059095625 0.87291876875 0.5999296843749999 0.8691671875000001 0.5740578125 0.8646064140625 0.5747190828125001 0.868357975 0.60059095625
2 0.9286589171875 0.653065075 0.8967514078125 0.6343372484375001 0.8501023953125 0.71380454375 0.8820097703125 0.732532190625 0.9286589171875 0.653065075
2 0.8645500171875 0.6874784875 0.8208183453125001 0.6941132546875 0.832974315625 0.7742239828125 0.8767059749999999 0.7675892734375 0.8645500171875 0.6874784875
2 0.8014273578125 0.7979516421875 0.8401507796875001 0.7890873140625 0.822098246875 0.71024105625 0.78337551875 0.719105303125 0.8014273578125 0.7979516421875
2 0.76258849375 0.77039910625 0.793001890625 0.7638169796875001 0.7754671859375 0.6828110296875 0.7450543359374999 0.6893930953125 0.76258849375 0.77039910625
1 0.74708336875 0.7378785859375 0.7542296921875 0.7384203125 0.756107634375 0.713650840625 0.74896135 0.7131091140625 0.74708336875 0.7378785859375
2 0.49843740781249996 0.7646353343750001 0.53425369375 0.7634943859375001 0.531828146875 0.6873743343750001 0.4960124640625 0.688515275 0.49843740781249996 0.7646353343750001
2 0.4923837609375 0.6910096703125 0.4498049984375 0.6989706109375 0.462896584375 0.7689792671875 0.50547533125 0.7610183890625 0.4923837609375 0.6910096703125
2 0.463423371875 0.7103755546875 0.41057960781249997 0.7058425234375 0.40350537343750004 0.7882966312499999 0.4563491328125 0.79282961875 0.463423371875 0.7103755546875
