1 0.23117414374999998 0.293699746875 0.197182021875 0.292551103125 0.19436900625 0.3757947171875 0.22836112812499998 0.37694335625000003 0.23117414374999998 0.293699746875
7 0.33014709999999997 0.2210481890625 0.3228462390625 0.2202528734375 0.3105390625 0.333228125 0.3178399234375 0.3340234375 0.33014709999999997 0.2210481890625
7 0.298855234375 0.3519925140625 0.306445215625 0.3511345625 0.29617187500000003 0.26025312500000003 0.2885819578125 0.261111071875 0.298855234375 0.3519925140625
1 0.46968777656249994 0.43647476718749995 0.45823164531250005 0.43583208906250004 0.4556066703125 0.48262083125000005 0.46706280156249996 0.48326350781249994 0.46968777656249994 0.43647476718749995
1 0.48657657031249996 0.4324943671875 0.4676634796875 0.4321326890625 0.46641118437499995 0.49761419062499995 0.48532427499999997 0.49797586718750003 0.48657657031249996 0.4324943671875
1 0.5502069359374999 0.49754744375 0.56039589375 0.49840691875000004 0.5643785984374999 0.451195315625 0.554189709375 0.45033584531250004 0.5502069359374999 0.49754744375
1 0.7065858453125 0.4412576265625 0.7111531515625 0.44025936874999994 0.7033546875 0.40458125 0.6987874015625 0.4055795046875 0.7065858453125 0.4412576265625
1 0.712492659375 0.43716726093749997 0.7226303281249999 0.436376846875 0.71966190625 0.398306915625 0.7095242875000001 0.399097328125 0.712492659375 0.43716726093749997
2 0.3782094625 0.48541755000000003 0.33958096875 0.4780860140625 0.327274265625 0.542922728125 0.36590275 0.5502542265625 0.3782094625 0.48541755000000003
1 0.2070832390625 0.3898317359375 0.176036171875 0.3741154625 0.1564310703125 0.412842984375 0.187478109375 0.4285592171875 0.2070832390625 0.3898317359375
7 0.32175752812499997 0.6469123859375 0.33321116093750003 0.6492914046875 0.355702834375 0.5410181484375001 0.3442494125 0.5386391515625 0.32175752812499997 0.6469123859375
9 0.76184863125 0.630028578125 0.8187044953125 0.6293058921875 0.8160221078125 0.41836994218749995 0.7591681109375 0.41909261718749996 0.76184863125 0.630028578125
9 0.2260650546875 0.3952765609375 0.158388721875 0.3886202484375 0.1408094265625 0.567341990625 0.20848574687500002 0.5739982171875 0.2260650546875 0.3952765609375
1 0.3752884109375 0.528610503125 0.3654400828125 0.53018609375 0.369494175 0.555524209375 0.379342503125 0.5539486234375001 0.3752884109375 0.528610503125
8 0.305308378125 0.2339476640625 0.2717108390625 0.2306480046875 0.256523071875 0.3852877546875 0.2901206078125 0.3885873890625 0.305308378125 0.2339476640625
8 0.26622939218749997 0.21826123281249998 0.2439354625 0.21791015625000001 0.2415396609375 0.370043940625 0.263833590625 0.37039501406249997 0.26622939218749997 0.21826123281249998
