1 0.22949375 0.34342656250000003 0.22513125 0.3190078125 0.2258578125 0.3046421875 0.21495156249999997 0.29315156249999996 0.20258906250000003 0.3046421875 0.19604531249999999 0.3261890625 0.1953171875 0.3477359375 0.20331562500000003 0.3491734375 0.209134375 0.3491734375 0.2142234375 0.37646562499999997 0.2222234375 0.36353749999999996 0.22949375 0.34342656250000003
8 0.2564 0.23712968750000002 0.2447640625 0.2285109375 0.239675 0.25005781250000003 0.24767343749999998 0.2874046875 0.24549218750000001 0.31613437499999997 0.2433109375 0.3491734375 0.25421875 0.3534828125 0.26294375 0.3463 0.26585312499999997 0.3304984375 0.268034375 0.3103890625 0.26730624999999997 0.281659375 0.26294375 0.2601125 0.2564 0.23712968750000002
8 0.26730624999999997 0.3822109375 0.27675937500000003 0.38795625 0.28185 0.3621 0.2898484375 0.34342656250000003 0.2949390625 0.3233171875 0.2993015625 0.27304062500000004 0.2927578125 0.24431250000000002 0.28475937500000004 0.23712968750000002 0.27530625 0.2457484375 0.26948906250000004 0.264421875 0.268034375 0.2845328125 0.263671875 0.2974609375 0.255671875 0.3304984375 0.257853125 0.3534828125 0.26585312499999997 0.35779218749999997 0.26730624999999997 0.3822109375
7 0.326546875 0.2683609375 0.3232640625 0.2553875 0.3179265625 0.2440359375 0.3224421875 0.2667390625 0.3257265625 0.2862 0.325315625 0.30241562499999997 0.325315625 0.31944374999999997 0.3232640625 0.3307953125 0.319159375 0.3389046875 0.3179265625 0.3462015625 0.32203125 0.35998593749999996 0.32613593750000003 0.34376875 0.3286 0.32593125 0.330240625 0.30728125 0.32942031250000003 0.2862 0.326546875 0.2683609375
7 0.3179265625 0.333228125 0.32080000000000003 0.29917343750000003 0.3224421875 0.2732265625 0.324084375 0.24809062499999998 0.325315625 0.22052187499999998 0.3199796875 0.2497125 0.3175171875 0.269171875 0.3162859375 0.293496875 0.3134125 0.31376875000000004 0.3105390625 0.333228125 0.3179265625 0.333228125
7 0.29576250000000004 0.2732265625 0.29617187500000003 0.26025312500000003 0.2928890625 0.2748484375 0.29247812500000003 0.2910640625 0.293709375 0.3064703125 0.29617187500000003 0.32349843749999996 0.298225 0.33809374999999997 0.29986718749999997 0.351878125 0.3056125 0.34376875 0.30315 0.333228125 0.3002765625 0.3218765625 0.2986359375 0.3097140625 0.29576250000000004 0.29511875 0.294940625 0.284578125 0.29576250000000004 0.2732265625
1 0.466515625 0.4832328125 0.467746875 0.47107031250000003 0.4681578125 0.46052968749999995 0.467746875 0.4483671875 0.4648734375 0.43620468749999997 0.45994843750000003 0.4386375 0.45830624999999997 0.442690625 0.46159062500000003 0.45242187500000003 0.459128125 0.46052968749999995 0.45666406249999997 0.4637734375 0.4562546875 0.47107031250000003 0.459128125 0.479990625 0.466515625 0.4832328125
1 0.466515625 0.492153125 0.47103124999999996 0.4970171875 0.4739046875 0.49620625 0.47759843750000003 0.497828125 0.48129218749999997 0.492153125 0.4833453125 0.48080156250000006 0.48580781249999994 0.4726921875 0.48457656250000003 0.46052968749999995 0.47800937499999996 0.456475 0.47595625 0.4499890625 0.4726734375 0.44107031250000006 0.46856875000000003 0.43215000000000003 0.4673375 0.449178125 0.468978125 0.46701718750000004 0.46692656250000003 0.479990625 0.466515625 0.492153125
1 0.5527140625 0.46782812500000004 0.5518921875 0.4816109375 0.5518921875 0.492153125 0.553534375 0.497828125 0.5588703125000001 0.4897203125 0.5621546875 0.4775578125 0.5633859375 0.4629625 0.5596921874999999 0.4508 0.5551765625 0.4589078125 0.5527140625 0.46782812500000004
1 0.7033546875 0.40458125 0.70294375 0.4175546875 0.7033546875 0.42647500000000005 0.7078703125 0.43539374999999997 0.7111531249999999 0.440259375 0.7033546875 0.40458125
1 0.7144375000000001 0.437015625 0.7193625 0.4289078125 0.721415625 0.42079843749999996 0.72059375 0.4102578125 0.7173109375 0.40133906250000007 0.711975 0.39890625 0.7111531249999999 0.41998749999999996 0.711975 0.4297171875 0.7144375000000001 0.437015625
2 0.37374999999999997 0.5067468749999999 0.37251875 0.49377343749999997 0.3659515625 0.48647656250000004 0.35815312499999996 0.4816109375 0.351175 0.4816109375 0.34173437500000003 0.4832328125 0.3376296875 0.49377343749999997 0.33475625 0.5035046875 0.33229375 0.516478125 0.3318828125 0.5278296874999999 0.3355765625 0.5375593750000001 0.34173437500000003 0.5456671875 0.3528171875 0.5416140625 0.3597953125 0.5367484375 0.3647203125 0.528640625 0.3716984375 0.5197203125 0.37374999999999997 0.5067468749999999
1 0.17494375 0.421978125 0.182215625 0.42589531249999996 0.1901484375 0.41806093750000006 0.19808125000000001 0.4076140625 0.200725 0.3945546875 0.19411406250000002 0.388025 0.1828765625 0.377578125 0.17494375 0.3762734375 0.1670109375 0.39194375 0.16635 0.41022499999999995 0.1670109375 0.41806093750000006 0.17494375 0.421978125
7 0.3496744953125 0.5397659984375001 0.348501090625 0.5401571328125 0.34615428125 0.5421128078125 0.34263406875 0.5464152890625 0.331291159375 0.648892603125 0.3383315859375 0.6246422468749999 0.35515038125 0.543677346875 0.3535858421875 0.5413305375 0.3496744953125 0.5397659984375001
9 0.1901943875 0.5342224718749999 0.2174649078125 0.4489146953125 0.22305885937499997 0.425839640625 0.21676566249999998 0.4083585390625 0.21396868593749999 0.40626080781249996 0.20487851406250002 0.40346383125 0.1908936328125 0.398569121875 0.1790064828125 0.39227592499999997 0.16711933437499998 0.38947894843749997 0.1580291609375 0.39227592499999997 0.1538336953125 0.4349298140625 0.14823974374999999 0.5356209609375 0.1524352078125 0.5684854328125 0.169217065625 0.5642899671875 0.1901943875 0.5342224718749999
0 0.716970125 0.559236696875 0.81973584375 0.5090487890625 0.8149560421875 0.46005583124999994 0.7050206234374999 0.5054639375 0.6416882625 0.5437023453125 0.5353376937500001 0.5783559015625 0.4015032703125 0.5460922453125 0.32502645625 0.5006841375 0.2724486484375 0.4684204828125 0.2222607390625 0.439741678125 0.2043364859375 0.4863447359375 0.26766884687500003 0.5281679921875 0.34175575937499997 0.5616265984375 0.408672971875 0.589110453125 0.5126336390625 0.6165943078125 0.6153993578125 0.5950852046875 0.716970125 0.559236696875
1 0.3686709375 0.55037896875 0.3708835171875 0.5550806984375 0.372266378125 0.5550806984375 0.3739258125 0.5539744093750001 0.3766915359375 0.5492726796875 0.377797825 0.544294378125 0.37641496406249997 0.539316075 0.37447895781249996 0.534337771875 0.37254295000000004 0.529359471875 0.37060694375000003 0.529359471875 0.3700538 0.5310189046875 0.368394365625 0.537103496875 0.3678412203125 0.5390395031249999 0.36756464843750003 0.540975509375 0.36756464843750003 0.5434646609375 0.3686709375 0.55037896875
0 0.5211556453124999 0.4789668546875 0.62290508125 0.4566316125 0.647722015625 0.4458776078125 0.7097643546875 0.425196828125 0.7552620703125 0.38383526875 0.7411991390625 0.345782634375 0.7139005109375 0.37556295781250004 0.6626121765625 0.39210758125 0.569135053125 0.412788359375 0.46490392500000005 0.3912803484375 0.4020343546875 0.3830080375 0.3333741671875 0.34660986562499996 0.2068077953125 0.27960413906250003 0.195226559375 0.3176567734375 0.24320596718749998 0.3557094078125 0.3308924734375 0.39624373749999997 0.4045160484375 0.44091422031249994 0.5211556453124999 0.4789668546875
