7 0.3623059359375 0.3901641828125 0.3493742 0.39147431250000003 0.35833000625 0.47986840468749997 0.371261740625 0.4785582828125 0.3623059359375 0.3901641828125
7 0.360470275 0.3721764015625 0.3543249953125 0.372134375 0.35356433125 0.48335730625 0.35970960937499996 0.48339933124999995 0.360470275 0.3721764015625
2 0.4926238625 0.5202597453125 0.4679043890625 0.5203940640625 0.4682754796875 0.58868245625 0.492994953125 0.588548140625 0.4926238625 0.5202597453125
2 0.493437703125 0.593037371875 0.52047920625 0.5923518796875 0.5187652921875 0.5247539796875 0.4917240984375 0.5254394671875 0.493437703125 0.593037371875
2 0.5212374140625 0.5888109015625 0.5414949203125 0.58802699375 0.5390018921874999 0.5236124421875 0.5187446078125 0.5243963468749999 0.5212374140625 0.5888109015625
7 0.5617892296875 0.3710144453125 0.5531734 0.3707984359375 0.54935625 0.5230421875 0.5579720796875 0.52325819375 0.5617892296875 0.3710144453125
2 0.5723811000000001 0.579268334375 0.6006033890625 0.5719753437499999 0.5821901625 0.5007274046875 0.5539682 0.5080203515624999 0.5723811000000001 0.579268334375
2 0.5922827374999999 0.555666784375 0.6170704484375 0.5523244171874999 0.6083096218749999 0.48735874062500006 0.5835221640625 0.490701090625 0.5922827374999999 0.555666784375
7 0.5784723140625 0.4975272609375 0.58094065625 0.497299996875 0.5704359250000001 0.3832142390625 0.5679676203125 0.3834415015625 0.5784723140625 0.4975272609375
7 0.5954058890625 0.43226805781250005 0.6000312828125 0.43184218437500005 0.594478125 0.37153281250000003 0.589852765625 0.371958684375 0.5954058890625 0.43226805781250005
7 0.7011640390625 0.687325878125 0.7048547109375 0.6855843640625 0.6958296875000001 0.6664609375 0.6921390296875 0.668202446875 0.7011640390625 0.687325878125
2 0.5765053875 0.5879140125 0.54913096875 0.591503 0.5579461609374999 0.6587316921874999 0.585320575 0.655142728125 0.5765053875 0.5879140125
7 0.572883065625 0.6547430484375 0.56825109375 0.6554121453125 0.5830232796875 0.7576609609375 0.5876552484374999 0.7569918703125 0.572883065625 0.6547430484375
2 0.3632154171875 0.65065690625 0.3945054609375 0.6496392359375001 0.392076828125 0.5749817171875 0.3607872171875 0.57599938125 0.3632154171875 0.65065690625
4 0.3090776515625 0.7890809187500001 0.3276772125 0.7921526859375 0.3479580625 0.669371059375 0.3293590046875 0.666299334375 0.3090776515625 0.7890809187500001
4 0.305476040625 0.6266198515625 0.284513721875 0.62281545625 0.2636138125 0.7379589015625 0.28457611875 0.74176325 0.305476040625 0.6266198515625
2 0.2778798671875 0.644348975 0.321622321875 0.6468645921875 0.3280339390625 0.5353823609374999 0.284292353125 0.53286676875 0.2778798671875 0.644348975
2 0.37309999375 0.56933903125 0.3291430640625 0.5608550046875 0.30818992343749996 0.66940410625 0.35214682656249996 0.67788804375 0.37309999375 0.56933903125
7 0.3621379 0.726285390625 0.3752060265625 0.7276559812500001 0.38370339531250003 0.646647346875 0.37063549375 0.64527676875 0.3621379 0.726285390625
5 0.6097936109375001 0.6518007171875 0.6713064140625 0.6329520265624999 0.6473214281249999 0.5546875 0.5858095140625 0.57353604375 0.6097936109375001 0.6518007171875
