7 0.349490625 0.3926234375 0.3566265625 0.40774687500000006 0.3614609375 0.42140625 0.36123125 0.444821875 0.3603109375 0.4657984375 0.3582390625 0.4789703125 0.36238281250000004 0.4794578125 0.36491406249999997 0.463359375 0.366065625 0.4467734375 0.36675625 0.4340890625 0.363303125 0.4165265625 0.360540625 0.40433125 0.3524828125 0.39115937500000003 0.349490625 0.3926234375
7 0.3476484375 0.4662859375 0.35133281250000004 0.480434375 0.35938906249999997 0.48092187500000005 0.3547859375 0.4740921875 0.3524828125 0.463359375 0.3471890625 0.445309375 0.3416640625 0.42335625 0.335909375 0.399940625 0.337290625 0.41896562499999995 0.342125 0.44140625 0.3476484375 0.4662859375
2 0.4810578125 0.5881578125 0.48840625 0.58665 0.49196249999999997 0.583134375 0.49291093750000003 0.5730875 0.49196249999999997 0.5560078125000001 0.49196249999999997 0.544453125 0.490065625 0.5334015625 0.48603593749999996 0.5253640625 0.4777390625 0.520340625 0.472759375 0.5228531249999999 0.469440625 0.5283781249999999 0.46801875 0.5414390625000001 0.46825625000000004 0.5600265624999999 0.469440625 0.5786125 0.46825625000000004 0.5851437500000001 0.47252343750000003 0.588659375 0.4810578125 0.5881578125
2 0.4993125 0.5263687499999999 0.49694062499999997 0.5354109375 0.49528125 0.55299375 0.49314843750000004 0.5816265625 0.497653125 0.5921765625 0.507609375 0.5926781250000001 0.5204109375 0.5896640625 0.5194625 0.5786125 0.5192265625 0.5429468749999999 0.514484375 0.5248625 0.5066609375 0.5253640625 0.4993125 0.5263687499999999
2 0.5408000000000001 0.5700734375 0.5396140625 0.5394296875 0.5346359374999999 0.536415625 0.5303687499999999 0.5298859375 0.525390625 0.526871875 0.5197 0.524359375 0.5194625 0.5429468749999999 0.5204109375 0.5635421875 0.521596875 0.5821296874999999 0.525153125 0.588659375 0.5341609375 0.5881578125 0.5393765625 0.583134375 0.5408000000000001 0.5700734375
7 0.54935625 0.5230421875 0.5580328125 0.5208359375 0.5562968749999999 0.5039203125 0.555603125 0.4443453125 0.5531734375 0.3707984375 0.5524796875 0.48847500000000005 0.550396875 0.5127453125 0.54935625 0.5230421875
2 0.5878828125 0.5752625 0.5930890625 0.5649656249999999 0.5930890625 0.5429 0.5889249999999999 0.5281906249999999 0.58510625 0.5120109375 0.5785109375 0.50465625 0.569834375 0.5039203125 0.5635859375 0.5068625 0.55976875 0.5281906249999999 0.5639328124999999 0.546578125 0.5674046875000001 0.5576109375 0.5729578125 0.571584375 0.580246875 0.575996875 0.5878828125 0.5752625
2 0.6125265625 0.5186296875 0.6104437500000001 0.503184375 0.6062796875 0.49509375 0.60003125 0.48847500000000005 0.5917015625000001 0.4928875 0.5864953125000001 0.50465625 0.5871890625 0.51789375 0.5899656249999999 0.5348109375 0.593784375 0.5473140625 0.599684375 0.55466875 0.608709375 0.5524625000000001 0.6142624999999999 0.54069375 0.6125265625 0.5186296875
7 0.580940625 0.49729999999999996 0.5753874999999999 0.43699062499999997 0.5694874999999999 0.38330156249999997 0.57608125 0.471559375 0.580940625 0.49729999999999996
7 0.5948249999999999 0.425959375 0.60003125 0.43184218750000003 0.594478125 0.37153281250000003 0.5948249999999999 0.425959375
7 0.72255625 0.6495453125 0.7145734375 0.6318937499999999 0.7128375 0.635571875 0.72255625 0.6495453125
2 0.5799000000000001 0.6466031250000001 0.5799000000000001 0.635571875 0.580246875 0.6164484375 0.5774703125 0.6039453124999999 0.5729578125 0.5958546874999999 0.5674046875000001 0.589971875 0.560809375 0.589971875 0.55525625 0.5973265624999999 0.5514375 0.60909375 0.5531734375 0.6223328125 0.5580328125 0.6326296874999999 0.5621984375 0.6436609375 0.5674046875000001 0.6539578125000001 0.5719171875 0.6569 0.5799000000000001 0.6466031250000001
7 0.5830234375 0.7576609375000001 0.5731204265625001 0.6563860109374999 0.56825109375 0.6554121453125 0.5830234375 0.7576609375000001
2 0.38795625 0.5752625 0.38344374999999997 0.5752625 0.3754609375 0.5789390625 0.3667828125 0.5870296875000001 0.3615765625 0.60026875 0.36331250000000004 0.6333656249999999 0.36712968749999997 0.648809375 0.374765625 0.65028125 0.3851796875 0.642190625 0.3921203125 0.6230687500000001 0.39316249999999997 0.6083578125 0.39246875000000003 0.5870296875000001 0.38795625 0.5752625
4 0.329296875 0.762809375 0.3376265625 0.73191875 0.3424859375 0.7025 0.34526249999999997 0.6745515625 0.3303375 0.6664609375 0.3268671875 0.6826421875 0.3213140625 0.715003125 0.3154125 0.751778125 0.314025 0.7804609375 0.31923124999999997 0.7907578125 0.324090625 0.783403125 0.329296875 0.762809375
4 0.30118125 0.65028125 0.300834375 0.6341 0.285909375 0.6230687500000001 0.2831328125 0.6304234375 0.2779265625 0.65910625 0.27445624999999996 0.7010296874999999 0.2723734375 0.7341265625 0.2789671875 0.7407453125 0.28347968749999997 0.7297125 0.2914625 0.6951453125 0.30118125 0.65028125
2 0.324090625 0.6039453124999999 0.325825 0.573790625 0.325478125 0.5612874999999999 0.3230484375 0.553196875 0.314371875 0.5473140625 0.3077765625 0.546578125 0.30152968750000003 0.53628125 0.2925046875 0.5333390625 0.28764531249999997 0.5458421875 0.2824390625 0.569378125 0.28105 0.5892359375 0.2838265625 0.6223328125 0.30430625 0.64586875 0.3115953125 0.6429265625 0.3174953125 0.6282171875 0.324090625 0.6039453124999999
2 0.3174953125 0.635571875 0.32513125 0.6613125 0.3265203125 0.6671968749999999 0.33068437500000003 0.67308125 0.3424859375 0.6760234374999999 0.34908125 0.669403125 0.3542875 0.6561656250000001 0.358453125 0.6392484375 0.3626171875 0.6223328125 0.36712968749999997 0.60026875 0.36886562500000003 0.5862937500000001 0.36469999999999997 0.57746875 0.35949375 0.5723203125 0.354634375 0.5708484375 0.34699843750000003 0.573790625 0.3417921875 0.5701140625 0.335196875 0.5620234375 0.3272140625 0.5708484375 0.324090625 0.5870296875000001 0.32061875 0.6054171875 0.3174953125 0.635571875
7 0.3788340625 0.6607684109374999 0.3807817953125 0.6534644125 0.38370339531250003 0.646647346875 0.37250393125 0.6520036124999999 0.3698798234375 0.6524807218750001 0.3676345984375 0.6812196078125 0.36373913281250003 0.7138441328125 0.364226065625 0.726504396875 0.373477796875 0.7240697328125 0.376399396875 0.7162788 0.376399396875 0.6933929375 0.3768863296875 0.674889475 0.3788340625 0.6607684109374999
5 0.6081796203125001 0.6013625546875 0.611588153125 0.6067188203125 0.6135358859375 0.6076926874999999 0.6218137515625 0.6091534875 0.6339870828125 0.6052580203125 0.637395615625 0.6018494875 0.63836948125 0.5994148218750001 0.6393433484375 0.596493221875 0.63983028125 0.5930846890625 0.6223006843750001 0.5877284234375 0.6159705515625 0.5877284234375 0.6076926859375 0.5906500234375 0.6067188203125 0.59405855625 0.6067188203125 0.5974670890625 0.6081796203125001 0.6013625546875
0 0.46732470781249996 0.667012415625 0.531807196875 0.657998734375 0.5623150406249999 0.6559186546875 0.6143170484375 0.646904971875 0.6746393765625001 0.6288776109375 0.6989069812500001 0.5810357625 0.687119859375 0.5505279187500001 0.6441315328125 0.5810357625 0.6032232859375 0.6143170484375 0.52903375625 0.6288776109375 0.4416703828125 0.62263736875 0.3938285375 0.61570376875 0.284277640625 0.564395121875 0.2745706 0.610850246875 0.30299836406249997 0.6496784124999999 0.3335062078125 0.6677057765625001 0.3515335703125 0.672559296875 0.38273477499999997 0.6538385734375 0.418096140625 0.6559186546875 0.46732470781249996 0.667012415625
