1 0.24866050781250001 0.5295143171875 0.2374099625 0.5307380203125 0.24163380625 0.569567878125 0.25288435 0.5683441796875 0.24866050781250001 0.5295143171875
1 0.245381690625 0.5983918953125 0.271236909375 0.5994751859375 0.2743766796875 0.5245409015625 0.248521790625 0.5234576171875001 0.245381690625 0.5983918953125
1 0.2938458484375 0.5539417828125 0.29010704375 0.55409865 0.291690565625 0.5918368984375 0.29542937187499996 0.59168003125 0.2938458484375 0.5539417828125
1 0.6714481328125 0.5807857546874999 0.691988753125 0.577432528125 0.6831669890625001 0.5233993625 0.6626265546875 0.526752571875 0.6714481328125 0.5807857546874999
1 0.684177515625 0.57249621875 0.7056779890625 0.5749583609375 0.712804809375 0.5127287828125 0.69130455625 0.510266653125 0.684177515625 0.57249621875
1 0.6833248968750001 0.632338384375 0.6760646296874999 0.634066584375 0.6839060203125 0.6670045265625 0.6911662859375001 0.6652763328125 0.6833248968750001 0.632338384375
6 0.6723392375 0.7147653078125 0.6322831890625 0.7220289515625 0.6416779906250001 0.7738288234375 0.681734028125 0.7665652234375 0.6723392375 0.7147653078125
5 0.28306447343749996 0.6304461781249999 0.27678571406249997 0.6919642859375 0.331473196875 0.6975448078125 0.3377515859375 0.63602704375 0.28306447343749996 0.6304461781249999
6 0.5941135640625 0.7973223609375 0.5654251390625 0.786695965625 0.5485064515625 0.8323628453125 0.57719484375 0.842989178125 0.5941135640625 0.7973223609375
6 0.6656966828125 0.3929105578125 0.6386858859375 0.39334619375 0.6392378890625 0.4275703734375 0.666248684375 0.42713473750000003 0.6656966828125 0.3929105578125
