1 0.24866050781250001 0.5295143171875 0.2374099625 0.5307380203125 0.24163380625 0.569567878125 0.25288435 0.5683441796875 0.24866050781250001 0.5295143171875
1 0.245381690625 0.5983918953125 0.271236909375 0.5994751859375 0.2743766796875 0.5245409015625 0.248521790625 0.5234576171875001 0.245381690625 0.5983918953125
1 0.6714481328125 0.5807857546874999 0.691988753125 0.577432528125 0.6831669890625001 0.5233993625 0.6626265546875 0.526752571875 0.6714481328125 0.5807857546874999
1 0.684177515625 0.57249621875 0.7056779890625 0.5749583609375 0.712804809375 0.5127287828125 0.69130455625 0.510266653125 0.684177515625 0.57249621875
1 0.6833248968750001 0.632338384375 0.6760646296874999 0.634066584375 0.6839060203125 0.6670045265625 0.6911662859375001 0.6652763328125 0.6833248968750001 0.632338384375
6 0.6540327796875001 0.774638546875 0.6706597249999999 0.755936340625 0.6441003937499999 0.7323282765625 0.6274735046875 0.7510304062500001 0.6540327796875001 0.774638546875
6 0.5771174171875 0.7933555671875 0.553977225 0.795367346875 0.557419196875 0.8349501828125 0.5805593874999999 0.8329384125000001 0.5771174171875 0.7933555671875
6 0.56520125 0.41907200468749994 0.549843571875 0.4193279515625 0.550128409375 0.43641820625000005 0.5654860859374999 0.4361622609375 0.56520125 0.41907200468749994
5 0.2743609375 0.7001668390625 0.3314735546875 0.7020089390625001 0.3337053578125 0.6328125 0.2765935421875 0.6309704125 0.2743609375 0.7001668390625
8 0.641419584375 0.760452740625 0.6728824203125 0.7551607125 0.656983546875 0.6606539390624999 0.625521353125 0.6659459125 0.641419584375 0.760452740625
8 0.6545696999999999 0.7038528484375 0.68031263125 0.70656225 0.6848758515625 0.6632105187499999 0.6591331515625 0.66050113125 0.6545696999999999 0.7038528484375
