1 0.24336562499999997 0.5634109375 0.24610781249999997 0.56908125 0.24919375000000002 0.5684515625000001 0.250565625 0.5596296875 0.250565625 0.547028125 0.248165625 0.5363171875 0.2440515625 0.530015625 0.240965625 0.5394671875 0.2389078125 0.5445078125 0.2399359375 0.553959375 0.24336562499999997 0.5634109375
1 0.2687390625 0.5394671875 0.2639375 0.5312765625 0.2584515625 0.5243453125 0.25467968750000003 0.523715625 0.2522796875 0.5331671874999999 0.25159375 0.5445078125 0.2522796875 0.5608906250000001 0.24645156250000003 0.5728609375 0.2474796875 0.58924375 0.2526234375 0.5986953125000001 0.2615375 0.5936546875000001 0.2673671875 0.5848328125 0.2721671875 0.577271875 0.2725109375 0.5652999999999999 0.273196875 0.5526984374999999 0.2687390625 0.5394671875
1 0.2934265625 0.553959375 0.29205468749999997 0.5608906250000001 0.2906828125 0.5678203125 0.29102656250000003 0.5760125 0.2930828125 0.5860937500000001 0.2934265625 0.5917640625 0.2944546875 0.5684515625000001 0.2934265625 0.553959375
1 0.6788296875000001 0.524975 0.67574375 0.5262359375 0.6706000000000001 0.526865625 0.666828125 0.5293859375000001 0.6664859375 0.550178125 0.6682 0.5608906250000001 0.6743718750000001 0.5697109375 0.6798578125 0.5716015624999999 0.6860296875 0.5760125 0.689115625 0.5779015625 0.6887734375 0.5577390624999999 0.6856875 0.5388375 0.6812296875 0.523715625 0.6788296875000001 0.524975
1 0.6970015625 0.513634375 0.691515625 0.5174140625 0.689459375 0.5293859375000001 0.68774375 0.5413578125 0.6887734375 0.557109375 0.6925453125 0.5697109375 0.6983734375 0.574121875 0.701459375 0.5734921875000001 0.7055734375 0.5703406249999999 0.7072890625 0.5608906250000001 0.70763125 0.550178125 0.71003125 0.536946875 0.7093453125 0.5224546875 0.704203125 0.51174375 0.6970015625 0.513634375
1 0.6826015625 0.661071875 0.6850015625 0.66674375 0.6874015625000001 0.6617031250000001 0.68774375 0.654771875 0.6867156249999999 0.64658125 0.684315625 0.6383890625 0.6801999999999999 0.6339796875 0.6764296875 0.6339796875 0.67814375 0.6428 0.68054375 0.65288125 0.6826015625 0.661071875
6 0.66545625 0.7379421875000001 0.6647703125 0.7499140625 0.6599703124999999 0.7562140625 0.6548265625 0.75684375 0.6459125 0.7442421875 0.642140625 0.7360515624999999 0.637340625 0.72723125 0.634940625 0.73668125 0.637340625 0.7499140625 0.6400828125 0.760625 0.6452265625 0.7675562499999999 0.654484375 0.7700765625 0.6623703125 0.7700765625 0.6706000000000001 0.7593640625 0.6750578125 0.7492828125 0.67574375 0.7360515624999999 0.6736859374999999 0.722190625 0.6712859375 0.71651875 0.6661421875 0.7158890625 0.66305625 0.7253406250000001 0.66545625 0.7379421875000001
5 0.2838541671875 0.7096354171875 0.3229166671875 0.7005208328125 0.3268229171875 0.6471354171875 0.2877604171875 0.64453125 0.2838541671875 0.7096354171875
0 0.3142089 0.66420718125 0.2610697984375 0.6610794125 0.2423147578125 0.6548239375 0.20167901718749998 0.634493478125 0.1624999640625 0.6078125015625 0.1735466359375 0.645440634375 0.236063196875 0.6798459593749999 0.295453859375 0.6923569703125 0.386102921875 0.6923569703125 0.3642221015625 0.6751543375 0.3142089 0.66420718125
0 0.7111889703125 0.6298018578125 0.6846194796875 0.6563877921875 0.6564869796874999 0.6767181921875001 0.6408578390625 0.67828210625 0.6189771375 0.67828210625 0.6234374640625 0.7015625015625 0.6580499890625 0.7079957484375 0.683056590625 0.7017402734375 0.7018115109374999 0.6673349484375 0.7408843609375 0.634493478125 0.7283811203125 0.6172908453125 0.7111889703125 0.6298018578125
