2 0.28683957968749996 0.429100003125 0.3374716515625 0.43157239374999995 0.34312919062499997 0.315710196875 0.2924977890625 0.3132378234375 0.28683957968749996 0.429100003125
2 0.32406281406250004 0.45293888125 0.36568843281249996 0.4574957140625 0.3782011203125 0.34319852968750003 0.336576078125 0.338641728125 0.32406281406250004 0.45293888125
2 0.363157515625 0.4631326859375 0.390228621875 0.46404538906250004 0.3945169171875 0.336854240625 0.3674462375 0.33594154375 0.363157515625 0.4631326859375
2 0.426236540625 0.3536170171875 0.38421520625 0.35416796875 0.385680065625 0.4658881109375 0.4277014 0.46533716406250003 0.426236540625 0.3536170171875
4 0.30713311249999997 0.3195847671875 0.3343265953125 0.3208953140625 0.341326715625 0.17564572812499998 0.3141335265625 0.1743351890625 0.30713311249999997 0.3195847671875
4 0.38391025624999997 0.2035118265625 0.3601840984375 0.2009596453125 0.345888428125 0.3338556125 0.369614584375 0.33640778125000004 0.38391025624999997 0.2035118265625
4 0.43844867499999995 0.2257098328125 0.41744804062499996 0.2214960875 0.39080134375000003 0.3542958671875 0.41180197031250004 0.35850958906249997 0.43844867499999995 0.2257098328125
2 0.7264725953125 0.4376325953125 0.68094145 0.44576567968749997 0.6930911562500001 0.5137783375 0.7386222906250001 0.50564529375 0.7264725953125 0.4376325953125
7 0.73620215625 0.582443359375 0.74988621875 0.578073346875 0.7219249999999999 0.490525 0.7082411265624999 0.49489497968749996 0.73620215625 0.582443359375
4 0.695956384375 0.551742953125 0.6752595984374999 0.553486534375 0.6877347453125 0.7015534125 0.708431528125 0.69980985625 0.695956384375 0.551742953125
4 0.63016880625 0.7369568046875 0.6500727765625001 0.73726953125 0.6525072859375001 0.5823261984375 0.6326039296875 0.582013475 0.63016880625 0.7369568046875
2 0.6040890046875 0.5731572453125 0.631855378125 0.5702447125 0.6249997671874999 0.5048946562500001 0.5972336874999999 0.5078071734375 0.6040890046875 0.5731572453125
4 0.3759957640625 0.735295215625 0.39526153124999996 0.7367405671875 0.4055706609375 0.5993417515624999 0.386305425 0.59789641875 0.3759957640625 0.735295215625
4 0.30693355 0.7168770171875 0.3335169609375 0.719158428125 0.3486760109375 0.5425406671874999 0.32209348125 0.5402592937499999 0.30693355 0.7168770171875
2 0.3105966640625 0.55521005625 0.3514433171875 0.5385023578125 0.31569255625000003 0.45110743593749997 0.2748464296875 0.4678150109375 0.3105966640625 0.55521005625
