1 0.22767640937500003 0.44779189218750004 0.2064069828125 0.44105000156249996 0.1929620484375 0.48346356874999996 0.2142314640625 0.49020543906249997 0.22767640937500003 0.44779189218750004
7 0.341331721875 0.5368299640624999 0.34440938125 0.5369078125 0.347435325 0.41728904218749996 0.34435772187499997 0.41721119375000004 0.341331721875 0.5368299640624999
7 0.3742159453125 0.5630042890625 0.38915765156250004 0.5612256640625 0.372811565625 0.42391921874999994 0.357870178125 0.42569782500000003 0.3742159453125 0.5630042890625
1 0.6531421703125 0.5988484374999999 0.6684140953125 0.5988484374999999 0.668414046875 0.557834375 0.65314223125 0.557834375 0.6531421703125 0.5988484374999999
1 0.6828185546875 0.576019884375 0.6737796859375 0.5754125 0.6721650265625 0.5994387390625 0.6812038953124999 0.600046121875 0.6828185546875 0.576019884375
1 0.7907341734375 0.513988428125 0.7654837 0.5081296734375 0.7559843109375 0.5490673828125 0.7812347765625 0.5549261171875 0.7907341734375 0.513988428125
7 0.7927446453125 0.7488343109375 0.8040975734375 0.7445290625000001 0.7650671874999999 0.641621875 0.75371449375 0.645927075 0.7927446453125 0.7488343109375
7 0.725132134375 0.7966435671875 0.7331052390624999 0.7950780843749999 0.7101296875 0.6780828125 0.7021567921874999 0.6796482734375 0.725132134375 0.7966435671875
7 0.699735490625 0.7889377578125 0.711249921875 0.78631166875 0.6880226281249999 0.6844865875 0.676508459375 0.6871126453125 0.699735490625 0.7889377578125
7 0.624956471875 0.8094276234375 0.633218959375 0.8087359203125001 0.6236686812500001 0.6946780140625 0.6154064078125 0.6953697078125 0.624956471875 0.8094276234375
6 0.6241982859374999 0.855320540625 0.65531146875 0.848129765625 0.6387125 0.776325 0.60759986875 0.7835157078125 0.6241982859374999 0.855320540625
6 0.695816675 0.834389571875 0.735599825 0.8441942250000001 0.7554073578125 0.7638383625 0.7156249781249999 0.7540338078125 0.695816675 0.834389571875
6 0.1594854625 0.6982640546875001 0.17552245625000001 0.7303331453124999 0.197231340625 0.719478659375 0.1811943328125 0.687409653125 0.1594854625 0.6982640546875001
9 0.25613759687500004 0.5542199250000001 0.193036953125 0.5458073828125001 0.170204090625 0.7170520203125 0.23330470781249998 0.7254644203125 0.25613759687500004 0.5542199250000001
