4 0.3161656250000533 0.4672609374999988 0.31807067611862294 0.4303629150573724 0.33946905665993654 0.431467662483396 0.3375640621989078 0.46836563083114113
4 0.40461066703562665 0.35271281615630384 0.42718974896854434 0.35184281005291634 0.43170583025823817 0.4690420271745222 0.4091267487161758 0.46991202685929623
4 0.5717510465219675 0.4176874746407996 0.5554666606371939 0.41884475824451545 0.5473111403986195 0.3040900882762476 0.563595312499956 0.3029328125000037
4 0.6691355276469722 0.706748621982966 0.6429032848963061 0.7095315357703967 0.6321229806882229 0.6079250724972561 0.6583546874999229 0.6051421875000054
4 0.5359885724740252 0.6439495841080544 0.5539031250000335 0.6427750000000007 0.5594348187878495 0.7271316792503625 0.5415202672670603 0.7283062529657142
4 0.490371875 0.64505625 0.51136875 0.64505625 0.51136875 0.74085 0.490371875 0.74085
4 0.44460624999999254 0.647337500000005 0.4681739145503343 0.644370926687841 0.48260086135780966 0.7589677414024214 0.459033203815693 0.7619342777756684
4 0.4440569640198646 0.7437598513660342 0.42255174473848456 0.7445785781187149 0.41876249999995707 0.6450562500000006 0.4402672619239638 0.6442375320231437
4 0.4095632149909534 0.731782151465238 0.390792030460716 0.731673957726002 0.3913776471900974 0.6301230573946022 0.41014843749997 0.6302312499999998
4 0.35684531249955853 0.6735654626829234 0.35684559972992247 0.7716422062671104 0.33800164530589427 0.771642162078944 0.33800156250003965 0.6735656249999464
