4 0.3219078125 0.46726093750000003 0.3375640625 0.468365625 0.3344328125 0.43851562499999996 0.32608281250000004 0.4307765625 0.319296875 0.437409375 0.316165625 0.46726093750000003 0.3219078125 0.46726093750000003
4 0.42576875000000003 0.43962031250000005 0.42159375 0.3887640625 0.4158515625 0.3522796875 0.40489218749999994 0.36001875 0.4095890625 0.4340921875 0.4090671875 0.468365625 0.42055 0.469471875 0.431509375 0.46394375 0.42576875000000003 0.43962031250000005
4 0.5603640624999999 0.4124125 0.5657484375 0.41811406250000005 0.5711328124999999 0.40899062500000005 0.5635953125000001 0.30293281250000004 0.5528265625000001 0.308634375 0.5544421875000001 0.40442968749999997 0.5603640624999999 0.4124125
4 0.65943125 0.707778125 0.6691234374999999 0.7066375 0.6578171875 0.6233875 0.6583546874999999 0.6051421875 0.6341265625 0.626809375 0.64435625 0.6370734375 0.65943125 0.707778125
4 0.5361359375 0.646196875 0.54044375 0.7009359374999999 0.5415203125 0.7283062499999999 0.5544421875000001 0.727165625 0.5565953125 0.707778125 0.5539031249999999 0.642775 0.5361359375 0.646196875
4 0.502215625 0.6518984375 0.490371875 0.6473375 0.490371875 0.6701453125 0.49090937500000004 0.7214640625000001 0.4936015625 0.74085 0.50329375 0.739709375 0.5065234375000001 0.7169015625 0.5075999999999999 0.680409375 0.51136875 0.64505625 0.502215625 0.6518984375
4 0.47475781250000004 0.7511140625 0.47475781250000004 0.7362890625 0.46991250000000007 0.695234375 0.46883437499999997 0.6496171875 0.45968125000000004 0.6621625 0.4526828125 0.6553203125 0.44460625 0.6473375 0.44999062500000003 0.673565625 0.45322031249999994 0.7157609375 0.4586046875 0.7545359375 0.46345156249999997 0.761378125 0.47475781250000004 0.7511140625
4 0.4413765625 0.739709375 0.442990625 0.7157609375 0.4402984375 0.64505625 0.4322234375 0.6530390625 0.4187625 0.64505625 0.42414687500000003 0.7203234375 0.4306078125 0.744271875 0.4413765625 0.739709375
4 0.40960937499999994 0.72374375 0.40960937499999994 0.6747062500000001 0.4101484375 0.63023125 0.3988421875 0.6370734375 0.3913046875 0.642775 0.39668749999999997 0.707778125 0.39991875 0.7317265625 0.40960937499999994 0.72374375
4 0.3563078125 0.696375 0.3568453125 0.673565625 0.346078125 0.673565625 0.3380015625 0.673565625 0.339078125 0.6883921875000001 0.3396171875 0.7362890625 0.342309375 0.7682203125 0.3487703125 0.7716421875 0.35307656249999997 0.7647984375 0.3563078125 0.7454125 0.3563078125 0.696375
