4 0.3344328123839009 0.43851562499999996 0.3260828123839009 0.4307765619047619 0.3192968749226006 0.437409375 0.31616562476780186 0.4672609380952381 0.3219078123839009 0.4672609380952381 0.3375640625386997 0.468365625 0.3344328123839009 0.43851562499999996
4 0.4095890625386997 0.4340921880952381 0.40906718761609906 0.468365625 0.42055000000000003 0.46947187500000004 0.4315093752321982 0.46394375000000004 0.42576874984520124 0.43962031309523814 0.42159374984520126 0.38876406190476187 0.4158515622291022 0.35227968809523813 0.4048921876160991 0.36001875 0.4095890625386997 0.4340921880952381
4 0.5711328123839009 0.408990625 0.5635953126934984 0.30293281309523806 0.5528265622291022 0.308634375 0.5544421876160991 0.4044296869047619 0.5603640625386997 0.41241249999999996 0.5657484377708978 0.41811406309523813 0.5711328123839009 0.408990625
4 0.657817187616099 0.6233875 0.6583546873065015 0.6051421869047618 0.6341265622291021 0.626809375 0.6443562501547988 0.6370734369047619 0.6594312501547988 0.707778125 0.6691234377708979 0.7066375 0.657817187616099 0.6233875
4 0.5415203126934984 0.7283062499999999 0.5544421876160991 0.727165625 0.5565953126934985 0.707778125 0.5539031250773994 0.6427750000000001 0.5361359374613003 0.646196875 0.5404437498452013 0.700935936904762 0.5415203126934984 0.7283062499999999
4 0.5032937498452013 0.739709375 0.5065234377708978 0.716901561904762 0.5076 0.680409375 0.5113687498452013 0.64505625 0.5022156247678018 0.6518984369047619 0.4903718749226006 0.6473375 0.4903718749226006 0.6701453119047619 0.49090937523219813 0.721464063095238 0.4936015622291022 0.74085 0.5032937498452013 0.739709375
4 0.4499906247678019 0.673565625 0.45322031269349844 0.715760936904762 0.45860468730650156 0.754535936904762 0.46345156222910217 0.761378125 0.47475781238390097 0.7511140619047619 0.47475781238390097 0.736289063095238 0.4699125003095975 0.6952343750000001 0.4688343752321981 0.6496171869047619 0.45968125015479877 0.6621625 0.45268281238390096 0.6553203119047619 0.44460625015479877 0.6473375 0.4499906247678019 0.673565625
4 0.43222343777089783 0.6530390619047619 0.41876249969040247 0.64505625 0.4241468749226006 0.7203234380952381 0.4306078123839009 0.7442718749999999 0.44137656222910215 0.739709375 0.4429906247678018 0.715760936904762 0.4402984377708979 0.64505625 0.43222343777089783 0.6530390619047619
4 0.3988421876160991 0.6370734369047619 0.3913046873065016 0.6427750000000001 0.3966875003095975 0.707778125 0.39991874984520126 0.7317265630952381 0.40960937523219815 0.72374375 0.40960937523219815 0.67470625 0.4101484377708978 0.63023125 0.3988421876160991 0.6370734369047619
4 0.3423093752321982 0.7682203119047619 0.34877031269349845 0.7716421869047619 0.35307656222910216 0.7647984369047619 0.3563078123839009 0.7454124999999999 0.3563078123839009 0.6963750000000001 0.3568453126934984 0.673565625 0.3460781250773994 0.673565625 0.33800156222910216 0.673565625 0.3390781250773994 0.6883921869047618 0.3396171876160991 0.736289063095238 0.3423093752321982 0.7682203119047619
