2 0.31389340312499997 0.5574939750000001 0.36257455781250003 0.5483033765625 0.3469465765625 0.46553294375 0.29826604687499997 0.47472347968750006 0.31389340312499997 0.5574939750000001
2 0.3803268921875 0.5716796625 0.41142721406250005 0.5707326265625 0.4087057109375 0.4813736609375 0.377605834375 0.48232069062500005 0.3803268921875 0.5716796625
2 0.4082077125 0.5677169531249999 0.4357362453125 0.5680417890625 0.43697677500000004 0.462902015625 0.4094486984375 0.462577184375 0.4082077125 0.5677169531249999
4 0.3180706765625 0.43036291562500006 0.316165625 0.46726093750000003 0.3375640625 0.46836563125 0.33946905625 0.43146766249999996 0.3180706765625 0.43036291562500006
4 0.42718974843749996 0.351842809375 0.4046106671875 0.352712815625 0.40912674843749997 0.4699120265625 0.43170582968750004 0.4690420265625 0.42718974843749996 0.351842809375
4 0.5554666609375001 0.4188447578125 0.571751046875 0.417687475 0.5635953125000001 0.30293281250000004 0.547311140625 0.3040900875 0.5554666609375001 0.4188447578125
1 0.6371630265625 0.453435440625 0.62776113125 0.5111170656249999 0.6484155265625 0.51448335 0.657817321875 0.4568018140625 0.6371630265625 0.453435440625
4 0.642903284375 0.7095315359375001 0.669135528125 0.706748621875 0.6583546874999999 0.6051421875 0.63212298125 0.607925071875 0.642903284375 0.7095315359375001
4 0.5539031249999999 0.642775 0.535988571875 0.6439495843749999 0.5415202671875 0.728306253125 0.55943481875 0.7271316796875 0.5539031249999999 0.642775
2 0.6178779999999999 0.6258871265625 0.6593152421874999 0.6185523078124999 0.6437184515625 0.5304507375 0.6022818390625 0.5377855015625 0.6178779999999999 0.6258871265625
2 0.61420625 0.5447 0.5819015624999999 0.5447 0.5819015624999999 0.6131249999999999 0.61420625 0.6131249999999999 0.61420625 0.5447
2 0.58060978125 0.5583901734375 0.5525360234375001 0.5636912578125 0.5631517265625 0.6199046125 0.5912254765625 0.61460355625 0.58060978125 0.5583901734375
2 0.5615782578124999 0.5649136609375 0.5337172765625 0.5634522359374999 0.52929795 0.6476942375 0.5571589312499999 0.6491556515625 0.5615782578124999 0.5649136609375
2 0.5315552203125 0.5722909671874999 0.5128102546875 0.5736519890625 0.517534065625 0.638704634375 0.5362790296875 0.637343621875 0.5315552203125 0.5722909671874999
2 0.48428524375000004 0.65725386875 0.5125080796875 0.6585224296875001 0.5164069609374999 0.571785353125 0.488184584375 0.5705168046875 0.48428524375000004 0.65725386875
2 0.4913459171875 0.571074828125 0.46882935156250005 0.5727527875 0.4735954015625 0.6367015328125001 0.49611196562500004 0.6350235828125 0.4913459171875 0.571074828125
2 0.47595709375000006 0.5729589359375 0.448356603125 0.571222078125 0.4425971140625 0.6627361984375 0.47019760312500003 0.664473040625 0.47595709375000006 0.5729589359375
4 0.51136875 0.64505625 0.490371875 0.64505625 0.490371875 0.74085 0.51136875 0.74085 0.51136875 0.64505625
4 0.4681739140625 0.6443709265625001 0.44460625 0.6473375 0.459033203125 0.761934278125 0.4826008609375 0.7589677406249999 0.4681739140625 0.6443709265625001
2 0.412462709375 0.6511158953125 0.440501771875 0.6525869734375 0.44493964999999996 0.5680055296875001 0.41690103125 0.5665344640625001 0.412462709375 0.6511158953125
4 0.42255174531249995 0.744578578125 0.4440569640625 0.7437598515625 0.44026726250000003 0.64423753125 0.4187625 0.64505625 0.42255174531249995 0.744578578125
4 0.3907920296875 0.7316739578125 0.409563215625 0.7317821515625 0.4101484375 0.63023125 0.391377646875 0.6301230578125 0.3907920296875 0.7316739578125
4 0.3568456 0.77164220625 0.3568453125 0.6735654624999999 0.3380015625 0.673565625 0.3380016453125 0.7716421625 0.3568456 0.77164220625
2 0.3833174640625 0.634473765625 0.4120977828125 0.6366469890625 0.416409728125 0.57954788125 0.3876297109375 0.5773746703125 0.3833174640625 0.634473765625
2 0.32379318281249997 0.67451601875 0.3686873828125 0.6774066671875 0.3756680671875 0.568997059375 0.3307747828125 0.5661064390625 0.32379318281249997 0.67451601875
2 0.365409284375 0.638795409375 0.39276250468749996 0.640361296875 0.396264259375 0.579196421875 0.3689113453125 0.57763054375 0.365409284375 0.638795409375
9 0.26439445781250004 0.7543472375 0.2699118484375 0.6513597765625 0.19962045625 0.6475948046875 0.19410233593749998 0.7505814796875 0.26439445781250004 0.7543472375
