4 0.3180706765625 0.43036291562500006 0.316165625 0.46726093750000003 0.3375640625 0.46836563125 0.33946905625 0.43146766249999996 0.3180706765625 0.43036291562500006
4 0.42718974843749996 0.351842809375 0.4046106671875 0.352712815625 0.40912674843749997 0.4699120265625 0.43170582968750004 0.4690420265625 0.42718974843749996 0.351842809375
4 0.5554666609375001 0.4188447578125 0.571751046875 0.417687475 0.5635953125000001 0.30293281250000004 0.547311140625 0.3040900875 0.5554666609375001 0.4188447578125
4 0.642903284375 0.7095315359375001 0.669135528125 0.706748621875 0.6583546874999999 0.6051421875 0.63212298125 0.607925071875 0.642903284375 0.7095315359375001
4 0.5539031249999999 0.642775 0.535988571875 0.6439495843749999 0.5415202671875 0.728306253125 0.55943481875 0.7271316796875 0.5539031249999999 0.642775
4 0.51136875 0.64505625 0.490371875 0.64505625 0.490371875 0.74085 0.51136875 0.74085 0.51136875 0.64505625
4 0.4681739140625 0.6443709265625001 0.44460625 0.6473375 0.459033203125 0.761934278125 0.4826008609375 0.7589677406249999 0.4681739140625 0.6443709265625001
4 0.42255174531249995 0.744578578125 0.4440569640625 0.7437598515625 0.44026726250000003 0.64423753125 0.4187625 0.64505625 0.42255174531249995 0.744578578125
4 0.3907920296875 0.7316739578125 0.409563215625 0.7317821515625 0.4101484375 0.63023125 0.391377646875 0.6301230578125 0.3907920296875 0.7316739578125
4 0.3568456 0.77164220625 0.3568453125 0.6735654624999999 0.3380015625 0.673565625 0.3380016453125 0.7716421625 0.3568456 0.77164220625
