1 0.22559361875 0.5522709234375001 0.24359031406249998 0.55302131875 0.24692232656250002 0.47311494062500004 0.22892585625 0.47236455 0.22559361875 0.5522709234375001
1 0.28801435937500003 0.494659628125 0.275844025 0.492622596875 0.26564177187500004 0.5535714203125 0.2778121046875 0.5556084421875 0.28801435937500003 0.494659628125
1 0.30666380000000004 0.5821096390625 0.31291823750000003 0.5822080953125 0.3136359359375 0.5366192390625 0.30738154687499997 0.5365207828125 0.30666380000000004 0.5821096390625
7 0.333985203125 0.49630548125 0.343329890625 0.4970382421875 0.3493874875 0.41979239375 0.3400429015625 0.41905963437500005 0.333985203125 0.49630548125
2 0.40799445937499995 0.6240812906250001 0.4379101796875 0.62319714375 0.43581776874999995 0.552413771875 0.40590242656250003 0.5532979140625 0.40799445937499995 0.6240812906250001
7 0.4223208828125 0.5534582890624999 0.42625313125000003 0.5536640625 0.431224815625 0.4586648203125 0.4272926265625 0.4584590484375 0.4223208828125 0.5534582890624999
7 0.6869562078125 0.7836940968749999 0.6913393 0.7823093 0.668153125 0.708934375 0.6637701046875 0.7103191609375 0.6869562078125 0.7836940968749999
7 0.6565517890625 0.7951691734375 0.6671221296875001 0.792724940625 0.6489666109375001 0.7142238640625 0.6383964578125 0.7166680734375 0.6565517890625 0.7951691734375
1 0.607411075 0.681149915625 0.6196242562500001 0.6819799718749999 0.621990796875 0.647163690625 0.6097777015625 0.6463336359375 0.607411075 0.681149915625
7 0.2674246046875 0.6483732484375 0.2599882109375 0.6463501828125 0.236390625 0.733078125 0.24382701093749998 0.7351011703125 0.2674246046875 0.6483732484375
7 0.25459323125 0.642183340625 0.24746871406249998 0.637926540625 0.20311516406250002 0.712150034375 0.21023965156250002 0.7164067968750001 0.25459323125 0.642183340625
