2 0.350134375 0.42163593749999995 0.34371874999999996 0.4101328125 0.3303953125 0.40595 0.3185515625 0.4101328125 0.31460468750000004 0.420590625 0.31065624999999997 0.4561453125 0.30868281249999996 0.46764687499999996 0.31608437500000003 0.4822875 0.3308890625 0.49588124999999994 0.3402640625 0.48542500000000005 0.3481609375 0.46973906249999997 0.349146875 0.448825 0.350134375 0.42163593749999995
2 0.38714375 0.39549218750000004 0.382209375 0.400721875 0.3748078125 0.42895625 0.3753015625 0.47705937499999995 0.3797421875 0.487515625 0.3896109375 0.49588124999999994 0.3960265625 0.49379062500000004 0.4054015625 0.48124218750000003 0.40441562500000006 0.45509843749999995 0.40441562500000006 0.4268640625 0.398 0.40176718749999996 0.38714375 0.39549218750000004
2 0.37382031250000003 0.454053125 0.3733265625 0.42581875 0.36543125 0.4101328125 0.3555625 0.4069953125 0.3516140625 0.4331390625 0.3461859375 0.4749671875 0.35112031250000003 0.4781046875 0.354575 0.48124218750000003 0.3590171875 0.4822875 0.36543125 0.48124218750000003 0.3733265625 0.48124218750000003 0.3753015625 0.47601250000000006 0.37382031250000003 0.454053125
2 0.403921875 0.440459375 0.403428125 0.4781046875 0.41181718749999996 0.4948359375 0.43205 0.49379062500000004 0.4350109375 0.4781046875 0.4335296875 0.448825 0.4335296875 0.41745312500000004 0.425634375 0.4049046875 0.41625781249999994 0.4080421875 0.40787031249999994 0.41431562499999997 0.403921875 0.440459375
7 0.3366921875 0.3383390625 0.3417734375 0.33187812499999997 0.3366921875 0.280190625 0.3366921875 0.3383390625
7 0.425115625 0.3684890625 0.421559375 0.321109375 0.41393593749999996 0.30603437499999997 0.420034375 0.3458765625 0.425115625 0.3684890625
1 0.449 0.41802343750000004 0.4474765625 0.40833125 0.4388375 0.40510156249999996 0.4368046875 0.44602031249999996 0.4393453125 0.4514046875 0.444934375 0.44171250000000006 0.447984375 0.43202187500000006 0.449 0.41802343750000004
1 0.4632296875 0.447096875 0.4617046875 0.46971093750000004 0.4647546875 0.483709375 0.470853125 0.4858625 0.47034374999999995 0.472940625 0.4688203125 0.4438671875 0.4667875 0.43848281250000004 0.4632296875 0.447096875
7 0.55876875 0.3555671875 0.564865625 0.359875 0.567915625 0.29095781249999997 0.55876875 0.3555671875
1 0.650240625 0.40294687500000004 0.64261875 0.40725468749999993 0.64109375 0.4514046875 0.6487171875 0.4535578125 0.6548140625000001 0.45463437500000003 0.653290625 0.4718640625 0.6563390625000001 0.47078749999999997 0.6629453125 0.462171875 0.6670109375 0.4406359375 0.659896875 0.40725468749999993 0.650240625 0.40294687500000004
7 0.61975 0.5903140625 0.6324546875 0.713071875 0.6243234375 0.583853125 0.61975 0.5903140625
7 0.590275 0.665690625 0.5912921875 0.628003125 0.5857015624999999 0.6193875 0.592815625 0.7087640625 0.590275 0.665690625
2 0.367690625 0.52678125 0.3554953125 0.53755 0.3554953125 0.5698546875 0.35701875 0.606465625 0.364134375 0.624771875 0.3687078125 0.620465625 0.3763296875 0.6075437499999999 0.385478125 0.5913906250000001 0.3870015625 0.57093125 0.3844609375 0.535396875 0.3809046875 0.5278578125 0.367690625 0.52678125
2 0.41647656250000004 0.517090625 0.4108875 0.517090625 0.3991984375 0.51924375 0.3870015625 0.524628125 0.3859859375 0.542934375 0.3875109375 0.5870828125 0.389034375 0.602159375 0.3941171875 0.6053890625 0.40021562499999996 0.602159375 0.4083453125 0.5913906250000001 0.41444375000000006 0.5795453125 0.41596875000000005 0.5558562499999999 0.41647656250000004 0.517090625
7 0.3966578125 0.628003125 0.3936078125 0.7109171875 0.40123125000000004 0.6376937500000001 0.3966578125 0.628003125
7 0.369215625 0.66676875 0.364134375 0.7346078125 0.37429687500000003 0.668921875 0.369215625 0.66676875
0 0.4596354171875 0.5690104171875 0.4075520828125 0.5885416671875 0.3567708328125 0.5989583328125 0.35546875 0.6158854171875 0.453125 0.5950520828125 0.51171875 0.6236979171875 0.6419270828125 0.625 0.6341145828125 0.5859375 0.5104166671875 0.56640625 0.4596354171875 0.5690104171875
0 0.6171875 0.421875 0.68359375 0.4283854171875 0.7447916671875 0.4153645828125 0.73828125 0.38671875 0.7044270828125 0.38671875 0.6380208328125 0.41015625 0.625 0.3815104171875 0.5638020828125 0.3984375 0.52734375 0.40234375 0.4934895828125 0.3997395828125 0.45703125 0.39453125 0.3997395828125 0.41015625 0.3671875 0.3763020828125 0.3268229171875 0.38671875 0.3151041671875 0.4088541671875 0.3255208328125 0.4114583328125 0.4348958328125 0.42578125 0.47265625 0.4244791671875 0.6171875 0.421875
0 0.2787363765625 0.6411958640625001 0.332322 0.6268974968750001 0.3553571015625 0.6098214296875 0.3591148125 0.5875771953125 0.30195673125 0.6125992 0.22872307187500002 0.532171196875 0.26087450156249997 0.6000881625 0.2787363765625 0.6411958640625001
0 0.6574080671875 0.5983009015625 0.632142815625 0.614285715625 0.6395461921875001 0.63225941875 0.6842008796875 0.6358339421875 0.7074213703125001 0.6090246078125 0.7431451203125 0.57864075 0.6931318171874999 0.5929390484375 0.6574080671875 0.5983009015625
5 0.289453475 0.6501323078125 0.23035710156250003 0.5852678578125 0.2215782953125 0.6644306078125 0.2698054390625 0.6948145328125 0.35018387500000003 0.712687421875 0.36804575 0.6447703875 0.3412529375 0.63404668125 0.289453475 0.6501323078125
5 0.7502897609375 0.6751543125 0.7306417265625 0.6197483828125 0.6395461921875001 0.6429831265625 0.644904809375 0.716261946875 0.7502897609375 0.6751543125
