2 0.3557864484375 0.40914519531250004 0.3166645734375 0.40422213593749995 0.3055311796875 0.49269025624999996 0.3446530484375 0.49761328593750004 0.3557864484375 0.40914519531250004
2 0.3756473796875 0.49613440937500003 0.40566186093749995 0.495590246875 0.4038412625 0.395189459375 0.3738271921875 0.39573361875 0.3756473796875 0.49613440937500003
2 0.3837828109375 0.41065729375000004 0.35501595468749997 0.40692439062499997 0.3454641921875 0.48052881718749996 0.3742310453125 0.4842617015625 0.3837828109375 0.41065729375000004
2 0.4038414640625 0.4950307109375 0.43540565625000005 0.4942598875 0.4332186765625 0.404719471875 0.40165486875 0.40549029062499997 0.4038414640625 0.4950307109375
7 0.4191302390625 0.3052393375 0.41393593749999996 0.30603437499999997 0.4235326328125 0.3687313546875 0.4287269328125 0.36793631875 0.4191302390625 0.3052393375
1 0.4496153484375 0.40563696718750003 0.4388374953125 0.40510156249999996 0.43654410937500004 0.45126553437499994 0.4473219609375 0.4518009375 0.4496153484375 0.40563696718750003
1 0.46257374687499997 0.48629630781250005 0.4710204171875 0.485853734375 0.46853337812499996 0.438391334375 0.4600867625 0.4388339078125 0.46257374687499997 0.48629630781250005
7 0.558590390625 0.35959729218750003 0.5648656296875 0.359875 0.567915625 0.29095781249999997 0.5616404312500001 0.2906801046875 0.558590390625 0.35959729218750003
1 0.668291228125 0.40357033124999997 0.642776446875 0.40268906718749997 0.64040243125 0.471418915625 0.6659172109375 0.472300175 0.668291228125 0.40357033124999997
7 0.59057555 0.6189996015625 0.5857015624999999 0.6193875 0.5928155625 0.7087640671875 0.59768955 0.708376171875 0.59057555 0.6189996015625
2 0.38513423125 0.52605546875 0.353727153125 0.5273622328124999 0.3577914796875 0.6250357828124999 0.38919855625 0.62372903125 0.38513423125 0.52605546875
2 0.3851691765625 0.6052718578125 0.415316475 0.6056667375 0.41647656250000004 0.517090625 0.3863297203125 0.5166957484375 0.3851691765625 0.6052718578125
7 0.41874874687499997 0.7190472859375 0.4241 0.7195328125 0.42918125937499996 0.6635375015625 0.42383006874999996 0.6630519765625 0.41874874687499997 0.7190472859375
7 0.40158105468749994 0.6281842015625 0.3966577875 0.6280031234375001 0.3936078125 0.7109171875 0.3985310796875 0.7110982640625 0.40158105468749994 0.6281842015625
7 0.3744289015625 0.6671591734375 0.3692155890625 0.666768746875 0.364134375 0.7346078125 0.3693476875 0.7349982359375 0.3744289015625 0.6671591734375
5 0.33890785156250003 0.6569784828125 0.3801995125 0.561434775 0.24250987968749999 0.501934525 0.20121782812500003 0.5974769703125 0.33890785156250003 0.6569784828125
5 0.744290065625 0.6303839359375 0.7405937921875 0.538513071875 0.634783046875 0.5427697390625 0.6384784140625 0.634639728125 0.744290065625 0.6303839359375
5 0.34509303281250003 0.3503737953125 0.22581690937499999 0.3149652734375 0.195132515625 0.4183237328125 0.3144085421875 0.45373203125000006 0.34509303281250003 0.3503737953125
8 0.6097524953125 0.425576659375 0.6413512796874999 0.4200006796875 0.6355704671875 0.387243128125 0.6039718093750001 0.39281909531250003 0.6097524953125 0.425576659375
8 0.57734375 0.428125 0.606972390625 0.429112584375 0.612041234375 0.277041984375 0.5824130390625 0.2760544078125 0.57734375 0.428125
