1 0.292899890625 0.45784801406250003 0.33328494375 0.44579128125 0.3138253578125 0.3806138609375 0.2734406359375 0.3926705390625 0.292899890625 0.45784801406250003
1 0.5553067734375 0.377063159375 0.5651421984375 0.376640625 0.56379873125 0.3453700859375 0.553963340625 0.3457926203125 0.5553067734375 0.377063159375
6 0.7321156140625 0.5794241343750001 0.6986447859375 0.567621546875 0.6743937343749999 0.6363873640625 0.7078645234375001 0.648189871875 0.7321156140625 0.5794241343750001
6 0.6980450625 0.63260825625 0.6768921359375 0.6216265359375 0.6576006 0.6587811515625 0.678753496875 0.669762828125 0.6980450625 0.63260825625
6 0.53350804375 0.8149837578125 0.5726648109375 0.8057272781249999 0.5494860234375001 0.7076963203125 0.5103301375 0.716952690625 0.53350804375 0.8149837578125
1 0.39896892031250003 0.5736752046875 0.413012446875 0.5756120921875 0.4206868265625 0.5199734203124999 0.4066434296875 0.5180365421875 0.39896892031250003 0.5736752046875
6 0.2691304 0.6745944328125 0.308034540625 0.660492903125 0.27220645 0.5616611234375 0.233303009375 0.5757625125 0.2691304 0.6745944328125
6 0.435343196875 0.743471153125 0.4573588984375 0.7380834921874999 0.440391440625 0.6687606484375 0.41837606562499996 0.674148265625 0.435343196875 0.743471153125
6 0.496808084375 0.691655703125 0.46730229218749997 0.6993516843750001 0.474014721875 0.72508268125 0.5035205046875 0.717386721875 0.496808084375 0.691655703125
8 0.5209949578125 0.7526054515625 0.5479100828125001 0.7522116203125 0.5452641921875 0.571443921875 0.5183500078125001 0.571837746875 0.5209949578125 0.7526054515625
8 0.629995740625 0.679482346875 0.6608358234375 0.6689587140625 0.6222456859375 0.5558827390625 0.59140625 0.56640625 0.629995740625 0.679482346875
8 0.65823113125 0.658484771875 0.6835931890625 0.6485946031250001 0.64453125 0.5484375 0.6191696453125 0.55832756875 0.65823113125 0.658484771875
8 0.6723884124999999 0.63347481875 0.6994342796875 0.62723408125 0.6765625 0.528125 0.6495171125 0.5343656796875 0.6723884124999999 0.63347481875
8 0.695033409375 0.6190051484375 0.7191425359375 0.614102046875 0.695602378125 0.49836537031250006 0.6714937375 0.5032684203125 0.695033409375 0.6190051484375
8 0.391033003125 0.5651007421875 0.3706260609375 0.562439271875 0.3598875953125 0.6447680140625 0.3802945328125 0.6474294640625 0.391033003125 0.5651007421875
8 0.32959985468749997 0.65259403125 0.3505804734375 0.6571055015625 0.3713200375 0.5606665015625001 0.3503397953125 0.5561550734375 0.32959985468749997 0.65259403125
8 0.32437494375 0.5956251124999999 0.33984388593750003 0.600780884375 0.3505468703125 0.5686718015625 0.3350780140625 0.56351604375 0.32437494375 0.5956251124999999
8 0.32439217187499997 0.5680008828124999 0.295312478125 0.55859374375 0.2664488265625 0.6478084046875 0.2955284828125 0.6572154625 0.32439217187499997 0.5680008828124999
8 0.30047815624999996 0.528350496875 0.2742186734375 0.5226562328125001 0.253090753125 0.620079696875 0.2793502203125 0.6257739109375 0.30047815624999996 0.528350496875
8 0.402784865625 0.4348896546875 0.43090928906250003 0.43305553124999996 0.417679309375 0.23019893749999998 0.38955547031250004 0.23203304062500002 0.402784865625 0.4348896546875
8 0.511694390625 0.4269545953125 0.5392236593749999 0.42523409218749997 0.5275777546875 0.23890142343749998 0.5000489859374999 0.2406219109375 0.511694390625 0.4269545953125
8 0.57649505625 0.431839659375 0.6122552031249999 0.43676453437499996 0.6347751421875001 0.2732493296875 0.59901563125 0.26832449999999997 0.57649505625 0.431839659375
8 0.655511615625 0.2872054125 0.6343307046875 0.2816801265625 0.601567909375 0.4072705671875 0.6227488046875 0.412795815625 0.655511615625 0.2872054125
8 0.629247559375 0.4070140515625 0.6526915625 0.4073442359375 0.6539267015625 0.3196415703125 0.630482921875 0.31931138593749997 0.629247559375 0.4070140515625
8 0.6765345796875 0.322018359375 0.6570291375 0.319885040625 0.6477619859375 0.40461361875 0.667267428125 0.406746928125 0.6765345796875 0.322018359375
8 0.6683611796875 0.3863731390625 0.7050581874999999 0.389982565625 0.7170106953125 0.26846359999999997 0.6803141109374999 0.2648541953125 0.6683611796875 0.3863731390625
8 0.4439495921875 0.7465499578125 0.46869548281249995 0.7446604875 0.4515625 0.5203125 0.42681773593749994 0.522201925 0.4439495921875 0.7465499578125
8 0.40767859531250006 0.7239971015625 0.42656888750000005 0.7248655234375 0.4359375 0.52109375 0.41704796718750003 0.520225346875 0.40767859531250006 0.7239971015625
