8 0.4775187498452012 0.40980000000000005 0.4747515622291022 0.39517031190476193 0.4780748637770898 0.35306588809523815 0.4713176216718266 0.3125224369047619 0.46414531269349846 0.2800859380952381 0.45442451702786374 0.3302601976190476 0.4552691721362229 0.35728916428571433 0.46091718761609907 0.39517031190476193 0.4775187498452012 0.40980000000000005
8 0.6476921876160991 0.3824921869047619 0.6490765622291021 0.36103593690476193 0.6513812501547988 0.338603125 0.6476921876160991 0.32397343690476194 0.6398531250773993 0.3269 0.6320124996904025 0.3317765619047619 0.6278625003095976 0.3542078119047619 0.6306296873065016 0.38639375 0.6306296873065016 0.40297343809523806 0.6384687498452012 0.40297343809523806 0.6463093752321982 0.396146875 0.6476921876160991 0.3824921869047619
8 0.6583000000000001 0.32495 0.6550718749226007 0.337628125 0.6523046873065016 0.3649359369047619 0.6486156247678019 0.39029375 0.6592218749226006 0.400046875 0.6661390625386997 0.39322031309523814 0.669367187616099 0.3834671869047619 0.6716734377708978 0.34738125000000003 0.6684453126934985 0.32885 0.6583000000000001 0.32495
8 0.6712125003095976 0.3425046869047619 0.6698296873065015 0.379565625 0.6753625003095975 0.380540625 0.6850484377708979 0.3746890619047619 0.6970390625386997 0.3824921869047619 0.70165 0.376640625 0.7053390625386997 0.3639609380952381 0.7090296873065016 0.33665312500000005 0.7131796873065015 0.32007343809523814 0.7104125003095976 0.297640625 0.7090296873065016 0.2849625 0.6993437498452012 0.2810609369047619 0.6887374996904024 0.2820359369047619 0.6827421876160991 0.28691249999999996 0.6767468749226005 0.3005671880952381 0.6702906247678018 0.32007343809523814 0.6712125003095976 0.3425046869047619
8 0.6850484377708979 0.539515625 0.6790531250773993 0.55219375 0.6684453126934985 0.55024375 0.6555328123839009 0.5443921880952381 0.6606062501547987 0.5570703119047619 0.6661390625386997 0.570725 0.6716734377708978 0.5765765630952381 0.6963413046439628 0.6092200119047618 0.7181584681114551 0.5995485857142857 0.7002857461300309 0.5502632000000001 0.6984218749226007 0.5356140630952381 0.6961156247678019 0.5083062500000001 0.689198437770898 0.518059375 0.6850484377708979 0.539515625
8 0.36371874984520125 0.642907813095238 0.37183593746130034 0.6439812500000001 0.37640156222910215 0.6407625 0.38401093746130033 0.620378125 0.3895906247678018 0.608578125 0.3890828123839009 0.5796109380952381 0.37995156222910215 0.577465625 0.36980625015479873 0.5688828119047619 0.3591531250773994 0.559228125 0.35154374984520126 0.5560093749999999 0.3429203126934985 0.5656640619047619 0.3312515622291022 0.571028125 0.32871562476780186 0.5860484380952381 0.33632500000000004 0.5967765630952381 0.33835468730650153 0.608578125 0.3337890625386997 0.6353984369047619 0.3373390625386997 0.6472 0.34444218761609907 0.6386171869047619 0.35357343777089784 0.6193062500000001 0.3550953126934984 0.6343249999999999 0.36371874984520125 0.642907813095238
8 0.311975 0.573175 0.29929218761609905 0.5560093749999999 0.27545 0.531334375 0.2693625003095975 0.533479688095238 0.26023125015479875 0.5560093749999999 0.2571874996904025 0.582829688095238 0.2582015622291022 0.6150140619047619 0.2724062501547988 0.6386171869047619 0.2779859374613003 0.6482718749999999 0.2881328123839009 0.645054686904762 0.2962484377708979 0.6386171869047619 0.3033515622291022 0.6257437499999999 0.3129890625386997 0.6042859380952381 0.3216140625386997 0.58819375 0.311975 0.573175
8 0.29309536718266255 0.4130364107142857 0.3006972637770898 0.4197936523809524 0.3175903690402477 0.4375314119047619 0.3294155417956656 0.42486158333333335 0.3226583003095975 0.38178416666666665 0.3116777820433437 0.32603692142857144 0.3074545058823529 0.3049205404761905 0.2990079535603715 0.28549347023809524 0.29140605634674926 0.2745129511904762 0.28549346996904024 0.26522174404761906 0.2753576068111455 0.2593091571428571 0.26944502043343654 0.26099846785714287 0.2677557095975232 0.2778915726190476 0.27620226191950464 0.34884261190476185 0.28042553808049536 0.37080364880952377 0.28380415913312695 0.3860074428571429 0.2871827801857585 0.4105024452380952 0.29309536718266255 0.4130364107142857
8 0.42570623900928795 0.3370174392857143 0.39867727120743035 0.2322801904761905 0.39529865077399384 0.2947846773809524 0.3978326160990712 0.39192002976190476 0.40121123715170276 0.40712382380952383 0.4206383077399381 0.40374520238095235 0.43161882538699686 0.3826288214285714 0.42570623900928795 0.3370174392857143
8 0.5324578705882352 0.33457621666666665 0.5233448996904024 0.2506067 0.5135810024767802 0.23758817023809523 0.5083735907120743 0.2707854214285714 0.5116282229102167 0.362566055952381 0.5200902674922601 0.3918577488095238 0.5292032383900929 0.3859994095238095 0.5383162092879257 0.3801410714285714 0.5324578705882352 0.33457621666666665
8 0.5871356959752322 0.38339570357142855 0.6008051523219815 0.38274477738095236 0.6183801678018576 0.3873012630952381 0.6222857269349845 0.38274477738095236 0.6216348006191951 0.36516976190476186 0.6268422123839009 0.34238733452380954 0.6313986978328173 0.3215576869047619 0.6333514773993808 0.3020298928571428 0.6353042569659443 0.28315302380952384 0.6327005504643962 0.2668798619047619 0.6255403591331269 0.25906874404761904 0.622936653250774 0.26167245 0.6125218297213623 0.27989839166666663 0.6053616377708978 0.29291692142857145 0.5968995938080496 0.3111428630952381 0.5929940346749226 0.32481232023809525 0.5890884755417957 0.3430382619047619 0.5877866229102168 0.35540586547619046 0.5773717987616099 0.378839219047619 0.5871356959752322 0.38339570357142855
8 0.6152549170278638 0.616338111904762 0.620670892879257 0.6277116619047619 0.6250036743034056 0.6374604202380952 0.6277116625386997 0.6445011892857142 0.6352940291021671 0.6547915440476191 0.6537083492260063 0.6699562785714286 0.660207520743034 0.6650819 0.6569579349845202 0.6580411297619048 0.6623739114551083 0.6591243250000001 0.660207520743034 0.6482923726190477 0.6488339702786379 0.636377225 0.6352940291021671 0.5995485857142857 0.6309612482972137 0.5919662178571429 0.6233788811145511 0.5816758630952381 0.6168797095975233 0.5692191178571429 0.6092973430340557 0.5643447392857143 0.6060477566563467 0.5643447392857143 0.6027981708978328 0.5665111297619048 0.5973821950464396 0.5713855083333333 0.5973821950464396 0.5811342654761905 0.6006317808049535 0.5919662178571429 0.6109221356037151 0.6065893547619048 0.6152549170278638 0.616338111904762
8 0.6309612482972137 0.586008644047619 0.6331276390092879 0.5914246202380952 0.6380020173374613 0.6033397690476191 0.6417932012383901 0.6206708928571429 0.6472091777089782 0.6325860416666667 0.6656234972136224 0.6450427869047619 0.6764554501547988 0.6472091773809524 0.6829546216718266 0.6390852130952381 0.681871426006192 0.6293364559523809 0.6775386452012383 0.6206708928571429 0.6710394736842106 0.60767255 0.6661650947368422 0.5908830226190477 0.6656234972136224 0.5784262773809523 0.6607491182662539 0.5610951535714286 0.6466675795665634 0.5497216023809524 0.6439595913312695 0.5513463952380953 0.6363772247678018 0.5583871642857142 0.6309612482972137 0.5643447392857143 0.6260868693498453 0.5708439107142858 0.62662846749226 0.5784262773809523 0.6309612482972137 0.586008644047619
6 0.6897364414860682 0.6299781535714286 0.6862767510835913 0.6312362238095238 0.6831315777089783 0.6331233273809523 0.6768412321981424 0.646018536904762 0.675897679876161 0.647276605952381 0.6730670241486069 0.6494782261904761 0.6623734359133128 0.6523088821428572 0.6623734359133128 0.6545105035714286 0.6585992284829721 0.6601718154761904 0.6560830904024767 0.6661476440476191 0.6541959863777089 0.6696073345238095 0.6425588464396286 0.6658331261904763 0.641615294117647 0.6689783 0.6482201572755417 0.6774702666666667 0.6551395380804953 0.6793573702380953 0.6579701938080496 0.6755831630952381 0.6598572978328174 0.6721234726190476 0.6658331263157894 0.6636315047619048 0.6718089554179567 0.6604863321428572 0.680615439628483 0.66080085 0.6881638551083592 0.6504217785714286 0.6944542006191949 0.6428733630952381 0.7001155120743033 0.6340668785714285 0.7029461678018576 0.6299781535714286 0.7048332718266254 0.6252603940476191 0.7079784445820433 0.6199136000000001 0.7120671696594428 0.6183410142857142 0.7215026885448916 0.6120506678571429 0.7284220693498452 0.6010425619047619 0.7306236904024768 0.5963248023809523 0.7155268600619195 0.5721069702380953 0.7067203758513932 0.5664456595238095 0.7123816873065015 0.5799699035714285 0.7136397560371517 0.5919215607142857 0.7136397560371517 0.6016715964285714 0.7086074792569659 0.6054458047619048 0.6966558216718266 0.6073329083333333 0.6878493374613004 0.6057603214285714 0.691309027863777 0.6183410142857142 0.6916235448916409 0.6271474988095238 0.6897364414860682 0.6299781535714286
