8 0.3937254395519858 0.23447753928150003 0.42773090017135473 0.23359047142217532 0.4322367126450217 0.4063144984672487 0.3982312524651661 0.40720155878770636
6 0.7137241633004123 0.5784009032081298 0.7336392832836509 0.5953180669943073 0.7090488521579346 0.6242630206008047 0.6891337866301228 0.6073459156071097
6 0.6899519713851987 0.6035096683268989 0.7083378868737782 0.6156775867768894 0.6910968396060753 0.6417259757866924 0.6727109530201005 0.629558093393539
6 0.6785233809682722 0.6354113837246921 0.6924213622153275 0.6507380361351234 0.6742246543315105 0.667236367039898 0.660326711722746 0.6519097518678891
6 0.6601284449117202 0.65610704245565 0.6673905662113384 0.6766274537613465 0.6443602000276769 0.6847766663639147 0.6370981390624593 0.6642563062499576
8 0.7057747554086973 0.3938824307514934 0.667432952348463 0.3919654050649032 0.6734825546291177 0.2709788398940351 0.711823898992975 0.2728958542691326
8 0.6678028583793321 0.4006360384797067 0.6507566007460355 0.3993495816223381 0.6565829987584948 0.3221507403371386 0.673629112282697 0.3234371917475805
8 0.6489414912002758 0.4038419112353879 0.6272009844789181 0.4019678018033157 0.6347634980584189 0.31424420587416446 0.65650379528131 0.31611830618878634
8 0.6111312533963655 0.4468041440483665 0.5727925347007385 0.4412245103759498 0.600020346198221 0.2541477389364904 0.6383583381768858 0.2597273205139425
8 0.6370854967121886 0.2641119087442856 0.6580760741873064 0.26903141701473027 0.6250433954652408 0.40997099363370443 0.60405283040825 0.4050515212968518
8 0.5406253630752644 0.41249996385774823 0.5143231379535109 0.41511821308260755 0.4961889723610966 0.23295146192163424 0.5224907394482443 0.23033323527347774
8 0.71792263996565 0.6135202912016169 0.6912038489722363 0.6183379897394584 0.6708647809049353 0.5055481314328371 0.6975830470775009 0.5007304822517733
8 0.6524582996822801 0.5357144263634531 0.6731505974379388 0.5303403613363965 0.7005196448512834 0.6357115011068417 0.6798273664148837 0.6410855136400042
8 0.6825785348930822 0.649518807972474 0.6517050254549304 0.6580520584684376 0.6222520914089955 0.5515019117159209 0.6531250000000455 0.5429687499999908
8 0.6598886342194419 0.6698456151129646 0.6156835979353446 0.6804536467212513 0.5874456036083302 0.5627940382894343 0.6316496544459369 0.5521861316838624
8 0.4305358271379873 0.5547444492159777 0.4545384797706902 0.5528244558276477 0.46996984397355845 0.7457150667765015 0.44596719583501 0.7476350230749484
8 0.4105912873833404 0.5554281608759686 0.43407766987093055 0.5556175423031016 0.43274843953759046 0.7204442724074361 0.40926205708308316 0.7202548940398772
8 0.37147771171362365 0.556930058375295 0.39352791192197856 0.5609754961110206 0.3757439950928756 0.6578985367192305 0.35369380480403834 0.6538531359478145
8 0.35125157574691457 0.5528979391909121 0.3729031249589525 0.5574081596077725 0.3521891604416396 0.6568358234197775 0.33053762398287745 0.6523256454021767
8 0.3398189659702666 0.6016467974830595 0.32289994343034323 0.5966711172515626 0.3346435952265665 0.5567430883388398 0.3515625 0.5617187500000039
8 0.2991489910849623 0.5592095035038576 0.327558752843629 0.570906397917586 0.2920604084125671 0.6571162438421458 0.2636507036424973 0.645419450583724
8 0.2741783295316509 0.518741261297336 0.3059088048519243 0.5256012271324533 0.2833947962876664 0.6297286010034143 0.2516643402933596 0.622868699291732
