6 0.6986447858992051 0.5676215463472808 0.7321156143862027 0.5794241340434626 0.707864523944977 0.6481898715862336 0.6743937349828002 0.6363873636971435
6 0.6768921353447013 0.62162653542313 0.6980450624960213 0.6326082569279969 0.678753496661102 0.6697628277524827 0.6576006001738506 0.6587811515147152
6 0.5726648112715793 0.8057272779875869 0.5335080442791877 0.8149837579712663 0.5103301375726232 0.7169526908645063 0.549486023305576 0.7076963197394579
6 0.30803454008412245 0.6604929036388919 0.2691303997811474 0.6745944332224552 0.23330300917439217 0.5757625128480701 0.27220644986721254 0.5616611228279296
6 0.4573588984030721 0.7380834928420609 0.435343196536337 0.7434711536485256 0.4183760662391478 0.6741482663158587 0.4403914404688294 0.6687606477519051
6 0.4673022921729171 0.6993516847225203 0.49680808455593706 0.6916557031172897 0.5035205051790399 0.7173867217181832 0.4740147212453394 0.7250826811937681
8 0.5479100821513612 0.7522116200264622 0.520994958363417 0.7526054509894673 0.518350007088884 0.5718377469289431 0.5452641926293609 0.5714439226222672
8 0.6608358239089966 0.6689587145826369 0.6299957403143708 0.6794823466123914 0.5914062499999773 0.5664062500000002 0.6222456863479238 0.5558827391724177
8 0.6835931892362623 0.6485946037841774 0.6582311310208979 0.6584847719519094 0.6191696459856075 0.5583275686451177 0.64453125 0.5484374999999875
8 0.6994342793307169 0.6272340806383429 0.6723884126181474 0.6334748185150332 0.6495171124665831 0.5343656795590654 0.6765625000000455 0.5281249999999907
8 0.7191425352275473 0.614102046133469 0.6950334097728046 0.6190051488805274 0.6714937379098274 0.5032684206526175 0.6956023787618051 0.498365369667976
8 0.37062606126562514 0.5624392720975956 0.3910330028422777 0.5651007426596985 0.3802945328251326 0.6474294635624804 0.35988759516953905 0.6447680134423983
8 0.3505804729571764 0.6571055011262543 0.32959985500201583 0.652594031133789 0.3503397955532819 0.5561550730399628 0.3713200381317847 0.5606665008655645
8 0.3398438859446742 0.6007808845493883 0.3243749431604783 0.5956251119173397 0.335078014161013 0.5635160442677812 0.3505468710461628 0.5686718013324391
8 0.29531247870011157 0.5585937431095853 0.3243921717696594 0.5680008827657443 0.2955284829897664 0.6572154621599935 0.2664488267437264 0.6478084044385471
8 0.2742186730637286 0.5226562333166807 0.3004781556870739 0.5283504961673122 0.2793502209393637 0.6257739102948093 0.2530907535985989 0.6200796971133483
8 0.43090928977846943 0.43305553142964903 0.40278486635838817 0.43488965390721407 0.38955547078535346 0.23203304138907008 0.4176793093026845 0.2301989382046102
8 0.5392236589113963 0.4252340921682038 0.5116943900104616 0.42695459596592067 0.500048986298907 0.24062191141321715 0.527577754244362 0.2389014229209719
8 0.6122552036172237 0.43676453440249513 0.5764950567379401 0.4318396590537189 0.5990156307046846 0.26832449939704417 0.6347751418265943 0.2732493298469278
8 0.6343307050728981 0.28168012641898404 0.6555116153186873 0.2872054130074434 0.6227488051358705 0.41279581569548507 0.6015679094731468 0.40727056640987797
8 0.6526915629800669 0.4073442355140043 0.6292475595157612 0.40701405078497493 0.6304829220111969 0.3193113864458419 0.6539267013217795 0.3196415696121064
8 0.6570291374829367 0.31988504061256756 0.6765345799277611 0.3220183595463274 0.6672674275059762 0.40674692806768353 0.647761986678006 0.4046136191382307
8 0.7050581878456796 0.38998256504753054 0.668361180158513 0.38637313943326246 0.680314111629059 0.26485419504515234 0.717010695544559 0.2684636003127483
8 0.4686954831337289 0.7446604878827197 0.44394959186115557 0.7465499571737614 0.4268177360510208 0.5222019246075117 0.45156250000002274 0.5203125000000016
8 0.42656888687406536 0.7248655227848135 0.4076785948303723 0.7239971010547442 0.4170479677915182 0.5202253462253253 0.43593750000002274 0.5210937499999986
