1 0.262011775 0.5927084265625 0.2569054546875 0.5454937296875 0.2004286078125 0.5516011296875 0.205534675 0.59881559375 0.262011775 0.5927084265625
1 0.2895391234375 0.5468834593749999 0.26253110625 0.54198575625 0.2555882953125 0.5802677484375 0.2825963078125 0.585165434375 0.2895391234375 0.5468834593749999
1 0.5678252015624999 0.5174180046875 0.5478421703125 0.5016100328124999 0.5323103359375 0.5212424171875 0.5522933390625 0.5370503578125 0.5678252015624999 0.5174180046875
1 0.581005846875 0.595855425 0.6078628984375001 0.5756807734375 0.5722921875 0.5283328125 0.5454353203125 0.5485073609375 0.581005846875 0.595855425
1 0.6407410875 0.5517244875 0.6183064484374999 0.563926528125 0.6306067953125 0.5865396671875 0.653041415625 0.5743376546875 0.6407410875 0.5517244875
1 0.6133371390625 0.5458309296875 0.598995334375 0.5468944437500001 0.6009217375 0.572870103125 0.6152635421875 0.5718065921875 0.6133371390625 0.5458309296875
1 0.5440913875 0.5548468203125 0.50410925625 0.5519419515624999 0.5015114609375 0.5876941 0.5414935890625 0.5905989593750001 0.5440913875 0.5548468203125
1 0.5491071875 0.5500988859375 0.5361313171875 0.5561467 0.548182565625 0.582000696875 0.561158425 0.5759528984375 0.5491071875 0.5500988859375
1 0.49278881874999997 0.5777399187500001 0.5016793921875 0.576818990625 0.4984609375 0.5457515625 0.4895704125 0.5466724890625 0.49278881874999997 0.5777399187500001
1 0.546942359375 0.5303390390625 0.5583943734375 0.517881565625 0.5441538015625 0.5047914515625 0.5327018031249999 0.5172489062500001 0.546942359375 0.5303390390625
1 0.4870373265625 0.498482071875 0.48534435 0.5214856453125 0.5133971625 0.5235500046875 0.5150900859374999 0.50054648125 0.4870373265625 0.498482071875
1 0.23295465937499998 0.5246637078124999 0.2411932703125 0.5236454687500001 0.2373340203125 0.4924227640625 0.22909544999999998 0.49344099999999996 0.23295465937499998 0.5246637078124999
8 0.5964660312500001 0.45153606249999995 0.577257196875 0.44814651093749996 0.566372153125 0.509828625 0.5855809843750001 0.5132181625000001 0.5964660312500001 0.45153606249999995
8 0.2613403515625 0.5058496406249999 0.2825808796875 0.50827695625 0.291646021875 0.42895591875 0.2704057328125 0.4265286171875 0.2613403515625 0.5058496406249999
8 0.237114990625 0.42879005625 0.2429687515625 0.5078125250000001 0.2640625 0.50625 0.258208628125 0.42722765156250003 0.237114990625 0.42879005625
