1 0.2306476859375 0.47307189687499995 0.21841943437500003 0.4721403546875 0.213746875 0.533471875 0.2259751265625 0.5344034140625 0.2306476859375 0.47307189687499995
1 0.232857428125 0.5418200390625 0.260426409375 0.54289171875 0.263437953125 0.46542211718750004 0.2358693 0.46435044531249997 0.232857428125 0.5418200390625
2 0.43796511406249994 0.519869759375 0.40927790625 0.5194698578125 0.4082362671875 0.5941857671874999 0.43692347500000006 0.594585665625 0.43796511406249994 0.519869759375
7 0.414300596875 0.379384084375 0.4093890625 0.379815625 0.4162393515625 0.4577775875 0.4211508859375 0.45734605000000006 0.414300596875 0.379384084375
1 0.45200068125000004 0.5817157625 0.45894443125000006 0.5806846140624999 0.45517436250000004 0.5552995828125 0.44823064218750003 0.5563307281250001 0.45200068125000004 0.5817157625
1 0.546182125 0.543548040625 0.541478440625 0.5437298734375 0.5425421874999999 0.5712446046874999 0.547245871875 0.571062771875 0.546182125 0.543548040625
1 0.7344840609375 0.637199659375 0.7257390531250001 0.63071093125 0.7146209546875 0.645693184375 0.7233659515624999 0.6521819 0.7344840609375 0.637199659375
1 0.589520453125 0.64483836875 0.5829491375 0.6452856140625001 0.584886665625 0.673749671875 0.59145798125 0.6733024265625 0.589520453125 0.64483836875
7 0.4075761671875 0.677250575 0.3980527578125 0.6752092968750001 0.3712609375 0.8001843750000001 0.3807843375 0.8022256249999999 0.4075761671875 0.677250575
7 0.3796036640625 0.672526078125 0.37306378281249997 0.671421828125 0.3521984375 0.7949765625 0.358738315625 0.7960807984375 0.3796036640625 0.672526078125
1 0.3764123515625 0.6893466390625 0.361902675 0.6869443359375 0.35812343750000003 0.7097671875 0.37263311250000003 0.712169484375 0.3764123515625 0.6893466390625
5 0.35883098593749996 0.73582300625 0.3686580875 0.626819159375 0.20840143437499997 0.612372946875 0.19857271875 0.72137499375 0.35883098593749996 0.73582300625
5 0.6877911265625001 0.625663315625 0.6220727640625 0.6301434609375 0.6289894781250001 0.7315895625 0.6947078359375001 0.7271094640625 0.6877911265625001 0.625663315625
5 0.30889423125 0.59014423125 0.3128535640625 0.510954821875 0.25710383281250004 0.5081677265625 0.25314415 0.5873567656249999 0.30889423125 0.59014423125
5 0.343688115625 0.5878677062500001 0.3846893390625 0.5873282609375 0.38336226875 0.4864948765625 0.3423617109375 0.487034315625 0.343688115625 0.5878677062500001
5 0.609159084375 0.49823655312500004 0.573129190625 0.4992372890625 0.5757211359375 0.5925480765625 0.6117510296875001 0.5915473484375 0.609159084375 0.49823655312500004
