1 0.2145467359375 0.387551946875 0.189037025 0.3894031375 0.193123178125 0.44570810468750005 0.2186328890625 0.44385692031249996 0.2145467359375 0.387551946875
1 0.24161875781250003 0.4308984265625 0.23266823749999999 0.4304125984375 0.2310780078125 0.45970798124999995 0.240028528125 0.46019380937500004 0.24161875781250003 0.4308984265625
1 0.2878879734375 0.45274716875000004 0.27331428125 0.449726253125 0.26504957500000004 0.48959471718750003 0.2796232640625 0.492615625 0.2878879734375 0.45274716875000004
1 0.3275920875 0.501217328125 0.31926497187499997 0.4995472546875 0.3150578953125 0.5205224187499999 0.3233850109375 0.5221924890625 0.3275920875 0.501217328125
7 0.382789025 0.37522744218750004 0.373695978125 0.3746006625 0.364817203125 0.5034027375 0.37391025 0.5040295125 0.382789025 0.37522744218750004
1 0.63803115 0.47686489375 0.6192969296874999 0.480110103125 0.627689459375 0.5285555453125 0.6464236750000001 0.525310346875 0.63803115 0.47686489375
1 0.7200496421875 0.4591489734375 0.7303656421875 0.457024996875 0.722566971875 0.41914981874999996 0.7122510234375 0.4212737890625 0.7200496421875 0.4591489734375
1 0.7419614859375 0.4314033890625 0.756078659375 0.43092423750000003 0.75480489375 0.39339833281250003 0.7406877875 0.3938774828125 0.7419614859375 0.4314033890625
1 0.3683127453125 0.6489764109375 0.37550971093749996 0.6505417125 0.3804162140625 0.6279853046875 0.373219278125 0.6264200046874999 0.3683127453125 0.6489764109375
1 0.3015658265625 0.579959878125 0.29064691875 0.579807834375 0.2902828125 0.605953125 0.30120172031250003 0.60610516875 0.3015658265625 0.579959878125
1 0.22049937812499998 0.5541990078125 0.24824501875 0.5349354843749999 0.2217929796875 0.4968394765625 0.1940474875 0.516102928125 0.22049937812499998 0.5541990078125
6 0.5901065359375 0.74590725625 0.57212815 0.7531944687500001 0.5855194515625 0.78622643125 0.6034978203125 0.778939246875 0.5901065359375 0.74590725625
6 0.19230083125 0.631194125 0.20107067656250002 0.600377325 0.1706020875 0.59170754375 0.1618321875 0.6225242546875001 0.19230083125 0.631194125
6 0.21792167812500002 0.6989059859375 0.2325257234375 0.68636319375 0.214283240625 0.6651258390625 0.1996792453125 0.67766859375 0.21792167812500002 0.6989059859375
8 0.571881678125 0.7680984703125 0.59546650625 0.76684794375 0.5888772140625 0.642599940625 0.565293025 0.6438504515625 0.571881678125 0.7680984703125
