1 0.27604840625 0.5685328125 0.2902172390625 0.5685328125 0.290217178125 0.5117734375 0.2760484765625 0.5117734375 0.27604840625 0.5685328125
2 0.3414767921875 0.5367098234375 0.2901199671875 0.5349618125 0.28827670156249996 0.5891121390625 0.3396335265625 0.590860140625 0.3414767921875 0.5367098234375
2 0.336300675 0.6001214671875 0.37509842031249996 0.601387978125 0.376947103125 0.5447559734375 0.3381497421875 0.54348946875 0.336300675 0.6001214671875
1 0.718929465625 0.5597557531249999 0.729834559375 0.5589097859375001 0.7257062484375 0.5056982828125001 0.7148012484375 0.5065442453125 0.718929465625 0.5597557531249999
2 0.69792234375 0.5911511 0.652104925 0.59995286875 0.6644378703125 0.6641441703125001 0.710255271875 0.6553424578125 0.69792234375 0.5911511
6 0.7378228906250001 0.7004910515625 0.7002814421875 0.70218995 0.703366640625 0.7703541203125 0.7409080875 0.7686552328125 0.7378228906250001 0.7004910515625
1 0.6291846624999999 0.622425140625 0.6169962265625 0.6258848453125 0.630069378125 0.6719353640625 0.6422578078125001 0.6684756765625 0.6291846624999999 0.622425140625
1 0.616418390625 0.6691685546875 0.6245496578124999 0.6689232109375001 0.6235770546875 0.6366938281250001 0.6154458390624999 0.6369391703125 0.616418390625 0.6691685546875
1 0.40012895000000004 0.6352560671874999 0.38843993593750004 0.6343143640625 0.38545277968749997 0.6713881046875 0.39714179375 0.6723298046874999 0.40012895000000004 0.6352560671874999
2 0.390041615625 0.6165344265625 0.35508212031249997 0.614496540625 0.350963528125 0.6851412453125 0.3859230234375 0.6871791171875 0.390041615625 0.6165344265625
2 0.3591474984375 0.6053750828125 0.30726226875 0.6035522171875 0.3050111765625 0.6676185515624999 0.3568964046875 0.6694414078125 0.3591474984375 0.6053750828125
6 0.314025646875 0.772081278125 0.329283946875 0.6973762796874999 0.2849425859375 0.6883211828125 0.26968400937500003 0.76302580625 0.314025646875 0.772081278125
