1 0.3264209453125 0.510977834375 0.310622171875 0.5091687390625 0.3052875484375 0.5557519140625 0.3210863203125 0.5575610015625 0.3264209453125 0.510977834375
1 0.4467578125 0.5155531250000001 0.437428125 0.5155531250000001 0.437428125 0.5526234375 0.4467578125 0.5526234375 0.4467578125 0.5155531250000001
1 0.457016440625 0.549312684375 0.46222435468749995 0.5505258656249999 0.46744182500000003 0.5281304015625 0.462233928125 0.5269172234374999 0.457016440625 0.549312684375
7 0.5995077796875 0.5170733796875 0.6079109484375 0.51744375 0.6133296875 0.3945078125 0.6049266656250001 0.39413744375 0.5995077796875 0.5170733796875
7 0.682166765625 0.511324678125 0.6900875203125 0.5116296890625 0.6941499999999999 0.4061375 0.6862293625 0.4058324921875 0.682166765625 0.511324678125
7 0.72604694375 0.768091771875 0.7320785203125 0.7658061 0.6977625 0.675265625 0.6917310375 0.677551271875 0.72604694375 0.768091771875
7 0.69695025625 0.7863950203125001 0.7090504109375 0.78324989375 0.6842171875 0.6877265625 0.6721172875 0.6908716546875 0.69695025625 0.7863950203125001
2 0.3267372375 0.5935542140625001 0.278038640625 0.61861125625 0.31312181250000004 0.6867871703125 0.36182028437499997 0.6617303171875 0.3267372375 0.5935542140625001
7 0.31217154062499997 0.6839623453125 0.3022371484375 0.6794185890625 0.263859375 0.7633140625 0.2737937390625 0.7678577718749999 0.31217154062499997 0.6839623453125
5 0.41524353906249994 0.6332512828125 0.3673858765625 0.6071506484375 0.3178236671875 0.6980152187499999 0.36568114218750003 0.7241155781249999 0.41524353906249994 0.6332512828125
5 0.6702871671875 0.70813545625 0.659515496875 0.62967195 0.58592898125 0.63977280625 0.596699984375 0.71823570625 0.6702871671875 0.70813545625
8 0.6783690390625 0.4253216390625 0.658229359375 0.4225646453125 0.63671875 0.5796875 0.6568584234375 0.582444459375 0.6783690390625 0.4253216390625
8 0.6531690859375 0.40327065468749995 0.6289587453125 0.40158659375 0.61640625 0.58203125 0.6406165875000001 0.5837152890625 0.6531690859375 0.40327065468749995
