1 0.3236171875 0.5354609375 0.32324375 0.52241875 0.31839375 0.5134937500000001 0.3124234375 0.509375 0.31167656250000003 0.5183 0.30831875000000003 0.5292828125 0.306825 0.5423265625 0.3079453125 0.5560562499999999 0.31055625 0.55536875 0.317646875 0.5505640625 0.3224984375 0.5436984375 0.3236171875 0.5354609375
1 0.4385484375 0.5231046874999999 0.437428125 0.53065625 0.437428125 0.5430125 0.43929375000000004 0.5526234375 0.4456375 0.5505640625 0.4467578125 0.5409531249999999 0.44638437499999994 0.52996875 0.4441453125 0.52173125 0.4396671875 0.5155531250000001 0.4385484375 0.5231046874999999
1 0.4654140625 0.536834375 0.46354843749999997 0.5272234375 0.45944375 0.53889375 0.45944375 0.549878125 0.463175 0.5464453125000001 0.4654140625 0.536834375
7 0.6083624999999999 0.49252343749999994 0.6097171875 0.4667734375 0.6133296875 0.3945078125 0.60655625 0.43271718750000004 0.599784375 0.5107984375 0.6079109375 0.51744375 0.6083624999999999 0.49252343749999994
1 0.620553125 0.5531609375000001 0.6219078125 0.569775 0.63229375 0.57725 0.6395171875 0.572265625 0.6431296875 0.563959375 0.6499015625 0.5589765625 0.6593843749999999 0.554821875 0.6611906249999999 0.5448546875 0.6544171875 0.522428125 0.648096875 0.49916875000000005 0.6381625 0.49916875000000005 0.62868125 0.5016609375 0.6246171875 0.5091375 0.6219078125 0.5282421875 0.6210046874999999 0.5348875 0.620103125 0.5423625000000001 0.620553125 0.5531609375000001
7 0.63996875 0.43687031249999997 0.63635625 0.5033218749999999 0.6431296875 0.5033218749999999 0.63996875 0.43687031249999997
7 0.6851203124999999 0.47175781250000004 0.6824109375 0.504984375 0.6900875 0.5116296874999999 0.6905390625 0.49833906250000004 0.6896359375000001 0.470096875 0.6941499999999999 0.4061375 0.6869265625 0.44185468749999995 0.6851203124999999 0.47175781250000004
7 0.7027296875 0.7001859375 0.7113078125000001 0.7217828125 0.721240625 0.7467015625 0.7320781249999999 0.76580625 0.6977625 0.675265625 0.6936984374999999 0.6827421874999999 0.7027296875 0.7001859375
7 0.680153125 0.7217828125 0.6887328125 0.74919375 0.6991171875 0.7724515625 0.70905 0.78325 0.6955046874999999 0.7541781249999999 0.6878296875000001 0.7251046875 0.685571875 0.7035078125 0.6842171875 0.6877265625 0.676090625 0.693540625 0.680153125 0.7217828125
2 0.334746875 0.623765625 0.321653125 0.615459375 0.3053984375 0.6096453125 0.2954640625 0.6096453125 0.2923046875 0.624596875 0.29095 0.6437015625 0.29727031249999997 0.6545 0.3105783515625 0.681844428125 0.3148796875 0.675265625 0.32300625 0.6736046875 0.3333921875 0.6744359375 0.3419703125 0.67194375 0.3464859375 0.6569921875 0.3510015625 0.6412093750000001 0.347840625 0.6345640625 0.342421875 0.62791875 0.334746875 0.623765625
7 0.2941109375 0.72344375 0.309009375 0.6868953125 0.3022375 0.67941875 0.297721875 0.69769375 0.291853125 0.710984375 0.283725 0.7275968749999999 0.2746953125 0.7408875 0.263859375 0.7633140625 0.271534375 0.7575000000000001 0.283725 0.7425484375 0.2941109375 0.72344375
8 0.6685265625000001 0.765625 0.6618296875 0.7421875 0.6540171875 0.7265625 0.633928125 0.702009375 0.634375 0.7046875 0.6265625 0.703125 0.628125 0.70859375 0.6517859374999999 0.7611609374999999 0.6685265625000001 0.765625
5 0.37412196875000003 0.6461457671875 0.3812617015625 0.64043398125 0.37412196875000003 0.6382920624999999 0.3662682625 0.63543616875 0.365554290625 0.63543616875 0.3519887984375 0.6432898734375 0.352702771875 0.646859740625 0.3648403171875 0.6482876875 0.37412196875000003 0.6461457671875
5 0.639006034375 0.65542741875 0.64043398125 0.653999471875 0.64043398125 0.6511435796875 0.64043398125 0.6497156328125 0.632580275 0.6411479546875001 0.6033073734375 0.6411479546875001 0.6018794265625 0.64543179375 0.6025934000000001 0.65542741875 0.6133029984375 0.6597112578125001 0.6247265703125 0.65542741875 0.639006034375 0.65542741875
0 0.3728434234375 0.6446266578125 0.3785991875 0.6887541703125 0.47782828281249995 0.6858356671875 0.5857566421875 0.6927038359375 0.600474146875 0.681911 0.6043988140625001 0.6593441609374999 0.5700579718750001 0.6505136578124999 0.440543940625 0.6426643234375 0.4120901 0.639720821875 0.3728434234375 0.6446266578125
