1 0.3264209453125 0.510977834375 0.310622171875 0.5091687390625 0.3052875484375 0.5557519140625 0.3210863203125 0.5575610015625 0.3264209453125 0.510977834375
1 0.4467578125 0.5155531250000001 0.437428125 0.5155531250000001 0.437428125 0.5526234375 0.4467578125 0.5526234375 0.4467578125 0.5155531250000001
1 0.457016440625 0.549312684375 0.46222435468749995 0.5505258656249999 0.46744182500000003 0.5281304015625 0.462233928125 0.5269172234374999 0.457016440625 0.549312684375
7 0.5995077796875 0.5170733796875 0.6079109484375 0.51744375 0.6133296875 0.3945078125 0.6049266656250001 0.39413744375 0.5995077796875 0.5170733796875
7 0.682166765625 0.511324678125 0.6900875203125 0.5116296890625 0.6941499999999999 0.4061375 0.6862293625 0.4058324921875 0.682166765625 0.511324678125
7 0.674943946875 0.5105185703124999 0.6821288390625 0.5109855453125001 0.6873781250000001 0.43022499999999997 0.6801933171875 0.429758028125 0.674943946875 0.5105185703124999
6 0.704729384375 0.39736271093750003 0.6921237625 0.3901295640625 0.6780113296875 0.4147229015625 0.69061694375 0.42195603750000005 0.704729384375 0.39736271093750003
2 0.6507319171875 0.6918438 0.6986176015625001 0.6888259531250001 0.6940731812500001 0.616732884375 0.6461881859374999 0.619750709375 0.6507319171875 0.6918438
7 0.72604694375 0.768091771875 0.7320785203125 0.7658061 0.6977625 0.675265625 0.6917310375 0.677551271875 0.72604694375 0.768091771875
7 0.69695025625 0.7863950203125001 0.7090504109375 0.78324989375 0.6842171875 0.6877265625 0.6721172875 0.6908716546875 0.69695025625 0.7863950203125001
2 0.2795783921875 0.6651668484375 0.33926222968749997 0.6822408203125 0.35589885 0.624092221875 0.296215678125 0.6070183499999999 0.2795783921875 0.6651668484375
7 0.23482803125 0.7403569171875 0.2426375 0.7458703125 0.303173534375 0.6601364734375 0.295364184375 0.6546231375 0.23482803125 0.7403569171875
7 0.31217154062499997 0.6839623453125 0.3022371484375 0.6794185890625 0.263859375 0.7633140625 0.2737937390625 0.7678577718749999 0.31217154062499997 0.6839623453125
5 0.41320915625000004 0.6417354359375 0.364576034375 0.6134642953125 0.31696016562499996 0.6953642453125 0.3655930875 0.7236351125 0.41320915625000004 0.6417354359375
5 0.6687634625000001 0.7092190328125 0.6541424499999999 0.6312540078125 0.5835230921875 0.6444958093750001 0.59814344375 0.7224602484375 0.6687634625000001 0.7092190328125
8 0.6809552578125 0.42292744843749996 0.6595290609375 0.4192726890625 0.63203125 0.58046875 0.653457434375 0.5841234640625 0.6809552578125 0.42292744843749996
8 0.6149463765625 0.579228353125 0.6407231296875 0.5811894765625001 0.6540648890625 0.4058374546875 0.6282888109375 0.40387635624999996 0.6149463765625 0.579228353125
