1 0.263921875 0.38632656249999997 0.2628546875 0.3983625 0.2653453125 0.4111515625 0.2703265625 0.41039843749999994 0.2728171875 0.40212343749999996 0.273884375 0.3757953125 0.26925937499999997 0.37353749999999997 0.263921875 0.38632656249999997
1 0.3162296875 0.41039843749999994 0.31480625 0.42318749999999994 0.31445 0.44500312500000005 0.3180078125 0.45779218750000006 0.325125 0.4592953125 0.33081875 0.44801250000000004 0.3315296875 0.43672812499999997 0.3286828125 0.4156640625 0.321921875 0.40513281250000005 0.3162296875 0.41039843749999994
1 0.35252500000000003 0.43296718749999996 0.3539484375 0.42619687500000003 0.350034375 0.41265625000000006 0.3471875 0.41265625000000006 0.3429171875 0.42017812499999996 0.3411375 0.43597656249999994 0.344696875 0.43597656249999994 0.349678125 0.43597656249999994 0.35252500000000003 0.43296718749999996
2 0.27993437499999996 0.4487640625 0.2920328125 0.45854375 0.301284375 0.463809375 0.31124687500000003 0.4570390625 0.31409375 0.4465078125 0.3126703125 0.41716875 0.3076890625 0.40814218750000003 0.30021718750000004 0.40513281250000005 0.28811875 0.40814218750000003 0.276375 0.40964687499999997 0.2731734375 0.4186734375 0.27210625 0.43522343750000003 0.27993437499999996 0.4487640625
2 0.3807 0.4472203125 0.3779421875 0.42740156249999994 0.3693921875 0.42448593749999997 0.3580859375 0.42565156249999997 0.352846875 0.439059375 0.35257031250000004 0.4623765625 0.35257031250000004 0.4693703125 0.3536734375 0.47928125 0.3591890625 0.48510937500000006 0.3691171875 0.48219531250000003 0.3749078125 0.4722859375 0.3782171875 0.4635421875 0.3807 0.4472203125
1 0.717975 0.3895109375 0.72045625 0.3807671875 0.72018125 0.3685265625 0.717146875 0.35686874999999996 0.7113562499999999 0.3574515625 0.7063921875 0.3592 0.7088734375 0.3766875 0.7121828125 0.39009375 0.717975 0.3895109375
2 0.706115625 0.47112031249999997 0.7050125 0.458878125 0.7000484375 0.4384765625 0.6942578125 0.43497812500000005 0.6846062500000001 0.44139062500000004 0.6741265624999999 0.44430625 0.663646875 0.45305 0.661715625 0.4746171875 0.665025 0.496184375 0.6710921875 0.5107578125 0.679090625 0.511340625 0.688465625 0.5055125 0.6959125 0.4996828125 0.703634375 0.48510937500000006 0.706115625 0.47112031249999997
2 0.6308296875 0.5200843749999999 0.6344140625 0.5247484375 0.6429625 0.5247484375 0.6512359375 0.524165625 0.655925 0.5183359375000001 0.6597859374999999 0.509009375 0.663646875 0.4991 0.6641984375 0.486275 0.6595093750000001 0.47519999999999996 0.6539937499999999 0.467621875 0.6462718749999999 0.4623765625 0.6330359375 0.4635421875 0.6253140625 0.467621875 0.61841875 0.48161250000000005 0.617040625 0.4956015625 0.6209015625000001 0.5160046875 0.62696875 0.515421875 0.6308296875 0.5200843749999999
2 0.6159375 0.48394375 0.60490625 0.471703125 0.588359375 0.4746171875 0.5844984375 0.48569218750000004 0.5806375 0.4973515625 0.581465625 0.5107578125 0.5850500000000001 0.5160046875 0.5908421875000001 0.5270796875 0.6027 0.5387375 0.617040625 0.5323265625 0.6200734375 0.5264968750000001 0.62035 0.500265625 0.6159375 0.48394375
2 0.39283437499999996 0.4921046875 0.3859390625 0.4926875 0.37408125000000003 0.49501875 0.3704953125 0.5031796875000001 0.3680140625 0.51891875 0.3691171875 0.550396875 0.37463281249999997 0.5643859375 0.38262968750000004 0.5661343750000001 0.38980000000000004 0.5533109375 0.395315625 0.5457328125 0.4002796875 0.5142562500000001 0.3980734375 0.50143125 0.39283437499999996 0.4921046875
1 0.33354218750000003 0.5235828125 0.32968125000000004 0.5235828125 0.3283015625 0.5282453125 0.326646875 0.5323265625 0.326371875 0.5381546875 0.32775 0.5474812499999999 0.332990625 0.546315625 0.3379546875 0.537571875 0.3379546875 0.5270796875 0.33354218750000003 0.5235828125
