7 0.31927812499999997 0.3427046875 0.320565625 0.3763140625 0.32005 0.4122921875 0.3195359375 0.4279140625 0.3249453125 0.42460000000000003 0.324171875 0.3876765625 0.324171875 0.35595937499999997 0.3231421875 0.339390625 0.31927812499999997 0.3427046875
7 0.3195359375 0.42838750000000003 0.3203078125 0.4222328125 0.3213390625 0.4075578125 0.31798906250000003 0.3810484375 0.3082 0.363059375 0.314640625 0.3810484375 0.31644375 0.39335624999999996 0.31541406250000004 0.414659375 0.31541406250000004 0.43359531249999994 0.3195359375 0.42838750000000003
7 0.29969843749999997 0.4032984375 0.29635 0.37868124999999997 0.293259375 0.3621125 0.2978953125 0.40850468749999996 0.3009875 0.42507343750000004 0.3053671875 0.439275 0.30665468749999997 0.4435359375 0.31103437500000003 0.43974843750000003 0.30407812500000003 0.42270624999999995 0.29969843749999997 0.4032984375
2 0.3561171875 0.5334796875000001 0.36384531249999996 0.526378125 0.3669359375 0.5206984375 0.3702859375 0.5069703125 0.3728625 0.4870875 0.3733765625 0.4724125 0.3661640625 0.4709921875 0.36126874999999997 0.47288593749999996 0.342978125 0.47288593749999996 0.3378265625 0.47335937499999997 0.33499218750000004 0.49087500000000006 0.3362796875 0.5102828125000001 0.33756875000000003 0.5188046875000001 0.3385984375 0.5268515625 0.34426718749999996 0.5363203125 0.3501921875 0.53679375 0.3561171875 0.5334796875000001
7 0.3623796875 0.46100312499999996 0.3594765625 0.4144109375 0.3563796875 0.3752890625 0.35425 0.370309375 0.35444375 0.41014375000000003 0.352703125 0.43006093749999996 0.35212187500000003 0.4514 0.3509609375 0.4581578125 0.3565734375 0.4581578125 0.3600578125 0.45709062500000003 0.3623796875 0.46100312499999996
7 0.3811546875 0.3752890625 0.381928125 0.4218796875 0.381928125 0.438596875 0.3809609375 0.45246718750000003 0.3846375 0.45104531249999996 0.3842515625 0.41014375000000003 0.3811546875 0.3752890625
7 0.3865734375 0.37564375 0.3902515625 0.43183906250000004 0.38908906249999997 0.44677656250000003 0.387928125 0.45851406250000004 0.3925734375 0.464559375 0.3933484375 0.430771875 0.39237968749999996 0.411921875 0.3898640625 0.3959171875 0.3865734375 0.37564375
1 0.6107046875 0.5022593750000001 0.6103171875 0.510084375 0.611090625 0.51613125 0.6149625000000001 0.517553125 0.6192203125 0.514353125 0.623284375 0.506528125 0.623671875 0.49728125 0.6219296875 0.487321875 0.62135 0.47771875 0.620575 0.468115625 0.6182531250000001 0.4663375 0.6153500000000001 0.4695390625 0.6124453125 0.47451875 0.6105109375 0.48163125000000007 0.6091562500000001 0.48625468749999995 0.6103171875 0.494790625 0.6107046875 0.5022593750000001
1 0.6610265625 0.49443593750000003 0.6637359375 0.47914218750000004 0.666059375 0.464559375 0.66335 0.45673593749999997 0.6579296875 0.45851406250000004 0.6530921875 0.462425 0.6556078125 0.47771875 0.654059375 0.4844765625 0.6559953125 0.5033265625000001 0.6610265625 0.49443593750000003
7 0.6347046875 0.381334375 0.6368328125 0.4275703125 0.6374140625 0.45282343750000004 0.6368328125 0.45851406250000004 0.647865625 0.45282343750000004 0.6401234375 0.3898703125 0.6381875 0.3575046875 0.635671875 0.376 0.6347046875 0.381334375
7 0.6581234375 0.4108546875 0.654253125 0.43006093749999996 0.65038125 0.4428640625 0.647671875 0.453890625 0.65154375 0.4578015625 0.656575 0.43326093749999994 0.6581234375 0.4108546875
1 0.6514609375 0.577978125 0.6512859375 0.5821828124999999 0.6541 0.5909125000000001 0.6577953125 0.5977015625 0.6609625 0.5922046875 0.6628984375 0.5850921875 0.6611390625 0.578625 0.6585 0.5740984375 0.6537484375 0.57280625 0.6514609375 0.577978125
7 0.580878125 0.62861875 0.5869671875 0.6466937500000001 0.594228125 0.678109375 0.6122609375 0.731903125 0.602190625 0.695753125 0.5965703125 0.66691875 0.5904812500000001 0.6221625000000001 0.5881390625 0.6260359375 0.58064375 0.6204421875 0.580878125 0.62861875
7 0.3396890625 0.6615453125 0.33214062499999997 0.7017359375 0.3391078125 0.6750609375 0.343753125 0.6444734375000001 0.3476234375 0.6256234375 0.3422046875 0.62846875 0.3396890625 0.6615453125
7 0.33426875 0.6686593750000001 0.338140625 0.630246875 0.3354296875 0.627046875 0.33233437499999996 0.66616875 0.3265265625 0.709559375 0.33426875 0.6686593750000001
7 0.3274953125 0.626334375 0.32614062499999996 0.623134375 0.3178171875 0.64340625 0.312784375 0.6579890625 0.306784375 0.683240625 0.30388125 0.7035140625 0.30891406250000003 0.679328125 0.3147203125 0.6587 0.3187859375 0.6462515625 0.31084999999999996 0.6846640625 0.3274953125 0.626334375
0 0.7200520828125 0.6002604171875 0.7486979171875 0.5546875 0.71484375 0.578125 0.68359375 0.5950520828125 0.6145833328125 0.6106770828125 0.5638020828125 0.62109375 0.48046875 0.62890625 0.4036458328125 0.6236979171875 0.3567708328125 0.6197916671875 0.2864583328125 0.6002604171875 0.24869791718749998 0.5911458328125 0.25 0.6041666671875 0.3515625 0.625 0.4114583328125 0.6354166671875 0.5 0.6341145828125 0.5729166671875 0.6223958328125 0.6328125 0.6236979171875 0.7200520828125 0.6002604171875
0 0.5638020828125 0.4453125 0.4921875 0.4544270828125 0.4544270828125 0.4518229171875 0.3697916671875 0.45703125 0.251863978125 0.441649378125 0.2565104171875 0.4544270828125 0.33984375 0.48046875 0.4114583328125 0.48046875 0.5755208328125 0.4830729171875 0.6901041671875 0.4309895828125 0.69921875 0.3932291671875 0.6328125 0.4440104171875 0.5638020828125 0.4453125
9 0.1640625 0.609375 0.18359375 0.6432291671875 0.2565104171875 0.59765625 0.22786458281250002 0.5078125 0.1640625 0.609375
9 0.7330729171875 0.6783854171875 0.7799479171875 0.6380208328125 0.7526041671875 0.5182291671875 0.70703125 0.5286458328125 0.7330729171875 0.6783854171875
