2 0.281846290625 0.49028585625 0.274987115625 0.5472133 0.3219457421875 0.5528706640625 0.32880468125 0.4959434359375 0.281846290625 0.49028585625
2 0.31638059687500003 0.5688971671874999 0.345746390625 0.5762735875 0.3593041640625 0.5223040937500001 0.3299386296875 0.5149277078125001 0.31638059687500003 0.5688971671874999
1 0.4327710953125 0.5499538562499999 0.4415083125 0.55114074375 0.44532255468750004 0.5230647296875001 0.4365853765625 0.52187784375 0.4327710953125 0.5499538562499999
1 0.5598265625 0.5533328125 0.55069375 0.5533328125 0.55069375 0.582596875 0.5598265625 0.582596875 0.5598265625 0.5533328125
2 0.6830548953125 0.57064376875 0.72641686875 0.55935929375 0.7114515625 0.501859375 0.66808999375 0.5131437953125 0.6830548953125 0.57064376875
1 0.740655384375 0.5651252140625 0.7315416984375 0.5681145937500001 0.7434553796875 0.6044319515625001 0.7525690609375 0.6014425828125 0.740655384375 0.5651252140625
2 0.7115847078125 0.6609078484375 0.6796795578125 0.600377203125 0.6316485734375 0.625690840625 0.6635533515625001 0.6862211703125001 0.7115847078125 0.6609078484375
1 0.32497340625 0.6939361546875 0.349068821875 0.697175009375 0.3570213515625 0.6380193968750001 0.332926221875 0.6347805609375 0.32497340625 0.6939361546875
1 0.3194516421875 0.6361862859375 0.3091659328125 0.633991096875 0.3029546875 0.6630906249999999 0.3132403953125 0.6652858078125 0.3194516421875 0.6361862859375
1 0.2990672703125 0.6391258890625 0.31421011249999997 0.6140923453125 0.2843237796875 0.5960161562499999 0.2691809421875 0.6210496187500001 0.2990672703125 0.6391258890625
7 0.29561540625 0.40200234375 0.2906142125 0.4022404828125 0.2937064640625 0.4671778203125 0.29870765625 0.4669396828125 0.29561540625 0.40200234375
7 0.3086266546875 0.44244909843749997 0.31414474062500003 0.4432565796875 0.32343839375 0.379749778125 0.31792034999999996 0.3789423 0.3086266546875 0.44244909843749997
6 0.37986283906249996 0.3955623578125 0.351633875 0.3967896390625 0.354197184375 0.4557457078125 0.3824261484375 0.45451843125 0.37986283906249996 0.3955623578125
7 0.6807811734375 0.5006167203125 0.690341003125 0.49999999375000004 0.6846590906250001 0.41193181875 0.6750993765625 0.412548540625 0.6807811734375 0.5006167203125
7 0.6944459078125 0.46490683437499997 0.6974431953125 0.464488634375 0.6899061093750001 0.410472934375 0.6869088421875 0.410891134375 0.6944459078125 0.46490683437499997
7 0.707090028125 0.41488151718750005 0.7017045390625001 0.41477272656249997 0.7002840906250001 0.48508522656249997 0.7056695796875 0.48519401718750005 0.707090028125 0.41488151718750005
7 0.7252128203125 0.474636825 0.734375140625 0.47301133906250004 0.71875 0.38494318125000004 0.7095877875000001 0.3865686578125 0.7252128203125 0.474636825
7 0.734319878125 0.474374475 0.740055721875 0.47448805 0.7414772734375 0.40269886406250005 0.7357414859375 0.402585290625 0.734319878125 0.474374475
7 0.68528575 0.7709720984375 0.6981537359375001 0.7677556 0.6765542015625 0.6813588828125 0.66368645625 0.6845753484375 0.68528575 0.7709720984375
7 0.6943650859375 0.6626688984375 0.683710721875 0.6653959765625 0.7080963765625 0.7606534640625 0.7187507281250001 0.7579264140624999 0.6943650859375 0.6626688984375
7 0.374245115625 0.6741866 0.3650567078125 0.6725852078125001 0.3451471015625 0.7868039687499999 0.35433550468749997 0.7884053421874999 0.374245115625 0.6741866
7 0.23533690625 0.7078425875 0.24431818125000002 0.7116477265625 0.28245906249999997 0.6216358796875 0.27347794062499997 0.6178307765625 0.23533690625 0.7078425875
7 0.2921916515625 0.6336543328124999 0.2833803625 0.6299714578125 0.247159090625 0.7166193187500001 0.255970359375 0.720302159375 0.2921916515625 0.6336543328124999
8 0.6639477421875 0.4031940359375 0.63712324375 0.40525730312499997 0.649168159375 0.5618428234375 0.6759926562499999 0.5597795796875 0.6639477421875 0.4031940359375
