1 0.264825671875 0.4524340171875 0.27444436875 0.4540880734375 0.2813937453125 0.4136781890625 0.2717750984375 0.4120241359375 0.264825671875 0.4524340171875
2 0.323620071875 0.4189589296875 0.2797093734375 0.41539917812500005 0.27290275625 0.499355884375 0.31681345312500003 0.502915615625 0.323620071875 0.4189589296875
2 0.3581628421875 0.4292774296875 0.3191154546875 0.42671192968750005 0.3139233859375 0.5057311296875 0.3529707703125 0.5082966156250001 0.3581628421875 0.4292774296875
2 0.387054221875 0.44934291562500006 0.35342017187499997 0.4444474625 0.3425841390625 0.518890971875 0.376218184375 0.5237863953125 0.387054221875 0.44934291562500006
2 0.371721515625 0.5312430421875 0.4048021890625 0.5331213515625 0.409249446875 0.45479923125 0.376169165625 0.4529209328125 0.371721515625 0.5312430421875
1 0.534096925 0.5079899734375 0.5260038859375 0.5100680546875 0.5395624906250001 0.5628671890625 0.547655528125 0.5607891171875 0.534096925 0.5079899734375
2 0.539400890625 0.5676106328125 0.5791117234375001 0.5657152828124999 0.5744475828125 0.46800820625000006 0.5347373625 0.469903540625 0.539400890625 0.5676106328125
2 0.6034455249999999 0.47181278437499996 0.5720560453125 0.4730502421875 0.5753382484375 0.5563004031250001 0.6067277265625 0.5550629515625001 0.6034455249999999 0.47181278437499996
2 0.628411884375 0.467463575 0.5944594484375 0.47214886875 0.605152815625 0.549633475 0.6391052453125 0.544948209375 0.628411884375 0.467463575
2 0.632482584375 0.539201940625 0.6818330140625 0.5316304765625001 0.6672966296875 0.43689290156249994 0.61794689375 0.4444643109375 0.632482584375 0.539201940625
2 0.7110737171875 0.40906724375000003 0.664448575 0.4109071375 0.6679831078125 0.5004711109375 0.7146082484375 0.498631228125 0.7110737171875 0.40906724375000003
2 0.7003661171875 0.4752129140625 0.7453653421875 0.47738631875 0.7504506140625 0.3720974859375 0.705452009375 0.369924096875 0.7003661171875 0.4752129140625
8 0.6985729734375 0.6736082578125 0.7188404359375 0.6680654765625 0.6971243421875 0.58866986875 0.676857184375 0.5942126062499999 0.6985729734375 0.6736082578125
8 0.72048983125 0.6472024125 0.7411829187500001 0.641178390625 0.7159024125 0.554347790625 0.695209646875 0.5603717609375 0.72048983125 0.6472024125
2 0.5575125421875 0.59255245625 0.5245048390625 0.5955755953125 0.5353120015624999 0.713557325 0.5683197 0.7105342218749999 0.5575125421875 0.59255245625
2 0.5880006875 0.5844439734375 0.554076115625 0.5883336875 0.5659576078125 0.69194705625 0.5998821734375 0.6880573812499999 0.5880006875 0.5844439734375
2 0.446549675 0.58322515 0.41435197500000004 0.5813967890625 0.408033165625 0.6926588171875 0.4402308625 0.6944871578125 0.446549675 0.58322515
2 0.3875737 0.6514139703125 0.41119441874999996 0.6542084453125 0.4204040203125 0.5763709671874999 0.396783646875 0.5735765125000001 0.3875737 0.6514139703125
2 0.363318571875 0.666425 0.39745485625 0.666425 0.3974545828125 0.5733203125 0.3633189 0.5733203125 0.363318571875 0.666425
2 0.3129387796875 0.649073990625 0.3686848109375 0.6508934 0.37206521875 0.5473136453125 0.31632024687500004 0.545494253125 0.3129387796875 0.649073990625
2 0.3019690796875 0.51275559375 0.2613299859375 0.5316032515625 0.2965140046875 0.6074594015625 0.3371530140625 0.588611878125 0.3019690796875 0.51275559375
1 0.267028171875 0.5713309343749999 0.2773751375 0.5684755171875 0.26971875 0.540734375 0.2593718328125 0.5435897859375001 0.267028171875 0.5713309343749999
5 0.5797453515625001 0.5806192109375 0.5926339281249999 0.6629464281249999 0.6869963125 0.6481746937499999 0.6741071421875 0.5658482140625 0.5797453515625001 0.5806192109375
7 0.3166118421875 0.3462171046875 0.3100328953125 0.3462171046875 0.3100328953125 0.413651315625 0.3166118421875 0.413651315625 0.3166118421875 0.3462171046875
7 0.3929465703125 0.383332090625 0.3898026203125 0.383223684375 0.3873355265625 0.45476973750000005 0.39047947656250004 0.45487814374999996 0.3929465703125 0.383332090625
7 0.4044013921875 0.3734192984375 0.40296052343750005 0.3733552625 0.4011060421875 0.4150811390625 0.40254691249999996 0.415145175 0.4044013921875 0.3734192984375
7 0.40539879375 0.415715571875 0.4013157703125 0.4150904578125 0.3947368421875 0.4580592109375 0.398819865625 0.45868432343750004 0.40539879375 0.415715571875
7 0.2788651984375 0.568832021875 0.27220391093749996 0.5666118296875 0.2495064890625 0.6347041203125 0.2561677703125 0.6369242984375 0.2788651984375 0.568832021875
7 0.3000289 0.5959116718749999 0.2944078578125 0.5937499859375001 0.2721954265625 0.6515023656250001 0.2778164609375 0.653664040625 0.3000289 0.5959116718749999
7 0.609327859375 0.4440210265625 0.614309228125 0.44407894687500005 0.6151315796875 0.3733552625 0.6101502562500001 0.3732973421875 0.609327859375 0.4440210265625
6 0.351261846875 0.73141354375 0.37809079687499997 0.7367784984375 0.387834775 0.6880579421874999 0.36100610624999996 0.6826930156250001 0.351261846875 0.73141354375
6 0.43782661875000006 0.687908246875 0.4090400578125 0.6847102703125 0.397416675 0.7893212515625 0.42620322968749996 0.7925191890625001 0.43782661875000006 0.687908246875
