1 0.254721875 0.5172218749999999 0.25219843750000004 0.506390625 0.24827343750000003 0.5125796874999999 0.2454703125 0.5203171875 0.24462968749999997 0.5296000000000001 0.248834375 0.5352734375 0.2536 0.525990625 0.254721875 0.5172218749999999
1 0.30462500000000003 0.5471359375 0.3049046875 0.5579671875 0.3079890625 0.5538421875 0.30911093749999996 0.547653125 0.3088296875 0.5419796875 0.3060265625 0.5373375 0.30462500000000003 0.5471359375
2 0.6954374999999999 0.6569953125 0.696840625 0.6451328125 0.6934750000000001 0.6343015624999999 0.6881484375 0.6214062499999999 0.68198125 0.6147015625 0.6758140625 0.6121234375 0.6671218750000001 0.6157328125 0.657590625 0.616765625 0.64861875 0.61934375 0.6430125 0.6245015625 0.641890625 0.6348171875 0.6441328125 0.65080625 0.6474984375 0.6580265625 0.653384375 0.6657625 0.6598328125 0.6683421875 0.6646 0.667825 0.67216875 0.665246875 0.6822609374999999 0.6631843749999999 0.6903921875 0.66266875 0.6954374999999999 0.6569953125
7 0.696840625 0.712696875 0.6901109375 0.677625 0.6822609374999999 0.685878125 0.6873078125000001 0.7013499999999999 0.6954374999999999 0.723528125 0.7041296874999999 0.7508640625 0.7041296874999999 0.744159375 0.696840625 0.712696875
7 0.6696453124999999 0.685878125 0.660675 0.687425 0.6620765625 0.6998031250000001 0.6629171875 0.723528125 0.6676828125000001 0.754990625 0.6774953125 0.7802625 0.6713281249999999 0.757053125 0.669365625 0.744159375 0.6696453124999999 0.724559375 0.669365625 0.7034140625 0.6696453124999999 0.685878125
1 0.6393671875 0.6471953125 0.6402078125 0.653384375 0.6416109375 0.6616359375 0.6441328125 0.6657625 0.6455359374999999 0.6600890625 0.6435734375 0.6487421875 0.6435734375 0.6348171875 0.6430125 0.62914375 0.6390875 0.6379109374999999 0.6393671875 0.6471953125
7 0.317521875 0.735390625 0.321446875 0.7132125 0.323128125 0.6838140625 0.31219375 0.6802046875000001 0.311353125 0.7044453125000001 0.31023125 0.7286859375 0.3065875 0.7534421874999999 0.2973359375 0.7756203125 0.30322343749999997 0.76943125 0.30911093749999996 0.7596328125 0.312475 0.7498328125 0.317521875 0.735390625
7 0.27266406249999997 0.7627265624999999 0.28163593750000004 0.736421875 0.2922890625 0.709603125 0.29845781250000003 0.6956765625 0.3021015625 0.6848453125 0.29285 0.6781406249999999 0.28612187499999997 0.711665625 0.2788328125 0.7322968750000001 0.27266406249999997 0.7627265624999999
0 0.7213541671875 0.66015625 0.7643229171875 0.62890625 0.7955729171875 0.6041666671875 0.7955729171875 0.5924479171875 0.7083333328125 0.6536458328125 0.6744791671875 0.66796875 0.6432291671875 0.6783854171875 0.58984375 0.6927083328125 0.5026041671875 0.69921875 0.3893229171875 0.7005208328125 0.3229166671875 0.67578125 0.23697916718749998 0.6302083328125 0.2265625 0.6393229171875 0.31640625 0.6927083328125 0.42578125 0.7122395828125 0.5455729171875 0.7057291671875 0.625 0.6927083328125 0.6796875 0.6783854171875 0.7213541671875 0.66015625
0 0.5598958328125 0.5403645828125 0.5911458328125 0.5325520828125 0.6653645828125 0.5078125 0.73828125 0.4908854171875 0.7552083328125 0.4739583328125 0.7213541671875 0.4791666671875 0.6575520828125 0.5013020828125 0.57421875 0.5130208328125 0.5299479171875 0.52734375 0.4700520828125 0.52734375 0.4140625 0.5143229171875 0.3294270828125 0.51171875 0.23177083281250002 0.4830729171875 0.23958333281250002 0.5013020828125 0.3776041671875 0.5286458328125 0.4192708328125 0.5364583328125 0.4947916671875 0.5455729171875 0.5598958328125 0.5403645828125
