2 0.395668784375 0.79959435625 0.45335202812500003 0.8050638749999999 0.46144993906250004 0.7196707359375 0.4037678265625 0.7142012703125 0.395668784375 0.79959435625
1 0.316841040625 0.726466434375 0.2995925546875 0.7254857890624999 0.297075 0.769759375 0.31432348593750004 0.770740015625 0.316841040625 0.726466434375
1 0.403459365625 0.717527353125 0.3922024421875 0.716660065625 0.38842189843749997 0.7657213921875 0.3996788203125 0.766588675 0.403459365625 0.717527353125
7 0.3835832921875 0.8631779578125001 0.37260576093750003 0.86021549375 0.3416515625 0.9748890625 0.35262907499999996 0.977851478125 0.3835832921875 0.8631779578125001
7 0.2980343359375 0.9575745140624999 0.30904375 0.9631703125 0.367994196875 0.8472173796875 0.35698510156249996 0.8416216765625 0.2980343359375 0.9575745140624999
2 0.37890214843750003 0.8752998484375001 0.4424226125 0.9034844625 0.47055849062500005 0.8400872421875001 0.407039025 0.8119028828125 0.37890214843750003 0.8752998484375001
7 0.4377357984375 0.8948072078125 0.42847187968749995 0.8931834453124999 0.410115390625 0.9978834031250001 0.41937930312500005 0.999507140625 0.4377357984375 0.8948072078125
7 0.45153335625 0.5773026125 0.43286710624999997 0.576460934375 0.4261416859375 0.7255949312500001 0.444807934375 0.7264365984375 0.45153335625 0.5773026125
7 0.4146085734375 0.6011913625 0.4062770515625 0.601678684375 0.413468734375 0.7246156265625 0.42180025624999995 0.724128309375 0.4146085734375 0.6011913625
1 0.45633493124999996 0.9100474125 0.48373155 0.9113329218749999 0.4864915609375 0.852521628125 0.45909537343749995 0.8512361281249999 0.45633493124999996 0.9100474125
1 0.757590940625 0.8004078937499999 0.7431324484374999 0.799036959375 0.739311859375 0.8393224734375 0.7537703515625 0.8406934015624999 0.757590940625 0.8004078937499999
7 0.8407227875000001 0.73391914375 0.85785584375 0.733610071875 0.85538665625 0.5967658578124999 0.8382540828125 0.597074925 0.8407227875000001 0.73391914375
