2 0.3987989265625 0.766591584375 0.4051551765625 0.7868478343749999 0.4151426765625 0.7896103343750001 0.4255864265625 0.794215021875 0.4360286140625 0.803421271875 0.4478333015625 0.8025009593749999 0.4546426765625 0.7914525218749999 0.4569129890625 0.767513459375 0.4564583015625 0.744494709375 0.44874111406250006 0.730683771875 0.4428379890625 0.723318146875 0.43194267656249996 0.7168728343749999 0.41923017656250006 0.718713459375 0.40924111406249997 0.722396271875 0.40379267656250006 0.734366584375 0.40106923906249997 0.753702521875 0.3987989265625 0.766591584375
1 0.30697968750000004 0.7680859375 0.3152359375 0.75469375 0.314821875 0.7396265625 0.312759375 0.726234375 0.3053296875 0.7379515624999999 0.2983125 0.747996875 0.297075 0.769759375 0.30697968750000004 0.7680859375
1 0.396959375 0.7170265625 0.39159375 0.724559375 0.3895296875 0.7513453125 0.3940703125 0.7622265625 0.39737187500000004 0.7664109375 0.4014984375 0.742975 0.4010859375 0.7187 0.396959375 0.7170265625
7 0.365178125 0.9313625 0.37260624999999997 0.9003921874999999 0.381275 0.866075 0.37260624999999997 0.860215625 0.3697171875 0.8794671875000001 0.3631140625 0.9188078125000001 0.3416515625 0.9748890625 0.365178125 0.9313625
7 0.32844375000000003 0.8987187499999999 0.30904375 0.9631703125 0.32926875 0.9096 0.344953125 0.8819781250000001 0.355271875 0.8618890625000001 0.36393906249999997 0.8551921874999999 0.3573359375 0.8417999999999999 0.344128125 0.8669109374999999 0.32844375000000003 0.8987187499999999
2 0.42666366718750004 0.8964920921875 0.44276054218749994 0.9023514671875 0.4481261671875 0.8906327171875 0.4555558546875 0.8738920921875 0.4600964796875 0.8621733421875 0.4600964796875 0.84878115625 0.4522542921875 0.83706240625 0.4444121046875 0.8295295921875001 0.4382214796875 0.8295295921875001 0.42666366718750004 0.82450615625 0.41469491718749996 0.8152999062499999 0.4047886671875 0.8169733421875 0.3998355421875 0.83706240625 0.3977714796875 0.86384678125 0.3990105421875 0.8722170921875 0.41263085468750005 0.8897952171875 0.42666366718750004 0.8964920921875
7 0.42131093750000004 0.970703125 0.42956562500000006 0.9414078124999999 0.4361703125 0.8945328124999999 0.4275015625 0.8987187499999999 0.42131093750000004 0.9347109375 0.41429375 0.9740515625 0.41264375 0.9983265625 0.42131093750000004 0.970703125
7 0.3895296875 0.94475625 0.39654531249999997 0.9347109375 0.40686406249999996 0.9104374999999999 0.41553281249999996 0.8936968750000001 0.40769062500000003 0.8803046875 0.40315 0.8886749999999999 0.3944828125 0.9129484375000001 0.3821 0.94308125 0.3693046875 0.9924671875 0.37219375 0.984096875 0.3792109375 0.9614968749999999 0.3895296875 0.94475625
7 0.439471875 0.6861125 0.43658281250000003 0.69615625 0.4382328125 0.6576531250000001 0.43740781249999994 0.601571875 0.43286718750000003 0.5764609375 0.43245468750000005 0.6693718750000001 0.42956562500000006 0.702015625 0.42667656249999997 0.713734375 0.43493125 0.7170828124999999 0.4382328125 0.723778125 0.44153593750000003 0.7262890625 0.44483750000000005 0.6769046875 0.44855156249999995 0.6434234375 0.4469015625 0.599896875 0.44525 0.6476078125 0.439471875 0.6861125
7 0.4114046875 0.6375640625 0.4105796875 0.6752296875 0.41305625 0.7112234374999999 0.41346875 0.724615625 0.4208984375 0.7087125000000001 0.41470624999999994 0.662675 0.41264375 0.62751875 0.40810312499999996 0.601571875 0.4114046875 0.6375640625
1 0.4848734375 0.8869999999999999 0.48569843749999997 0.8694218749999999 0.4790953125 0.8526812500000001 0.472078125 0.8518453125000001 0.4629984375 0.8535187499999999 0.4580453125 0.8736078125000001 0.4584578125 0.892021875 0.4646484375 0.9104374999999999 0.472490625 0.9045781249999999 0.481984375 0.8928593749999999 0.4848734375 0.8869999999999999
1 0.7457281250000001 0.7999484375 0.7420140625 0.8108296875000001 0.73995 0.83259375 0.7477921875 0.8401265625000001 0.7535703125000001 0.8351046875 0.756046875 0.8166890625000001 0.7527453125 0.7999484375 0.7457281250000001 0.7999484375
7 0.87019375 0.617571875 0.8585953125 0.724103125 0.8664406250000001 0.6895156250000001 0.87019375 0.617571875
7 0.759367665625 0.930807728125 0.741664615625 0.9270807703124999 0.744459834375 0.9345346859375001 0.7575041875 0.9997564484374999 0.7733437578125 0.9997564484374999 0.7668215828125 0.9419886015625 0.759367665625 0.930807728125
