1 0.29694375 0.5045328125 0.2948015625 0.51020625 0.2956046875 0.526659375 0.30069375 0.5328999999999999 0.30738906250000003 0.5328999999999999 0.3116734375 0.52495625 0.310334375 0.5147453125 0.30605000000000004 0.5045328125 0.301228125 0.497725 0.29694375 0.5045328125
1 0.6633296875 0.5720468750000001 0.6705609375 0.576584375 0.6767218749999999 0.57318125 0.6815421875000001 0.5726140625 0.6890421875 0.5714796875 0.694934375 0.5652375000000001 0.6960046875 0.5482171874999999 0.692790625 0.5243890625 0.6933265625 0.5107734374999999 0.6901125 0.5022625 0.6852921875 0.5096390625 0.6796671875 0.5153125000000001 0.671096875 0.51758125 0.6630625 0.5277937500000001 0.662259375 0.5346015625 0.6633296875 0.5504875 0.6633296875 0.5720468750000001
8 0.726284375 0.40661718750000003 0.73234375 0.4519265625 0.7384046875 0.4557015625 0.7494546875 0.4496609375 0.7608625 0.4405984375 0.7540890625000001 0.41416875 0.7430390625000001 0.3665953125 0.735196875 0.3462078125 0.725571875 0.3484734375 0.72165 0.361309375 0.726284375 0.40661718750000003
1 0.6698875 0.5996640625 0.672621875 0.6067437499999999 0.6787 0.61704375 0.6850828124999999 0.6254125 0.690553125 0.6279874999999999 0.69663125 0.62090625 0.6993671875 0.6067437499999999 0.702709375 0.5951578125 0.6990624999999999 0.5861453125 0.6945046875 0.5809953125 0.69025 0.5797078124999999 0.6844750000000001 0.5887203125 0.6765734375 0.5945140624999999 0.6698875 0.5996640625
1 0.27783281249999997 0.61575625 0.2826953125 0.61318125 0.28938125000000003 0.6061 0.29545937499999997 0.5912953125 0.2912046875 0.5687640625 0.2860375 0.5571765625 0.2820875 0.5603953125000001 0.27783281249999997 0.5681203125 0.2763125 0.5797078124999999 0.276009375 0.5951578125 0.2723625 0.6015937499999999 0.2729703125 0.6099625 0.27783281249999997 0.61575625
1 0.2742581875 0.48576696874999997 0.28129045 0.49550394531249997 0.2904864828125 0.5019952640625001 0.2975187453125 0.4965858328125 0.29697780156250003 0.49550394531249997 0.283995165625 0.4722433890625 0.275340075 0.45709698125 0.27479913125 0.45601509374999993 0.260193665625 0.45655603749999996 0.2612755515625 0.46196546875 0.2672259265625 0.47494810468750004 0.2742581875 0.48576696874999997
5 0.3586453234375 0.6036925796875 0.35269494843750004 0.5977422046875 0.3445808 0.5977422046875 0.329975334375 0.6031516375 0.3380894828125 0.6101838984375 0.3407941984375 0.611806728125 0.3494492890625 0.6107248421875 0.3575634359375 0.6074791828125 0.3586453234375 0.6036925796875
8 0.6081635953125 0.6392415578125 0.5979828828125 0.6387057328125 0.591552959375 0.6408490390625 0.5883379984375 0.6440640015625 0.5856588625 0.649422271875 0.584587209375 0.65906715625 0.59048130625 0.757659315625 0.6022694984375 0.7624817578124999 0.6060202875 0.71050654375 0.610306903125 0.649422271875 0.6081635953125 0.6392415578125
5 0.6237025765624999 0.663353771875 0.6392415578125 0.658531328125 0.6494222703125 0.647814790625 0.6499580984375 0.6403132125 0.6403132125 0.6392415578125 0.630668328125 0.6435281734375 0.62316675 0.649422271875 0.6156651734375 0.6526372328125001 0.6108427296875 0.6569238484375 0.610306903125 0.661746290625 0.61459351875 0.661746290625 0.6237025765624999 0.663353771875
0 0.5876774609375001 0.6821256250000001 0.603418821875 0.6882472640625 0.6069169015625 0.6392741421875 0.49847641718749996 0.6261563421874999 0.4258912546875 0.6209092218750001 0.35592965312499997 0.6095404624999999 0.3568041734375 0.646270303125 0.3961575734375 0.6646352234374999 0.45562493593750003 0.671631384375 0.4949783375 0.6733804234375 0.52908461875 0.66988234375 0.5640654203125 0.6733804234375 0.5876774609375001 0.6821256250000001
0 0.3874123734375 0.5185903781250001 0.46349561718750004 0.5255865390625 0.5553202203125001 0.5360807796875 0.5710615796875 0.4958528578125 0.53345721875 0.48798217812500005 0.47398985624999995 0.492354778125 0.4425071359375 0.48798217812500005 0.39265949375 0.492354778125 0.3454354125 0.4774879375 0.347184453125 0.475738896875 0.33231761249999997 0.4731153375 0.3314430921875 0.5028490171875 0.34106281250000003 0.5080961375 0.3874123734375 0.5185903781250001
