4 0.3322390625 0.3728578125 0.3327609375 0.33747812499999996 0.3285859375 0.285515625 0.31658125 0.28883281250000004 0.316059375 0.32310625000000004 0.313971875 0.369540625 0.3186703125 0.3872296875 0.3306734375 0.38501875 0.3322390625 0.3728578125
4 0.3964359375 0.29215 0.38025625 0.380596875 0.389128125 0.3938640625 0.3969578125 0.3916515625 0.4079171875 0.30099375 0.3964359375 0.29215
2 0.42618437499999995 0.4812046875 0.42357500000000003 0.46904375 0.41626874999999997 0.4502484375 0.4063515625 0.43698125 0.40217656249999995 0.4447203125 0.39956718750000003 0.46130468750000003 0.39382656250000003 0.484521875 0.39173749999999996 0.52100625 0.3980015625 0.5398015625 0.4089609375 0.546434375 0.422009375 0.5320625 0.42618437499999995 0.4812046875
2 0.43505781250000003 0.453565625 0.42774999999999996 0.4657265625 0.42566249999999994 0.494471875 0.42670624999999995 0.535378125 0.43818906249999995 0.5420125 0.453325 0.546434375 0.46010937500000004 0.5342734375 0.46115312499999994 0.4867328125 0.458021875 0.44803750000000003 0.4491484375 0.4347703125 0.4407984375 0.44250937500000004 0.43505781250000003 0.453565625
2 0.5175203125000001 0.4447203125 0.5091703125 0.4447203125 0.49925312499999996 0.4601984375 0.49246875 0.47678281250000004 0.491425 0.504421875 0.491425 0.546434375 0.5018625 0.557490625 0.5143890625 0.5541734375 0.5253484375 0.5486453124999999 0.52848125 0.53095625 0.52848125 0.49005 0.5253484375 0.462409375 0.5175203125000001 0.4447203125
2 0.5914828125 0.49864218749999994 0.5893296875 0.46785 0.5780234375 0.4484640625 0.5672546875 0.4450421875 0.5591781250000001 0.44960468750000004 0.555409375 0.4667109375 0.5543328125 0.4918 0.5602546875 0.52145 0.5634859375 0.5305734375 0.5710234375 0.5374156250000001 0.5791000000000001 0.5374156250000001 0.5893296875 0.52373125 0.5914828125 0.49864218749999994
2 0.557025 0.4815359375 0.5527171875 0.45530625 0.5467953125 0.44390156249999996 0.5392578125 0.4427625 0.5327968750000001 0.4610078125 0.529565625 0.48381718749999997 0.5284890625 0.507765625 0.5306421875 0.5282921875000001 0.5338734374999999 0.5408375000000001 0.5424875 0.541978125 0.550025 0.5374156250000001 0.5564859375 0.5294328125 0.557025 0.4815359375
2 0.484878125 0.5556625000000001 0.49026249999999993 0.5488203125 0.492415625 0.51916875 0.49026249999999993 0.4815359375 0.48164687500000003 0.4632890625 0.47518593750000004 0.454165625 0.46872499999999995 0.456446875 0.4601109375 0.4667109375 0.4579578125 0.4963609375 0.4579578125 0.5408375000000001 0.4601109375 0.5533812499999999 0.484878125 0.5556625000000001
4 0.4380359375 0.3481078125 0.436959375 0.42109375 0.43534375000000003 0.439340625 0.4450359375 0.43591875 0.45311250000000003 0.43591875 0.455803125 0.3595125 0.45365 0.302490625 0.44234375000000004 0.30135 0.4380359375 0.3481078125
4 0.5214890624999999 0.3766171875 0.5214890624999999 0.3150359375 0.5064140625 0.3104734375 0.5042609375 0.35266875 0.5026453125 0.41311093750000005 0.5042609375 0.45302499999999996 0.5231046874999999 0.45302499999999996 0.5209515625 0.42793593750000003 0.5214890624999999 0.3766171875
4 0.5683312500000001 0.31617656250000004 0.5651015625 0.2945078125 0.551103125 0.28880625000000004 0.5484109375 0.35723125 0.554871875 0.419953125 0.5527171875 0.45302499999999996 0.562946875 0.4461828125 0.5742546875000001 0.439340625 0.5694078124999999 0.37205625000000003 0.5683312500000001 0.31617656250000004
4 0.655553125 0.41311093750000005 0.6636296875000001 0.4119703125 0.67224375 0.40626875 0.658784375 0.3207375 0.647478125 0.32530000000000003 0.651784375 0.40512812499999995 0.655553125 0.41311093750000005
2 0.6334796875 0.5511 0.625403125 0.5613640625 0.621634375 0.5807515624999999 0.6302484374999999 0.60698125 0.6415546875 0.6138234375 0.65663125 0.6081218749999999 0.6679375000000001 0.5932953125 0.6690140625 0.573909375 0.6620140625000001 0.55794375 0.6507078125 0.5453984375 0.639940625 0.5476796875 0.6334796875 0.5511
2 0.5990203125 0.6104015625 0.594175 0.573909375 0.5855609375 0.55794375 0.5780234375 0.554521875 0.5715625 0.5590843750000001 0.5634859375 0.5647859375000001 0.555409375 0.5784703125 0.5597171875 0.605840625 0.5656390625000001 0.6172453124999999 0.5731765625 0.6332109375 0.58340625 0.652596875 0.5930984375 0.654878125 0.59794375 0.6332109375 0.5990203125 0.6104015625
2 0.5947140625 0.5818921875 0.5984828125 0.618384375 0.6060203125 0.6309296875 0.61301875 0.6309296875 0.622171875 0.62180625 0.6264796875 0.60698125 0.6264796875 0.591015625 0.6200187500000001 0.5761890625 0.61248125 0.5659265625 0.601175 0.5659265625 0.5947140625 0.5818921875
4 0.651784375 0.6947921874999999 0.6663218750000001 0.6947921874999999 0.665784375 0.6491765625 0.6577078125 0.603559375 0.6415546875 0.620665625 0.6485546875 0.6697031250000001 0.651784375 0.6947921874999999
4 0.629171875 0.708478125 0.6286328125 0.671984375 0.6237874999999999 0.6149640625 0.6119421875 0.625228125 0.6017125 0.625228125 0.603328125 0.657159375 0.6119421875 0.7130390625 0.629171875 0.708478125
1 0.401425 0.5590843750000001 0.392271875 0.5773296875 0.39442499999999997 0.603559375 0.4046546875 0.601278125 0.414346875 0.5807515624999999 0.40842343750000004 0.5636453125 0.401425 0.5590843750000001
2 0.3448921875 0.5157484375 0.3378921875 0.50890625 0.3271234375 0.503203125 0.31689375000000003 0.520309375 0.314740625 0.5374156250000001 0.32066249999999996 0.57505 0.3346609375 0.5853125 0.3448921875 0.586453125 0.355121875 0.573909375 0.363196875 0.5465390625000001 0.363196875 0.524871875 0.35781406250000003 0.5123265625 0.3448921875 0.5157484375
4 0.3212015625 0.5818921875 0.31635625 0.6115421875 0.310971875 0.6662828125 0.32604687499999996 0.67540625 0.3346609375 0.6514562500000001 0.344353125 0.5898749999999999 0.3212015625 0.5818921875
5 0.300551540625 0.518148303125 0.3069326765625 0.5194245296875 0.3107613578125 0.516872075 0.3133138125 0.5149577328125 0.3152281546875 0.511129053125 0.318418721875 0.5073003703125 0.317780609375 0.504747915625 0.3126757 0.49964300625 0.30438022187499997 0.49772866406249994 0.297360971875 0.5028335734375 0.2954466296875 0.5079384828125 0.2954466296875 0.5130433921875001 0.300551540625 0.518148303125
5 0.689951896875 0.5539759765625 0.697506115625 0.54893983125 0.7000241875000001 0.5413856125 0.6949880421875 0.538867540625 0.6861747874999999 0.537608503125 0.6748434609375 0.5413856125 0.6723253890625001 0.54768079375 0.6761024984375 0.5665663390625 0.67987960625 0.5665663390625 0.6849157515625001 0.5640482671875 0.689951896875 0.5539759765625
