4 0.3137120078125 0.3871565515625 0.3320242015625 0.387426659375 0.3335263 0.285588496875 0.315214303125 0.285318390625 0.3137120078125 0.3871565515625
4 0.37880326875 0.39261596249999997 0.39658145 0.39476504375 0.4088055171875 0.29364528125 0.391027528125 0.2914962109375 0.37880326875 0.39261596249999997
2 0.3888792203125 0.544785959375 0.42075025781250003 0.5474021062500001 0.429657584375 0.43889434843749997 0.3977870625 0.43627822343749995 0.3888792203125 0.544785959375
7 0.41278434218750004 0.45143173281250004 0.41887817656250004 0.4513546875 0.416962253125 0.29982750937499997 0.41086852656249995 0.29990455312500003 0.41278434218750004 0.45143173281250004
2 0.42453539687499997 0.54580235 0.4598393890625 0.5465773875 0.4622874890625 0.43505875937500005 0.4269840875 0.43428372968750006 0.42453539687499997 0.54580235
2 0.52848125 0.4447203125 0.491425 0.4447203125 0.491425 0.557490625 0.52848125 0.557490625 0.52848125 0.4447203125
2 0.5576273406250001 0.5389169765624999 0.5941208109375 0.53636538125 0.5876351546875 0.44361719062500005 0.5511421921874999 0.44616876875000006 0.5576273406250001 0.5389169765624999
2 0.5281057640625 0.5418162765625001 0.5563431249999999 0.5421340531250001 0.5574589859375 0.442967334375 0.5292220484375 0.44264955937500006 0.5281057640625 0.5418162765625001
2 0.492415625 0.454165625 0.4579578125 0.454165625 0.4579578125 0.5556625000000001 0.492415625 0.5556625000000001 0.492415625 0.454165625
4 0.45750621718750006 0.3017974078125 0.439418228125 0.301263675 0.43534375000000003 0.439340625 0.45343173906249995 0.4398743546875 0.45750621718750006 0.3017974078125
4 0.5031153500000001 0.4532590328125 0.52310489375 0.453024996875 0.521433578125 0.3102975890625 0.5014443671875 0.310531621875 0.5031153500000001 0.4532590328125
4 0.5674546921875 0.2880712265625 0.5453466828125 0.289065009375 0.5527171625 0.4530250015625 0.5748251718749999 0.45203122812499996 0.5674546921875 0.2880712265625
4 0.6531212875 0.41362387187499994 0.6729113078125 0.41050979375 0.658784375 0.3207375 0.6389945578125 0.3238515609375 0.6531212875 0.41362387187499994
2 0.6584085015625 0.5416153046875001 0.6136125765625 0.5563251421875 0.6333773078125 0.6165086640624999 0.6781731953125 0.6017989078125 0.6584085015625 0.5416153046875001
2 0.5908069921875 0.5525100859375 0.55227784375 0.5585735390625 0.5680555109375 0.658819171875 0.6065846484375 0.6527557765625 0.5908069921875 0.5525100859375
2 0.6236489453125 0.563605809375 0.5931507921875 0.566755175 0.5999181390625 0.632282503125 0.6304162890625 0.6291331546875 0.6236489453125 0.563605809375
4 0.659455865625 0.6033181703125 0.6395399640625 0.6060662578125 0.652055953125 0.696760646875 0.6719718515624999 0.694012584375 0.659455865625 0.6033181703125
4 0.6081041484374999 0.7133651578125 0.6319771000000001 0.7113368125 0.6237874999999999 0.6149640625 0.5999150140625 0.6169923890625 0.6081041484374999 0.7133651578125
7 0.5862098546875 0.6129516500000001 0.5796375 0.6138234375 0.5979434968749999 0.7518125343750001 0.6045158484375001 0.7509407593749999 0.5862098546875 0.6129516500000001
1 0.38253692968749997 0.5979466734375001 0.40190912812499996 0.6070928453125 0.42035709062500004 0.568022784375 0.40098501718749996 0.5588766453125 0.38253692968749997 0.5979466734375001
2 0.36800386406249996 0.5083482078125 0.31917280937500003 0.5022024828125 0.30911658750000004 0.5820975875000001 0.357947634375 0.5882432718749999 0.36800386406249996 0.5083482078125
4 0.3067817 0.6723744859375 0.33077447968749996 0.676150234375 0.3450195828125 0.5856404640624999 0.3210272171875 0.58186475 0.3067817 0.6723744859375
5 0.3546184625 0.51852428125 0.290541028125 0.48480219375000005 0.2562352 0.5499834703125 0.3203125 0.5837053578125 0.3546184625 0.51852428125
