6 0.2438171875 0.6791171874999999 0.251959375 0.6809890625 0.25874375 0.6747484375 0.26213593749999997 0.6703796875 0.266884375 0.6603953125 0.2634921875 0.6597703125 0.258065625 0.65665 0.25399375 0.6522828125 0.2516203125 0.6472890625 0.24890625000000002 0.646665625 0.2461921875 0.6391765625 0.24415625 0.629815625 0.23974687499999997 0.6223265625 0.23296250000000002 0.629815625 0.2302484375 0.646665625 0.23092656250000002 0.654778125 0.2394078125 0.6635156249999999 0.23805 0.6747484375 0.2438171875 0.6791171874999999
1 0.35067499999999996 0.5717765625 0.35135312500000004 0.5817609375 0.35440625 0.59361875 0.36017343749999997 0.591746875 0.3639046875 0.5861296874999999 0.36661875 0.5780171875 0.364921875 0.56865625 0.36017343749999997 0.5580468749999999 0.3547453125 0.5580468749999999 0.352709375 0.5624156250000001 0.35067499999999996 0.5717765625
1 0.4076640625 0.5823859375 0.402915625 0.5873781250000001 0.4018984375 0.5954906249999999 0.402915625 0.6036046875000001 0.40596875 0.61109375 0.40868281250000005 0.600484375 0.411396875 0.5886265625 0.4076640625 0.5823859375
1 0.4242875 0.60173125 0.42699999999999994 0.5973640625 0.42699999999999994 0.58925 0.42292968750000004 0.583634375 0.418859375 0.5861296874999999 0.41445 0.5923703125 0.41478906249999997 0.5986109374999999 0.416484375 0.6036046875000001 0.4185203125 0.608596875 0.4242875 0.60173125
1 0.6084875000000001 0.6204546875 0.61221875 0.6160859375000001 0.6118796875 0.604228125 0.6088265625 0.5973640625 0.60713125 0.5880015625 0.6013640625 0.583634375 0.5945796875 0.5798890625 0.5888125 0.5705281249999999 0.5840640625 0.56865625 0.5816890625 0.579265625 0.583384375 0.5948671875 0.590509375 0.6098453125 0.59865 0.6160859375000001 0.6033999999999999 0.617334375 0.6084875000000001 0.6204546875
7 0.5677796875000001 0.3714484375 0.568459375 0.3564703125 0.5769390624999999 0.3115359375 0.5694765625 0.33213125 0.566084375 0.350853125 0.5633703125 0.3620859375 0.5626921874999999 0.3783125 0.561334375 0.3964109375 0.559978125 0.414509375 0.566084375 0.414509375 0.566084375 0.3957875 0.5677796875000001 0.3714484375
7 0.5338578125 0.3333796875 0.5284296875 0.39953125 0.5338578125 0.40452343749999997 0.5338578125 0.3333796875
6 0.5315234375 0.7901906249999999 0.5363296875 0.770290625 0.5381328125 0.739334375 0.538734375 0.7150109375 0.530921875 0.7271734375000001 0.5207046875 0.7271734375000001 0.5171 0.7083781250000001 0.5146953125 0.7216453125 0.5056812500000001 0.738228125 0.49666718750000005 0.7415453125 0.49005625 0.7426515625000001 0.4828453125 0.76586875 0.48044062500000007 0.79571875 0.4894546875 0.81783125 0.5050796875 0.8222531249999999 0.5171 0.81783125 0.5315234375 0.7901906249999999
0 0.6236979171875 0.6458333328125 0.59375 0.62890625 0.4075520828125 0.6067708328125 0.3385416671875 0.6106770828125 0.23307291718749998 0.5833333328125 0.2265625 0.6080729171875 0.3151041671875 0.6315104171875 0.4049479171875 0.6184895828125 0.48046875 0.6341145828125 0.54296875 0.6770833328125 0.59375 0.6614583328125 0.6236979171875 0.6458333328125
0 0.5755208328125 0.4466145828125 0.5598958328125 0.4309895828125 0.51953125 0.4192708328125 0.4752604171875 0.4127604171875 0.4036458328125 0.4270833328125 0.4010416671875 0.4375 0.44140625 0.4322916671875 0.4908854171875 0.43359375 0.5559895828125 0.4557291671875 0.5755208328125 0.4466145828125
0 0.25194356406249996 0.45531778437500003 0.2876673140625 0.45531778437500003 0.3412529375 0.4374448953125 0.375190390625 0.453530521875 0.39126610624999997 0.466041490625 0.36447329375000004 0.40169911562499994 0.28409485624999997 0.426721221875 0.2108611984375 0.40706096875000003 0.25194356406249996 0.45531778437500003
0 0.7199246296874999 0.453530521875 0.7306417265625 0.42850845 0.680628559375 0.43387030312499997 0.65204945 0.4320830078125 0.623470478125 0.42850845 0.5897321015625 0.4468750015625 0.5877467281250001 0.46782882031249995 0.5877467281250001 0.46961608281249995 0.6484771296875 0.47497793593750004 0.6931318171874999 0.47319067343750004 0.7199246296874999 0.453530521875
0 0.6663390046875 0.7001763859375 0.7092075312499999 0.6840907578125 0.7342141828125001 0.6608560156250001 0.7217107890625 0.6179610531249999 0.705635075 0.637621271875 0.669911325 0.66621786875 0.6299106734375 0.6500000015625 0.6109672203125001 0.6411958640625001 0.6163257015625 0.6554941624999999 0.6377600328125 0.6966017953125 0.6431185125 0.7001763859375 0.6663390046875 0.7001763859375
5 0.2805225375 0.6197483828125 0.2928571015625 0.629910715625 0.2698054390625 0.6787289046875 0.28230869687500004 0.70911283125 0.34661141875 0.7180492765625 0.3412529375 0.637621271875 0.33053570468750004 0.6268974968750001 0.2805225375 0.6197483828125
5 0.6788422625 0.693027203125 0.6431185125 0.69838905625 0.6209821015625 0.6812500015625 0.6466909703125 0.7323475734375 0.7002765937500001 0.7448586109375 0.7538622171875 0.7251983906249999 0.7377865031249999 0.682303496875 0.7199246296874999 0.68766535 0.6788422625 0.693027203125
5 0.23035710156250003 0.379910715625 0.2573020453125 0.417784778125 0.25908820625 0.4106355609375 0.31624628593750004 0.396337228125 0.35732851718749997 0.396337228125 0.31981860625 0.3641661078125 0.23035710156250003 0.379910715625
5 0.6388392453125 0.411160715625 0.6431185125 0.426721221875 0.69134565625 0.43387030312499997 0.7127798515625 0.42493385781250004 0.7074213703125001 0.396337228125 0.671697621875 0.4159974125 0.6388392453125 0.411160715625
