6 0.245686140625 0.6854604078125 0.27159055 0.666996609375 0.23974687499999997 0.6223265625 0.2138426671875 0.640790259375 0.245686140625 0.6854604078125
1 0.35353135 0.5937773281250001 0.36896845625 0.5909792984375 0.3627361296875 0.5565985062500001 0.347299115625 0.559396528125 0.35353135 0.5937773281250001
1 0.3979096265625 0.6092493453125 0.40624027968750004 0.6111558921875 0.4125683515625 0.58350833125 0.4042377390625 0.581601790625 0.3979096265625 0.6092493453125
1 0.43236445 0.5902998828125 0.42139068281250003 0.5825470921875 0.40815769687500003 0.601275859375 0.41913144999999996 0.6090286328125 0.43236445 0.5902998828125
1 0.59537065625 0.563278359375 0.5733420125 0.573756103125 0.5979421640625 0.62547046875 0.619970775 0.6149927796875 0.59537065625 0.563278359375
7 0.5578676046875 0.4142869078125 0.5660172718750001 0.41514595312499997 0.5769390828125001 0.3115359390625 0.568789509375 0.3106769 0.5578676046875 0.4142869078125
7 0.5284296859375 0.40452343749999997 0.533857828125 0.40452343749999997 0.5338578125 0.3333796875 0.528429715625 0.3333796875 0.5284296859375 0.40452343749999997
6 0.471202696875 0.8140726703125001 0.5227494171875 0.8265199203125 0.5493986875 0.7161775453125 0.4978532828125 0.7037304609375 0.471202696875 0.8140726703125001
5 0.36374415312499997 0.5502752203125 0.30430565625 0.5423598640625 0.292124015625 0.63382578125 0.3515625 0.6417410718750001 0.36374415312499997 0.5502752203125
5 0.7234867296874999 0.5544512578125 0.6052915171875 0.58388848125 0.6270716796875 0.6713294640624999 0.7452667984375 0.6418924875 0.7234867296874999 0.5544512578125
5 0.2366572875 0.4191009453125 0.23325892812500001 0.47879464218749995 0.37423432343749996 0.4868187671875 0.37763207187500003 0.427125640625 0.2366572875 0.4191009453125
5 0.7204636671875 0.500115103125 0.7040750250000001 0.4242991140625 0.6124358234375 0.44410687031249996 0.6288238765624999 0.5199223453124999 0.7204636671875 0.500115103125
