1 0.7432328125 0.5374218749999999 0.749125 0.5374218749999999 0.753465625 0.53301875 0.751915625 0.519184375 0.7565671875 0.5116375 0.7565671875 0.5078640625 0.751915625 0.4934 0.7488140624999999 0.492771875 0.741371875 0.4996890625 0.7367203124999999 0.517296875 0.73703125 0.5386796875 0.7395109375 0.5386796875 0.7432328125 0.5374218749999999
1 0.70385 0.631753125 0.7019890625 0.6374125 0.6973374999999999 0.6411859375 0.692996875 0.6493609375 0.702609375 0.6669703124999999 0.7047796875000001 0.6594234375 0.70385 0.631753125
1 0.6247734375 0.649990625 0.6219828125 0.6430734375 0.618571875 0.6393 0.6139203125 0.64244375 0.617021875 0.6531343749999999 0.6204328125 0.6587953125 0.6232234375 0.6575375 0.6247734375 0.649990625
5 0.780617153125 0.645619778125 0.7587458796875 0.60189473125 0.7210937140625 0.6312500015625 0.73687460625 0.6846599046875 0.780617153125 0.645619778125
7 0.3130517546875 0.4693925359375 0.3013870125 0.381109809375 0.2963878546875 0.39443549375 0.2814583140625 0.5429166671875 0.3222168875 0.5826609421875 0.3280492265625 0.5176981781250001 0.3338816296875 0.381942653125 0.320550521875 0.381942653125 0.3130517546875 0.4693925359375
5 0.265559603125 0.49104677968750005 0.2797239546875 0.46272969374999995 0.2439583140625 0.425208334375 0.23389823125000003 0.470225378125 0.265559603125 0.49104677968750005
7 0.37304176875 0.41025977031250005 0.3616666484375 0.5450000015625001 0.3697089765625 0.58099525625 0.38803930468750003 0.5959866578125 0.4030367765625 0.5676695406250001 0.38803930468750003 0.41775545625 0.37304176875 0.41025977031250005
7 0.4047032046875 0.707589378125 0.41803431093750004 0.6409608953125 0.39708331406249997 0.6200000015625 0.3922052796875 0.658450859375 0.38553969375 0.721747903125 0.3822069015625 0.798370696875 0.38970566875 0.8100306296875001 0.3963712546875 0.798370696875 0.4047032046875 0.707589378125
7 0.3564583140625 0.6137500015625 0.34387994375000003 0.7234136546875 0.3405471515625 0.7833792625 0.3505455296875 0.8008692265624999 0.3763745625 0.6626151390625 0.3888724859375 0.6259694625 0.3564583140625 0.6137500015625
7 0.6888227484375 0.6784394171875 0.7154849624999999 0.746733584375 0.731315615625 0.7475664281250001 0.7002083140625001 0.6022916671874999 0.6471629984375 0.6168080578125 0.6954882062500001 0.7858778562500001 0.7054866484375 0.78421210625 0.6813239171875 0.6967622234374999 0.6888227484375 0.6784394171875
7 0.6238335140625 0.6317994921875 0.61687498125 0.6429166671875 0.6538284562500001 0.7908749796875 0.6629936515625 0.7908749796875 0.65799443125 0.725912184375 0.64966248125 0.622638025 0.629665853125 0.611810934375 0.6238335140625 0.6317994921875
