1 0.7336888078125 0.5381948734375 0.7523227375 0.5408976875 0.7590876421874999 0.4942620421875 0.74045385 0.4915592390625 0.7336888078125 0.5381948734375
1 0.6935986749999999 0.667273021875 0.7050305531250001 0.666888975 0.70385 0.631753125 0.6924182015625 0.632137171875 0.6935986749999999 0.667273021875
1 0.6194634406249999 0.6591863390625 0.6272208859374999 0.6560571265624999 0.620196146875 0.638644796875 0.612438728125 0.6417740046875 0.6194634406249999 0.6591863390625
5 0.7737926265625 0.6410198312500001 0.7442368609375001 0.5829213390625 0.6806810078125001 0.61524963125 0.7102363109375001 0.6733477296875 0.7737926265625 0.6410198312500001
5 0.25292980468750004 0.41978902187499995 0.21666364531250001 0.4416959078125 0.2700891359375 0.53013401875 0.3063551703125 0.5082272984375 0.25292980468750004 0.41978902187499995
7 0.69018785625 0.7618607921875 0.6957239765625001 0.7606907281249999 0.6743421046875 0.6595394734375 0.6688061046875 0.660709525 0.69018785625 0.7618607921875
7 0.692906609375 0.6452122765625 0.6872798109375 0.64745055625 0.7253854843750001 0.7432304484375 0.73101226875 0.7409921921875 0.692906609375 0.6452122765625
7 0.3749821203125 0.8076598109375001 0.3865131578125 0.8092105265624999 0.40562222343750004 0.6671399484375 0.3940915484375 0.6655892578125 0.3749821203125 0.8076598109375001
7 0.338980665625 0.7893052734375 0.345147515625 0.7903979624999999 0.3651316296875 0.6776315890625 0.3589649296875 0.6765389125 0.338980665625 0.7893052734375
7 0.272731834375 0.74423850625 0.28038514531250003 0.7475034578125 0.3207238109375 0.6529605796875 0.3130706453125 0.6496956640625 0.272731834375 0.74423850625
7 0.3382441484375 0.6565399171874999 0.32566959375 0.65421166875 0.304276315625 0.7697368421874999 0.3168508609375 0.7720650609375 0.3382441484375 0.6565399171874999
7 0.2992517734375 0.49540344375 0.3034540125 0.49506578437500004 0.29605263125 0.40296052656250003 0.29185044531250004 0.403298184375 0.2992517734375 0.49540344375
7 0.31162597812500004 0.3924327265625 0.305921046875 0.3922697375 0.303009890625 0.49416025 0.30871482031249997 0.4943232375 0.31162597812500004 0.3924327265625
7 0.3312054640625 0.3871669625 0.32401308906250004 0.3865131515625 0.3141447375 0.4950657890625 0.3213371125 0.4957195953125 0.3312054640625 0.3871669625
7 0.377838928125 0.4292674640625 0.3746100265625 0.4293443359375 0.3767444453125 0.5189904140625 0.379973346875 0.5189135421875 0.377838928125 0.4292674640625
7 0.38760028750000003 0.43070940625 0.3807565796875 0.43092105312499995 0.3832236703125 0.5106907890625 0.3900673796875 0.5104791453125 0.38760028750000003 0.43070940625
7 0.6613621421875 0.7937324796875 0.6685074156249999 0.792103121875 0.648026315625 0.70230263125 0.6408811859375 0.703931971875 0.6613621421875 0.7937324796875
