7 0.441690625 0.382934375 0.44134375 0.364615625 0.43891875 0.3455640625 0.43718593749999995 0.34995937499999996 0.43857187499999994 0.385865625 0.43891875 0.43349374999999996 0.44134375 0.4635375 0.446540625 0.4613390625 0.4434234375 0.41737343750000006 0.441690625 0.382934375
1 0.5179171874999999 0.5009078125 0.5186109375 0.492115625 0.517225 0.4767265625 0.5147999999999999 0.459140625 0.5127203125 0.4613390625 0.5102953125 0.467934375 0.5096015625 0.478925 0.511334375 0.4928484375 0.51410625 0.50310625 0.5179171874999999 0.5009078125
1 0.52034375 0.46427031249999995 0.51653125 0.4672015625 0.517571875 0.4884515625 0.519303125 0.5067703125 0.52034375 0.5192265625 0.5234609375 0.51849375 0.5245015625 0.5148312500000001 0.5262328125 0.5038390625 0.525540625 0.4884515625 0.52276875 0.47233125 0.52034375 0.46427031249999995
7 0.530390625 0.4232359375 0.5283125 0.382934375 0.5234609375 0.3367703125 0.5248468749999999 0.38220156250000004 0.525540625 0.42983125 0.52519375 0.459140625 0.5328171875 0.4613390625 0.5317765624999999 0.4540125 0.530390625 0.4232359375
1 0.5456375 0.50310625 0.5480625 0.5009078125 0.5504875 0.495046875 0.5515265625 0.48478750000000004 0.5497953125 0.47159843749999997 0.5463296875 0.4613390625 0.5435578125 0.4694 0.5432109374999999 0.48698593749999997 0.5456375 0.50310625
2 0.5903343750000001 0.5009078125 0.5969171875 0.49724375 0.603846875 0.478925 0.6024609375 0.4672015625 0.59795625 0.4474171875 0.5924125 0.43422656249999997 0.5827109375 0.4276328125 0.578553125 0.4290984375 0.5712765625 0.4371578125 0.5685046875 0.45108125 0.56711875 0.4613390625 0.5681578125 0.478925 0.57578125 0.492115625 0.581671875 0.5023734375 0.5903343750000001 0.5009078125
2 0.62325 0.4093140625 0.6163203125 0.41224531249999996 0.6104296875 0.42396874999999995 0.5993421875 0.43276250000000005 0.5969171875 0.44814999999999994 0.5989953125 0.47233125 0.60904375 0.4855203125 0.617359375 0.4899171875 0.6253296875000001 0.48698593749999997 0.6301796875 0.4767265625 0.6270609375 0.4444859375 0.62879375 0.42543437500000003 0.62325 0.4093140625
2 0.63121875 0.47526250000000003 0.6360703125 0.4840546875 0.6419609375 0.4884515625 0.6468109375 0.4840546875 0.6516625 0.4745296875 0.6578984375 0.47819218750000003 0.6627500000000001 0.478925 0.6665609375 0.4694 0.6672546875 0.456209375 0.664828125 0.43495937500000004 0.6606703125 0.41004687500000003 0.6533953125 0.392459375 0.646465625 0.38439999999999996 0.63988125 0.38879687500000004 0.6367625 0.4019859375 0.6319125 0.4159078125 0.6270609375 0.43349374999999996 0.6274078125 0.4635375 0.63121875 0.47526250000000003
2 0.6863109374999999 0.45034843750000003 0.6925484375 0.44668437499999997 0.704328125 0.43422656249999997 0.7084859375 0.41737343750000006 0.705021875 0.3961234375 0.6998234375 0.39172656250000004 0.6915078125 0.3880640625 0.6741843750000001 0.3946578125 0.6669078125000001 0.40271875 0.665175 0.4159078125 0.664828125 0.42983125 0.665175 0.44814999999999994 0.6672546875 0.456209375 0.6714125 0.459140625 0.6779953125 0.4569421875 0.6863109374999999 0.45034843750000003
8 0.6776484375 0.5895718750000001 0.6773015625000001 0.5785812499999999 0.6738375 0.56099375 0.6717578125 0.5485375 0.66829375 0.55146875 0.6617109375 0.565390625 0.6606703125 0.5749171875 0.66205625 0.583709375 0.6644828125 0.5961671875000001 0.67071875 0.6027609375 0.67314375 0.5990984375 0.6776484375 0.5895718750000001
8 0.6551265625 0.6122875 0.6669078125000001 0.619615625 0.6714125 0.6174171875 0.6724515625 0.604959375 0.6689859375 0.5895718750000001 0.6613640625 0.5815109374999999 0.6409203125 0.583709375 0.6360703125 0.5822437500000001 0.6326046875 0.5888390625000001 0.634684375 0.5932359375 0.63745625 0.59983125 0.643 0.6027609375 0.6551265625 0.6122875
7 0.4112234375 0.366384375 0.416296875 0.3634578125 0.4158359375 0.3205453125 0.41030156250000005 0.28738437499999997 0.40614999999999996 0.27568125 0.4089171875 0.3049390625 0.411684375 0.325421875 0.4112234375 0.366384375
7 0.38828125 0.38203125 0.38203125 0.35078125 0.37890625 0.37109375 0.38125 0.396875 0.38828125 0.38203125
5 0.3500261953125 0.6089496828125001 0.360814675 0.6089496828125001 0.3662089140625 0.6053535234375 0.3722025125 0.5951644046875 0.348827475 0.586773365625 0.32005819999999996 0.582577846875 0.31406459999999997 0.590968884375 0.3260517984375 0.60355544375 0.341035796875 0.6071516031249999 0.3500261953125 0.6089496828125001
0 0.521443134375 0.5855746453124999 0.42015130625 0.593965684375 0.3668082734375 0.6059528828125 0.3722025125 0.65869655625 0.43034042499999997 0.6437125578125 0.48428281875 0.6413151187499999 0.5496130499999999 0.6275298406250001 0.599959284375 0.6215362421874999 0.5987605640625 0.570590646875 0.521443134375 0.5855746453124999
5 0.31466396093750004 0.474693059375 0.3296479578125 0.47409369999999995 0.3332441171875 0.473494340625 0.34463195625 0.46750074062499997 0.348827475 0.46030842187500004 0.34463195625 0.45071866250000003 0.3296479578125 0.45071866250000003 0.3116671609375 0.45071866250000003 0.306272921875 0.456112903125 0.306272921875 0.4597090625 0.3092697203125 0.4686994609375 0.31466396093750004 0.474693059375
