1 0.5117980328125 0.5033141125 0.5195565671875 0.5026154296875001 0.5156344374999999 0.45906548125 0.507875953125 0.45976416093749994 0.5117980328125 0.5033141125
1 0.523338365625 0.4640006109375 0.5154337359375 0.46471251875 0.52034374375 0.5192265625 0.5282483734375 0.5185146578125 0.523338365625 0.4640006109375
7 0.525344725 0.46176836562499995 0.5328172343750001 0.461339059375 0.52565293125 0.33664437812500003 0.5181805390625 0.33707368125000003 0.525344725 0.46176836562499995
1 0.5519868703124999 0.461450640625 0.5437178265625 0.46128754843750003 0.5428940375 0.503052140625 0.5511630828125 0.50321523125 0.5519868703124999 0.461450640625
2 0.5710778671875001 0.50362576875 0.6062751937499999 0.49946504843749995 0.5975753296875 0.4258756640625 0.5623783671875 0.4300363640625 0.5710778671875001 0.50362576875
2 0.59805975 0.49043864062500003 0.63052663125 0.48956142500000005 0.6283544125 0.409176146875 0.595887890625 0.41005335781249996 0.59805975 0.49043864062500003
2 0.6664229453125 0.38416959375 0.6264967828125 0.384630540625 0.6276973625 0.48861623437499996 0.667623525 0.48815529062499996 0.6664229453125 0.38416959375
2 0.7092051374999999 0.3885049328125 0.665884571875 0.38742574375 0.664102475 0.4589585203125 0.7074230406249999 0.4600377046875 0.7092051374999999 0.3885049328125
7 0.390981640625 0.7102719921875 0.38833125 0.7104765625 0.3911031140625 0.7463828140625 0.3937535046875 0.74617824375 0.390981640625 0.7102719921875
7 0.413304121875 0.27528110156249996 0.40614999999999996 0.27568125 0.41122341562500003 0.3663843765625 0.41837753749999995 0.3659842296875 0.413304121875 0.27528110156249996
5 0.2966220984375 0.66155083125 0.38071475781249997 0.6602161765625 0.3792561578125 0.56836719375 0.2951649390625 0.5697018359375 0.2966220984375 0.66155083125
5 0.27738136406249997 0.37591256562500003 0.2291148609375 0.4466973625 0.3482138953125 0.527902359375 0.3964796109375 0.45711825937499995 0.27738136406249997 0.37591256562500003
5 0.610044421875 0.6426332359375 0.65692045 0.6270094578125 0.6272321421875 0.5379464281249999 0.580356846875 0.553570075 0.610044421875 0.6426332359375
8 0.6749857140625 0.546639146875 0.6576016421875 0.5476926203125 0.6608066890625001 0.6005760484375 0.6781907609375 0.5995225796875 0.6749857140625 0.546639146875
8 0.6633671921875 0.6233307781249999 0.6810340484374999 0.607704040625 0.6469159609374999 0.5691360203125 0.6292492000000001 0.5847626859374999 0.6633671921875 0.6233307781249999
