1 0.2590412125 0.552473540625 0.2911718984375 0.5766546328125 0.32184746249999996 0.53589798125 0.2897169609375 0.5117169921875 0.2590412125 0.552473540625
1 0.32853235625 0.545419171875 0.3210683875 0.54465769375 0.318425 0.570565625 0.32588896875 0.5713271015625 0.32853235625 0.545419171875
1 0.36805811875 0.5571670578125001 0.3586515515625 0.5554624984375 0.35372499999999996 0.582646875 0.3631315671875 0.58435143125 0.36805811875 0.5571670578125001
1 0.610406078125 0.5970506390625 0.628012740625 0.5933688312500001 0.6174693703125 0.542955196875 0.5998628625 0.5466369890625 0.610406078125 0.5970506390625
1 0.6249675375 0.583945746875 0.6365375156249999 0.5849125015625 0.63977618125 0.5461560249999999 0.6282062796875 0.5451892734375 0.6249675375 0.583945746875
1 0.6561218906249999 0.5381876015625 0.639178915625 0.5391077546874999 0.642082346875 0.592564134375 0.659025321875 0.591643984375 0.6561218906249999 0.5381876015625
1 0.675376346875 0.653117134375 0.686736803125 0.6517922 0.6833490906249999 0.6227486828125001 0.6719886984375 0.6240736140625 0.675376346875 0.653117134375
1 0.653977828125 0.6760458890625001 0.672981525 0.676340290625 0.6738589859374999 0.6197020281250001 0.6548555 0.619407628125 0.653977828125 0.6760458890625001
1 0.6257147640625 0.6421974140625 0.6159823624999999 0.6445862109375 0.6228529093749999 0.6725744312499999 0.6325853078125 0.670185640625 0.6257147640625 0.6421974140625
1 0.6159282390625 0.6468370734375 0.6089607703125 0.6475258625 0.6114516609375 0.672719259375 0.6184191296875 0.672030471875 0.6159282390625 0.6468370734375
1 0.3527231078125 0.64703099375 0.3463452953125 0.6476094203125 0.34765290625 0.6620254703125 0.35403071875 0.6614470453125 0.3527231078125 0.64703099375
1 0.342546875 0.63739375 0.336390625 0.63739375 0.336390625 0.6638234375 0.342546875 0.6638234375 0.342546875 0.63739375
1 0.33556875 0.6358828125 0.328590625 0.6358828125 0.328590625 0.6570265625 0.33556875 0.6570265625 0.33556875 0.6358828125
1 0.2890681609375 0.61889306875 0.277445065625 0.6198904421875 0.28024558437499997 0.652522909375 0.29186867968749997 0.6515255390625 0.2890681609375 0.61889306875
1 0.2591817359375 0.6428343703125 0.27132319531250004 0.620399084375 0.23993125 0.6034125 0.2277897828125 0.625847709375 0.2591817359375 0.6428343703125
1 0.2820326390625 0.6108552640625 0.273240346875 0.6084664671875 0.26386429843750003 0.6429722171875001 0.2726565875 0.6453610078125 0.2820326390625 0.6108552640625
