2 0.2570000171875 0.4351611859375 0.20650911718749998 0.43895041093750004 0.21215609687499998 0.514190659375 0.2626469953125 0.5104014546875 0.2570000171875 0.4351611859375
2 0.2571904375 0.5274870218750001 0.3137547984375 0.528715684375 0.3155410796875 0.44646949375 0.2589774046875 0.4452408375 0.2571904375 0.5274870218750001
2 0.3455411109375 0.46523829531249994 0.3113694296875 0.4659010671875 0.31272801875 0.535942940625 0.3468997 0.535280171875 0.3455411109375 0.46523829531249994
2 0.3923949203125 0.45933256718750004 0.34987586875 0.4529476625 0.33622478125 0.5438478453125 0.378743821875 0.55023270625 0.3923949203125 0.45933256718750004
7 0.36685557812499997 0.47804822187499996 0.3739515640625 0.4787265625 0.38365463593750004 0.377230459375 0.3765587453125 0.3765521234375 0.36685557812499997 0.47804822187499996
7 0.62890016875 0.3616033609375 0.6221466062500001 0.3615544390625 0.621378125 0.46763750000000004 0.6281316875 0.46768642031249996 0.62890016875 0.3616033609375
1 0.6961730921875 0.51136035 0.7028877203125 0.51087285625 0.7003018187500001 0.475258215625 0.693587228125 0.47574570937500005 0.6961730921875 0.51136035
1 0.70085468125 0.5001515624999999 0.7062656328125 0.5001515624999999 0.7062656234375 0.4764828125 0.7008546890625 0.4764828125 0.70085468125 0.5001515624999999
7 0.661222875 0.6369140265625 0.6488171875 0.63838125 0.660999309375 0.7413693109375 0.67340499375 0.739902103125 0.661222875 0.6369140265625
7 0.6178222015625 0.643202671875 0.6089796875 0.6448375000000001 0.6330534671875 0.7750294859375 0.641895975 0.7733946796875 0.6178222015625 0.643202671875
1 0.374052678125 0.6067876140624999 0.3568451546875 0.604625203125 0.3483993390625 0.6718251578125 0.36560685937500004 0.6739875546875 0.374052678125 0.6067876140624999
1 0.3839794515625 0.6160746328125 0.3725292328125 0.6162552234375 0.373323434375 0.6666046875 0.384773653125 0.6664240968749999 0.3839794515625 0.6160746328125
1 0.41913309375 0.6006469578125 0.41028735312500003 0.5986653671875 0.40238281249999996 0.633946875 0.41122854999999997 0.635928459375 0.41913309375 0.6006469578125
8 0.28149229062500003 0.5841357578124999 0.25814805 0.5778696796875 0.22037040000000002 0.7185928796875001 0.24371460625000002 0.724858865625 0.28149229062500003 0.5841357578124999
8 0.1970312765625 0.713598746875 0.22412018906250003 0.7202774062499999 0.261059078125 0.5704703875 0.233970934375 0.5637918281250001 0.1970312765625 0.713598746875
