2 0.2162171875 0.5120640625 0.2216109375 0.5074890625 0.2274203125 0.504440625 0.23364218750000001 0.505965625 0.24069687499999998 0.5074890625 0.25065312500000003 0.5113015625 0.2585359375 0.5074890625 0.26185625 0.499865625 0.259365625 0.48385625 0.2552171875 0.4670828125 0.25148281250000004 0.45488437499999995 0.245259375 0.4442109375 0.2361328125 0.4381125 0.22783437499999998 0.43735 0.2216109375 0.4495484375 0.2149734375 0.4617453125 0.20999374999999998 0.48537968749999993 0.211653125 0.5074890625 0.2162171875 0.5120640625
2 0.26434531250000004 0.4480234375 0.2601953125 0.45945937499999995 0.2585359375 0.47623125 0.258121875 0.48461718749999994 0.258121875 0.49147968750000004 0.258121875 0.497578125 0.26558906250000003 0.5128265625 0.2709828125 0.5181640625 0.27720625 0.5219750000000001 0.284259375 0.5280750000000001 0.2958765625 0.5242625000000001 0.300440625 0.5242625000000001 0.3087375 0.5204500000000001 0.311228125 0.5105390625 0.314546875 0.49224218750000004 0.3149609375 0.47318125 0.30956875 0.45869687499999995 0.300025 0.45335937499999995 0.2913125 0.4487859375 0.2817703125 0.4457359375 0.272228125 0.4457359375 0.26434531250000004 0.4480234375
2 0.32035468749999996 0.5303609375 0.325334375 0.5356984375 0.33363125 0.5334109375 0.339025 0.5296000000000001 0.3452484375 0.5242625000000001 0.34649375 0.5143515625 0.346078125 0.504440625 0.3452484375 0.48995468750000004 0.34234375 0.47851875 0.339025 0.47546875 0.3290671875 0.4655578125 0.32491875000000003 0.4663203125 0.3186953125 0.4724203125 0.31413125000000003 0.48385625 0.31205781250000003 0.501390625 0.312471875 0.5227375000000001 0.3170359375 0.5250250000000001 0.32035468749999996 0.5303609375
2 0.3502265625 0.544084375 0.3581109375 0.547134375 0.36474843749999997 0.545609375 0.3734609375 0.5349359375 0.38134375 0.5303609375 0.38424843750000004 0.5105390625 0.3875671875 0.49147968750000004 0.385078125 0.48385625 0.376365625 0.48004375 0.3713875 0.47546875 0.3651640625 0.46098437499999995 0.35769531250000003 0.45412187499999995 0.34981249999999997 0.46098437499999995 0.34649375 0.47546875 0.3431734375 0.497578125 0.346078125 0.5250250000000001 0.34649375 0.5341734375 0.3502265625 0.544084375
1 0.7016281249999999 0.493525 0.7011125 0.48642343749999994 0.6998249999999999 0.48074218750000003 0.6982796875 0.477903125 0.6964765625 0.4755359375 0.6941578125000001 0.4835828125 0.6946718749999999 0.490684375 0.695703125 0.497784375 0.696990625 0.501571875 0.6990515625 0.5082 0.7005984375 0.5110390625 0.7016281249999999 0.50251875 0.7016281249999999 0.493525
1 0.7008546875 0.4821625 0.7018859375 0.4921046875 0.7031734375 0.5001515624999999 0.7044625 0.49589062500000003 0.7052343750000001 0.492578125 0.706265625 0.4902109375 0.706265625 0.48595 0.706265625 0.4816890625 0.7024015625 0.4764828125 0.7008546875 0.4821625
1 0.3530625 0.6511390625 0.35430937500000004 0.6643125000000001 0.3524390625 0.6723328125 0.35929687499999996 0.6671765625 0.3649078125 0.6591578124999999 0.3686484375 0.6471296875 0.37020624999999996 0.6373921874999999 0.3708296875 0.6282265625 0.3711421875 0.619634375 0.371765625 0.6121890624999999 0.371453125 0.6064609375 0.366778125 0.61390625 0.361790625 0.6184890625 0.353375 0.6322359375 0.3524390625 0.6396828125 0.3530625 0.6511390625
1 0.3808046875 0.65629375 0.3823640625 0.6511390625 0.384234375 0.6414015625 0.384234375 0.6322359375 0.381740625 0.6219265625 0.37612968750000003 0.6161984375 0.3730125 0.6167703125 0.3727 0.62708125 0.3730125 0.640828125 0.3736359375 0.6534296875 0.37332343749999997 0.6666046875 0.37550625000000004 0.6625953124999999 0.3808046875 0.65629375
1 0.406634375 0.6149703125 0.40238281249999996 0.633946875 0.409671875 0.62948125 0.4139234375 0.6239 0.4139234375 0.6149703125 0.41331562499999996 0.59934375 0.406634375 0.6149703125
8 0.2585395890625 0.6056364171874999 0.2514074625 0.5955325703125001 0.2436809921875 0.5860230671875 0.23417148906250002 0.5818626609375 0.2329828015625 0.5919665078125 0.2246619875 0.630004515625 0.21218076562500002 0.685872840625 0.22287895624999998 0.7274769125 0.22822805000000002 0.7304486328124999 0.2436809921875 0.70013709375 0.2733981859375 0.6377309859375 0.27042646718749996 0.6234667328125 0.2585395890625 0.6056364171874999
0 0.30901592187500004 0.4572661578125 0.3840034390625 0.467689046875 0.4558665234375 0.489577096875 0.507941209375 0.49895771250000004 0.5360615890625 0.494788540625 0.59750965625 0.49061936875 0.644376953125 0.48019648125 0.6818706328124999 0.4666467328125 0.7183229140625 0.46456214687499997 0.7318623640624999 0.45622384374999997 0.730820965625 0.43225120781250004 0.706866578125 0.43537806718749994 0.675621765625 0.45101240000000004 0.6266715921875 0.4614352890625 0.56938935625 0.4708159046875 0.5308541203125 0.48228106718749997 0.47253040625000003 0.4708159046875 0.4194142421875 0.4572661578125 0.344426725 0.44892781406250004 0.31109887812500003 0.45101240000000004 0.260065746875 0.4218283203125 0.251733765625 0.40202481562500003 0.20078122656250003 0.41822916718750003 0.20070055625 0.437462653125 0.212156971875 0.4437163703125 0.253816721875 0.45309698593750003 0.303808453125 0.4572661578125 0.30901592187500004 0.4572661578125
0 0.48606985781249995 0.6490472859375 0.4204557203125 0.6511319515625 0.355883140625 0.6480050125 0.303808453125 0.634455265625 0.244443340625 0.60735573125 0.2027835921875 0.5938060625 0.1882026625 0.586509953125 0.24340178437499999 0.6282015078125001 0.249650809375 0.6386243968749999 0.296518028125 0.6594701749999999 0.32151381562500003 0.6636393468749999 0.35484166250000004 0.6678085171875 0.3944183765625 0.6730199625 0.4433686296875 0.6709353359375 0.5058582546875 0.67614678125 0.565223365625 0.6771891328125 0.60792459375 0.674062234375 0.6506258203125 0.660512446875 0.7006175515625 0.6438358421875 0.748526328125 0.6219477906249999 0.7684895593750001 0.5848958343749999 0.751650840625 0.6021442875 0.6881196593750001 0.633412953125 0.620422565625 0.6511319515625 0.55897441875 0.6511319515625 0.48606985781249995 0.6490472859375
