2 0.43276562968750004 0.4939466421875 0.393472609375 0.49303639375 0.3913564234375 0.5843787359375 0.43064944374999997 0.585288978125 0.43276562968750004 0.4939466421875
2 0.4255724890625 0.5866024703125 0.45455780937499995 0.5852029671875 0.45040674843749995 0.49924226562499996 0.421421840625 0.5006417578125 0.4255724890625 0.5866024703125
2 0.45397961875000004 0.5948326703125 0.4874281671875 0.5940618078125001 0.48517661093750003 0.4963851015625 0.4517286140625 0.49715595625000003 0.45397961875000004 0.5948326703125
7 0.45898401250000004 0.3939475625 0.4442702359375 0.3925765546875 0.43387909999999996 0.504088628125 0.448592875 0.5054596250000001 0.45898401250000004 0.3939475625
7 0.4818136453125 0.38254622656250004 0.4731910765625 0.38214700156250003 0.4678005578125 0.49856652968750004 0.47642312656249997 0.4989657515625 0.4818136453125 0.38254622656250004
2 0.4891560703125 0.5953468749999999 0.5206393078125 0.5953468749999999 0.5206390390625 0.494534375 0.48915633124999996 0.494534375 0.4891560703125 0.5953468749999999
2 0.5261548015625 0.5898077203125001 0.5477291156249999 0.5894372999999999 0.54610546875 0.4948900125 0.52453149375 0.49526043125 0.5261548015625 0.5898077203125001
2 0.5789496359374999 0.4966497453125 0.5487196921875 0.495865759375 0.54631353125 0.5886375515625 0.576543475 0.58942153125 0.5789496359374999 0.4966497453125
7 0.578316053125 0.3810962015625 0.572695225 0.38054686718749997 0.5611625 0.49854374999999995 0.5667833265625 0.49909308125 0.578316053125 0.3810962015625
1 0.6153923031249999 0.5155772296875 0.603554671875 0.50140779375 0.579758721875 0.52128614375 0.5915963140625 0.53545554375 0.6153923031249999 0.5155772296875
1 0.580176553125 0.5266109375 0.5864109453124999 0.5266109375 0.5864109328125 0.4951078125 0.5801765718749999 0.4951078125 0.580176553125 0.5266109375
2 0.5265816328125 0.719945390625 0.5587479203125 0.7162068734375 0.5476651109375 0.6208666546875 0.515499453125 0.6246051328125 0.5265816328125 0.719945390625
1 0.5564470953125 0.7007205109375 0.54771099375 0.7028327390625 0.5494640109375 0.7100820578125 0.5582001109375 0.7079698328124999 0.5564470953125 0.7007205109375
7 0.517690271875 0.673651703125 0.5134703125 0.6738203125 0.5175218312500001 0.7752062515625 0.5217417890625 0.77503764375 0.517690271875 0.673651703125
7 0.49756723281250004 0.6657915140624999 0.49476718750000004 0.6658015625 0.495079684375 0.7528671874999999 0.49787972968750005 0.7528571390625001 0.49756723281250004 0.6657915140624999
7 0.46946045156249994 0.6759722406249999 0.46640156250000003 0.6761109375000001 0.4707655796875 0.7723421890625 0.4738244671875 0.77220349375 0.46946045156249994 0.6759722406249999
7 0.4462951421875 0.7824953921875 0.45050468749999995 0.7826515625 0.45424532500000003 0.6818390625 0.45003587187500005 0.6816828953125 0.4462951421875 0.7824953921875
1 0.45443726093750003 0.6861813328124999 0.45867024062499995 0.6858179484375 0.45705 0.666946875 0.4528170375 0.6673102578125001 0.45443726093750003 0.6861813328124999
1 0.523321190625 0.6726931578124999 0.51746800625 0.67248030625 0.51688260625 0.688575896875 0.522735790625 0.688788746875 0.523321190625 0.6726931578124999
6 0.5160508328125 0.8099230531250001 0.5264537515625001 0.8087228812499999 0.5234453125 0.7826515625 0.513042459375 0.78385173125 0.5160508328125 0.8099230531250001
2 0.40591113593749995 0.719808365625 0.4392211625 0.7192918203125 0.4376863328125 0.620352396875 0.40437698125 0.6208689359374999 0.40591113593749995 0.719808365625
7 0.42507659531249997 0.7166509421875 0.41274320312499996 0.71780948125 0.42120306406249997 0.8078546937500001 0.43353645468749996 0.8066961656249999 0.42507659531249997 0.7166509421875
6 0.5981102640625 0.402351915625 0.572689846875 0.411839078125 0.5882645203125 0.45356841562500005 0.6136849234375 0.44408128125 0.5981102640625 0.402351915625
5 0.752227496875 0.732796365625 0.7234475375 0.59432313125 0.5387485 0.6327046828125 0.5675253734375 0.771175253125 0.752227496875 0.732796365625
5 0.3922144828125 0.7872213328125001 0.4303876625 0.6390251953125 0.2420887515625 0.5905289875 0.2039136234375 0.7387220453125 0.3922144828125 0.7872213328125001
5 0.2640988828125 0.4216512703125 0.229393509375 0.53654670625 0.4040173328125 0.5892874531250001 0.438720828125 0.4743936125 0.2640988828125 0.4216512703125
5 0.595524928125 0.5592160328125 0.6374682125 0.5624013578125 0.6450892859375 0.462053571875 0.6031466515624999 0.458868271875 0.595524928125 0.5592160328125
