2 0.4315921875 0.544596875 0.42932812499999995 0.517565625 0.42291718749999996 0.5009328125 0.41461875 0.501625 0.40518906250000003 0.4933078125 0.394628125 0.498159375 0.39274375 0.524496875 0.3919890625 0.557071875 0.39500625 0.5695484375000001 0.3995328125 0.5820234375 0.40933906249999996 0.5847953125 0.423671875 0.5744 0.43008281249999997 0.5626171875 0.4315921875 0.544596875
2 0.432425 0.5827453125 0.44614062499999996 0.585609375 0.4542453125 0.5787359375000001 0.450815625 0.507709375 0.44115312500000003 0.4996890625 0.43086562500000003 0.5037 0.4280609375 0.5145828125 0.426190625 0.5460859375 0.42494375 0.5735812499999999 0.432425 0.5827453125
2 0.4589203125 0.58961875 0.46640156250000003 0.5936281250000001 0.48136406249999997 0.5942015625 0.4872859375 0.5879 0.48572812499999996 0.5203109375 0.47793437499999997 0.5071359375 0.46608906250000004 0.496825 0.4564265625 0.5151546875 0.45362187499999995 0.579309375 0.4589203125 0.58961875
2 0.48915625 0.5260390625 0.4900921875 0.585609375 0.493209375 0.5901921875 0.5047421875 0.5953468749999999 0.515028125 0.5901921875 0.5206390625 0.583890625 0.5206390625 0.5031265625 0.512534375 0.494534375 0.5044296875 0.4951078125 0.4963265625 0.507709375 0.48915625 0.5260390625
2 0.5371609375 0.58961875 0.5418359374999999 0.5867546875 0.547446875 0.5730078125 0.5465125 0.5185921875 0.542459375 0.4996890625 0.5334203125 0.4951078125 0.5287437500000001 0.50828125 0.525315625 0.5409312500000001 0.5268734375 0.5867546875 0.5371609375 0.58961875
2 0.547446875 0.544940625 0.5493171875 0.5735812499999999 0.562096875 0.589046875 0.5677078125 0.589046875 0.5767484375 0.572434375 0.57830625 0.5214562500000001 0.5751890625 0.497971875 0.56365625 0.49625312499999996 0.552434375 0.507709375 0.5483828125 0.5088546875 0.547446875 0.544940625
1 0.594828125 0.5283296875 0.6001265625000001 0.5283296875 0.6035546875 0.525465625 0.6051140625 0.5226015625 0.605425 0.5128640625 0.605425 0.5065625 0.6035546875 0.5014078125 0.5998140624999999 0.507709375 0.5951390625 0.5105734375 0.589840625 0.5128640625 0.5861 0.517446875 0.5851640625 0.52775625 0.5876578125 0.5300484375 0.594828125 0.5283296875
1 0.5801765624999999 0.5105734375 0.5829828125 0.523746875 0.5851640625 0.5266109375 0.5864109375 0.5151546875 0.5864109375 0.5065625 0.5814234375 0.4951078125 0.5801765624999999 0.5105734375
2 0.530303125 0.7070421875 0.5343546875 0.717353125 0.5390312500000001 0.7184984375 0.5421484375000001 0.7162078125 0.5496296875 0.704178125 0.5555515625 0.6887125000000001 0.5527453125 0.670384375 0.5505640625 0.6486171875 0.54869375 0.629715625 0.542771875 0.622840625 0.5356015625 0.62226875 0.52625 0.633725 0.5231328125 0.65491875 0.5218859375 0.6795484375 0.5234453125 0.686421875 0.5271859375 0.6973046875 0.530303125 0.7070421875
1 0.5539921875 0.7013140625000001 0.5477593749999999 0.7030328124999999 0.5490062499999999 0.7081890625 0.554928125 0.7087609375 0.557421875 0.7047515625 0.5539921875 0.7013140625000001
1 0.45362187499999995 0.676684375 0.4551796875 0.684703125 0.458296875 0.6858500000000001 0.457984375 0.6778296874999999 0.45705 0.666946875 0.4548671875 0.6709562499999999 0.45362187499999995 0.676684375
1 0.5172109375 0.6795484375 0.5168984375 0.6881406250000001 0.5206390625 0.6887125000000001 0.522821875 0.686421875 0.522821875 0.672675 0.520015625 0.6732484375000001 0.5172109375 0.6795484375
2 0.43834687499999997 0.6629375 0.4380359375 0.6428890625 0.43086562500000003 0.627996875 0.42494375 0.6205499999999999 0.4155921875 0.6234140625 0.40717499999999995 0.6325796875 0.40499375000000004 0.6606453125 0.40998124999999996 0.7047515625 0.4118515625 0.71334375 0.4165265625 0.71964375 0.4221375 0.7179265625 0.4293078125 0.711625 0.43367187500000004 0.6961593749999999 0.43834687499999997 0.6629375
0 0.607883840625 0.47367572031250005 0.53908808125 0.46916452187499996 0.38457957343750004 0.4635255265625 0.3890907703125 0.5165320953125 0.533449084375 0.533449084375 0.6868297937500001 0.5266822890625 0.691340990625 0.47593131875 0.607883840625 0.47367572031250005
0 0.565027465625 0.6654016078125 0.39698536562500003 0.671040603125 0.38457957343750004 0.7432197609375 0.5672830640625001 0.7364529640625 0.565027465625 0.6654016078125
