1 0.27245625 0.5592359375 0.285090625 0.5636921874999999 0.2900359375 0.55589375 0.296628125 0.5302703125 0.29388125 0.4979609375 0.28948593749999996 0.49127656249999996 0.279596875 0.501303125 0.27245625 0.518015625 0.268609375 0.5436390624999999 0.27245625 0.5592359375
7 0.3807828125 0.425646875 0.3886625 0.49260937499999996 0.39166406249999997 0.472825 0.3867875 0.43934375000000003 0.3792828125 0.3700984375 0.3807828125 0.425646875
7 0.39879375 0.46673749999999997 0.394290625 0.42184218749999997 0.38903750000000004 0.386078125 0.392415625 0.446953125 0.392415625 0.4690203125 0.39879375 0.46673749999999997
7 0.6543203125 0.5040234375 0.65019375 0.5177203125000001 0.6584484374999999 0.532178125 0.6599484375 0.42869062500000005 0.6543203125 0.5040234375
8 0.719234375 0.5344609375 0.7222359375 0.535221875 0.7312406250000001 0.5268515625 0.739871875 0.51848125 0.741746875 0.5070671875 0.739871875 0.48652187500000005 0.748278684375 0.421504809375 0.7377530250000001 0.387057196875 0.7181078125 0.4690203125 0.7106046874999999 0.483478125 0.7113546875 0.49260937499999996 0.7124796875 0.4979359375 0.7166078125 0.5070671875 0.718484375 0.5177203125000001 0.719234375 0.5344609375
7 0.740903125 0.7263828125 0.7465421875 0.7429625 0.7518984375 0.76354375 0.7521796875 0.7486796874999999 0.7468234375 0.701228125 0.7394937500000001 0.6520609375 0.735546875 0.6657828125 0.737803125 0.6749296874999999 0.7431593750000001 0.6989421874999999 0.7459781249999999 0.7298140625 0.7434406250000001 0.7178078125 0.7375203124999999 0.6983703125 0.732446875 0.6674984375 0.7253984375 0.6634953125 0.72878125 0.67893125 0.732446875 0.6977984375 0.740903125 0.7263828125
2 0.6571765625 0.628621875 0.65915 0.6331953125 0.6639421875 0.637196875 0.6707078125 0.6429140624999999 0.6788828125 0.646915625 0.68875 0.6434859375 0.6960796874999999 0.6354828125 0.697771875 0.62690625 0.6988984375 0.608040625 0.694953125 0.597178125 0.6907234375 0.5914609375000001 0.6867765625 0.5914609375000001 0.6769093749999999 0.5908890625 0.6707078125 0.5868875 0.6625328125000001 0.58345625 0.6535109375 0.5886015625 0.6529484375 0.606325 0.654921875 0.6234765624999999 0.6571765625 0.628621875
7 0.69160625 0.6812015625 0.68921875 0.650071875 0.6837609375 0.6528390625 0.676596875 0.6486890625 0.669775 0.645921875 0.669434375 0.652146875 0.6690921875 0.6853515625 0.6707984375 0.7206328125 0.678303125 0.7579875 0.6881953125 0.7821984375000001 0.6837609375 0.7662890625000001 0.6796671875 0.7455359374999999 0.6772796875 0.7227078125 0.676596875 0.6943453125 0.67864375 0.6874281250000001 0.68103125 0.6777421875 0.689559375 0.6867359375000001 0.696040625 0.71855625 0.7055921875 0.7517609375000001 0.6997921875 0.719940625 0.69160625 0.6812015625
1 0.6458953125 0.604940625 0.6430078124999999 0.61275 0.6430078124999999 0.624075 0.6449328125 0.63305625 0.65013125 0.640475 0.65225 0.6338359375 0.65225 0.6283703125 0.65225 0.62329375 0.6512875 0.6162640625 0.6518640625 0.6111890625 0.6499390625 0.604940625 0.648590625 0.6006453125 0.6458953125 0.604940625
1 0.620671875 0.6154843750000001 0.6177828125 0.6111890625 0.6148953125000001 0.6193890625 0.6127765625 0.632665625 0.6148953125000001 0.6435984375 0.61913125 0.6420359375 0.6204796875 0.632665625 0.621634375 0.621340625 0.620671875 0.6154843750000001
1 0.401359375 0.624465625 0.402321875 0.6158750000000001 0.4003953125 0.6084546875 0.3978921875 0.60533125 0.3953890625 0.6061124999999999 0.393271875 0.6096265625 0.39153906250000003 0.6143125 0.39192343749999997 0.621340625 0.3934640625 0.6271984374999999 0.3967375 0.630321875 0.39866250000000003 0.62915 0.401359375 0.624465625
1 0.38364375 0.6236843750000001 0.3859546875 0.62915 0.390190625 0.6256359375 0.39076875 0.6178265625 0.38980625 0.61509375 0.3859546875 0.612359375 0.3840296875 0.6166546875 0.38364375 0.6236843750000001
7 0.26938125 0.7443484375 0.284634375 0.7162265624999999 0.2916828125 0.6933578125000001 0.2939375 0.67849375 0.2891453125 0.6824953125000001 0.284353125 0.6905 0.280125 0.708221875 0.27476875 0.7253734374999999 0.26938125 0.7443484375
6 0.287063434375 0.7616749781250001 0.300459728125 0.7478002453125 0.306200996875 0.7353608296874999 0.31098538750000004 0.7200507796875 0.3148128984375 0.7056976078125 0.315769778125 0.7033054125 0.3038088015625 0.7109604375 0.29758909375 0.7210076578125 0.2932831421875 0.7329686343749999 0.2880203125 0.742537415625 0.279408409375 0.7492355625 0.269839628125 0.7554552703125 0.26505523750000004 0.7573690265625 0.261227725 0.7449296109375 0.2607492859375 0.7353608296874999 0.2607492859375 0.7262704875 0.2530942609375 0.7478002453125 0.258357090625 0.773157515625 0.266012115625 0.7798556624999999 0.275580896875 0.776985028125 0.279408409375 0.77028688125 0.287063434375 0.7616749781250001
5 0.3425623640625 0.6315395546875 0.3416054859375 0.6334533109375 0.3416054859375 0.6468496046875 0.3530880234375 0.6497202390625 0.352609584375 0.631061115625 0.3425623640625 0.6315395546875
6 0.7497140015625 0.415763540625 0.7568905874999999 0.419591053125 0.7564121484374999 0.40571632031249993 0.75497683125 0.387057196875 0.7525846359374999 0.37940217187499997 0.746364928125 0.371747146875 0.740623659375 0.366005878125 0.7334470734375 0.362178365625 0.7286626828125 0.361699928125 0.7262704875 0.362178365625 0.722921415625 0.36696275625 0.7181370234375 0.3731824640625 0.7143095109375001 0.3750962203125 0.711438878125 0.38179436718750004 0.7095251218749999 0.38897095312499996 0.7095251218749999 0.40236724687500003 0.7119173171875001 0.4286813953125 0.7147879500000001 0.438728615625 0.7224429765625 0.446862078125 0.727227365625 0.4301167125 0.7305764390625 0.40619475937500005 0.7353608296874999 0.3923200265625 0.740623659375 0.40380256406250004 0.7497140015625 0.415763540625
6 0.6568569828124999 0.801983884375 0.6669527671875 0.7994599375 0.6707386859375 0.7969359921875 0.67389361875 0.793150071875 0.67389361875 0.7811613281249999 0.6701076984375 0.7767444234374999 0.6606429015625 0.7767444234374999 0.6524400765625 0.7767444234374999 0.6398203453125 0.77106554375 0.6322485078125 0.7464570703125 0.6259386421875 0.757183840625 0.627200615625 0.7666486390625 0.6322485078125 0.777375409375 0.6398203453125 0.7761134375000001 0.6309865343750001 0.7830542875 0.6316175203125 0.7868402078125001 0.6379273859375 0.7918881 0.6423442921875 0.79567401875 0.64928514375 0.8000909249999999 0.6568569828124999 0.801983884375
6 0.7647556796874999 0.7641246921875 0.7660176515625 0.750873975 0.7685415984375 0.7357302984375 0.7641246921875 0.7300514203125 0.7578148265625 0.7350993124999999 0.7590768 0.75465989375 0.7590768 0.7679106124999999 0.74708805625 0.75465989375 0.74267115 0.7439331234375001 0.7350993124999999 0.7294204328125 0.7313133921875 0.7186936625 0.7294204328125 0.71427675625 0.7268964875 0.71427675625 0.7306824062499999 0.781792315625 0.7439331234375001 0.805769803125 0.7584458140625 0.801983884375 0.7660176515625 0.7805303421875001 0.765386665625 0.7754824499999999 0.7647556796874999 0.7641246921875
