1 0.3021958234375 0.49318454999999994 0.276757446875 0.48936578124999996 0.2660283859375 0.5608306109375001 0.2914667578125 0.56464935625 0.3021958234375 0.49318454999999994
1 0.7357636296875001 0.4647014625 0.707115740625 0.4700947734375 0.7194754624999999 0.535741565625 0.7481233453125 0.5303482796875 0.7357636296875001 0.4647014625
6 0.7326362421875 0.8149337984375 0.77485273125 0.8100068171875 0.7630698312499999 0.7090681062499999 0.72085434375 0.713995028125 0.7326362421875 0.8149337984375
2 0.6996413109375 0.5846338546875 0.6536831484375 0.5831754140625 0.6516875718749999 0.6460526125 0.697645734375 0.6475110468749999 0.6996413109375 0.5846338546875
1 0.65225 0.6006453125 0.6430078124999999 0.6006453125 0.6430078124999999 0.640475 0.65225 0.640475 0.65225 0.6006453125
1 0.6112781609375 0.6430779734375001 0.618825034375 0.6441638765625 0.623452853125 0.6120049140625 0.6159060265625 0.6109190156250001 0.6112781609375 0.6430779734375001
1 0.40173373906250004 0.6051211765625 0.391068278125 0.6057044125 0.3924275203125 0.6305575640625001 0.40309298125000004 0.629974328125 0.40173373906250004 0.6051211765625
1 0.3910535375 0.612639275 0.3842705796875 0.6122669265625 0.3833515265625 0.6290071 0.390134484375 0.6293794484374999 0.3910535375 0.612639275
6 0.238688178125 0.7725666015625 0.28267566875 0.790459103125 0.322608640625 0.692302325 0.2786220953125 0.67441004375 0.238688178125 0.7725666015625
6 0.2735611171875 0.4559817578125 0.30598097968750004 0.45065142343750003 0.2931200515625 0.372434396875 0.2607005 0.3777647046875 0.2735611171875 0.4559817578125
6 0.750421859375 0.3573547359375 0.6995322921875 0.3616385703125 0.7070366078125 0.4507814359375 0.757926171875 0.446497625 0.750421859375 0.3573547359375
5 0.3897385 0.6181150234375 0.3434661671875 0.6038793 0.3180803578125 0.6863839281249999 0.3643526375 0.7006195281250001 0.3897385 0.6181150234375
