1 0.3021958234375 0.49318454999999994 0.276757446875 0.48936578124999996 0.2660283859375 0.5608306109375001 0.2914667578125 0.56464935625 0.3021958234375 0.49318454999999994
2 0.6996413109375 0.5846338546875 0.6536831484375 0.5831754140625 0.6516875718749999 0.6460526125 0.697645734375 0.6475110468749999 0.6996413109375 0.5846338546875
1 0.65225 0.6006453125 0.6430078124999999 0.6006453125 0.6430078124999999 0.640475 0.65225 0.640475 0.65225 0.6006453125
1 0.6112781609375 0.6430779734375001 0.618825034375 0.6441638765625 0.623452853125 0.6120049140625 0.6159060265625 0.6109190156250001 0.6112781609375 0.6430779734375001
1 0.40173373906250004 0.6051211765625 0.391068278125 0.6057044125 0.3924275203125 0.6305575640625001 0.40309298125000004 0.629974328125 0.40173373906250004 0.6051211765625
1 0.3910535375 0.612639275 0.3842705796875 0.6122669265625 0.3833515265625 0.6290071 0.390134484375 0.6293794484374999 0.3910535375 0.612639275
6 0.23650711875 0.754708053125 0.270136878125 0.7833712562499999 0.3288707984375 0.7144716328125 0.2952414578125 0.6858087281249999 0.23650711875 0.754708053125
5 0.3109915875 0.632910503125 0.31361607187499996 0.6919642859375 0.3638392890625 0.689732225 0.36121452187499997 0.6306787359375 0.3109915875 0.632910503125
6 0.71300355 0.447588153125 0.7593589640625 0.444022528125 0.7528828859375001 0.3598369171875 0.7065279375 0.3634025234375 0.71300355 0.447588153125
6 0.6603491578125 0.8100777265625 0.68041993125 0.7849935671875 0.6322485062500001 0.7464570703125 0.61217783125 0.7715410453125 0.6603491578125 0.8100777265625
6 0.76721186875 0.7120164765625 0.7268964875 0.71427675625 0.7320642265624999 0.8064352250000001 0.77237960625 0.8041749703125 0.76721186875 0.7120164765625
8 0.707319671875 0.5374145234375 0.74212753125 0.540247528125 0.7556363390625 0.3742777640625 0.720829275 0.37144479218750004 0.707319671875 0.5374145234375
