2 0.2818654734375 0.475369146875 0.2344541984375 0.47659680312499997 0.2365076453125 0.5558933828125 0.2839189203125 0.5546657359375 0.2818654734375 0.475369146875
2 0.3289435625 0.498237803125 0.280767 0.498237803125 0.280767 0.5695081156249999 0.3289435625 0.5695081156249999 0.3289435625 0.498237803125
2 0.3752547140625 0.5142669578125 0.3325829765625 0.5099965046875 0.3258461515625 0.5773071578125 0.3685178859375 0.5815775859375 0.3752547140625 0.5142669578125
1 0.3867533984375 0.5097198109375001 0.3734080375 0.5093653453125 0.37226405156250003 0.552431921875 0.38560941249999997 0.5527863859375 0.3867533984375 0.5097198109375001
1 0.611652303125 0.5465045374999999 0.6215218890624999 0.5456109359375 0.61872853125 0.5147619953125 0.6088589953125 0.51565559375 0.611652303125 0.5465045374999999
2 0.6136888640625 0.588441546875 0.6452338078125 0.6328626421875 0.7055687640625 0.590020996875 0.6740239109374999 0.5456001968749999 0.6136888640625 0.588441546875
2 0.41062060625 0.586580203125 0.38235050625 0.585244859375 0.37908074531249997 0.6544599265625 0.4073508453125 0.6557952625000001 0.41062060625 0.586580203125
2 0.33565935625 0.6714228703125 0.3767504890625 0.6784018140625 0.3912653671875 0.5929489296875 0.35017490625000003 0.58597004375 0.33565935625 0.6714228703125
2 0.348147884375 0.5967982187499999 0.3156474734375 0.5956211703125 0.312277909375 0.688649496875 0.34477831875 0.6898265343750001 0.348147884375 0.5967982187499999
2 0.26780957031249997 0.6803169828125 0.3124976765625 0.6852850921875 0.3244902328125 0.5774220390625 0.2798030484375 0.5724539828124999 0.26780957031249997 0.6803169828125
2 0.2649805703125 0.6244029890625 0.2934627984375 0.5951252031250001 0.24355462343749998 0.546578409375 0.21507256562500002 0.5758560109374999 0.2649805703125 0.6244029890625
5 0.6179754234375 0.679994075 0.6667939890625 0.6585640078125 0.6339285718750001 0.5837053578125 0.58511068125 0.605135253125 0.6179754234375 0.679994075
5 0.6464400109375 0.5380471546875001 0.6761858375 0.5346478578125 0.6640625 0.428571428125 0.634317128125 0.4319706984375 0.6464400109375 0.5380471546875001
