2 0.23891718750000002 0.5311359375 0.2458703125 0.539359375 0.25927968749999997 0.548496875 0.2667296875 0.553065625 0.2751734375 0.5548921874999999 0.27964375 0.543928125 0.28262343749999996 0.5357046875 0.2831203125 0.5238265625 0.28262343749999996 0.5092078124999999 0.27765625 0.4982421875 0.2756703125 0.49184687499999996 0.2672265625 0.48453749999999995 0.25977656250000003 0.4790546875 0.2533203125 0.478140625 0.24537343749999999 0.4763140625 0.23792343749999997 0.48453749999999995 0.23494375 0.4955015625 0.235440625 0.5146890625 0.23891718750000002 0.5311359375
2 0.295474121875 0.554200453125 0.302427246875 0.5505442031250001 0.307392871875 0.556027015625 0.311863184375 0.562423890625 0.31782412187500003 0.5615098281249999 0.323783496875 0.556941078125 0.328253809375 0.551458265625 0.329742871875 0.538666078125 0.328750684375 0.527702015625 0.32775693437500003 0.514909828125 0.32527412187500004 0.505773890625 0.322789746875 0.503031703125 0.311863184375 0.497550453125 0.300439746875 0.493894203125 0.291997559375 0.49115357812499993 0.282560059375 0.496636390625 0.281566309375 0.513995765625 0.281566309375 0.529530140625 0.281566309375 0.547803578125 0.287527246875 0.554200453125 0.295474121875 0.554200453125
7 0.3179125 0.4270359375 0.318590625 0.4426375 0.3162171875 0.46947343750000003 0.31248593750000003 0.4906921875 0.3192703125 0.487571875 0.3219828125 0.46260781250000005 0.32266249999999996 0.432653125 0.3192703125 0.41080937500000003 0.3101109375 0.3995765625 0.3179125 0.4270359375
7 0.3009515625 0.43889374999999997 0.305021875 0.43764531250000005 0.307396875 0.3870953125 0.3009515625 0.43889374999999997
7 0.29722031250000003 0.4076890625 0.2931484375 0.43015625 0.2931484375 0.45137499999999997 0.2948453125 0.4713453125 0.2978984375 0.49006718749999995 0.3002734375 0.48195468750000003 0.29823750000000004 0.470721875 0.2978984375 0.4582390625 0.29688125 0.43764531250000005 0.29722031250000003 0.4076890625
7 0.34471250000000003 0.45699218750000004 0.34844375 0.45324687499999994 0.345390625 0.3970796875 0.34471250000000003 0.45699218750000004
2 0.3728671875 0.5381218750000001 0.3728671875 0.5300078125 0.37049375 0.5212718749999999 0.367440625 0.516278125 0.3609953125 0.5131578125 0.3579421875 0.512534375 0.3511578125 0.5181515625 0.34640781249999997 0.5137828125 0.3403015625 0.512534375 0.3328390625 0.518775 0.3311421875 0.5243921874999999 0.3311421875 0.53625 0.32876875 0.54810625 0.3291078125 0.5574671875 0.330125 0.5668296875000001 0.334875 0.5774375 0.3396234375 0.5786859375 0.3501390625 0.576190625 0.3562453125 0.5730703125 0.36031562500000003 0.56995 0.367440625 0.559340625 0.3691359375 0.54810625 0.3728671875 0.5381218750000001
1 0.3745640625 0.529384375 0.372528125 0.542490625 0.3738859375 0.552475 0.37795625 0.5518515625 0.382365625 0.5443625 0.3860984375 0.5343765625 0.38575781249999996 0.5237671875000001 0.3837234375 0.5193984375 0.38033125 0.5137828125 0.3752421875 0.5094140625 0.3732078125 0.516903125 0.3745640625 0.529384375
2 0.63814375 0.6211234375 0.642215625 0.6286125 0.650394253125 0.6339388203125 0.6547104328125 0.633399296875 0.659566134375 0.6339388203125 0.6681984921875 0.6369061921875 0.6851934484375 0.6261157453124999 0.68461875 0.604896875 0.6893671875 0.5905437499999999 0.68970625 0.5811828125 0.68835 0.569325 0.681565625 0.5562203125 0.6764765625 0.5506031250000001 0.666978125 0.5506031250000001 0.660871875 0.5587156249999999 0.655784375 0.5655812499999999 0.6506953125 0.5705734375 0.6432328125 0.5724453125 0.637465625 0.579934375 0.63305625 0.5880468750000001 0.635090625 0.6086421875 0.63814375 0.6211234375
7 0.7053109375 0.7010046875 0.690046875 0.6766671875 0.681565625 0.6566953125 0.675459375 0.63735 0.6690140625 0.6392218749999999 0.6734234375 0.64983125 0.6802078125000001 0.664809375 0.687671875 0.6841546875 0.7053109375 0.7010046875
7 0.69683125 0.647959375 0.704971875 0.6629375 0.711078125 0.6785390625 0.7137921875 0.6741703125 0.708703125 0.6573203125 0.702596875 0.642965625 0.6971703125000001 0.6336046875 0.6924203125 0.6267406249999999 0.6880109375 0.6198750000000001 0.685975 0.6336046875 0.6903859375 0.6392218749999999 0.69683125 0.647959375
6 0.7090421874999999 0.7303375 0.7185406249999999 0.7328328125 0.7270218749999999 0.7253437500000001 0.7321109375 0.714734375 0.7324499999999999 0.6953890625 0.730075 0.6791625 0.7266828125 0.669178125 0.7239687499999999 0.664809375 0.719559375 0.6673046874999999 0.723290625 0.6835312499999999 0.723290625 0.6885234375 0.721934375 0.6966375 0.7182015625 0.702253125 0.7114171875 0.6953890625 0.7090421874999999 0.6953890625 0.7131140625 0.7059984375 0.7144703125 0.7116140625 0.7104 0.714734375 0.70565 0.71723125 0.7005625 0.7084937499999999 0.6954734375 0.7035015625 0.6992046875 0.7209765625 0.7090421874999999 0.7303375
7 0.40204218750000004 0.757796875 0.4003453125 0.6423421874999999 0.39491718750000004 0.6517031249999999 0.40204218750000004 0.757796875
2 0.40204218750000004 0.586175 0.3959359375 0.586175 0.392203125 0.5874234375 0.38575781249999996 0.593040625 0.3830453125 0.604896875 0.381009375 0.613634375 0.38033125 0.6279890625 0.38270468750000003 0.6460859375 0.38677656250000003 0.6548234374999999 0.393221875 0.652328125 0.398309375 0.6492078125 0.4013625 0.6398453125 0.40407656249999996 0.6317328125 0.406790625 0.62486875 0.409165625 0.6173796874999999 0.408146875 0.604896875 0.4061125 0.593040625 0.40204218750000004 0.586175
2 0.34369375 0.6585687499999999 0.347425 0.669178125 0.35183593750000003 0.6741703125 0.3572640625 0.6710499999999999 0.36336875 0.6679296875 0.368796875 0.6623125 0.372528125 0.6566953125 0.3766 0.6517031249999999 0.3820265625 0.6435906250000001 0.3837234375 0.63735 0.3844015625 0.6273640625 0.38711562499999996 0.6173796874999999 0.3881328125 0.605521875 0.3844015625 0.5955359375 0.374903125 0.5911671875 0.3660828125 0.588671875 0.3572640625 0.596784375 0.3494609375 0.59928125 0.3450515625 0.61613125 0.34335468750000003 0.6286125 0.3413203125 0.6460859375 0.34369375 0.6585687499999999
2 0.31689531249999997 0.6791625 0.3202875 0.6847796875000001 0.3260546875 0.6891484375 0.33182187500000004 0.6885234375 0.335553125 0.6779140625 0.3403015625 0.6716734375 0.3440328125 0.6629375 0.34606875000000004 0.6542 0.34606875000000004 0.6460859375 0.3457296875 0.6292359375000001 0.3457296875 0.6142593749999999 0.34776562499999997 0.596784375 0.3450515625 0.596784375 0.335553125 0.596784375 0.3274109375 0.597409375 0.31893125 0.609890625 0.31553749999999997 0.6236203125 0.31384218750000004 0.6454625 0.3131640625 0.6641843749999999 0.31689531249999997 0.6791625
2 0.285346875 0.5730703125 0.279240625 0.5936640625 0.2758484375 0.6173796874999999 0.2727953125 0.635478125 0.2761875 0.647959375 0.2795796875 0.6641843749999999 0.2843296875 0.672921875 0.2884 0.6797875 0.2911140625 0.6829078125 0.2948453125 0.6804109375 0.301290625 0.6766671875 0.307396875 0.6735453125 0.312825 0.6616890625 0.31553749999999997 0.65794375 0.315878125 0.647334375 0.317234375 0.6423421874999999 0.318590625 0.630484375 0.31825156250000003 0.626115625 0.3179125 0.6148828125 0.31689531249999997 0.6067703125 0.31553749999999997 0.5999046875 0.31180625 0.593040625 0.3029875 0.5917921875000001 0.298915625 0.586175 0.29450625 0.5780624999999999 0.285346875 0.5730703125
2 0.26635 0.6229953125 0.2714390625 0.6173796874999999 0.27449218750000004 0.604896875 0.2782234375 0.5955359375 0.27890156250000003 0.5855515625 0.2772046875 0.5793109375000001 0.274153125 0.5774375 0.2711 0.5743171874999999 0.2622796875 0.5662046875 0.25685156249999996 0.5605875 0.2476921875 0.5506031250000001 0.2432828125 0.5468578125 0.2348015625 0.5555953125 0.23582031250000002 0.5743171874999999 0.24294375 0.5936640625 0.2476921875 0.6017765625 0.255834375 0.6155062499999999 0.26635 0.6229953125
7 0.23582031250000002 0.6192515625 0.231409375 0.635478125 0.205628125 0.6810343750000001 0.2205546875 0.6623125 0.2334453125 0.6404703125 0.23887343749999998 0.6267406249999999 0.24362187500000002 0.6254921875 0.2476921875 0.6167546875000001 0.2483703125 0.604896875 0.24599687499999998 0.597409375 0.239890625 0.5880468750000001 0.23683749999999998 0.59865625 0.23582031250000002 0.6192515625
5 0.661143615625 0.4966225296875 0.6608036953124999 0.493223334375 0.66012385625 0.4888043796875 0.6591040968749999 0.48778462031250003 0.653665384375 0.490503978125 0.6509460265625 0.4942430921875 0.6468669921875 0.4996818078125 0.6482266703125 0.5024011625 0.6509460265625 0.5051205203125 0.656384740625 0.5047805999999999 0.66250329375 0.5017213234375 0.661143615625 0.4966225296875
0 0.6610236328125 0.638815328125 0.7113189078125 0.5963582781250001 0.74332499375 0.5539012249999999 0.7263421734375 0.5232015109375 0.679966009375 0.565005378125 0.6139942828125 0.6224856921875 0.48727631406249994 0.632936659375 0.38015390781249997 0.6224856921875 0.3840730203125 0.6734341546875 0.4435128921875 0.6753937109375 0.494461353125 0.6812723796875 0.54018433125 0.6734341546875 0.5708840453125 0.6629831875 0.6048496875 0.668208671875 0.6610236328125 0.638815328125
0 0.6673536046875 0.4807930921875 0.72705296875 0.4573397703125 0.7249208484375 0.41149918750000003 0.6620233046874999 0.4328203890625 0.6279093828125 0.473330671875 0.5799366781249999 0.48718945312499995 0.506378534375 0.5010482328125 0.42002766874999997 0.4989161125 0.36992284531249997 0.492519753125 0.302761059375 0.4807930921875 0.23986351562500002 0.4434809890625 0.23879745625 0.4861233921875 0.43921675000000004 0.5671439578124999 0.5724742578125 0.5426245765625 0.6385699828125 0.5234354953125 0.6673536046875 0.4807930921875
