2 0.3628515625 0.5856671875 0.36934374999999997 0.5947828125 0.3838265625 0.5887046875 0.3893203125 0.5684484375000001 0.3928171875 0.5441421875 0.393315625 0.5279359375 0.387821875 0.5259109375000001 0.3713421875 0.5198343750000001 0.342875 0.521859375 0.339878125 0.543128125 0.3363828125 0.5714875 0.3413765625 0.5876921875 0.3463703125 0.5907312499999999 0.3578578125 0.5836406249999999 0.3628515625 0.5856671875
2 0.4377640625 0.6150390625 0.44275937499999996 0.5988328125 0.4432578125 0.5694625 0.441759375 0.55021875 0.43277031250000003 0.522871875 0.42178281249999994 0.51173125 0.40679999999999994 0.5178078125 0.39930937499999997 0.533 0.3918171875 0.5562953125 0.38682343750000003 0.5846546874999999 0.3953140625 0.5988328125 0.40530156249999993 0.5988328125 0.414790625 0.609975 0.42228281250000005 0.6211156250000001 0.4377640625 0.6150390625
2 0.43976249999999995 0.5694625 0.4377640625 0.6049109374999999 0.45075000000000004 0.6180765625 0.46523281250000004 0.6190890625 0.47771875 0.6130125 0.4822125 0.5887046875 0.47871718750000003 0.5552828125 0.46523281250000004 0.5451546875 0.45075000000000004 0.5461671875 0.44525625 0.5481921875 0.43976249999999995 0.5694625
1 0.782365625 0.6271921875 0.7833640625 0.6089609375 0.7838640625 0.5856671875 0.7793687499999999 0.579590625 0.771378125 0.5876921875 0.766384375 0.6069359375000001 0.765384375 0.6190890625 0.7733749999999999 0.6251671875 0.782365625 0.6271921875
1 0.8717625 0.5947828125 0.8702640625000001 0.581615625 0.868265625 0.5775640625 0.86526875 0.5947828125 0.86626875 0.6079484374999999 0.8727609375000001 0.6109875 0.8717625 0.5947828125
8 0.9137124999999999 0.6575765625 0.9002281249999999 0.6363078125 0.8942359375000001 0.641371875 0.8887421874999999 0.662640625 0.8972328125000001 0.6788453125 0.9027265625 0.6960640625 0.90921875 0.71328125 0.9147125 0.7365765625 0.921703125 0.7365765625 0.9261984375000001 0.7173328125 0.9242015625000001 0.6879609375 0.9137124999999999 0.6575765625
8 0.8857453124999999 0.6960640625 0.879253125 0.7092296874999999 0.87625625 0.721384375 0.8832484375 0.7406265624999999 0.8942359375000001 0.7497421875 0.89773125 0.743665625 0.8967328125 0.721384375 0.8942359375000001 0.701128125 0.8892421875000001 0.683909375 0.8857453124999999 0.6960640625
8 0.8502859375 0.7335375 0.85428125 0.75278125 0.8617734374999999 0.7588578125 0.868765625 0.7477171874999999 0.8722609374999999 0.7335375 0.867765625 0.7173328125 0.8647703124999999 0.7264484375 0.860275 0.732525 0.8502859375 0.7335375
7 0.7845265625 0.8004765624999999 0.78545625 0.819971875 0.785146875 0.8482703125000001 0.7897984375 0.8482703125000001 0.7897984375 0.840725 0.7894875 0.8212296875 0.790728125 0.799846875 0.79196875 0.781609375 0.7925890625 0.7596 0.794759375 0.7539390625 0.790728125 0.750165625 0.7870078125 0.752053125 0.7857671875000001 0.757084375 0.7860765625 0.77595 0.7845265625 0.8004765624999999
7 0.4040328125 0.7772078125 0.4179859375 0.7382171875 0.41829687499999996 0.7495375 0.41302500000000003 0.794815625 0.420778125 0.75268125 0.42449843749999994 0.7243828125 0.4151953125 0.723753125 0.41364531250000003 0.7313 0.40899374999999993 0.747021875 0.40248125 0.7658875 0.3913171875 0.8099093749999999 0.4 0.794815625 0.4040328125 0.7772078125
0 0.7655860624999999 0.5975577265625 0.92582500625 0.5753023171875 0.9224866953124999 0.5341298109375 0.8779758765624999 0.50631055 0.8234501249999999 0.5463702859375 0.8023074875 0.5463702859375 0.7377668015625 0.5586107609375001 0.714398621875 0.536355353125 0.6676622640625001 0.5341298109375 0.6042343484375 0.533017040625 0.5652873828125 0.536355353125 0.50185946875 0.543031975 0.4451081765625 0.5074233203125 0.348297146875 0.4862806828125 0.34607160625 0.49407007500000005 0.33716944375 0.5341298109375 0.479604059375 0.569738465625 0.5919938734375 0.581978940625 0.7655860624999999 0.5975577265625
0 0.7233007859375 0.7444434234374999 0.743330653125 0.7500072765625 0.7989691765625 0.7666988328125 0.8178862734375001 0.7422178828125 0.808984109375 0.7110603109375 0.685466590625 0.702158146875 0.5007466984375 0.7054964578125 0.3961462765625 0.6598728703125001 0.34607160625 0.627602528125 0.34607160625 0.6632111828125 0.41617614375 0.714398621875 0.4784912890625 0.7299774078125 0.5296787296875001 0.7399923421875 0.6242642171874999 0.7522328171875 0.697707065625 0.7455561937499999 0.7233007859375 0.7444434234374999
