1 0.340409375 0.54109375 0.3333046875 0.5280343750000001 0.3294296875 0.5357515625 0.32749375000000003 0.5464359375 0.3252328125 0.5589015625 0.32555625 0.566025 0.3294296875 0.56899375 0.3397640625 0.5701796875 0.3436390625 0.5642437499999999 0.34428437500000003 0.5511859375 0.340409375 0.54109375
1 0.38916875 0.5725546875 0.390459375 0.5612765625 0.38723125 0.5505921875 0.38045 0.542875 0.3785125 0.5535593750000001 0.37625156249999997 0.5618703125 0.37366875 0.576115625 0.3749609375 0.580271875 0.37948125 0.5856140625 0.38335625 0.5844265625 0.386584375 0.579084375 0.38916875 0.5725546875
7 0.588078125 0.531596875 0.5942140625000001 0.5369390625 0.5942140625000001 0.48470312499999996 0.594859375 0.457396875 0.592921875 0.437215625 0.5913078125 0.4746125 0.5896921875000001 0.496575 0.588078125 0.531596875
7 0.6190765625 0.436028125 0.6139109375 0.47045624999999996 0.615525 0.4977625 0.6194 0.5108203125 0.6200453125000001 0.51735 0.6261812499999999 0.519725 0.63005625 0.5226921875 0.6349 0.528628125 0.640065625 0.509634375 0.64361875 0.48529687499999996 0.6432953125 0.4663015625 0.6407125 0.4467125 0.641034375 0.4787671875 0.63780625 0.4977625 0.6355453125 0.5102265625 0.6332859375 0.51675625 0.6313484375 0.482328125 0.6323171875 0.45502343749999996 0.6316703125 0.4318734375 0.63199375 0.4170328125 0.6277953125 0.47342500000000004 0.6277953125 0.5013234375 0.6248890625 0.5149765625 0.6219828125 0.5120078125 0.6168171874999999 0.48410937499999995 0.6168171874999999 0.46392656250000003 0.6177859375 0.4467125 0.6190765625 0.436028125
1 0.6484625 0.555340625 0.6529828125 0.5624640624999999 0.6549203125 0.554153125 0.6523359375 0.5363453125000001 0.64749375 0.5274421874999999 0.64361875 0.5387203125 0.6484625 0.555340625
1 0.7385531249999999 0.4983546875 0.741459375 0.4864828125 0.738875 0.47520468749999994 0.730803125 0.460959375 0.724021875 0.45086875 0.7188546875 0.457396875 0.7153031249999999 0.4657078125 0.7136890625000001 0.4769859375 0.714334375 0.4864828125 0.721115625 0.4977625 0.727896875 0.504290625 0.735646875 0.5013234375 0.7385531249999999 0.4983546875
1 0.70916875 0.6289453125 0.7175640624999999 0.6342890625 0.7243453125 0.63785 0.7372609375 0.6425984375 0.7446875000000001 0.6271656250000001 0.7482390624999999 0.6176671875 0.745334375 0.5962984375 0.7421046875 0.577896875 0.7385531249999999 0.5725546875 0.727896875 0.566025 0.7156265625 0.5725546875 0.7088453125 0.579084375 0.708521875 0.5850203125 0.710459375 0.5957046874999999 0.704646875 0.602828125 0.702709375 0.6176671875 0.70916875 0.6289453125
1 0.6927 0.6170734375 0.6910859375 0.61291875 0.6868875 0.61529375 0.6878562500000001 0.6259781249999999 0.6907625000000001 0.6319140625 0.6930234375000001 0.627759375 0.69366875 0.623603125 0.6927 0.6170734375
1 0.6846265625 0.6331015625 0.6872109375 0.635475 0.6894703125 0.6336953125 0.6875328125 0.625384375 0.6833359375 0.6206359375 0.6833359375 0.6289453125 0.6846265625 0.6331015625
1 0.6403890624999999 0.6675296875 0.646525 0.6663421875 0.64943125 0.6574390625000001 0.647815625 0.649721875 0.6442640625 0.6443796875000001 0.6374828124999999 0.6455671875 0.6349 0.6532828125 0.6365140625000001 0.66159375 0.6403890624999999 0.6675296875
7 0.648784375 0.766065625 0.636190625 0.719765625 0.6323171875 0.7262953125 0.6462015625 0.7720015625000001 0.648784375 0.766065625
7 0.6106812500000001 0.7589421875 0.6200453125000001 0.7832796875 0.6168171874999999 0.7731890625 0.613265625 0.75835 0.61165 0.744103125 0.6110046875 0.7251078125 0.605515625 0.722734375 0.6071296875 0.73460625 0.6106812500000001 0.7589421875
1 0.3927203125 0.6556578125 0.3888453125 0.646753125 0.384646875 0.650909375 0.38206406249999997 0.66159375 0.381740625 0.6776203125 0.382709375 0.6906796875000001 0.38529375 0.6912734375 0.39110625 0.68474375 0.3946578125 0.674059375 0.3965953125 0.66396875 0.3927203125 0.6556578125
1 0.3300765625 0.6526890625 0.32813906249999997 0.6598124999999999 0.3300765625 0.671684375 0.3339515625 0.6693109374999999 0.3397640625 0.646753125 0.3387953125 0.6449734375 0.334596875 0.6461609375 0.3300765625 0.6526890625
7 0.3617 0.6864656250000001 0.3568953125 0.6903890625 0.3571625 0.6987296875 0.3547609375 0.71295625 0.3539609375 0.736503125 0.350490625 0.7502390625 0.34568750000000004 0.7644656249999999 0.339015625 0.7791828125 0.3427515625 0.7786921875 0.34835625000000003 0.76888125 0.3552953125 0.7536734375 0.3600984375 0.735521875 0.363034375 0.7188421875000001 0.36436875 0.7016734375 0.36596875 0.685975 0.36810468749999997 0.6742 0.3649015625 0.67910625 0.3617 0.6864656250000001
7 0.3224703125 0.74484375 0.3286078125 0.7266921875000001 0.3350125 0.710503125 0.3400828125 0.7002015625 0.33794843750000003 0.6918609375 0.33608125 0.6952953125 0.32994218750000004 0.7100125 0.3235375 0.7262015625 0.3203359375 0.741409375 0.3123296875 0.7639750000000001 0.31846718749999997 0.7546546875 0.3224703125 0.74484375
6 0.630466671875 0.8080820125000001 0.6367939359375 0.8035625390625001 0.638601725 0.7958794328125001 0.6395056203125 0.7868404828125 0.6408614625 0.78051321875 0.640409515625 0.7728301125 0.6367939359375 0.7637911640625 0.63317835625 0.75656000625 0.625947196875 0.7533963734375 0.6187160375 0.7515885828125 0.6187160375 0.7543002671875 0.620523828125 0.7583677953125 0.6300147234375 0.7814171140624999 0.6268510921875 0.796783328125 0.6141965640625 0.787744378125 0.608321246875 0.777801534375 0.6038017734375 0.7660509015625 0.60018619375 0.757915846875 0.59792645625 0.7628872703125 0.5961186656249999 0.775541796875 0.603349825 0.7940716421875 0.61329266875 0.805370328125 0.62007188125 0.80943785625 0.6236874593749999 0.810793696875 0.630466671875 0.8080820125000001
6 0.76057263125 0.706721428125 0.7575472828125001 0.7024859390625 0.7517991203125 0.6964352421875 0.743025609375 0.6912921484375001 0.7412104 0.693712428125 0.7475636328124999 0.6964352421875 0.7517991203125 0.7003681953124999 0.7557320734374999 0.7061163578125 0.7554295390625 0.7097467749999999 0.753009259375 0.7127721234375 0.7484712375 0.715192403125 0.7415129359375 0.7176126828125 0.7481687015625 0.725176053125 0.756034609375 0.7248735171875 0.756639678125 0.7209405656250001 0.7575472828125001 0.7182177515625 0.76057263125 0.710956915625 0.76057263125 0.706721428125
8 0.3054902328125 0.7759451921875 0.31037807812499996 0.7747232328125 0.321375725 0.76494754375 0.3238196484375 0.7637255828125 0.328707490625 0.7747232328125 0.3397051390625 0.7796110765625001 0.34581494375 0.772279309375 0.3543686703125 0.757615778125 0.36536631875 0.7307326375 0.3702541625 0.7111812625 0.37514200625 0.68796400625 0.3739200453125 0.6720785125 0.3714761234375 0.6574149828125 0.367810240625 0.6659687078125 0.3641443578125 0.675744396875 0.35925651406250003 0.6867420453124999 0.35925651406250003 0.68796400625 0.353146709375 0.68796400625 0.3372612171875 0.684298121875 0.33481729531250004 0.6965177328125 0.3274855296875 0.7197349890625 0.3238196484375 0.7405083265625 0.3152659203125 0.757615778125 0.304268271875 0.7710573484375 0.3054902328125 0.7759451921875
