1 0.3288342890625 0.5275213515625 0.32414415 0.5683872046875 0.3429162921875 0.5705414249999999 0.347606359375 0.5296756375 0.3288342890625 0.5275213515625
1 0.3941012328125 0.5453498578125 0.3797195859375 0.54274258125 0.372186371875 0.5842915640624999 0.3865680171875 0.58689883125 0.3941012328125 0.5453498578125
7 0.5880351875 0.5368889375 0.5942140890625 0.5369390625 0.59502295625 0.4372326703125 0.588844146875 0.4371825453125 0.5880351875 0.5368889375
7 0.61490710625 0.5289685234375 0.64435394375 0.5284671624999999 0.642453278125 0.41685472656250006 0.6130069171875 0.417356084375 0.61490710625 0.5289685234375
1 0.649565328125 0.5268385109375 0.640892534375 0.5293658406249999 0.650729853125 0.56312059375 0.6594026453125 0.5605932703125001 0.649565328125 0.5268385109375
1 0.7258794390625 0.506857615625 0.7492935859375 0.4935912734375 0.72482694375 0.45041260000000005 0.7014129328125 0.46367889375000004 0.7258794390625 0.506857615625
1 0.75647706875 0.5710780843750001 0.71166203125 0.5631546171874999 0.6988164390625 0.6358013484375 0.7436314625 0.6437247625 0.75647706875 0.5710780843750001
1 0.6467751890625 0.64376275625 0.6335498765625001 0.6463308999999999 0.6377665546875 0.6680429328125 0.650991865625 0.6654747953125 0.6467751890625 0.64376275625
6 0.7877346578125 0.687378984375 0.7686952125000001 0.6671200859375 0.747616928125 0.68692680625 0.7666563125 0.70718564375 0.7877346578125 0.687378984375
6 0.6413342578125001 0.7592727515625 0.620045309375 0.7589421875 0.6191998 0.8133845531249999 0.6404887484375 0.8137151140625001 0.6413342578125001 0.7592727515625
7 0.6448495078125001 0.7723692640625 0.6501099671875 0.7709386406250001 0.636190625 0.719765625 0.630930225 0.721196240625 0.6448495078125001 0.7723692640625
7 0.6145952390625 0.784126553125 0.620045415625 0.783279671875 0.610515090625 0.7219575218750001 0.6050649906250001 0.7228043984375 0.6145952390625 0.784126553125
1 0.3969394484375 0.646916453125 0.382366203125 0.6466223859375 0.3814666453125 0.6911962125 0.396039890625 0.6914902781250001 0.3969394484375 0.646916453125
6 0.333988934375 0.796155725 0.348933803125 0.7893458609375 0.3358890625 0.7607234375 0.320944290625 0.767533275 0.333988934375 0.796155725
1 0.558391965625 0.5573152343750001 0.55045624375 0.5560562484375 0.5471468749999999 0.5769140625 0.555082596875 0.5781730453125 0.558391965625 0.5573152343750001
6 0.3013460140625 0.759681828125 0.2960782296875 0.787068846875 0.32747970937500004 0.7931075875 0.33274737656250003 0.7657206734375 0.3013460140625 0.759681828125
8 0.3884617875 0.64468515625 0.359131665625 0.6392433390625001 0.33122957343750004 0.789606571875 0.36055967187500004 0.7950482984375 0.3884617875 0.64468515625
8 0.36176834062499996 0.657128540625 0.3387542953125 0.6507596 0.304308615625 0.775209528125 0.327322625 0.7815783765625001 0.36176834062499996 0.657128540625
