1 0.3288342890625 0.5275213515625 0.32414415 0.5683872046875 0.3429162921875 0.5705414249999999 0.347606359375 0.5296756375 0.3288342890625 0.5275213515625
1 0.3941012328125 0.5453498578125 0.3797195859375 0.54274258125 0.372186371875 0.5842915640624999 0.3865680171875 0.58689883125 0.3941012328125 0.5453498578125
1 0.649565328125 0.5268385109375 0.640892534375 0.5293658406249999 0.650729853125 0.56312059375 0.6594026453125 0.5605932703125001 0.649565328125 0.5268385109375
1 0.7258794390625 0.506857615625 0.7492935859375 0.4935912734375 0.72482694375 0.45041260000000005 0.7014129328125 0.46367889375000004 0.7258794390625 0.506857615625
1 0.75647706875 0.5710780843750001 0.71166203125 0.5631546171874999 0.6988164390625 0.6358013484375 0.7436314625 0.6437247625 0.75647706875 0.5710780843750001
1 0.6926868421875 0.6127736140625 0.6867081453125 0.6133156375000001 0.688413765625 0.6321269968750001 0.6943924625 0.6315849734375 0.6926868421875 0.6127736140625
1 0.6849794421875 0.6359951578125 0.6897473781250001 0.634883759375 0.68626656875 0.6199528109375 0.681498646875 0.6210642078124999 0.6849794421875 0.6359951578125
1 0.6467751890625 0.64376275625 0.6335498765625001 0.6463308999999999 0.6377665546875 0.6680429328125 0.650991865625 0.6654747953125 0.6467751890625 0.64376275625
1 0.3969394484375 0.646916453125 0.382366203125 0.6466223859375 0.3814666453125 0.6911962125 0.396039890625 0.6914902781250001 0.3969394484375 0.646916453125
1 0.325391053125 0.6704772109375 0.33313683906249997 0.6724728171875001 0.3401337796875 0.645318278125 0.3323880359375 0.643322678125 0.325391053125 0.6704772109375
6 0.6300433046875 0.7462664609375 0.5906866890625 0.7616222765625 0.6117006390624999 0.815470578125 0.6510571984375 0.80011486875 0.6300433046875 0.7462664609375
6 0.7603745453124999 0.691072575 0.741180059375 0.6913155062499999 0.741609725 0.725259065625 0.7608042109375 0.725016134375 0.7603745453124999 0.691072575
8 0.38892662499999997 0.6462960171875001 0.360843659375 0.640347209375 0.3292791 0.789333865625 0.3573620359375 0.795282575 0.38892662499999997 0.6462960171875001
8 0.30004959375 0.774648428125 0.3218576109375 0.7816660390625 0.36171875 0.6578125 0.33991132031250004 0.6507949921875 0.30004959375 0.774648428125
