1 0.3252328125 0.5589015625 0.32555625 0.566025 0.3294296875 0.56899375 0.3397640625 0.5701796875 0.3436390625 0.5642437499999999 0.34428437500000003 0.5511859375 0.340409375 0.54109375 0.3333046875 0.5280343750000001 0.3294296875 0.5357515625 0.32749375000000003 0.5464359375 0.3252328125 0.5589015625
1 0.37625156249999997 0.5618703125 0.37366875 0.576115625 0.3749609375 0.580271875 0.37948125 0.5856140625 0.38335625 0.5844265625 0.386584375 0.579084375 0.38916875 0.5725546875 0.390459375 0.5612765625 0.38723125 0.5505921875 0.38045 0.542875 0.3785125 0.5535593750000001 0.37625156249999997 0.5618703125
7 0.5942140625000001 0.5369390625 0.5942140625000001 0.48470312499999996 0.594859375 0.457396875 0.592921875 0.437215625 0.5913078125 0.4746125 0.5896921875000001 0.496575 0.588078125 0.531596875 0.5942140625000001 0.5369390625
7 0.6277953125 0.5013234375 0.6248890625 0.5149765625 0.6219828125 0.5120078125 0.6168171874999999 0.48410937499999995 0.6168171874999999 0.46392656250000003 0.6177859375 0.4467125 0.6190765625 0.436028125 0.6139109375 0.47045624999999996 0.615525 0.4977625 0.6194 0.5108203125 0.6200453125000001 0.51735 0.6261812499999999 0.519725 0.63005625 0.5226921875 0.6349 0.528628125 0.640065625 0.509634375 0.64361875 0.48529687499999996 0.6432953125 0.4663015625 0.6407125 0.4467125 0.641034375 0.4787671875 0.63780625 0.4977625 0.6355453125 0.5102265625 0.6332859375 0.51675625 0.6313484375 0.482328125 0.6323171875 0.45502343749999996 0.6316703125 0.4318734375 0.63199375 0.4170328125 0.6277953125 0.47342500000000004 0.6277953125 0.5013234375
1 0.6484625 0.555340625 0.6529828125 0.5624640624999999 0.6549203125 0.554153125 0.6523359375 0.5363453125000001 0.64749375 0.5274421874999999 0.64361875 0.5387203125 0.6484625 0.555340625
1 0.7153031249999999 0.4657078125 0.7136890625000001 0.4769859375 0.714334375 0.4864828125 0.721115625 0.4977625 0.727896875 0.504290625 0.735646875 0.5013234375 0.7385531249999999 0.4983546875 0.741459375 0.4864828125 0.738875 0.47520468749999994 0.730803125 0.460959375 0.724021875 0.45086875 0.7188546875 0.457396875 0.7153031249999999 0.4657078125
1 0.7156265625 0.5725546875 0.7088453125 0.579084375 0.708521875 0.5850203125 0.710459375 0.5957046874999999 0.704646875 0.602828125 0.702709375 0.6176671875 0.70916875 0.6289453125 0.7175640624999999 0.6342890625 0.7243453125 0.63785 0.7372609375 0.6425984375 0.7446875000000001 0.6271656250000001 0.7482390624999999 0.6176671875 0.745334375 0.5962984375 0.7421046875 0.577896875 0.7385531249999999 0.5725546875 0.727896875 0.566025 0.7156265625 0.5725546875
1 0.64943125 0.6574390625000001 0.647815625 0.649721875 0.6442640625 0.6443796875000001 0.6374828124999999 0.6455671875 0.6349 0.6532828125 0.6365140625000001 0.66159375 0.6403890624999999 0.6675296875 0.646525 0.6663421875 0.64943125 0.6574390625000001
6 0.7763328125 0.675246875 0.768259375 0.6675296875 0.7692281249999999 0.674059375 0.7708437499999999 0.6811828125 0.7695515625 0.6888984375 0.7624484375 0.6906796875000001 0.7585734375000001 0.68593125 0.7537296875 0.6811828125 0.7569578124999999 0.6924609375 0.7634171875 0.7037390625 0.7698750000000001 0.7031453125 0.776009375 0.698396875 0.77859375 0.6924609375 0.77859375 0.68474375 0.7763328125 0.675246875
6 0.63005625 0.767846875 0.6200453125000001 0.7589421875 0.6248890625 0.767253125 0.6287640624999999 0.77675 0.62811875 0.788621875 0.6258578124999999 0.7957453125 0.6226296875 0.80168125 0.6194 0.80049375 0.6245671875000001 0.8105859375 0.63005625 0.813553125 0.6355453125 0.8099921875 0.6407125 0.7993078125 0.6407125 0.78209375 0.6352218749999999 0.7714078125 0.63005625 0.767846875
7 0.6323171875 0.7262953125 0.6462015625 0.7720015625000001 0.648784375 0.766065625 0.636190625 0.719765625 0.6323171875 0.7262953125
1 0.381740625 0.6776203125 0.382709375 0.6906796875000001 0.38529375 0.6912734375 0.39110625 0.68474375 0.3946578125 0.674059375 0.3965953125 0.66396875 0.3927203125 0.6556578125 0.3888453125 0.646753125 0.384646875 0.650909375 0.38206406249999997 0.66159375 0.381740625 0.6776203125
6 0.328784375 0.77734375 0.3300765625 0.7850609375000001 0.3313671875 0.790403125 0.3387953125 0.793965625 0.3458984375 0.7880296875 0.3458984375 0.7826859374999999 0.3410546875 0.7874359375 0.3368578125 0.7844671875 0.3352421875 0.77675 0.335565625 0.767253125 0.3358890625 0.7607234375 0.3313671875 0.767846875 0.328784375 0.77734375
1 0.5471468749999999 0.5769140625 0.555184375 0.5769140625 0.557075 0.5656156250000001 0.55045625 0.5560562499999999 0.5471468749999999 0.5769140625
7 0.3600984375 0.735521875 0.363034375 0.7188421875000001 0.36436875 0.7016734375 0.36596875 0.685975 0.36810468749999997 0.6742 0.3649015625 0.67910625 0.3617 0.6864656250000001 0.3568953125 0.6903890625 0.3571625 0.6987296875 0.3547609375 0.71295625 0.3539609375 0.736503125 0.350490625 0.7502390625 0.34568750000000004 0.7644656249999999 0.339015625 0.7791828125 0.3427515625 0.7786921875 0.34835625000000003 0.76888125 0.3552953125 0.7536734375 0.3600984375 0.735521875
7 0.33608125 0.6952953125 0.32994218750000004 0.7100125 0.3235375 0.7262015625 0.3203359375 0.741409375 0.3123296875 0.7639750000000001 0.31846718749999997 0.7546546875 0.3224703125 0.74484375 0.3286078125 0.7266921875000001 0.3350125 0.710503125 0.3400828125 0.7002015625 0.33794843750000003 0.6918609375 0.33608125 0.6952953125
8 0.341795059375 0.791244321875 0.3451680375 0.7909632390625 0.35078966718750004 0.7825307953125 0.3552869703125 0.7698821296875 0.3600653546875 0.7544226484375 0.3642815765625 0.7412118203125 0.3673734734375 0.7218171984375 0.374119428125 0.69005499375 0.3758059171875 0.66503874375 0.37130861406250004 0.6490171 0.36934104375 0.652108996875 0.365686984375 0.662227928125 0.35865994843750004 0.6748765953125 0.35556805156250004 0.6802171421875001 0.3516329109375 0.6908982375 0.3516329109375 0.6962387859375 0.3516329109375 0.7094496140625 0.349384259375 0.7268766656250001 0.3510707484375 0.7398064125 0.348822096875 0.7493631828125 0.34544911875 0.760044278125 0.3384220828125 0.7791578171875 0.341795059375 0.791244321875
8 0.33757883906249997 0.7201307109374999 0.340389653125 0.7116982671875001 0.340670734375 0.7012982531249999 0.33814100156250004 0.6920225640625 0.337016675 0.69005499375 0.32914639375 0.6866820171875 0.3260544984375 0.6906171578125 0.3232436828125 0.69876851875 0.3226815203125 0.7086063703125001 0.32043286875 0.7232226078124999 0.3142490765625 0.7412118203125 0.30806528437499997 0.7549848124999999 0.307222040625 0.763136175 0.315373403125 0.7738172703124999 0.3190274609375 0.7724118625 0.32240043906250004 0.7620118484375 0.3277409875 0.7488010203125001 0.332238290625 0.7341847828125 0.33757883906249997 0.7201307109374999
6 0.30609771406249997 0.7889956687499999 0.3134058328125 0.7904010765625 0.32155719375 0.7909632390625 0.3274599046875 0.7904010765625 0.3288653125 0.7859037718749999 0.329427475 0.78140646875 0.33027072031250004 0.775222678125 0.329427475 0.7707253734374999 0.32661666093749997 0.7701632109375 0.3212761140625 0.7715686171875 0.3184652984375 0.7718497 0.3142490765625 0.768476721875 0.3105950171875 0.7648226625000001 0.307222040625 0.7620118484375 0.3046923078125 0.760325359375 0.3016004109375 0.7606064421875 0.30019500312499997 0.7656659078125 0.298789596875 0.7732551078125 0.29822743281249997 0.7791578171875 0.29822743281249997 0.7830929578125 0.30019500312499997 0.7861848546875 0.30609771406249997 0.7889956687499999
5 0.2740880328125 0.640639496875 0.2806925640625 0.629631946875 0.2872970953125 0.62082590625 0.2872970953125 0.614221375 0.2872970953125 0.6054153328125 0.2806925640625 0.598810803125 0.279591809375 0.598810803125 0.27078576718749997 0.598810803125 0.26858425625 0.6065160875 0.25977821562500003 0.617523640625 0.25977821562500003 0.6252289265625001 0.265281990625 0.6373372328125 0.2740880328125 0.640639496875
