1 0.2892900359375 0.4652856359375 0.306542665625 0.466128271875 0.309706215625 0.4013581515625 0.292453734375 0.40051551874999997 0.2892900359375 0.4652856359375
2 0.3731299953125 0.422410878125 0.3189706921875 0.416396440625 0.3110185 0.488000665625 0.3651777984375 0.4940150734375 0.3731299953125 0.422410878125
7 0.3434003015625 0.3440485078125 0.33763437500000004 0.34431406249999996 0.341202425 0.42178293437500003 0.3469683515625 0.42151737968749997 0.3434003015625 0.3440485078125
7 0.3229412171875 0.3424357375 0.31882025468749997 0.343016821875 0.3291124875 0.4160046890625 0.3332334484375 0.4154236078125 0.3229412171875 0.3424357375
7 0.33740118125 0.315934896875 0.3339828125 0.31594687499999996 0.3342249984375 0.385059375 0.3376433671875 0.385047396875 0.33740118125 0.315934896875
1 0.6535512125 0.47154289531250004 0.673394746875 0.469884846875 0.6675421874999999 0.399846875 0.6476988359375 0.401504915625 0.6535512125 0.47154289531250004
2 0.647274046875 0.5218131578125 0.5903189656250001 0.5405513609375 0.6137260875 0.6116907796875 0.6706811125 0.5929526984375 0.647274046875 0.5218131578125
7 0.6445310703125 0.602124559375 0.64091875 0.603075 0.6579983328125001 0.667981278125 0.66161065 0.6670308421875 0.6445310703125 0.602124559375
7 0.63267660625 0.6970915125 0.6417415421875 0.6949107484375 0.6206438453125 0.60722451875 0.6115790671875 0.6094052624999999 0.63267660625 0.6970915125
5 0.597222596875 0.5230400734375 0.6390340265625001 0.52411209375 0.6417410718750001 0.41852678593750003 0.5999302640625 0.41745477343750004 0.597222596875 0.5230400734375
