2 0.2875 0.5271 0.2847578125 0.5378109375 0.283728125 0.55419375 0.2868140625 0.5718359375000001 0.2933296875 0.58065625 0.30224531250000003 0.582546875 0.31458906249999996 0.5882171875 0.32213125 0.5882171875 0.3289890625 0.5844375 0.33001874999999997 0.572465625 0.3327609375 0.55734375 0.33070468750000004 0.5397015625 0.32556093750000004 0.53025 0.315275 0.5208 0.3056734375 0.5214296875 0.2953875 0.5208 0.2875 0.5271
2 0.3440765625 0.5428515625 0.3355046875 0.5504125 0.3317328125 0.5630140625 0.328646875 0.5844375 0.329675 0.5901078125 0.33344687500000003 0.595778125 0.3389328125 0.6052296875 0.34819062500000003 0.6083796875 0.35607812499999997 0.6033390625 0.36122031250000003 0.5951484375 0.363278125 0.585696875 0.3639640625 0.5730953125 0.36705 0.556084375 0.3649921875 0.5434828125 0.3591640625 0.535921875 0.35162031250000003 0.535921875 0.3440765625 0.5428515625
2 0.36430625 0.579396875 0.360878125 0.596409375 0.36225 0.60081875 0.36567812499999997 0.60775 0.36979375000000003 0.6134203125 0.382821875 0.6140515625 0.390365625 0.6052296875 0.3985953125 0.5894781250000001 0.4009953125 0.5730953125 0.39482343750000004 0.549153125 0.3876234375 0.5453718750000001 0.37870781249999996 0.5466328125000001 0.37082187499999997 0.555453125 0.36636406250000003 0.567425 0.36430625 0.579396875
7 0.32358750000000003 0.49767031250000004 0.3269359375 0.48110156249999997 0.3300265625 0.44512343750000005 0.323071875 0.48062812499999996 0.3176625 0.504296875 0.319465625 0.515184375 0.32358750000000003 0.49767031250000004
7 0.31199374999999996 0.4882015625 0.313025 0.5009828125 0.31817656250000004 0.50145625 0.31894999999999996 0.47731406249999997 0.3202375 0.4484375 0.3241015625 0.42476875 0.3176625 0.4370765625 0.3158578125 0.46547968749999996 0.31199374999999996 0.4882015625
7 0.311221875 0.49814375 0.3083875 0.4735265625 0.306584375 0.4470171875 0.3050390625 0.4332890625 0.30555468750000003 0.4725796875 0.30710000000000004 0.4957765625 0.3081296875 0.5024031250000001 0.311221875 0.49814375
6 0.32899687499999997 0.4138796875 0.32925468750000003 0.4313953125 0.33311875 0.4190875 0.3323453125 0.405359375 0.3282234375 0.39399843749999997 0.32049531249999996 0.3963640625 0.3143125 0.40299218750000004 0.3145703125 0.4195609375 0.318434375 0.41009375 0.32513281250000003 0.4067796875 0.32899687499999997 0.4138796875
1 0.45316718749999996 0.5729390624999999 0.4503328125 0.5805125 0.450075 0.5880859375 0.45110625000000004 0.59708125 0.4526515625 0.605128125 0.453940625 0.5918734375 0.453425 0.581459375 0.45316718749999996 0.5729390624999999
1 0.462184375 0.59708125 0.46475937500000003 0.5876140624999999 0.4642453125 0.57483125 0.4590921875 0.5682046875 0.4560015625 0.57861875 0.4549703125 0.5937671875 0.45625781249999997 0.6098625 0.45857656249999995 0.603234375 0.462184375 0.59708125
1 0.492325 0.6340046874999999 0.49696093750000003 0.6245375 0.49696093750000003 0.61554375 0.4974765625 0.6074953125 0.4951578125 0.6003953125 0.4920671875 0.5956609375 0.4897484375 0.607021875 0.49000625 0.6235906250000001 0.49103593749999996 0.64110625 0.492325 0.6340046874999999
7 0.5101140625 0.458671875 0.5104578125 0.483875 0.5063421875 0.5166390625 0.5039421875000001 0.5500328125 0.5029140625 0.5834265624999999 0.5128578125 0.5878375 0.512171875 0.5601140625000001 0.5125140625 0.5160078125 0.51354375 0.46056093750000004 0.5101140625 0.458671875
1 0.55639375 0.5866765625 0.5583296875 0.6016140625 0.5600703125 0.6151296875 0.5616187499999999 0.6133515625 0.565684375 0.6058828125 0.5666515624999999 0.599125 0.565490625 0.5923671875000001 0.5641359375 0.5863203125 0.5610390625 0.5792078125 0.5569734375000001 0.5717390625000001 0.555425 0.5756515624999999 0.55639375 0.5866765625
2 0.5906515625 0.551821875 0.5844578125 0.555021875 0.5800062500000001 0.562846875 0.5805875 0.5795625 0.583490625 0.5945015625 0.588909375 0.6062375 0.5978125000000001 0.6094390625 0.607684375 0.61441875 0.6156203125 0.6108609375 0.6208453125 0.6051703125000001 0.6216203124999999 0.5952124999999999 0.619103125 0.5788515624999999 0.6158125 0.5642703124999999 0.6125234374999999 0.5582234374999999 0.6063296874999999 0.5564453125 0.6022640625 0.55715625 0.5974265625 0.5528890625 0.5906515625 0.551821875
2 0.6285875 0.5407953125 0.6204578125 0.543996875 0.6167812500000001 0.551821875 0.6163937500000001 0.56498125 0.6185234375 0.5880984375 0.6196843750000001 0.5913 0.6239421875 0.6001921875 0.626265625 0.6030375 0.6355546875 0.6051703125000001 0.6419421875 0.604815625 0.6481359375 0.59876875 0.65239375 0.5902328125 0.6533625 0.57991875 0.649103125 0.564625 0.6450390625 0.5507546875 0.6421359375 0.5415078125 0.638071875 0.540084375 0.6285875 0.5407953125
7 0.6269421875 0.4963375 0.622896875 0.47286406249999996 0.6154453125 0.42709062500000006 0.6158718750000001 0.4380453125 0.6190640625 0.46269218749999996 0.6220453125 0.49086093750000004 0.6248125 0.522159375 0.6309875 0.5174640625 0.6337546875 0.5194203125 0.6307750000000001 0.5108140624999999 0.6269421875 0.4963375
7 0.7108484374999999 0.46930468750000004 0.7145953125 0.46801250000000005 0.71295625 0.4598359375 0.713190625 0.4469265625 0.7143609375 0.41034531249999995 0.711315625 0.4301421875 0.7110828125 0.45165937500000003 0.7108484374999999 0.46930468750000004
7 0.7225578125000001 0.44176093749999995 0.7178734375 0.4064734375 0.7192796875 0.42540781250000004 0.719746875 0.44821718749999995 0.7183421875 0.46930468750000004 0.7220890625 0.4766203125 0.7225578125000001 0.44176093749999995
2 0.6450390625 0.6276734375 0.6375453125 0.631546875 0.6319250000000001 0.6319765625 0.6248984375 0.6332687499999999 0.618575 0.6457484375 0.6197468749999999 0.6608109375 0.6225562499999999 0.6771640624999999 0.6265375 0.678025 0.6309875 0.6788859375 0.6417609375 0.685340625 0.650659375 0.6831890625 0.6572171875 0.6788859375 0.6651796875 0.6715703125 0.671503125 0.661671875 0.6729078125 0.6479 0.6712687500000001 0.6336984375 0.667053125 0.6207874999999999 0.6619015625 0.6216484375 0.65440625 0.6238 0.6450390625 0.6276734375
7 0.6525328125 0.7249328125 0.6558125 0.742146875 0.659325 0.754196875 0.6651796875 0.7683984374999999 0.663540625 0.7554890624999999 0.6586218749999999 0.7352624999999999 0.655578125 0.71675625 0.655109375 0.7029859375 0.654875 0.694809375 0.6492546875 0.6973906249999999 0.6497234375 0.7120234375 0.6525328125 0.7249328125
7 0.6825109375 0.724503125 0.68813125 0.7348312499999999 0.6890671875 0.730096875 0.6832125 0.7180484375 0.6773578125 0.7059984375 0.6712687500000001 0.6922265624999999 0.6654140625 0.6801765625 0.6581546875 0.690075 0.6656484375 0.6952390625 0.6733765625 0.7081500000000001 0.6825109375 0.724503125
6 0.7059296875000001 0.7494640625 0.7066328125 0.7412859375 0.7049937500000001 0.73225 0.7019484375 0.72579375 0.6939859375 0.7171875 0.6902390625 0.7120234375 0.69703125 0.7339703125 0.6965625 0.7473109375 0.6937515624999999 0.7533359374999999 0.6890671875 0.7507546875 0.6853203125 0.7417171875 0.680403125 0.7313890625 0.6813390625 0.7404265624999999 0.6832125 0.751184375 0.6871937499999999 0.7628046875 0.69164375 0.76796875 0.6982015625 0.7653859375 0.7035875 0.7580703125 0.7059296875000001 0.7494640625
6 0.6689265625 0.7537671875 0.6708000000000001 0.76495625 0.671971875 0.775284375 0.6689265625 0.7821703125 0.6651796875 0.7778671875 0.6590906249999999 0.7671078125 0.6537046875 0.754628125 0.650659375 0.7460203125 0.6483171875 0.7369828125 0.6448046875 0.7335406250000001 0.6445703125 0.7447296875 0.6417609375 0.754196875 0.63941875 0.763234375 0.6410578124999999 0.7731328125 0.6452734375 0.7804484375 0.652065625 0.7869046875000001 0.659559375 0.7894859375000001 0.6647109375 0.7924984375 0.67525 0.7924984375 0.679465625 0.778296875 0.6808703125 0.766246875 0.6771234374999999 0.7585 0.671971875 0.757640625 0.6689265625 0.7537671875
1 0.40920468750000005 0.727515625 0.411546875 0.72579375 0.41576250000000003 0.7206296875 0.41950937499999996 0.715465625 0.4213828125 0.7098703125 0.4223203125 0.6999734375 0.4216171875 0.6930875000000001 0.41576250000000003 0.68964375 0.4127171875 0.697821875 0.41107812499999996 0.7120234375 0.40920468750000005 0.727515625
1 0.395153125 0.661671875 0.3895328125 0.6547859375 0.3850828125 0.6621015625 0.3853171875 0.6689875 0.38461406249999996 0.6801765625 0.38765937500000003 0.6775953125 0.39468437500000003 0.6711390625 0.395153125 0.661671875
7 0.3110765625 0.6741515625 0.30100625000000003 0.694378125 0.28976562499999997 0.7189078125 0.2911703125 0.724071875 0.304753125 0.6965296875 0.31295 0.6818984375 0.3190390625 0.673721875 0.32466093749999997 0.670709375 0.32185 0.6573687500000001 0.317634375 0.661240625 0.3110765625 0.6741515625
7 0.3263 0.7090109375 0.3202109375 0.7309578125 0.31037499999999996 0.7585 0.31693125 0.7507546875 0.3239578125 0.733109375 0.3277046875 0.7176171874999999 0.330515625 0.6995421875 0.3328578125 0.685340625 0.33590156250000003 0.6810375 0.33145156249999996 0.6750125 0.329578125 0.6849109375 0.3263 0.7090109375
6 0.3174 0.712453125 0.31060781249999997 0.7232125 0.30662656250000003 0.7309578125 0.3003046875 0.748603125 0.3000703125 0.7597921875 0.3040515625 0.77098125 0.3108421875 0.778296875 0.31810312500000004 0.7791578125 0.3263 0.77399375 0.3326234375 0.763234375 0.33613593750000004 0.751184375 0.33754062500000004 0.7434390625 0.338009375 0.73225 0.338946875 0.721490625 0.3398828125 0.7085796875 0.3366046875 0.7146046875 0.334496875 0.7202 0.33004687499999996 0.7326796875 0.326534375 0.736121875 0.322084375 0.7460203125 0.3183375 0.7593609375 0.3124828125 0.757640625 0.3108421875 0.751184375 0.3108421875 0.742146875 0.3138875 0.7348312499999999 0.3174 0.726225 0.318571875 0.71374375 0.3174 0.712453125
6 0.2820375 0.745159375 0.2864859375 0.7464515625 0.293278125 0.7412859375 0.2988984375 0.7356921875 0.30194375 0.7292375 0.3040515625 0.7180484375 0.306159375 0.7059984375 0.30451875 0.7094406249999999 0.30124062500000004 0.715465625 0.297259375 0.7232125 0.29374687499999996 0.7292375 0.288828125 0.7279453124999999 0.28508125 0.7206296875 0.285315625 0.7128828125 0.28437812500000004 0.7090109375 0.2827390625 0.7120234375 0.27852343749999997 0.7202 0.277353125 0.7283765625 0.2780546875 0.7387046875000001 0.2820375 0.745159375
8 0.3304717390625 0.7265072531250001 0.3418411796875 0.69467281875 0.3437360859375 0.6791345828125 0.3422201609375 0.66966005 0.3399462734375 0.6658702375 0.3308507203125 0.6643543109375 0.3270609078125 0.6556377390625 0.3206182234375 0.645784225 0.314175540625 0.637067653125 0.3096277640625 0.639720521875 0.3073538765625 0.6442682984375 0.3039430453125 0.657532646875 0.286509903125 0.7079371671875 0.287267865625 0.727265215625 0.29522647343749997 0.7208225328125 0.30091119375000003 0.71627475625 0.3058379515625 0.7102110546875 0.3081118390625 0.704147353125 0.3172073921875 0.7056632781250001 0.3168284109375 0.71324290625 0.31341757812500004 0.7374977125 0.3160704484375 0.748867153125 0.3304717390625 0.7265072531250001
5 0.6169816421875 0.6867142109375 0.6222873812499999 0.679892546875 0.6203924749999999 0.6734498624999999 0.612433865625 0.67231291875 0.611296921875 0.67231291875 0.5968956296875 0.682545415625 0.5972746124999999 0.685956246875 0.611296921875 0.6882301359375 0.6169816421875 0.6867142109375
