2 0.332761053125 0.5882172109375 0.3327608046875 0.5207998375 0.2837281390625 0.5208000515625 0.2837281078125 0.5882171453125 0.332761053125 0.5882172109375
2 0.37021858750000003 0.537514065625 0.33611349687500003 0.5326018859375 0.32566544375 0.605135390625 0.3597705265625 0.6100475375000001 0.37021858750000003 0.537514065625
2 0.4062752515625 0.54890178125 0.3711288953125 0.5422502359375 0.3580780796875 0.6112031015625 0.393224425 0.61785460625 0.4062752515625 0.54890178125
7 0.334376996875 0.44603237812499996 0.3300265109375 0.4451234265625 0.3155581765625 0.5143679921875 0.3199086625 0.5152769390625 0.334376996875 0.44603237812499996
7 0.3077045703125 0.5024416828125 0.3115798765625 0.5020901921875 0.305336696875 0.43326206718750004 0.3014614296875 0.43361355625 0.3077045703125 0.5024416828125
6 0.31528139374999997 0.432182521875 0.3337977765625 0.4311393703125 0.3316942140625 0.3938029046875 0.3131779171875 0.3948460546875 0.31528139374999997 0.432182521875
1 0.450774275 0.6052048015625 0.4544790234375 0.6050534843750001 0.45316718749999996 0.5729390624999999 0.44946246093750003 0.5730903796875 0.450774275 0.6052048015625
1 0.46604845624999997 0.5686781953125 0.4567214953125 0.568043315625 0.45388559375000004 0.609701025 0.4632125546875 0.6103359015625001 0.46604845624999997 0.5686781953125
1 0.49729115312500005 0.5955796609374999 0.48957226406250004 0.5956997546875 0.4902789796875 0.6411180265625 0.49799786875 0.640997934375 0.49729115312500005 0.5955796609374999
7 0.502890575 0.5877837875 0.512857896875 0.5878375 0.5135538296875 0.45869041250000003 0.5035867140625 0.4586367 0.502890575 0.5877837875
1 0.5630121031249999 0.5709588625 0.5545048296874999 0.5720580078124999 0.5600703031250001 0.6151296890625 0.5685775750000001 0.6140305484375 0.5630121031249999 0.5709588625
2 0.61300631875 0.5474780953125 0.575759009375 0.5547156640625001 0.5881006531249999 0.6182240640625001 0.62534795 0.6109865375 0.61300631875 0.5474780953125
2 0.6495800953125 0.5388615484375 0.6142869734375 0.5421126265625 0.620247625 0.606814040625 0.6555407421874999 0.6035629796875 0.6495800953125 0.5388615484375
7 0.6238459765625 0.42619776875 0.6147157390625 0.4271681671875 0.624812446875 0.52215938125 0.6339426828125 0.5211889890625 0.6238459765625 0.42619776875
7 0.7222943078124999 0.4064404578125 0.7178734375 0.4064734375 0.71839696875 0.4766478546875 0.7228178390625 0.4766148765625 0.7222943078124999 0.4064404578125
2 0.668989490625 0.62043093125 0.614420159375 0.629804396875 0.62447114375 0.6883105031250001 0.6790404624999999 0.67893709375 0.668989490625 0.62043093125
7 0.65792233125 0.769434690625 0.6653802578125 0.7683697984375 0.654875 0.694809375 0.6474171937500001 0.6958742578125 0.65792233125 0.769434690625
7 0.681472084375 0.7380662328125001 0.6912362453124999 0.7333228609375 0.6654140625 0.6801765625 0.6556500062499999 0.6849199031250001 0.681472084375 0.7380662328125001
6 0.7012043859375 0.71011418125 0.6768002671875 0.7143633687500001 0.6862975546875 0.7688996109375 0.710701665625 0.76465045 0.7012043859375 0.71011418125
6 0.6692937578125 0.8002095984375 0.6923990812499999 0.770296553125 0.6448046875 0.7335406250000001 0.6216994625 0.7634534578125 0.6692937578125 0.8002095984375
1 0.4236648578125 0.69057838125 0.41371323593750003 0.689401378125 0.40920468750000005 0.727515625 0.41915630937500004 0.7286926234375 0.4236648578125 0.69057838125
1 0.3953278046875 0.6549362015625 0.38527539375000003 0.6546755421875 0.38461406249999996 0.6801765625 0.3946664734375 0.680437221875 0.3953278046875 0.6549362015625
6 0.295426265625 0.77550153125 0.3305701828125 0.78187411875 0.3437358359375 0.7092783546875 0.308592496875 0.7029058218750001 0.295426265625 0.77550153125
6 0.27430404531249997 0.7443210171875 0.2987093625 0.748589371875 0.306159375 0.7059984375 0.2817542859375 0.701730103125 0.27430404531249997 0.7443210171875
5 0.6461304984375 0.6473732156249999 0.6007982984375 0.6393745703125 0.5877425484375001 0.7133576953125 0.6330747328124999 0.721356278125 0.6461304984375 0.6473732156249999
5 0.3349396390625 0.613418753125 0.2790176984375 0.5770088234374999 0.23839036875000003 0.639401165625 0.29431210625 0.6758108359375 0.3349396390625 0.613418753125
5 0.2421875 0.45535714218749995 0.2126232703125 0.4974822625 0.28459802500000003 0.547991340625 0.3141619375 0.5058665046875 0.2421875 0.45535714218749995
5 0.7550328359375 0.6622812125 0.7270459359375 0.5999555265625001 0.65914553125 0.6304420000000001 0.68713189375 0.6927672312500001 0.7550328359375 0.6622812125
8 0.356098153125 0.6397515125 0.33359348906249997 0.6351561968749999 0.3072928328125 0.763940015625 0.32979747656249997 0.7685352671875 0.356098153125 0.6397515125
8 0.340793153125 0.637362209375 0.31276699531249996 0.6287747453125 0.2816358921875 0.730360671875 0.309662009375 0.7389480421875 0.340793153125 0.637362209375
