2 0.39166875 0.47872031249999997 0.38135625 0.48447031249999994 0.37212812500000003 0.5109281250000001 0.37429843749999997 0.5304828125000001 0.3835265625 0.5477375 0.398725 0.5431359375 0.40306875 0.5270312500000001 0.40903906250000005 0.4948234375 0.406325 0.47526875 0.40089687500000004 0.47411875 0.39166875 0.47872031249999997
2 0.4198953125 0.49252343749999994 0.41229531250000007 0.4959734375 0.4074109375 0.5063265625 0.39981093749999996 0.5304828125000001 0.406325 0.5511874999999999 0.411753125 0.562690625 0.41826718749999997 0.561540625 0.42695156250000005 0.5546390625 0.4318375 0.5408359375 0.4340078125 0.5212796875000001 0.4285796875 0.502875 0.4198953125 0.49252343749999994
7 0.3127828125 0.42384843749999995 0.3170734375 0.40242187500000004 0.31768593749999996 0.38164375 0.31829843750000003 0.366709375 0.31584687499999997 0.34658125 0.314621875 0.3654109375 0.313396875 0.3874875 0.3103328125 0.40501875 0.30788125 0.41605625 0.30726875 0.42190000000000005 0.3127828125 0.42384843749999995
7 0.30665 0.42174375 0.3041265625 0.3802890625 0.30444218749999996 0.35621875 0.3019171875 0.3334859375 0.3022328125 0.42040625 0.30665 0.42174375
7 0.40571875 0.3849578125 0.4000515625 0.406365625 0.40162812499999995 0.4157265625 0.404153125 0.3976734375 0.40571875 0.3849578125
7 0.4246625 0.42441874999999996 0.424978125 0.372934375 0.42529374999999997 0.3354921875 0.42150781249999997 0.3990109375 0.42024531249999997 0.42174375 0.4246625 0.42441874999999996
7 0.58363125 0.42914375 0.5794312500000001 0.4024453125 0.580690625 0.36684843749999996 0.5748109375 0.3419296875 0.5748109375 0.4024453125 0.5739703125 0.4585109375 0.5756515624999999 0.4763109375 0.58363125 0.478090625 0.5861500000000001 0.45050156250000006 0.58363125 0.42914375
1 0.71188125 0.463296875 0.713315625 0.4614734375 0.715896875 0.451140625 0.7156109374999999 0.4395921875 0.71216875 0.4256109375 0.7084390625 0.42135625 0.7041359375 0.41892500000000005 0.6972515625 0.42317968749999996 0.696678125 0.42925781250000006 0.6981124999999999 0.4408078125 0.70098125 0.45174843750000004 0.7035625 0.45843437500000006 0.7087265625 0.46208125000000005 0.71188125 0.463296875
1 0.5931234375 0.61039375 0.5916890625 0.5951984375 0.5876718750000001 0.587903125 0.585378125 0.5903343750000001 0.5848046874999999 0.601884375 0.5882468750000001 0.6122171875 0.590540625 0.6128250000000001 0.5931234375 0.61039375
1 0.5845171875 0.601884375 0.5842296874999999 0.587903125 0.5819359375000001 0.5848640625 0.579928125 0.58911875 0.5787796875 0.60066875 0.582509375 0.61039375 0.5845171875 0.601884375
1 0.293996875 0.5757749999999999 0.300778125 0.5641703125 0.304428125 0.5553296875 0.305471875 0.5404093750000001 0.302603125 0.53156875 0.29817031250000003 0.5260421875 0.29295468750000003 0.5293578125 0.28878125 0.5448296874999999 0.286434375 0.560303125 0.284609375 0.5785375 0.288 0.5801953125 0.293996875 0.5757749999999999
1 0.29321406250000004 0.5249375 0.2919109375 0.5221750000000001 0.28695624999999997 0.518859375 0.2825234375 0.5238328125 0.2786109375 0.5343312499999999 0.2801765625 0.5498031250000001 0.289825 0.5415140625 0.29321406250000004 0.5365421875 0.29321406250000004 0.5249375
5 0.6425 0.573125 0.64625 0.569375 0.6487499999999999 0.5587500000000001 0.63625 0.5575 0.624375 0.569375 0.62375 0.575 0.625625 0.5775 0.635 0.579375 0.6425 0.573125
