2 0.3645453125 0.4609015625 0.353084375 0.46640781249999996 0.35047968749999997 0.4884359375 0.3483953125 0.51486875 0.34943749999999996 0.5280859375 0.3588140625 0.54460625 0.367671875 0.5501125 0.3786125 0.5390984375000001 0.3786125 0.47962499999999997 0.3739234375 0.47191406249999995 0.3645453125 0.4609015625
1 0.5424703125 0.5166828125 0.5442265625 0.5119125 0.543725 0.498665625 0.543975 0.48594687499999994 0.542721875 0.480646875 0.5402140625 0.49495468750000005 0.5392109375 0.502375 0.5404656250000001 0.510853125 0.5424703125 0.5166828125
1 0.5600203125000001 0.6247874999999999 0.5597703125 0.6120687499999999 0.5597703125 0.5914015625 0.5580140625000001 0.572325 0.556259375 0.5739140625 0.5532515625000001 0.5845125 0.5509953125 0.5977609375 0.5512453125000001 0.6073000000000001 0.558265625 0.6178984375 0.5600203125000001 0.6247874999999999
1 0.40940000000000004 0.572415625 0.40051718750000004 0.5705390625 0.39874062499999996 0.580865625 0.40851249999999995 0.59213125 0.4133984375 0.5864984375 0.41783906249999997 0.5733546875 0.40940000000000004 0.572415625
0 0.4642184828125 0.490870271875 0.521102153125 0.489279121875 0.5791791875000001 0.46819636249999996 0.5771902484375 0.4308043 0.5533229734375 0.44751139218749997 0.5246822453125 0.4602406046875 0.5000193953125 0.4642184828125 0.459047240625 0.46063839218749997 0.4240419046875 0.4602406046875 0.39341223593749997 0.4447268765625 0.35204229531250003 0.42364411718749995 0.3524400828125 0.4240419046875 0.3524400828125 0.4260308453125 0.35124671875 0.4642184828125 0.3922188734375 0.480925575 0.4642184828125 0.490870271875
6 0.39161114375 0.7079270046875 0.3950164578125 0.704900059375 0.3976650359375 0.7030082171875 0.3999352453125 0.6988461671875 0.40069198281249996 0.695440853125 0.3984217734375 0.6893869609375 0.3972866671875 0.6878734875 0.3950164578125 0.6958192203125 0.3882058296875 0.6965759578124999 0.38669235625 0.6916571703125001 0.3859356203125 0.6878734875 0.384800515625 0.6844681718750001 0.38290867500000003 0.6893869609375 0.38177356875 0.694684115625 0.38290867500000003 0.7011163765624999 0.3840437796875 0.7067919 0.3878274609375 0.7105755828125 0.39161114375 0.7079270046875
0 0.5369045531250001 0.6364154046875 0.56793075 0.6269561984375 0.58798426875 0.6201455703125001 0.5864707953125 0.5868491625 0.5418233406249999 0.598956946875 0.4835546296875 0.6076594171874999 0.42906960156249996 0.60614594375 0.4071242421875 0.6023622625 0.39161114375 0.5974434750000001 0.38669235625 0.6296047765624999 0.413934871875 0.6224157796875 0.43966391250000003 0.6265778296875 0.475608896875 0.6314966171874999 0.5028514109375 0.6296047765624999 0.5217698234375 0.6318749859375 0.5369045531250001 0.6364154046875
5 0.2626657796875 0.43554274687500005 0.26802630625 0.4455937328125 0.2894684109375 0.45162432499999994 0.3095703828125 0.45296445781249994 0.32900229062499997 0.45430458749999997 0.3377131453125 0.45497465468750004 0.347094065625 0.45363452187500003 0.33302268437500004 0.449614128125 0.33235261875 0.450954259375 0.316271040625 0.4415733390625 0.30420985625 0.43554274687500005 0.284107884375 0.43219241718749996 0.2740568984375 0.43085228750000004 0.2633358453125 0.434202615625 0.2626657796875 0.43554274687500005
5 0.6077496484375 0.480437153125 0.6198108328124999 0.47976708749999997 0.6358924109374999 0.4730664296875 0.6506338578124999 0.46301544375 0.6680555671875 0.45363452187500003 0.6834670796875 0.4422434046875 0.685477278125 0.43085228750000004 0.6707358296875 0.431522353125 0.641923003125 0.4435835375 0.611099978125 0.4569848515625 0.5943483328125 0.47105623281250003 0.5950184000000001 0.4717262984375 0.582957215625 0.4730664296875 0.58362728125 0.47842695625 0.587647675 0.48244735156249996 0.6077496484375 0.480437153125
5 0.6935180671875 0.5199710328125 0.6647052390625 0.5306920859375001 0.6345522796874999 0.5507940578125 0.6057394515625 0.5628552421874999 0.5950184000000001 0.56821576875 0.6171305703125001 0.5695559 0.6238312265625 0.571566096875 0.7075894484374999 0.5300220203125 0.6935180671875 0.5199710328125
5 0.315600975 0.5615151109375 0.3363730140625 0.5722361625 0.347094065625 0.5775966890625 0.36049538124999997 0.5755864921875 0.3799272890625 0.5722361625 0.376576959375 0.567545703125 0.376576959375 0.56821576875 0.343073671875 0.558834846875 0.31225064687500004 0.5487838625 0.2908085421875 0.5367226781250001 0.2874582125 0.5407430718749999 0.298179265625 0.553474321875 0.315600975 0.5615151109375
