2 0.3483952375 0.5501125 0.37861267656250003 0.5501125 0.378612453125 0.4609015625 0.348395428125 0.4609015625 0.3483952375 0.5501125
1 0.53934984375 0.5167130421875 0.5442726203125 0.516665353125 0.5439235375 0.48063523437500005 0.5390007875 0.48068292343749996 0.53934984375 0.5167130421875
1 0.5511981640625 0.6248535546875 0.5600203375 0.6247874999999999 0.5596273593750001 0.5723129203124999 0.55080526875 0.572378975 0.5511981640625 0.6248535546875
1 0.41783906249999997 0.5733546875 0.40054460468749997 0.570379684375 0.3971390921875 0.5901747921875 0.4144335484375 0.593149790625 0.41783906249999997 0.5733546875
6 0.37577745625 0.7155313999999999 0.3986689171875 0.71899661875 0.408158128125 0.6563186203125 0.38526696562499996 0.652853425 0.37577745625 0.7155313999999999
5 0.36869130625 0.6476673625 0.41161520312500005 0.6028176328125 0.2845855328125 0.4812547546875 0.24166224062500002 0.5261038109375 0.36869130625 0.6476673625
5 0.7867487468750001 0.5520593984375 0.7399542546875 0.45981925468749996 0.565890809375 0.5481153359375 0.612683546875 0.6403539734375 0.7867487468750001 0.5520593984375
5 0.7607653625 0.4128692734375 0.7198652937500001 0.3459808703125 0.5449865109375 0.4529076015625 0.5858855468749999 0.5197951062499999 0.7607653625 0.4128692734375
5 0.31198795 0.349992340625 0.2578125 0.3850446421875 0.3437492921875 0.5178575999999999 0.3979244484375 0.4828056625 0.31198795 0.349992340625
7 0.3650367921875 0.3527696234375 0.3602573703125 0.353137253125 0.366666653125 0.436458334375 0.37144607500000004 0.43609070625 0.3650367921875 0.3527696234375
