2 0.34943749999999996 0.5280859375 0.3588140625 0.54460625 0.367671875 0.5501125 0.3786125 0.5390984375000001 0.3786125 0.47962499999999997 0.3739234375 0.47191406249999995 0.3645453125 0.4609015625 0.353084375 0.46640781249999996 0.35047968749999997 0.4884359375 0.3483953125 0.51486875 0.34943749999999996 0.5280859375
1 0.543725 0.498665625 0.543975 0.48594687499999994 0.542721875 0.480646875 0.5402140625 0.49495468750000005 0.5392109375 0.502375 0.5404656250000001 0.510853125 0.5424703125 0.5166828125 0.5442265625 0.5119125 0.543725 0.498665625
1 0.5580140625000001 0.572325 0.556259375 0.5739140625 0.5532515625000001 0.5845125 0.5509953125 0.5977609375 0.5512453125000001 0.6073000000000001 0.558265625 0.6178984375 0.5600203125000001 0.6247874999999999 0.5597703125 0.6120687499999999 0.5597703125 0.5914015625 0.5580140625000001 0.572325
1 0.40940000000000004 0.572415625 0.40051718750000004 0.5705390625 0.39874062499999996 0.580865625 0.40851249999999995 0.59213125 0.4133984375 0.5864984375 0.41783906249999997 0.5733546875 0.40940000000000004 0.572415625
6 0.39918593750000003 0.6728671875 0.3943 0.69164375 0.3889703125 0.6982140625000001 0.3858609375 0.6803781250000001 0.38675000000000004 0.6644187500000001 0.38053125 0.6841328125 0.3814203125 0.707603125 0.3854171875 0.716990625 0.39518749999999997 0.7113578125 0.4009625 0.703846875 0.404515625 0.6803781250000001 0.40584687500000005 0.65596875 0.39918593750000003 0.6728671875
7 0.359886434375 0.3440346828125 0.3528563390625 0.3510619171875 0.3527343578125 0.4591796875 0.3559808328125 0.5290849015625 0.38019555 0.5306464828124999 0.380976659375 0.49082556562499996 0.37707105625000004 0.4330461671875 0.359886434375 0.3440346828125
5 0.3762899484375 0.6430820875000001 0.38566336875 0.5977955171875 0.2794921703125 0.5382812515625 0.268495321875 0.5923299531249999 0.3762899484375 0.6430820875000001
5 0.6973303828125 0.5993571281250001 0.6832701937500001 0.5657825953125 0.6076171703125001 0.5949218765625 0.617656134375 0.6376164328125 0.6973303828125 0.5993571281250001
5 0.6770213265625 0.40571807812499994 0.659055534375 0.3698011734375 0.5968749828125001 0.4035156265625 0.6121883171875 0.4478814265625 0.6770213265625 0.40571807812499994
5 0.3356717171875 0.43851179062499995 0.35754305 0.40571807812499994 0.31855466875 0.3371093765625 0.28411772812499997 0.383074821875 0.3356717171875 0.43851179062499995
