1 0.2843265625 0.4920484375 0.2868203125 0.5012140625 0.29243125000000003 0.5086593749999999 0.298978125 0.513815625 0.3049 0.5098046875 0.31051093750000003 0.5035046875 0.3133171875 0.4863203125 0.314875 0.47371875 0.311446875 0.4645546875 0.308953125 0.45596249999999994 0.3067703125 0.4496609375 0.300225 0.45481718750000005 0.29554843750000004 0.45997187500000003 0.288690625 0.472 0.28557343749999997 0.48116562500000004 0.2843265625 0.4920484375
1 0.32734375 0.49032968749999994 0.3267203125 0.4857484375 0.3254734375 0.4760109375 0.318928125 0.472 0.3154984375 0.47887500000000005 0.3117578125 0.490903125 0.31051093750000003 0.5012140625 0.3133171875 0.5149609374999999 0.31674531250000004 0.512096875 0.3229796875 0.5035046875 0.326096875 0.4977765625 0.32734375 0.49032968749999994
1 0.5259046875 0.52928125 0.5280875 0.5264171875 0.5283984375 0.52240625 0.5283984375 0.51610625 0.5271515625000001 0.512096875 0.524034375 0.5080875 0.5206062499999999 0.5229796875 0.5221640625 0.5321453125 0.5259046875 0.52928125
7 0.6200421875 0.3792078125 0.6209781249999999 0.4067015625 0.61973125 0.4336234375 0.6200421875 0.44737031250000003 0.6300171875 0.443934375 0.6240953124999999 0.3843625 0.6250296875 0.3517125 0.62440625 0.3482765625 0.6200421875 0.3792078125
7 0.65460625 0.36610312500000003 0.6538328124999999 0.3561625 0.651771875 0.3414875 0.64996875 0.3741515625 0.65125625 0.39450625 0.6538328124999999 0.42385624999999993 0.6551218750000001 0.42717031250000004 0.66181875 0.4233828125 0.6558937499999999 0.390246875 0.65460625 0.36610312500000003
1 0.6906718749999999 0.4574671875 0.6886109375 0.4517875 0.6855203125 0.4574671875 0.6855203125 0.46267500000000006 0.6880953125 0.46882812500000004 0.6911875000000001 0.4730890625 0.6914453125 0.46504218750000004 0.6906718749999999 0.4574671875
1 0.6958249999999999 0.4664625 0.69608125 0.46078125 0.6927328125 0.4565203125 0.6919593749999999 0.4612546875 0.6911875000000001 0.4669359375 0.692990625 0.4730890625 0.6945359375 0.4711953125 0.6958249999999999 0.4664625
1 0.64765 0.44515937499999997 0.6448171874999999 0.44705312499999994 0.6445593749999999 0.46030781249999997 0.647134375 0.45983437499999996 0.6489390625 0.4551 0.650484375 0.4527328125 0.6515140625 0.44989375000000004 0.6528031249999999 0.44515937499999997 0.6533171875 0.43900468750000005 0.6515140625 0.4408984375 0.64765 0.44515937499999997
1 0.7682140625 0.42480312500000006 0.7700171874999999 0.41012812500000007 0.7687296875 0.404921875 0.762546875 0.4072890625 0.7576515625 0.40965468749999995 0.7568796875 0.4262234375 0.7612578125 0.4290640625 0.764865625 0.4281171875 0.7682140625 0.42480312500000006
1 0.7754265625000001 0.5227953125 0.779034375 0.516640625 0.7795484375 0.50859375 0.7787765624999999 0.5005453125 0.7764578125 0.498178125 0.769759375 0.49107812500000003 0.767440625 0.4962859375 0.7620312499999999 0.505753125 0.758425 0.5147468749999999 0.7519843749999999 0.5280015625 0.7545609375 0.5327359375 0.7599703124999999 0.533209375 0.765121875 0.531315625 0.7695015625 0.528475 0.7754265625000001 0.5227953125
1 0.7416796875 0.5403109374999999 0.7445140625 0.538890625 0.7445140625 0.5322625000000001 0.7429671875 0.5280015625 0.73961875 0.52658125 0.7373000000000001 0.5303687499999999 0.7388453125 0.535103125 0.7393609375 0.5403109374999999 0.7416796875 0.5403109374999999
7 0.6651687500000001 0.61841875 0.6757296875 0.6392484375 0.6839734375 0.6648109375 0.6919593749999999 0.6865875 0.6981421875 0.6941609375 0.7014921875 0.696528125 0.6909296875 0.670965625 0.6852625 0.6510828125 0.6785640625 0.6288343750000001 0.6744421875 0.6141593750000001 0.6651687500000001 0.61841875
1 0.4103875 0.6444546875 0.4091 0.6373546875 0.40858437500000006 0.6326203125000001 0.40497812499999997 0.62599375 0.40162812499999995 0.6264671875000001 0.40162812499999995 0.6345140625 0.4011125 0.6425625 0.3987953125 0.66055 0.40085625 0.6629171875 0.4054921875 0.6591296875 0.4103875 0.6529765624999999 0.4103875 0.6444546875
1 0.27359374999999997 0.639721875 0.27642812499999997 0.637828125 0.28080781250000003 0.6316734375 0.2833828125 0.6255203125000001 0.28054999999999997 0.6188921875 0.2748828125 0.6108453125 0.273078125 0.623153125 0.2725640625 0.6359343749999999 0.27359374999999997 0.639721875
7 0.1777609375 0.5895421875 0.17209375 0.5843359375 0.1628203125 0.6070578125 0.15431875 0.621259375 0.1411796875 0.6359343749999999 0.1422109375 0.639721875 0.152 0.6302531250000001 0.16024375 0.6226796875 0.165653125 0.6117921875000001 0.17209375 0.60374375 0.1777609375 0.5895421875
7 0.16488125 0.557825 0.15895625 0.5672937499999999 0.146846875 0.577234375 0.1393765625 0.5867015624999999 0.1288140625 0.6089515624999999 0.1386046875 0.5942765624999999 0.14762031250000002 0.5838625000000001 0.1599859375 0.5748671875 0.167971875 0.571553125 0.16488125 0.557825
0 0.38141413125 0.6407490124999999 0.35953331093749996 0.6172908453125 0.34077839062500004 0.6172908453125 0.3063943296875 0.6157269921874999 0.28451350937500003 0.6219824671875 0.2579438984375 0.6079076031249999 0.22668561718750002 0.5969604453125 0.2001161265625 0.5781939 0.1891757765625 0.5562995859375001 0.1688578453125 0.5562995859375001 0.1468749640625 0.5589843765625 0.1719836265625 0.5875771421875 0.19230155625 0.6219824671875 0.22668561718750002 0.6298018578125 0.295453859375 0.6516961703125 0.3314009296875 0.639185159375 0.38141413125 0.6407490124999999
0 0.75182483125 0.5312775640625 0.7018115109374999 0.573502278125 0.6893082703125 0.5969604453125 0.6533612 0.604779834375 0.62210291875 0.6079076031249999 0.6312499640625 0.6253906265625 0.6705532296875 0.6219824671875 0.7049374109375 0.6094714578125 0.7424472515625 0.5688106562499999 0.778394321875 0.5453524890625 0.7893346734375 0.5140749328124999 0.75182483125 0.5312775640625
