1 0.281799653125 0.5116921640625 0.3097536125 0.5151476015625 0.31768224218749996 0.45100978593749996 0.2897285453125 0.447554365625 0.281799653125 0.5116921640625
1 0.30788199843749997 0.514050959375 0.32294959218749997 0.5165736265625 0.330099609375 0.4738703734375 0.3150321109375 0.4713477140625 0.30788199843749997 0.514050959375
1 0.5199092515625 0.531970528125 0.5276107156250001 0.5325675140625 0.5294757546875 0.50850929375 0.5217743203125 0.507912309375 0.5199092515625 0.531970528125
7 0.6278517765625 0.3481986328125 0.6178041999999999 0.348425884375 0.6200421875 0.44737031250000003 0.6300897640625001 0.4471430625 0.6278517765625 0.3481986328125
7 0.6886381390625 0.3470061203125 0.6795952546875 0.3457484296875 0.6668678671875 0.4372551546875 0.6759107515625 0.4385128390625 0.6886381390625 0.3470061203125
7 0.6687947390625 0.3376148234375 0.6615609375 0.3377 0.6625921828125 0.4252765625 0.669825984375 0.42519138593749994 0.6687947390625 0.3376148234375
7 0.65423899375 0.427275196875 0.662169321875 0.4263330953125 0.6520849609375 0.34145030625 0.6441547140624999 0.3423924015625 0.65423899375 0.427275196875
1 0.686631125 0.47355425625 0.6922558015625 0.47297999218750003 0.690076675 0.4516378515625 0.684452015625 0.45221211562499997 0.686631125 0.47355425625
1 0.6970952593749999 0.457112971875 0.6926049625 0.45650294375 0.69039934375 0.472737025 0.6948896390625 0.4733470515625 0.6970952593749999 0.457112971875
1 0.6414395015625 0.45945839375 0.64839426875 0.4613519015625 0.654398728125 0.4392991484375 0.6474439828125 0.43740564375 0.6414395015625 0.45945839375
1 0.7702564125 0.4049929953125 0.75789555625 0.40441718125000004 0.7567571203125001 0.42885440468749997 0.7691179765625 0.42943021718749996 0.7702564125 0.4049929953125
1 0.787051775 0.4988863265625 0.7688446046874999 0.4906650703125 0.7506449328125 0.530967709375 0.768852084375 0.5391889375 0.787051775 0.4988863265625
1 0.743183234375 0.525842425 0.73664275 0.5271980968750001 0.739456459375 0.5407717546875 0.74599694375 0.5394160828125 0.743183234375 0.525842425
7 0.6918589125 0.6996913046875 0.701492475 0.69652803125 0.6744421875 0.6141593750000001 0.66480878125 0.617322621875 0.6918589125 0.6996913046875
7 0.6543885328125 0.722931659375 0.6651348546875 0.722503828125 0.660841940625 0.6146923296875 0.65009585625 0.6151201546875 0.6543885328125 0.722931659375
1 0.41257769062499994 0.6266253109375 0.40169017656249995 0.6257205046875 0.39861405 0.66273085 0.40950156406250005 0.663635653125 0.41257769062499994 0.6266253109375
1 0.2839583609375 0.6112102875 0.27357525781250003 0.6107927296875 0.2724136375 0.6396744171875001 0.282796740625 0.640091975 0.2839583609375 0.6112102875
7 0.1806503671875 0.5894618359375 0.1720936 0.5843358484375 0.13978219375 0.638266925 0.1483389390625 0.6433928828125001 0.1806503671875 0.5894618359375
7 0.173385878125 0.565726325 0.16488121875 0.5578249703125 0.1226755875 0.6032485421875 0.13118020625 0.6111498531249999 0.173385878125 0.565726325
