7 0.279593478125 0.4440219296875 0.27413296875 0.44519885625000005 0.28828905 0.510873440625 0.293749559375 0.50969651875 0.279593478125 0.4440219296875
7 0.296256559375 0.419762503125 0.2901390625 0.4202375 0.2974683265625 0.5146252359375 0.3035858234375 0.5141502421874999 0.296256559375 0.419762503125
1 0.5994531000000001 0.5513578125 0.6108640984375 0.5513578125 0.6108640609375 0.5120828125 0.599453134375 0.5120828125 0.5994531000000001 0.5513578125
7 0.6666692109375 0.43015503906249997 0.65879291875 0.429699878125 0.6524953124999999 0.53866875 0.6603716046875 0.5391239078125001 0.6666692109375 0.43015503906249997
1 0.6747978609375 0.6730236109375001 0.665140625 0.6752281250000001 0.6717158609375 0.7040279093749999 0.68137309375 0.7018234031249999 0.6747978609375 0.6730236109375001
1 0.3559243515625 0.6567257328125 0.3413694671875 0.656460965625 0.340476853125 0.7055230921875 0.3550317390625 0.7057878578125 0.3559243515625 0.6567257328125
1 0.3226360546875 0.6967313609375 0.3318548984375 0.697571565625 0.33514374999999996 0.661490625 0.325924975 0.6606504234374999 0.3226360546875 0.6967313609375
5 0.3785720984375 0.498967428125 0.34765625 0.5104166671875 0.373697771875 0.5807292203125 0.40461358281250004 0.5692800515625 0.3785720984375 0.498967428125
5 0.6458333328125 0.51953125 0.61328125 0.51953125 0.61328125 0.5794270828125 0.6458333328125 0.5794270828125 0.6458333328125 0.51953125
8 0.6577330578125 0.6310377484374999 0.633699321875 0.6329601703125001 0.6480500484375 0.8123432671874999 0.6720837796875 0.81042088125 0.6577330578125 0.6310377484374999
8 0.6360582984375001 0.6240892875 0.612474309375 0.6256036203125 0.6241497593750001 0.807408184375 0.6477337453125 0.8058938812499999 0.6360582984375001 0.6240892875
8 0.2625 0.42734375 0.24765625 0.42734375 0.24765625 0.48828125 0.2625 0.48828125 0.2625 0.42734375
