1 0.8367703421874999 0.4997021734375 0.84039063125 0.49933281249999995 0.8383437499999999 0.47927187499999996 0.8347234718750001 0.4796412359375 0.8367703421874999 0.4997021734375
1 0.8476585953125 0.479634128125 0.8414140625 0.4799640625 0.8424374984374999 0.49933281249999995 0.8486820312500001 0.49900287812500005 0.8476585953125 0.479634128125
7 0.4610742765625 0.63905616875 0.44903362187500007 0.6372620906249999 0.43015 0.7639781250000001 0.44219064843749994 0.7657721796875 0.4610742765625 0.63905616875
7 0.41858555468749997 0.686658671875 0.4140827234375 0.6856597437499999 0.3987202171875 0.75489804375 0.403223046875 0.7558969640625001 0.41858555468749997 0.686658671875
9 0.3339942421875 0.39759558125 0.3830572203125 0.404573990625 0.40292665781250003 0.264881953125 0.35386438125 0.2579035953125 0.3339942421875 0.39759558125
9 0.3473834796875 0.1694579078125 0.3039000515625 0.1815364015625 0.3371935453125 0.3013934390625 0.380676953125 0.28931499843749997 0.3473834796875 0.1694579078125
9 0.8759191328125 0.3390842390625 0.9077273984374999 0.341123175 0.9142948484375 0.2386686921875 0.882486878125 0.236629765625 0.8759191328125 0.3390842390625
9 0.884227340625 0.70285420625 0.9336059078125001 0.7033563078125 0.9355418375 0.512906940625 0.8861649625 0.5124048484375 0.884227340625 0.70285420625
9 0.2859363453125 0.704669571875 0.3515691265625 0.708006465625 0.3609262953125 0.5239602062500001 0.295295725 0.5206233671875 0.2859363453125 0.704669571875
1 0.51950320625 0.6298337046875 0.5041592296874999 0.6298337046875 0.5041592296874999 0.6736736375000001 0.51950320625 0.6736736375000001 0.51950320625 0.6298337046875
6 0.8469155765625 0.7695567796875 0.8751662375 0.75270825625 0.8512863718749999 0.7126747453125 0.8230359406250001 0.72952318125 0.8469155765625 0.7695567796875
6 0.810743021875 0.78757828125 0.8360966265625001 0.7799462953125 0.820933865625 0.729584740625 0.7955805484375 0.73721668125 0.810743021875 0.78757828125
