1 0.1972 0.56923125 0.19035312499999998 0.5558125 0.184878125 0.5667140625 0.188984375 0.5868421875000001 0.19948125 0.59690625 0.20313281249999998 0.5834875 0.1972 0.56923125
1 0.2350796875 0.622903125 0.2378171875 0.6036140624999999 0.230971875 0.5927125 0.2245828125 0.5943890625 0.22321249999999998 0.6027765625 0.2223 0.6254187499999999 0.22868906249999998 0.6329671875 0.2350796875 0.622903125
1 0.3245296875 0.6589640625000001 0.3336578125 0.6497390625 0.3382203125 0.6262578125 0.3363953125 0.6128390625 0.3240734375 0.617871875 0.319053125 0.632128125 0.317228125 0.6421921875 0.319509375 0.6522546874999999 0.3245296875 0.6589640625000001
1 0.2903015625 0.646384375 0.2903015625 0.6346437500000001 0.2875625 0.6312890624999999 0.28664999999999996 0.6245796875 0.2811734375 0.627096875 0.2798046875 0.646384375 0.2820859375 0.654771875 0.2903015625 0.646384375
1 0.275696875 0.5289765625 0.2706765625 0.5205890625 0.26656875 0.534846875 0.2683953125 0.5432328125 0.275240625 0.5365234375 0.275696875 0.5289765625
1 0.5864921875 0.659803125 0.5915125 0.6665125 0.5983578125 0.663996875 0.6001828125 0.65309375 0.59425 0.6472234375 0.5869484375 0.6430296875 0.5864921875 0.659803125
8 0.6130617265625 0.5086883624999999 0.614116003125 0.5208125421875 0.6214959375 0.5208125421875 0.6299301500000001 0.5229210937500001 0.6336201171875 0.5213396796875001 0.6373100828125 0.496037046875 0.64521715625 0.4290904953125 0.6436357421875 0.4153849015625 0.63572866875 0.411694934375 0.6130617265625 0.5086883624999999
5 0.6831711078125 0.5176497125 0.6678840984375001 0.524502509375 0.6494342625 0.5303010296874999 0.646798571875 0.5355724109375 0.6483799859375 0.5403166546875 0.67262834375 0.54189806875 0.69213245625 0.525029646875 0.6831711078125 0.5176497125
5 0.36267108124999997 0.6499614 0.3542368703125 0.6462714328125 0.3494926265625 0.64416288125 0.3442212453125 0.64416288125 0.338422725 0.647325709375 0.340531278125 0.6489071234375 0.341058415625 0.651015678125 0.3542368703125 0.6525970921875001 0.36372535781250004 0.6525970921875001 0.36267108124999997 0.6499614
0 0.6114380734375 0.5565254578125 0.6963695859375 0.53895341875 0.77251508125 0.5140597 0.7681220718749999 0.4884338125 0.700030428125 0.508202353125 0.648046484375 0.5213813828125 0.5931338671875 0.5257743921875 0.5645793078125 0.5257743921875 0.5301674000000001 0.527970896875 0.49575549375000005 0.535292578125 0.4679331015625 0.536024746875 0.40350229843749996 0.5287030640625 0.40862747656250004 0.568240146875 0.41961000000000004 0.5719009890625 0.46573659687499996 0.57409749375 0.5330960734375 0.5719009890625 0.6114380734375 0.5565254578125
0 0.6168233437499999 0.688645240625 0.6337226140625 0.6810405687500001 0.6979398390625 0.6717459703124999 0.747792684375 0.6472420296875 0.7334283046875 0.619358234375 0.693715021875 0.6337226140625 0.6506218828125 0.6447071390625 0.5771100609375 0.6607614453124999 0.5373967765625001 0.667521153125 0.4943036390625 0.6683661171875 0.457970209375 0.6692110812500001 0.42417166875 0.6692110812500001 0.39121809375 0.6649862625 0.3633342984375 0.651466846875 0.3041868546875 0.6303427593750001 0.26193868125 0.6286528328125 0.2129307984375 0.6016140015625 0.206171090625 0.6311877234375001 0.2348998484375 0.6556916640625 0.29489225625 0.6717459703124999 0.3607994078125 0.6852653875 0.4140321078125 0.6928700578125 0.45459035468750003 0.698784803125 0.53063706875 0.7055445109375 0.5745751703125 0.7013196921875 0.5872496218750001 0.6962499125 0.6168233437499999 0.688645240625
