1 0.194103790625 0.5991438812500001 0.20735386406249998 0.5936303515625 0.191429340625 0.5553646703124999 0.1781793515625 0.5608781796875 0.194103790625 0.5991438812500001
1 0.2191205046875 0.631609375 0.233553465625 0.6336574640625 0.23919864062500001 0.5938799125 0.2247657859375 0.59183183125 0.2191205046875 0.631609375
1 0.314227634375 0.6569625796875 0.3315985546875 0.6603374015625 0.340666371875 0.613668846875 0.32329560625 0.610294040625 0.314227634375 0.6569625796875
1 0.2798046796875 0.654771875 0.2903015828125 0.654771875 0.2903015515625 0.6245796875 0.279804709375 0.6245796875 0.2798046796875 0.654771875
1 0.2791298453125 0.523024325 0.2706765578125 0.5205890609375 0.26447783125 0.5421042468749999 0.2729311171875 0.54453950625 0.2791298453125 0.523024325
1 0.6004465765625 0.6433967984375 0.5869484375 0.6430296875 0.5863135328125 0.666371103125 0.5998116734375001 0.6667382140625 0.6004465765625 0.6433967984375
7 0.57882913125 0.79199838125 0.5905987171875 0.7906296546875 0.5778203125 0.68076875 0.5660510109375 0.6821374609374999 0.57882913125 0.79199838125
9 0.2196040703125 0.284190575 0.1714427234375 0.292761246875 0.2029595140625 0.46985699687500004 0.2511208390625 0.46128641562499995 0.2196040703125 0.284190575
5 0.6477581015625 0.5832065109375 0.705328196875 0.5762986875 0.6958177390625 0.49704905468750005 0.638248384375 0.5039568328125 0.6477581015625 0.5832065109375
5 0.3834618359375 0.62362180625 0.3422187 0.6109332859375 0.3209138375 0.6801745593749999 0.3621569328125 0.6928629875000001 0.3834618359375 0.62362180625
8 0.6576320859375 0.412619875 0.6323916078125 0.4075721453125 0.6055588843749999 0.5417368140625001 0.630799346875 0.5467844921875 0.6576320859375 0.412619875
