2 0.35520511250000003 0.4170812265625 0.35434105 0.3951531015625 0.3487348 0.3914984125 0.33622542499999997 0.38784216250000003 0.3250113625 0.3869296625 0.3099144875 0.3832749765625 0.302581675 0.4042890375 0.304737925 0.42439060156249997 0.3146582375 0.4408374765625 0.3271676125 0.4472343515625 0.3431269875 0.44906091249999996 0.35261605 0.4390109125 0.35520511250000003 0.4170812265625
7 0.33463906250000003 0.38929375 0.3364203125 0.361353125 0.3406984375 0.33718906249999997 0.3399859375 0.3145359375 0.3360640625 0.28735 0.33178593749999996 0.264696875 0.337490625 0.3205765625 0.3349953125 0.3432296875 0.3310734375 0.370415625 0.3300046875 0.38551718749999997 0.33463906250000003 0.38929375
7 0.33428125 0.2420421875 0.32608281250000004 0.319065625 0.3250140625 0.365884375 0.3221625 0.3900484375 0.3303609375 0.38325312500000003 0.33214375 0.3356796875 0.33428125 0.2994328125 0.33285624999999996 0.2654515625 0.33428125 0.2420421875
7 0.3172640625 0.3890921875 0.3249875 0.3828609375 0.3205734375 0.3532625 0.31763125 0.333009375 0.314690625 0.31042187499999996 0.31174843750000003 0.2730328125 0.3150578125 0.362609375 0.3172640625 0.3890921875
7 0.704128125 0.2870546875 0.6908890624999999 0.3462515625 0.6905218750000001 0.356378125 0.7000828125 0.360271875 0.7022890625 0.3672828125 0.6986109375 0.34547343750000004 0.6971406250000001 0.33223125 0.6986109375 0.31353749999999997 0.704128125 0.2870546875
1 0.61889375 0.5242890625000001 0.622209375 0.514340625 0.6227609375000001 0.5020515624999999 0.6177890625 0.49561406249999995 0.61364375 0.49327343749999997 0.6097765625 0.4926875 0.6072890625 0.4973703125 0.6078421875 0.501465625 0.6097765625 0.5090734375 0.611709375 0.5172671875 0.6158546874999999 0.5242890625000001 0.61889375 0.5242890625000001
2 0.57883125 0.5277999999999999 0.5824234374999999 0.5377484375 0.5857390625 0.543015625 0.5943031249999999 0.5500390625 0.6003828125 0.549453125 0.6059078125 0.5471125 0.6100515625 0.543015625 0.6119859375 0.5330671875 0.6106046875 0.5196078125 0.6094999999999999 0.50731875 0.60563125 0.49210312500000003 0.599 0.4821546875 0.593475 0.47513125 0.58131875 0.477471875 0.5749640625 0.4827390625 0.5730432015625 0.49081733906249997 0.571925 0.5020515624999999 0.5749640625 0.5178515625 0.57883125 0.5277999999999999
7 0.5970890625 0.5962859375 0.6007671875 0.6266640625 0.6165796875 0.6881984375 0.6051796875 0.628221875 0.6037078124999999 0.6017390625 0.5981921875 0.551109375 0.591940625 0.5487734375 0.591940625 0.5651296875 0.5970890625 0.5962859375
2 0.373134375 0.486459375 0.362103125 0.48178593750000004 0.3456531625 0.47965086250000005 0.339054790625 0.48168113281249997 0.33084531250000004 0.49113281249999996 0.3268 0.519953125 0.33010937500000004 0.5254046875 0.3441304609375 0.533452971875 0.3583423375 0.5349756718750001 0.3786515625 0.5261843749999999 0.3808578125 0.519953125 0.37901875 0.504375 0.373134375 0.486459375
7 0.35795468750000003 0.6103484375 0.36099375 0.5933765625 0.3632046875 0.5717234375 0.3623765625 0.541878125 0.3571265625 0.54129375 0.357403125 0.5629453125 0.35546875 0.5845984375 0.3538109375 0.609178125 0.3411015625 0.644290625 0.348009375 0.6355125 0.353534375 0.6249781249999999 0.35795468750000003 0.6103484375
7 0.3264578125 0.600984375 0.3311546875 0.578746875 0.3369578125 0.55885 0.3449703125 0.53778125 0.3402734375 0.5237375 0.335575 0.5383671875 0.33005 0.559434375 0.323971875 0.591621875 0.31540625 0.64663125 0.3176171875 0.6325859375 0.321484375 0.620296875 0.3264578125 0.600984375
9 0.7715019187500001 0.5923307484375 0.7786078562500001 0.5608615921875 0.7552597734375001 0.4832038328125 0.74510843125 0.46848438750000004 0.742570596875 0.4664541203125 0.7298814203124999 0.4811735640625 0.7176998109375 0.491832471875 0.7111014390625 0.5004611125 0.70754846875 0.5161956921875 0.716177109375 0.5339605374999999 0.7380024921875 0.587255078125 0.7415554625 0.608065328125 0.760843009375 0.6227847718749999 0.7715019187500001 0.5923307484375
