2 0.297918971875 0.44378138749999996 0.3513087890625 0.45008435 0.3585188125 0.3890130078125 0.30512940781250003 0.38271006875 0.297918971875 0.44378138749999996
7 0.341765009375 0.264843990625 0.331785928125 0.264696875 0.32995002812499996 0.389224621875 0.3399291109375 0.3893717375 0.341765009375 0.264843990625
7 0.3381480265625 0.24225573906250003 0.3303486765625 0.241825003125 0.3221625 0.3900484375 0.32996185 0.3904791703125 0.3381480265625 0.24225573906250003
7 0.3158097296875 0.272694484375 0.30762398125 0.273376403125 0.317264059375 0.3890921875 0.3254498078125 0.3884102734375 0.3158097296875 0.272694484375
7 0.6902782109375 0.367007496875 0.7022891046875 0.3672828140625 0.704128125 0.2870546875 0.69211733125 0.286779371875 0.6902782109375 0.367007496875
1 0.6198650375 0.49021869687499997 0.6059245796875 0.49363013906250003 0.613736721875 0.5255510625 0.627677175 0.5221396296874999 0.6198650375 0.49021869687499997
2 0.602958084375 0.47330736093750003 0.5677005109375 0.4800884734375 0.5817324515625 0.5530401406250001 0.6169900125 0.54625906875 0.602958084375 0.47330736093750003
7 0.6085914671875 0.6892697671875 0.6165800406249999 0.688198390625 0.5977739359375 0.5479911000000001 0.5897855640625 0.5490624640624999 0.6085914671875 0.6892697671875
2 0.37852609375 0.5379172515625 0.3854190625 0.48481201875 0.33225700625 0.47791219687500003 0.32536385 0.5310172109375 0.37852609375 0.5379172515625
7 0.36884946875 0.5428851140625001 0.357161715625 0.5410668515625 0.3411015625 0.644290625 0.3527893109375 0.6461088687500001 0.36884946875 0.5428851140625001
7 0.3068042015625 0.64429513125 0.31540625 0.64663125 0.3482001609375 0.5258902375 0.3395982875 0.52355414375 0.3068042015625 0.64429513125
7 0.35666278125 0.5370179203125 0.351876496875 0.53661093125 0.3438640625 0.6308296875 0.348650346875 0.6312366734375 0.35666278125 0.5370179203125
9 0.74135611875 0.628643075 0.7942103765625 0.612753596875 0.7495894265625 0.4643440375 0.69673640625 0.48023331875 0.74135611875 0.628643075
