1 0.2330518671875 0.48778320781250006 0.21524165312500002 0.4810056703125 0.2054126296875 0.50683275625 0.2232228359375 0.5136102796875 0.2330518671875 0.48778320781250006
1 0.244082546875 0.48364636250000004 0.2344734328125 0.48092187343750004 0.2244180359375 0.516384025 0.23402714531250002 0.51910850625 0.244082546875 0.48364636250000004
1 0.2653411578125 0.5443147671874999 0.2754584296875 0.5448382281249999 0.2781432453125 0.4929505640625 0.2680260578125 0.4924271046875 0.2653411578125 0.5443147671874999
1 0.2772155421875 0.540834371875 0.29010974375 0.541373240625 0.291866103125 0.49934905 0.27897198749999996 0.4988101828125 0.2772155421875 0.540834371875
6 0.403107096875 0.3727328890625 0.42403700468750005 0.3701258 0.4176271171875 0.31866918125 0.396697321875 0.32127626249999996 0.403107096875 0.3727328890625
1 0.7321289375 0.54540296875 0.7577786125 0.5388442703125 0.744175190625 0.485648953125 0.7185257265625 0.492207625 0.7321289375 0.54540296875
1 0.39010628281250004 0.6792623140625 0.40146350937499997 0.6800323921875 0.4041584375 0.6402920296875 0.3928013 0.6395219546875001 0.39010628281250004 0.6792623140625
7 0.419615059375 0.7088068984375 0.413622725 0.70786290625 0.3930328125 0.8385421875000001 0.39902514375 0.8394861656250001 0.419615059375 0.7088068984375
1 0.3566294859375 0.62403153125 0.344154946875 0.6236927359375 0.342968709375 0.667364875 0.35544324843749997 0.66770366875 0.3566294859375 0.62403153125
1 0.3433350796875 0.6203354437499999 0.327877321875 0.6194223875 0.32407819843749996 0.6837322734375 0.3395359578125 0.684645325 0.3433350796875 0.6203354437499999
1 0.2384729515625 0.5906735328125 0.22727893593749998 0.5894567765625001 0.22147968750000002 0.642803125 0.232673703125 0.644019875 0.2384729515625 0.5906735328125
1 0.19635145 0.64911443125 0.21821107187500002 0.6503030515625 0.221676203125 0.58658249375 0.1998168390625 0.5853938796875 0.19635145 0.64911443125
1 0.323658971875 0.5454829625000001 0.332264075 0.5455890625 0.3327811015625 0.503658265625 0.32417605625 0.503552165625 0.323658971875 0.5454829625000001
6 0.34805320625 0.8601118734375 0.35185674843750003 0.805348153125 0.3139707578125 0.802717415625 0.3101669734375 0.8574808734375001 0.34805320625 0.8601118734375
9 0.229832034375 0.5838368109375 0.16752856249999998 0.5715364171874999 0.1344331921875 0.7391492359375 0.19673660312500002 0.7514494203125001 0.229832034375 0.5838368109375
6 0.170023103125 0.74511545625 0.17911966875000002 0.7915492046875 0.23668214375000002 0.7802740828125 0.22758534218749998 0.7338406484375 0.170023103125 0.74511545625
6 0.24888662031250003 0.8344242484375 0.27972386718750003 0.812728165625 0.252103215625 0.7734781109375 0.22126622343750002 0.7951740671875 0.24888662031250003 0.8344242484375
6 0.634989578125 0.8297929953125 0.6015126375000001 0.8143454203125 0.5765497265625 0.8684317484375 0.61002659375 0.8838792046874999 0.634989578125 0.8297929953125
8 0.591341940625 0.83153719375 0.61813526875 0.8299497109375 0.608999434375 0.6757921671875 0.582207065625 0.677379621875 0.591341940625 0.83153719375
8 0.39183686875 0.5685019671875 0.4225122328125 0.5687846734375 0.42455627968750004 0.3469645125 0.39388181875 0.3466818109375 0.39183686875 0.5685019671875
