1 0.22802812499999997 0.48841093750000003 0.22158281249999998 0.48341874999999995 0.21242343749999998 0.48841093750000003 0.2076734375 0.5008921875000001 0.21276250000000002 0.5096296875 0.2161546875 0.510878125 0.223278125 0.50900625 0.22735 0.502765625 0.22802812499999997 0.48841093750000003
1 0.230403125 0.51275 0.2344734375 0.5102546875 0.23786562500000002 0.5046375000000001 0.2399 0.49839687499999996 0.23888281249999999 0.4909078125 0.2344734375 0.48092187500000005 0.230403125 0.49527656249999996 0.2283671875 0.5033890624999999 0.227009375 0.5171187500000001 0.230403125 0.51275
1 0.27043125 0.5445781249999999 0.275859375 0.5370890625 0.2765375 0.5208625 0.277215625 0.510878125 0.274840625 0.4927796875 0.2694140625 0.5040125 0.2670390625 0.5115015625 0.2667 0.52585625 0.2683953125 0.5370890625 0.27043125 0.5445781249999999
1 0.27789375 0.5246078125 0.277215625 0.540834375 0.283321875 0.5383375 0.28773125 0.5345921875 0.290784375 0.52523125 0.29112343749999997 0.5171187500000001 0.28807187500000003 0.50900625 0.284 0.4990203125 0.2816265625 0.5046375000000001 0.2792515625 0.513375 0.27789375 0.5246078125
6 0.39947343750000003 0.3435625 0.4020859375 0.362784375 0.4058171875 0.3723953125 0.40768281249999994 0.3620984375 0.40842968749999997 0.3497421875 0.412534375 0.345621875 0.4144 0.345621875 0.41962343750000003 0.3531734375 0.42186250000000003 0.36965 0.42260937500000006 0.358665625 0.41962343750000003 0.33944375 0.4185046875 0.3257140625 0.41066874999999997 0.3195359375 0.4046984375 0.3222828125 0.40059374999999997 0.3325796875 0.39947343750000003 0.3435625
1 0.7285921875 0.489784375 0.72598125 0.5048874999999999 0.72598125 0.5213625000000001 0.732325 0.5378375 0.7375484375 0.5440171874999999 0.7431453125 0.5378375 0.7521015625 0.52548125 0.751728125 0.515184375 0.74874375 0.5035140625000001 0.7457578125000001 0.4932171875 0.7420265625 0.48703906249999995 0.7360562500000001 0.487725 0.732696875 0.48909843750000004 0.7285921875 0.489784375
1 0.39229375 0.64700625 0.3916765625 0.6577859375 0.3944515625 0.668565625 0.398153125 0.676509375 0.3996953125 0.6799125 0.401853125 0.66743125 0.4030875 0.656084375 0.403703125 0.64700625 0.40277812500000004 0.6401984374999999 0.3996953125 0.6419015625 0.39599375000000003 0.64246875 0.39229375 0.64700625
1 0.345203125 0.666296875 0.3496125 0.6675453124999999 0.35402187500000004 0.658184375 0.3560578125 0.6450781250000001 0.3543609375 0.6325968750000001 0.350290625 0.623859375 0.34588125000000003 0.623859375 0.3438453125 0.6350921875 0.34350625 0.647575 0.345203125 0.666296875
1 0.32689218750000004 0.6360984375000001 0.3280140625 0.6469296875 0.325490625 0.6598234374999999 0.32661250000000003 0.674265625 0.3296953125 0.6840640625 0.3310984375 0.67375 0.3358640625 0.66291875 0.34006875000000003 0.650540625 0.3423125 0.6376453125 0.3417515625 0.62733125 0.3395078125 0.620109375 0.3299765625 0.6268140625 0.32689218750000004 0.6360984375000001
1 0.22792812499999998 0.5948375 0.22484375 0.6118578125 0.22288125 0.630425 0.22147968750000002 0.642803125 0.22512343750000002 0.640225 0.23129218749999997 0.6350671875 0.23465625 0.6257828125 0.23521718749999998 0.6165 0.23521718749999998 0.6036046875000001 0.23157187499999998 0.5969 0.2293296875 0.5896796875 0.22792812499999998 0.5948375
1 0.201575 0.60566875 0.198209375 0.6149515625 0.20045312499999998 0.62939375 0.20914375000000002 0.64125625 0.21306875 0.6500234375 0.2192359375 0.63145625 0.2203578125 0.6108265625 0.21951718750000002 0.596384375 0.21699375 0.5901953125 0.212228125 0.58606875 0.2074609375 0.5886484375000001 0.20550000000000002 0.5994796874999999 0.201575 0.60566875
1 0.3301046875 0.5427531250000001 0.3322640625 0.5455890625 0.331646875 0.527434375 0.332571875 0.5206265625000001 0.332571875 0.5132515625 0.3310296875 0.507578125 0.3285625 0.50360625 0.3260953125 0.512684375 0.3239375 0.522896875 0.3264046875 0.5342421875000001 0.3301046875 0.5427531250000001
6 0.341892625 0.8596840531250001 0.344966584375 0.8531945828125 0.3473574421875 0.8429480500000001 0.348723646875 0.83304306875 0.35043140156249997 0.8258704968749999 0.350772953125 0.8163070671874999 0.34940674843749997 0.8094760453125 0.3473574421875 0.80503588125 0.344966584375 0.8057189828125001 0.3364278078125 0.8169901671875 0.33232919375000003 0.8200641281250001 0.32788903125 0.8139162078125001 0.32788903125 0.80913449375 0.32754747968750003 0.806402084375 0.3227657640625 0.803328125 0.31798405 0.8098175953125001 0.31286078281249996 0.8186979234375 0.3149100890625 0.8272366999999999 0.3196918046875 0.8347508234375001 0.3326707453125 0.8549023375000001 0.341892625 0.8596840531250001
6 0.17566972187500002 0.7554854171875001 0.1742615484375 0.7667508109375001 0.1841187671875 0.77519985625 0.1883432890625 0.780480509375 0.19608824687499998 0.7882254671875 0.23023646874999998 0.7815366390625 0.23375690468750002 0.7653426375 0.23094055624999998 0.7554854171875001 0.22636399062499998 0.750204765625 0.22002720625 0.7459802421874999 0.215802684375 0.7449241125 0.21263429218750002 0.7438679828125 0.2115781625 0.7424598078125 0.20664955312500002 0.7399955031250001 0.20207298749999997 0.739643459375 0.1925678125 0.740699590625 0.1872871578125 0.7445720687499999 0.1795422015625 0.7473884171875 0.17566972187500002 0.7554854171875001
6 0.245726384375 0.8237818625 0.256639734375 0.8227257328125 0.2700173890625 0.8195573406250001 0.275650084375 0.8072358171875 0.2696653453125 0.7984347281249999 0.2629765171875 0.788929553125 0.255935646875 0.780128465625 0.25276725624999996 0.7787202921875 0.24114981875 0.781184596875 0.23340486093749999 0.7885775109375001 0.2327007734375 0.79561838125 0.23164464375 0.8033633375000001 0.2344609921875 0.8139246437500001 0.245726384375 0.8237818625
6 0.5865383515625 0.8570642046874999 0.5877353703125 0.8654433234375001 0.5913264203125 0.8714284093750001 0.59731150625 0.878012003125 0.608084659375 0.87382244375 0.6182593046875 0.8660418328124999 0.621251846875 0.8588597312499999 0.62364588125 0.8492835937500001 0.6242443890625 0.8385104406250001 0.6206533375000001 0.8289343046875001 0.605690625 0.8163656250000001 0.6032965906250001 0.8151686078125 0.6044936078125 0.8199566765625 0.599705540625 0.82474474375 0.5955159796875 0.8289343046875001 0.593121946875 0.83252535625 0.5895308953125 0.8403059671875001 0.5871368609375 0.8492835937500001 0.5865383515625 0.8570642046874999
8 0.6098801843749999 0.6984594468750001 0.6003040484375 0.695466903125 0.590129403125 0.6930728687500001 0.5865383515625 0.6930728687500001 0.5847428265625 0.7212027703125 0.594917471875 0.810380540625 0.6170622875 0.82294921875 0.61227421875 0.7577117906249999 0.6098801843749999 0.6984594468750001
