1 0.2330518671875 0.48778320781250006 0.21524165312500002 0.4810056703125 0.2054126296875 0.50683275625 0.2232228359375 0.5136102796875 0.2330518671875 0.48778320781250006
1 0.244082546875 0.48364636250000004 0.2344734328125 0.48092187343750004 0.2244180359375 0.516384025 0.23402714531250002 0.51910850625 0.244082546875 0.48364636250000004
1 0.2653411578125 0.5443147671874999 0.2754584296875 0.5448382281249999 0.2781432453125 0.4929505640625 0.2680260578125 0.4924271046875 0.2653411578125 0.5443147671874999
1 0.2772155421875 0.540834371875 0.29010974375 0.541373240625 0.291866103125 0.49934905 0.27897198749999996 0.4988101828125 0.2772155421875 0.540834371875
1 0.7321289375 0.54540296875 0.7577786125 0.5388442703125 0.744175190625 0.485648953125 0.7185257265625 0.492207625 0.7321289375 0.54540296875
1 0.39010628281250004 0.6792623140625 0.40146350937499997 0.6800323921875 0.4041584375 0.6402920296875 0.3928013 0.6395219546875001 0.39010628281250004 0.6792623140625
7 0.419615059375 0.7088068984375 0.413622725 0.70786290625 0.3930328125 0.8385421875000001 0.39902514375 0.8394861656250001 0.419615059375 0.7088068984375
1 0.3566294859375 0.62403153125 0.344154946875 0.6236927359375 0.342968709375 0.667364875 0.35544324843749997 0.66770366875 0.3566294859375 0.62403153125
1 0.3433350796875 0.6203354437499999 0.327877321875 0.6194223875 0.32407819843749996 0.6837322734375 0.3395359578125 0.684645325 0.3433350796875 0.6203354437499999
1 0.2384729515625 0.5906735328125 0.22727893593749998 0.5894567765625001 0.22147968750000002 0.642803125 0.232673703125 0.644019875 0.2384729515625 0.5906735328125
1 0.19635145 0.64911443125 0.21821107187500002 0.6503030515625 0.221676203125 0.58658249375 0.1998168390625 0.5853938796875 0.19635145 0.64911443125
1 0.323658971875 0.5454829625000001 0.332264075 0.5455890625 0.3327811015625 0.503658265625 0.32417605625 0.503552165625 0.323658971875 0.5454829625000001
6 0.21945534218749999 0.7174806859375 0.1604447578125 0.736480728125 0.1791262359375 0.7944918546874999 0.23813675937499998 0.77549194375 0.21945534218749999 0.7174806859375
9 0.22614321718750002 0.5912217171874999 0.16751784218750002 0.5806130406250001 0.13826753125 0.7422349171875 0.1968928609375 0.7528434171875 0.22614321718750002 0.5912217171874999
6 0.3091172734375 0.8458359 0.341399696875 0.8539048250000001 0.3537006484375 0.8047003640625 0.32141861718750003 0.796631490625 0.3091172734375 0.8458359
6 0.61940055625 0.8163807609375 0.5867397984375 0.81715823125 0.5880631281250001 0.872738059375 0.6207238859374999 0.8719605937500001 0.61940055625 0.8163807609375
9 0.7383112374999999 0.78030743125 0.7998286718750001 0.77241706875 0.777059396875 0.5949315328125 0.7155442171875 0.60282175 0.7383112374999999 0.78030743125
8 0.6077160203124999 0.6745269625 0.58125 0.6765625 0.59321705625 0.8321321921875 0.619683071875 0.830096690625 0.6077160203124999 0.6745269625
8 0.3866846453125 0.5632084875000001 0.42173613125 0.5642156468749999 0.428080540625 0.34341644374999997 0.3930301234375 0.3424092984375 0.3866846453125 0.5632084875000001
