1 0.223278125 0.50900625 0.22735 0.502765625 0.22802812499999997 0.48841093750000003 0.22158281249999998 0.48341874999999995 0.21242343749999998 0.48841093750000003 0.2076734375 0.5008921875000001 0.21276250000000002 0.5096296875 0.2161546875 0.510878125 0.223278125 0.50900625
1 0.230403125 0.49527656249999996 0.2283671875 0.5033890624999999 0.227009375 0.5171187500000001 0.230403125 0.51275 0.2344734375 0.5102546875 0.23786562500000002 0.5046375000000001 0.2399 0.49839687499999996 0.23888281249999999 0.4909078125 0.2344734375 0.48092187500000005 0.230403125 0.49527656249999996
1 0.2670390625 0.5115015625 0.2667 0.52585625 0.2683953125 0.5370890625 0.27043125 0.5445781249999999 0.275859375 0.5370890625 0.2765375 0.5208625 0.277215625 0.510878125 0.274840625 0.4927796875 0.2694140625 0.5040125 0.2670390625 0.5115015625
1 0.28807187500000003 0.50900625 0.284 0.4990203125 0.2816265625 0.5046375000000001 0.2792515625 0.513375 0.27789375 0.5246078125 0.277215625 0.540834375 0.283321875 0.5383375 0.28773125 0.5345921875 0.290784375 0.52523125 0.29112343749999997 0.5171187500000001 0.28807187500000003 0.50900625
1 0.41121093750000004 0.5626765625 0.41528124999999994 0.5651734375 0.4179953125 0.5620515625 0.4190125 0.5551875 0.42070937500000005 0.5445781249999999 0.42003124999999997 0.535840625 0.4173171875 0.52585625 0.41222812500000006 0.5158703124999999 0.40747968749999997 0.513375 0.40171250000000003 0.5202390625 0.39798125 0.5246078125 0.39187500000000003 0.530225 0.3922140625 0.5389609375 0.40205156249999996 0.5564359375000001 0.41121093750000004 0.5626765625
7 0.41104062499999994 0.451340625 0.413653125 0.41770312499999995 0.413653125 0.366903125 0.40842968749999997 0.430059375 0.40544375 0.4630109375 0.40395156249999997 0.49458906249999995 0.40395156249999997 0.519303125 0.41216093750000005 0.5117515625 0.4095484375 0.48223281250000005 0.41104062499999994 0.451340625
1 0.7521015625 0.52548125 0.751728125 0.515184375 0.74874375 0.5035140625000001 0.7457578125000001 0.4932171875 0.7420265625 0.48703906249999995 0.7360562500000001 0.487725 0.732696875 0.48909843750000004 0.7285921875 0.489784375 0.72598125 0.5048874999999999 0.72598125 0.5213625000000001 0.732325 0.5378375 0.7375484375 0.5440171874999999 0.7431453125 0.5378375 0.7521015625 0.52548125
8 0.6055609375000001 0.705215625 0.6078546874999999 0.69630625 0.608109375 0.6864609374999999 0.604540625 0.685053125 0.6014828125 0.682240625 0.598678125 0.6803640625 0.595875 0.6766140625 0.5943453125 0.6738000000000001 0.5900140625 0.67333125 0.5864453125 0.6798953125 0.5828765625 0.685521875 0.5836421875 0.6902109375000001 0.586190625 0.69630625 0.589503125 0.7028703125 0.5841854750000001 0.723390890625 0.58354910625 0.7523456171875 0.5897676 0.8147266343749999 0.60476486875 0.8289740390624999 0.6126384359375 0.8211004734375 0.607571984375 0.747095584375 0.6069356171875 0.71400446875 0.6055609375000001 0.705215625
1 0.4030875 0.656084375 0.403703125 0.64700625 0.40277812500000004 0.6401984374999999 0.3996953125 0.6419015625 0.39599375000000003 0.64246875 0.39229375 0.64700625 0.3916765625 0.6577859375 0.3944515625 0.668565625 0.398153125 0.676509375 0.3996953125 0.6799125 0.401853125 0.66743125 0.4030875 0.656084375
7 0.3930328125 0.8385421875000001 0.4069421875 0.7892390625 0.4113515625 0.76115625 0.4144046875 0.73556875 0.4191546875 0.7087343749999999 0.41338749999999996 0.7093578125 0.40829843749999994 0.7499234375 0.40422812500000005 0.784246875 0.3930328125 0.8385421875000001
1 0.34588125000000003 0.623859375 0.3438453125 0.6350921875 0.34350625 0.647575 0.345203125 0.666296875 0.3496125 0.6675453124999999 0.35402187500000004 0.658184375 0.3560578125 0.6450781250000001 0.3543609375 0.6325968750000001 0.350290625 0.623859375 0.34588125000000003 0.623859375
1 0.3358640625 0.66291875 0.34006875000000003 0.650540625 0.3423125 0.6376453125 0.3417515625 0.62733125 0.3395078125 0.620109375 0.3299765625 0.6268140625 0.32689218750000004 0.6360984375000001 0.3280140625 0.6469296875 0.325490625 0.6598234374999999 0.32661250000000003 0.674265625 0.3296953125 0.6840640625 0.3310984375 0.67375 0.3358640625 0.66291875
1 0.23465625 0.6257828125 0.23521718749999998 0.6165 0.23521718749999998 0.6036046875000001 0.23157187499999998 0.5969 0.2293296875 0.5896796875 0.22792812499999998 0.5948375 0.22484375 0.6118578125 0.22288125 0.630425 0.22147968750000002 0.642803125 0.22512343750000002 0.640225 0.23129218749999997 0.6350671875 0.23465625 0.6257828125
1 0.2203578125 0.6108265625 0.21951718750000002 0.596384375 0.21699375 0.5901953125 0.212228125 0.58606875 0.2074609375 0.5886484375000001 0.20550000000000002 0.5994796874999999 0.201575 0.60566875 0.198209375 0.6149515625 0.20045312499999998 0.62939375 0.20914375000000002 0.64125625 0.21306875 0.6500234375 0.2192359375 0.63145625 0.2203578125 0.6108265625
1 0.3285625 0.50360625 0.3260953125 0.512684375 0.3239375 0.522896875 0.3264046875 0.5342421875000001 0.3301046875 0.5427531250000001 0.3322640625 0.5455890625 0.331646875 0.527434375 0.332571875 0.5206265625000001 0.332571875 0.5132515625 0.3310296875 0.507578125 0.3285625 0.50360625
6 0.16524345625 0.7354746109375 0.1617126125 0.7404177921875 0.1730113109375 0.754894246875 0.17230514218749998 0.7693707046875 0.17512981562500002 0.7820817390625 0.1892531875 0.7845533296875 0.193843284375 0.7852594984375 0.2023173078125 0.7870249203124999 0.21290983749999998 0.7820817390625 0.224914703125 0.7764323906249999 0.2355072328125 0.7718422953124999 0.2348010640625 0.7651336921875 0.23127022031250002 0.757718921875 0.22526778749999998 0.7513634046875 0.21749993281250002 0.747479478125 0.21114441562500003 0.7407708765625001 0.20937899375 0.7361807796875001 0.2058481515625 0.7315906828125 0.198786465625 0.7280598406250001 0.190665525 0.72770675625 0.1881939359375 0.730884515625 0.1839569234375 0.7315906828125 0.18113225 0.7319437671875 0.178660659375 0.732296853125 0.17336439374999998 0.733003021875 0.1712458890625 0.733003021875 0.16524345625 0.7354746109375
9 0.20655431875 0.6994600125 0.2206776921875 0.61436669375 0.21432217343749999 0.5917692984375 0.195255621875 0.587885371875 0.1881939359375 0.584354528125 0.175835984375 0.5829421906250001 0.1701866359375 0.5847076125 0.16524345625 0.5931816359375001 0.16241878125 0.6256653921875001 0.1581817703125 0.6786280375 0.149707746875 0.695223 0.14441148125 0.70828711875 0.14723615625 0.7340622734375 0.15182625156250001 0.7386523703125001 0.1535916734375 0.7450078875 0.1680681296875 0.74147704375 0.1892531875 0.7315906828125 0.20655431875 0.6994600125
6 0.34133436562499997 0.8497400109375001 0.34465366249999996 0.840888553125 0.34686652812499996 0.8309306609375 0.350185825 0.8187599062500001 0.3490793921875 0.8137809609375 0.34520687968749997 0.8126745281250001 0.34354723125 0.8154406078124999 0.33801506875 0.8209727703125 0.3363554203125 0.8204195546875 0.3352489875 0.809908446875 0.3319296921875 0.8054827171875001 0.328057178125 0.799397340625 0.3258443140625 0.7977376921875 0.3225250171875 0.7999505578125 0.32086536875 0.8043762859375001 0.3186525046875 0.8082487984375 0.3158864234375 0.8187599062500001 0.3203121515625 0.831483878125 0.3258443140625 0.8431014171875001 0.3291636109375 0.8508464421875 0.3385682859375 0.8530593078125 0.34133436562499997 0.8497400109375001
6 0.5869623374999999 0.8265049328125 0.5875155546874999 0.8497400109375001 0.5924944984375 0.864676846875 0.6013459578125 0.8724218718750001 0.6074313359375 0.871315440625 0.618495659375 0.8602511171874999 0.6201553078125001 0.8480803625 0.618495659375 0.8403353359375 0.6157295781250001 0.8265049328125 0.6140699296875 0.8171002578125 0.6079845515625 0.8215259874999999 0.602452390625 0.8209727703125 0.5974734453125 0.8198663375 0.589175203125 0.8171002578125 0.5869623374999999 0.8265049328125
