8 0.3984375 0.6388205546875 0.376953125 0.6388205546875 0.376953125 0.7126540875 0.3984375 0.7126540875 0.3984375 0.6388205546875
8 0.62890625 0.6035088671875 0.603515625 0.6035088671875 0.603515625 0.7222845484375 0.62890625 0.7222845484375 0.62890625 0.6035088671875
8 0.3048308140625 0.5831640078125 0.28041259687500003 0.573468703125 0.238305034375 0.679506975 0.2627231921875 0.6892021734375 0.3048308140625 0.5831640078125
8 0.2679485078125 0.6931427875 0.2925979875 0.70006374375 0.321458734375 0.597286765625 0.296809740625 0.5903658828125 0.2679485078125 0.6931427875
8 0.765316528125 0.5786069203124999 0.7493905625 0.5734776359375 0.73835125625 0.607750071875 0.7542772140625 0.6128793390625 0.765316528125 0.5786069203124999
5 0.3546979265625 0.7326073890625 0.35516442656249997 0.7132125515625 0.3320422703125 0.71265648125 0.331575721875 0.7320512703125 0.3546979265625 0.7326073890625
5 0.3296664859375 0.7246213109374999 0.32606578750000004 0.7116781734375001 0.3113137578125 0.7157814453125 0.3149144296875 0.7287245609374999 0.3296664859375 0.7246213109374999
5 0.21699572968749997 0.6576586890625 0.198986834375 0.6515811890625 0.187740465625 0.6849020078125 0.20574935 0.6909794859375 0.21699572968749997 0.6576586890625
5 0.44910416406250003 0.7676521765625 0.4695205546875 0.7678591734375 0.4701342984375 0.7073222703125001 0.4497181859375 0.707115275 0.44910416406250003 0.7676521765625
5 0.404801415625 0.6157402000000001 0.41122645156250004 0.652747690625 0.5233214625 0.6332881921875 0.516896115625 0.596281115625 0.404801415625 0.6157402000000001
