4 0.65217108125 0.6729457390625 0.6307083453125 0.670097034375 0.6215960109374999 0.7387411328125 0.6430587421875 0.741589815625 0.65217108125 0.6729457390625
4 0.5999027734375 0.7459635140625 0.61778404375 0.74729853125 0.6247529953125001 0.6539684328125001 0.6068720828124999 0.6526334296875 0.5999027734375 0.7459635140625
8 0.44704274843749997 0.5300123812499999 0.4729357171875 0.5279653343749999 0.46369414999999997 0.41108079374999995 0.43780161562500003 0.413127825 0.44704274843749997 0.5300123812499999
5 0.29810573125 0.6276030859375 0.2800818875 0.6841180890625 0.389880390625 0.7191293140624999 0.40790344999999995 0.6626149796874999 0.29810573125 0.6276030859375
5 0.762543734375 0.6923339921875 0.747216790625 0.6374086921875 0.6589914296875 0.6620245765624999 0.6743177671875 0.7169493578125 0.762543734375 0.6923339921875
5 0.7069703875 0.5333967546875 0.7498206671875 0.5306296828125 0.747216984375 0.490314909375 0.7043669734375 0.49308197187499997 0.7069703875 0.5333967546875
5 0.303698853125 0.4521706859375 0.30526547656249997 0.5251817484375 0.356034575 0.5240922296875 0.35446768125 0.45108144218749996 0.303698853125 0.4521706859375
6 0.5812960625 0.7488618625 0.6059587421875 0.7445505265625 0.597513234375 0.6962471734375 0.57285081875 0.7005584859375 0.5812960625 0.7488618625
2 0.48665483906249996 0.5975199375 0.41714146875 0.5866885859375001 0.40556837031250004 0.6609537453125001 0.475081721875 0.67178501875 0.48665483906249996 0.5975199375
2 0.5743472546875 0.57855551875 0.5851861796875 0.5173409328125 0.49729892031249995 0.50178054375 0.48645964687500004 0.562994675 0.5743472546875 0.57855551875
2 0.5574303671874999 0.657277784375 0.659631725 0.678408415625 0.6736756078125 0.610488915625 0.57147556875 0.589358425 0.5574303671874999 0.657277784375
2 0.623513075 0.570468884375 0.6531262015625 0.5682578359375 0.649584103125 0.52082339375 0.6199712093749999 0.5230344328125 0.623513075 0.570468884375
1 0.4685687859375 0.5791166453125001 0.49173769062500006 0.5815588390624999 0.498181315625 0.5204334375 0.4750126453125 0.51799125625 0.4685687859375 0.5791166453125001
