5 0.6490429078125 0.5241256140624999 0.675444559375 0.524338503125 0.6761204843749999 0.44049616562500005 0.6497191578125 0.4402832765625 0.6490429078125 0.5241256140624999
7 0.6468708750000001 0.7009699421875 0.6955614125 0.6929885796875 0.6745019171875 0.5645346859375 0.6258125734375 0.5725159484375 0.6468708750000001 0.7009699421875
7 0.416277846875 0.570180909375 0.3690053546875 0.5652033984375 0.35399187187500003 0.7077730171875001 0.40126435312500003 0.7127504578125 0.416277846875 0.570180909375
7 0.30787075937499997 0.560314325 0.3479832515625 0.556895065625 0.33537567031250004 0.40900743906250003 0.2952640671875 0.41242666093749997 0.30787075937499997 0.560314325
7 0.3774357625 0.41590000781249997 0.3354291859375 0.4197990296875 0.34795579375 0.5547467203124999 0.38996236562500003 0.5508477359375 0.3774357625 0.41590000781249997
7 0.44083263125 0.5775856218750001 0.41398352968749996 0.5760599187500001 0.40582766406250004 0.719568159375 0.43267676406250005 0.7210938421875001 0.44083263125 0.5775856218750001
5 0.7634116296875 0.62120115 0.7446640453125 0.567626278125 0.6746756281249999 0.592114809375 0.6934227796875 0.645689315625 0.7634116296875 0.62120115
5 0.3600208484375 0.65684111875 0.3767019484375 0.6051776390625 0.2914771375 0.5776633265625 0.2747958078125 0.6293263703124999 0.3600208484375 0.65684111875
7 0.7039494703125 0.443140571875 0.680140721875 0.44225266406249997 0.6763423578125 0.5440963625 0.7001511046875 0.5449842640625 0.7039494703125 0.443140571875
1 0.4667970421875 0.5759094359375 0.44347631875 0.5727673656250001 0.43742870937499995 0.6176484999999999 0.4607494296875 0.6207905578124999 0.4667970421875 0.5759094359375
1 0.738171540625 0.48049935781249997 0.6968281843749999 0.4898971421875 0.7095394171875 0.5458127890625 0.7508827578124999 0.5364150484375 0.738171540625 0.48049935781249997
1 0.507245221875 0.5852720687499999 0.48670572031250003 0.5840151046875001 0.48466998125 0.6172766203125 0.5052094828125 0.6185335796875 0.507245221875 0.5852720687499999
1 0.561940703125 0.5849526109375 0.5407841375 0.5871617359375 0.5436118296875 0.6142393171875 0.5647683953125 0.6120301984375 0.561940703125 0.5849526109375
