5 0.7587500234375 0.662153990625 0.7180939890625 0.58188414375 0.5848902859375 0.649342478125 0.62554490625 0.7296111171875 0.7587500234375 0.662153990625
5 0.3881432921875 0.6935748234375 0.4262797015625 0.6332238453125 0.33256323593750003 0.5740109140625 0.29442691875000004 0.6343612328125 0.3881432921875 0.6935748234375
5 0.4729679875 0.6171608359375 0.43871940625 0.6098874046875 0.425501403125 0.672119665625 0.4597499703125 0.67939305 0.4729679875 0.6171608359375
4 0.42202666874999994 0.5730106984375001 0.44338809531249995 0.5735105500000001 0.446914140625 0.422826221875 0.42555320312499995 0.422326378125 0.42202666874999994 0.5730106984375001
2 0.3688672625 0.5438166921875001 0.39727722499999996 0.583370946875 0.437082740625 0.5547830593749999 0.4086728328125 0.51522896875 0.3688672625 0.5438166921875001
6 0.72403183125 0.453475625 0.74223859375 0.4529582890625 0.74112981875 0.4139405296875 0.7229231515625 0.4144578640625 0.72403183125 0.453475625
8 0.3069465203125 0.5037431875 0.32129929218750003 0.5031815921875 0.31892067343749997 0.44239674375 0.30456802656250004 0.4429583359375 0.3069465203125 0.5037431875
7 0.40256449375000003 0.430717615625 0.39958195937499996 0.4308164859375 0.402697371875 0.5247894796875 0.40567990781249996 0.524690609375 0.40256449375000003 0.430717615625
7 0.40576430625000004 0.5221177703125 0.41184720625000004 0.5217816921875 0.40762137656249997 0.4453018359375 0.4015385453125 0.4456379140625 0.40576430625000004 0.5221177703125
1 0.459854390625 0.5513204078125 0.4521556234375 0.5511502703125 0.4515714453125 0.5775819875 0.4592702125 0.5777521250000001 0.459854390625 0.5513204078125
1 0.6782291593750001 0.529273925 0.667718178125 0.5276554078125 0.6630447484374999 0.5580029359374999 0.673555728125 0.5596214484375001 0.6782291593750001 0.529273925
