6 0.34063210312500003 0.6397467734375 0.3131870390625 0.637885940625 0.3082331234375 0.71094038125 0.3356781859375 0.7128012 0.34063210312500003 0.6397467734375
7 0.391517271875 0.5319343171875001 0.343390596875 0.5330829390625 0.34726050937499997 0.6952125671875 0.395387184375 0.6940639625 0.391517271875 0.5319343171875001
7 0.3438709328125 0.551907271875 0.298850709375 0.549668765625 0.2920709328125 0.686006734375 0.337091153125 0.6882452109375 0.3438709328125 0.551907271875
1 0.324532603125 0.6060531421875 0.3342312265625 0.607806765625 0.34042069375 0.573578740625 0.330722128125 0.5718251234375 0.324532603125 0.6060531421875
2 0.34576063281249997 0.5871400343750001 0.3879379625 0.5884645875000001 0.38931748437499997 0.544536778125 0.347140471875 0.5432122296874999 0.34576063281249997 0.5871400343750001
2 0.2965051203125 0.5592814328125 0.302385621875 0.5783850859374999 0.3348501875 0.5683927203125 0.3289696546875 0.5492891234374999 0.2965051203125 0.5592814328125
5 0.7119553375 0.5958980796875 0.67960349375 0.5984718499999999 0.684555040625 0.6607046265625 0.7169068828125 0.6581308734375 0.7119553375 0.5958980796875
7 0.81016763125 0.36623441562500003 0.7691523625000001 0.35826611875 0.7412289484375 0.501988996875 0.782244196875 0.5099572171875 0.81016763125 0.36623441562500003
1 0.7879191703124999 0.4460015515625 0.762033675 0.44557250000000004 0.7613044609374999 0.48956449375 0.78718995625 0.48999354375 0.7879191703124999 0.4460015515625
7 0.3918153875 0.701851675 0.42306803437499996 0.7013735296875 0.420252340625 0.517385296875 0.38900072343750003 0.5178634343749999 0.3918153875 0.701851675
