6 0.327731228125 0.7170144109375001 0.3487397421875 0.7170144109375001 0.348739653125 0.6759415718749999 0.327731321875 0.6759415718749999 0.327731228125 0.7170144109375001
6 0.6202577875 0.613229109375 0.6316530375 0.6113985343749999 0.6267510328125 0.5808872875 0.615355846875 0.58271785625 0.6202577875 0.613229109375
6 0.698623840625 0.691851753125 0.7023813640625 0.6430828015625 0.6383587078125 0.6381505796875 0.6346008953125 0.6869192156249999 0.698623840625 0.691851753125
1 0.3611766140625 0.546907059375 0.3330391578125 0.5466705984375 0.33178555625 0.6958252625 0.3599230109375 0.6960617203125 0.3611766140625 0.546907059375
1 0.28334120625 0.5440263296875 0.2654052734375 0.5416998046875 0.2584710859375 0.59515249375 0.2764070171875 0.597479009375 0.28334120625 0.5440263296875
8 0.653689346875 0.505308253125 0.6968018500000001 0.5138833125 0.7127595312499999 0.433658065625 0.669647528125 0.4250830578125 0.653689346875 0.505308253125
5 0.5102525765625 0.3892504328125 0.4717181265625 0.3896212984375 0.4726893234375 0.49052704374999995 0.5112237734375 0.49015618125 0.5102525765625 0.3892504328125
5 0.5385156921875 0.701758784375 0.5325190515625 0.547934559375 0.46487856406250005 0.5505713250000001 0.47087418437500006 0.7043945796875 0.5385156921875 0.701758784375
1 0.589840190625 0.527528303125 0.618883475 0.5311387234375 0.62631440625 0.4713656390625 0.5972713875 0.4677552359375 0.589840190625 0.527528303125
1 0.6220440843749999 0.51552141875 0.65005128125 0.5151036234374999 0.649278971875 0.463343225 0.6212719875 0.46376101875 0.6220440843749999 0.51552141875
1 0.35806498124999997 0.605517465625 0.3864354609375 0.6090308531249999 0.3944513609375 0.5443079140625 0.3660811984375 0.5407945468750001 0.35806498124999997 0.605517465625
1 0.33743684375 0.581445103125 0.3115141796875 0.5803964749999999 0.30888063125 0.645491928125 0.3348032953125 0.64654055 0.33743684375 0.581445103125
1 0.357646465625 0.43892724687499995 0.314706325 0.440528634375 0.3179127796875 0.526501665625 0.36085291875 0.5249002890625001 0.357646465625 0.43892724687499995
1 0.26964111874999996 0.4392699390625 0.269640903125 0.511013240625 0.3101997890625 0.5110132046875 0.3101997953125 0.43927011406250005 0.26964111874999996 0.4392699390625
8 0.6424505484374999 0.67581013125 0.6990349890625 0.670672375 0.689119446875 0.5614871406249999 0.6325361625 0.5666248421875 0.6424505484374999 0.67581013125
