5 0.371700790625 0.5650135359374999 0.350946153125 0.4999993171875 0.25790003125 0.5296999640625 0.2786540484375 0.59471365625 0.371700790625 0.5650135359374999
5 0.4931061671875 0.5418349515625 0.5810676375 0.5432534890625 0.581714428125 0.50313296875 0.49375352031249997 0.5017144359375 0.4931061671875 0.5418349515625
5 0.41583510625000003 0.4998080046875 0.41347666250000004 0.5497595140625 0.459418509375 0.5519282796875 0.4617767609375 0.5019769562499999 0.41583510625000003 0.4998080046875
5 0.615519015625 0.51365386875 0.6166561171875 0.5530125296875 0.6541860828125 0.551928246875 0.653048865625 0.5125697078125 0.615519015625 0.51365386875
5 0.67045316875 0.5112205046875 0.678774678125 0.5638559125 0.7473639578125 0.55301276875 0.7390422109375 0.5003776578125 0.67045316875 0.5112205046875
4 0.348845596875 0.5683344234375001 0.3788114375 0.58201690625 0.43925482968749996 0.44965117968749996 0.40928958125000003 0.43596885625 0.348845596875 0.5683344234375001
4 0.4967359765625 0.451869553125 0.472552234375 0.449120925 0.45854053749999996 0.572393234375 0.4827242734375 0.575141834375 0.4967359765625 0.451869553125
4 0.58622675 0.5649830640625 0.6061998187500001 0.5669890375 0.6182781515625 0.44673578281250004 0.598305459375 0.444729828125 0.58622675 0.5649830640625
4 0.6525176203124999 0.45426923593749996 0.630330646875 0.45958835000000003 0.661379725 0.589089303125 0.6835666781249999 0.5837702453125 0.6525176203124999 0.45426923593749996
4 0.6667892125 0.7739022921875 0.6561272703125 0.7124101656249999 0.6373623046875 0.7156632734375 0.6480240984375001 0.77715526875 0.6667892125 0.7739022921875
4 0.707892753125 0.7113259203125 0.6879502171875 0.71464643125 0.69624548125 0.764458503125 0.7161880125 0.7611380109375 0.707892753125 0.7113259203125
4 0.5515825828125 0.75872883125 0.5668188437499999 0.759355778125 0.5707142671875001 0.6646993734375 0.5554783203125 0.6640724328125 0.5515825828125 0.75872883125
4 0.48722686875 0.7553103218749999 0.5060075703125 0.75578379375 0.507964040625 0.6781849 0.4891836578125 0.6777114328125 0.48722686875 0.7553103218749999
4 0.41068544687499997 0.7581574062499999 0.4329420234375 0.757772496875 0.43153522187500004 0.676449071875 0.40927903906249996 0.676833978125 0.41068544687499997 0.7581574062499999
4 0.3394369234375 0.7661389 0.3597700765625 0.76771151875 0.36429946874999997 0.70915724375 0.3439665828125 0.7075846343750001 0.3394369234375 0.7661389
5 0.28706384687500003 0.6692563828125 0.2668368859375 0.7238497953125 0.3318143796875 0.747919953125 0.352040859375 0.69332695 0.28706384687500003 0.6692563828125
5 0.36932191406250003 0.7534832484375 0.40542156093750004 0.75085655625 0.399579390625 0.6705824765624999 0.3634803765625 0.6732091453125 0.36932191406250003 0.7534832484375
5 0.433840578125 0.7420742671875 0.48019664687499997 0.74400393125 0.4839063046875 0.6548909765625 0.437551115625 0.65296133125 0.433840578125 0.7420742671875
5 0.5119938562499999 0.7539976453125 0.544456440625 0.7547724015624999 0.54679285 0.6568771421874999 0.51433095 0.6561023953125 0.5119938562499999 0.7539976453125
5 0.5698321234375 0.7502260734374999 0.620399903125 0.7547724234375 0.6277371140625 0.67317088125 0.5771702296875 0.668624571875 0.5698321234375 0.7502260734374999
5 0.6820558734375 0.6835481 0.6583713046875 0.6852667640625 0.6636288875 0.7577092546875 0.6873134546874999 0.7559906046875 0.6820558734375 0.6835481
1 0.7601348953125 0.661170053125 0.80394339375 0.6599818984375 0.8014903468749999 0.569560378125 0.757682575 0.5707485250000001 0.7601348953125 0.661170053125
