4 0.6369855390625 0.47912325468750006 0.64709570625 0.47653775468750004 0.621867875 0.3778945953125 0.6117578328125 0.3804800796875 0.6369855390625 0.47912325468750006
4 0.6203595843749999 0.38688997812500003 0.600675353125 0.3906701828125 0.6204842828125 0.49381320625 0.64016850625 0.49003302968750007 0.6203595843749999 0.38688997812500003
4 0.59665389375 0.3774809234375 0.5822647734374999 0.379729646875 0.6009794046875 0.499474125 0.6153685203125 0.4972254203125 0.59665389375 0.3774809234375
4 0.5637869015625 0.32555016875 0.55285225625 0.32649305 0.5707100640625 0.5335807578125 0.58164470625 0.532637890625 0.5637869015625 0.32555016875
4 0.5872199515625 0.531045459375 0.60045605 0.5303980859374999 0.59405590625 0.3995539453125 0.58082005625 0.4002013125 0.5872199515625 0.531045459375
4 0.5329287140625001 0.3441552546875 0.5238399953124999 0.3443102046875 0.5267064968749999 0.5124376328125 0.535795215625 0.5122826828125 0.5329287140625001 0.3441552546875
4 0.5430103625 0.335004665625 0.543010225 0.52279288125 0.5554615296875001 0.5227928125 0.5554615140625 0.335004753125 0.5430103625 0.335004665625
4 0.49108825781250004 0.330166140625 0.4800608265625 0.330166140625 0.4800608265625 0.5198884734375 0.49108825781250004 0.5198884734375 0.49108825781250004 0.330166140625
4 0.5032907265625 0.503911496875 0.5148195265625 0.5038472031250001 0.5138574625000001 0.3313613203125 0.5023289109375 0.3314256125 0.5032907265625 0.503911496875
4 0.45443166875 0.517198303125 0.467783778125 0.5175447109375 0.473790775 0.2860151859375 0.4604390359375 0.28566878125 0.45443166875 0.517198303125
4 0.399345021875 0.359598909375 0.386743146875 0.36113906406249996 0.4043390484375 0.5051049265625001 0.4169409203125 0.5035647859375 0.399345021875 0.359598909375
4 0.320780584375 0.3094302875 0.30085286718750004 0.3185559140625 0.3810167671875 0.49360233437499995 0.40094441875 0.484476815625 0.320780584375 0.3094302875
4 0.30358321093749996 0.3028512578125 0.2868441796875 0.30841622812499997 0.3461831890625 0.4868958515625 0.36292219062500003 0.48133094375 0.30358321093749996 0.3028512578125
4 0.325468040625 0.7247718 0.34699649374999997 0.7330181078125 0.3947145890625 0.6084584328125 0.37318665 0.600212234375 0.325468040625 0.7247718
4 0.38214917656249997 0.7561890453125 0.3947820265625 0.7576573734375 0.4058094703125 0.6627962078125 0.393176878125 0.6613278953124999 0.38214917656249997 0.7561890453125
4 0.42411565781249994 0.7542604734375 0.43301055312500003 0.7539614796875 0.43006980625 0.6664920953125 0.4211750796875 0.6667910874999999 0.42411565781249994 0.7542604734375
4 0.4640228125 0.6550809671875 0.4535949921875 0.6566363890625 0.47138268749999995 0.7758703109375 0.4818105015625 0.7743149109374999 0.4640228125 0.6550809671875
4 0.5066628359375 0.651395746875 0.496234284375 0.6504765640625 0.48637665781250006 0.7622995390625 0.4968052078125 0.7632187109374999 0.5066628359375 0.651395746875
4 0.562356275 0.6541220984375 0.5535770328125 0.6541724640625 0.5543194234375 0.78355808125 0.563098665625 0.783507715625 0.562356275 0.6541220984375
4 0.5872632515625 0.6614822593749999 0.57489673125 0.6615642421875 0.575631884375 0.77244093125 0.5879984046875 0.77235895 0.5872632515625 0.6614822593749999
4 0.6004422234375 0.6822741625 0.591070171875 0.6812756390625 0.5799873359375 0.7852816828125 0.589359384375 0.7862801953125 0.6004422234375 0.6822741625
4 0.6263866171875 0.6840303890625 0.6168009515625 0.68373958125 0.614566925 0.7573665671875001 0.624152590625 0.7576573734375 0.6263866171875 0.6840303890625
4 0.6421302921875001 0.7543456515625 0.6535591828125 0.7539614796875 0.650618425 0.6664920953125 0.6391897515625 0.6668762640625 0.6421302921875001 0.7543456515625
4 0.6792897453125 0.667724059375 0.6615955203125 0.6724640421875 0.67781931875 0.733018134375 0.69551353125 0.7282781843749999 0.6792897453125 0.667724059375
