8 0.4126751609375 0.6020000343749999 0.363037075 0.5907658296875 0.339167140625 0.696221715625 0.3888051875 0.7074558 0.4126751609375 0.6020000343749999
6 0.644253771875 0.7551512375 0.6846020171875 0.7356871890625001 0.6470434171874999 0.6578424453125 0.6066958125 0.6773063109375 0.644253771875 0.7551512375
5 0.6439367921875 0.42392730468749995 0.6462406328125 0.4789200625 0.67835196875 0.47757479375 0.6760480125 0.4225821578125 0.6439367921875 0.42392730468749995
2 0.595676665625 0.512142278125 0.6124185703125 0.560760309375 0.7292110703125 0.5205447000000001 0.7124689328125 0.47192714062499996 0.595676665625 0.512142278125
8 0.36124403437499997 0.43301389375 0.33306189218750004 0.42710546093749996 0.3154662375 0.511028109375 0.3436483671875 0.51693650625 0.36124403437499997 0.43301389375
8 0.408625009375 0.44386704843749997 0.360527878125 0.43859572968749994 0.3488882203125 0.54479214375 0.3969853421875 0.55006341875 0.408625009375 0.44386704843749997
2 0.646617503125 0.6322101734375 0.663691609375 0.5787237953125 0.6144206015625 0.56299703125 0.597346359375 0.616483159375 0.646617503125 0.6322101734375
1 0.33266211874999996 0.450981746875 0.28841815 0.43202765000000004 0.26119751562500004 0.49556380781250003 0.3054414296875 0.5145178109375 0.33266211874999996 0.450981746875
1 0.702813859375 0.5410277031249999 0.64923871875 0.5597669640625 0.67393224375 0.6303579203125 0.727507321875 0.611618784375 0.702813859375 0.5410277031249999
1 0.60089978125 0.5118930328125 0.5719857375 0.5084424953125 0.563996575 0.5753824515625 0.5929106156249999 0.5788329703125 0.60089978125 0.5118930328125
1 0.2860778203125 0.5228444734375 0.2657184921875 0.5680616453125 0.3140032359375 0.5897999125 0.33436232499999996 0.5445829437499999 0.2860778203125 0.5228444734375
1 0.471433578125 0.5952031328125 0.4480663625 0.5952031328125 0.4480663625 0.6441507578125 0.471433578125 0.6441507578125 0.471433578125 0.5952031328125
6 0.7709866640625 0.6738610031250001 0.7507600140624999 0.6594939421875 0.7261427640625 0.6941464625 0.7463693609375001 0.708513459375 0.7709866640625 0.6738610031250001
6 0.4606230703125 0.745552028125 0.4463138171875 0.74498286875 0.444450165625 0.791828753125 0.45875941718749996 0.792397909375 0.4606230703125 0.745552028125
