8 0.781538046875 0.47922587187500004 0.765170446875 0.4755983453125 0.7519057265625 0.5354449031249999 0.7682733203125001 0.5390724125 0.781538046875 0.47922587187500004
4 0.5004468328125 0.783470215625 0.521690675 0.785340315625 0.5365270468750001 0.616825671875 0.5152839640625 0.6149556046875 0.5004468328125 0.783470215625
4 0.591675978125 0.619369878125 0.5694723453125 0.6216971984375 0.5869487140625 0.7884053296875 0.6091523390625 0.7860780515625 0.591675978125 0.619369878125
6 0.3747568078125 0.41381317968750003 0.3281497375 0.42440766406249997 0.343977028125 0.4940305453125 0.39058408125 0.4834361125 0.3747568078125 0.41381317968750003
6 0.336324221875 0.416598503125 0.3124143171875 0.4172188125 0.31370486875000003 0.466960353125 0.3376147734375 0.4663400453125 0.336324221875 0.416598503125
6 0.6477726953125 0.6440964515625 0.68869660625 0.649105303125 0.6956329640625001 0.5924379828124999 0.6547094859375 0.5874291578124999 0.6477726953125 0.6440964515625
6 0.3536031890625 0.6341330625 0.3572425875 0.5747710953125 0.306804646875 0.5716791999999999 0.303164990625 0.631040890625 0.3536031890625 0.6341330625
6 0.3120692375 0.5650512437499999 0.2638018734375 0.5495434718750001 0.24568258906249998 0.6059334 0.29394991406250004 0.6214410906250001 0.3120692375 0.5650512437499999
6 0.7334945390625001 0.44526143749999997 0.688060140625 0.4338464015625 0.6708229421875 0.5024498656249999 0.71625731875 0.51386484375 0.7334945390625001 0.44526143749999997
1 0.40732782968750003 0.594009946875 0.39519515312500003 0.6467510359374999 0.469814796875 0.6639142078125 0.48194702500000003 0.611173509375 0.40732782968750003 0.594009946875
6 0.338727071875 0.6533540953125 0.29501109375 0.6461086625 0.2832597671875 0.717001540625 0.32697573125 0.72424691875 0.338727071875 0.6533540953125
