5 0.2783243171875 0.61347710625 0.30945133281250004 0.6293319390625001 0.34229728593750003 0.56485368125 0.3111706046875 0.54899895 0.2783243171875 0.61347710625
5 0.4693592390625 0.6495612421875 0.470185728125 0.7186970609375 0.5753390953124999 0.7174392265625 0.574511859375 0.648304165625 0.4693592390625 0.6495612421875
5 0.664719440625 0.6771611546875 0.7223344828125 0.660660065625 0.700020925 0.5827613640625 0.6424067234375 0.599262325 0.664719440625 0.6771611546875
5 0.3921560625 0.527616453125 0.4116003078125 0.5311561499999999 0.4259688875 0.45223218750000005 0.40652487031250006 0.4486925109375 0.3921560625 0.527616453125
1 0.381609025 0.46584958906249996 0.354244340625 0.4758280234375 0.3747127390625 0.531956 0.40207740156250005 0.5219776109375001 0.381609025 0.46584958906249996
2 0.435140659375 0.6207621546875 0.4584922265625 0.5777997328125 0.3298095703125 0.5078626640625 0.306457959375 0.5508245515625 0.435140659375 0.6207621546875
2 0.751686490625 0.5842737062500001 0.716247703125 0.49292216875 0.436591471875 0.6013980578125 0.47202737499999997 0.6927471656249999 0.751686490625 0.5842737062500001
2 0.5957572812499999 0.5993573125 0.590138096875 0.5227377625 0.43279291875 0.534275528125 0.4384109921875 0.61089404375 0.5957572812499999 0.5993573125
7 0.43622154062499996 0.5744231703125 0.45891944687499997 0.573950715625 0.45600993125 0.43419014999999994 0.43331251249999997 0.43466259999999995 0.43622154062499996 0.5744231703125
7 0.561120584375 0.5812095640625 0.5925385078125001 0.5817953984375 0.59521405625 0.43830159062499996 0.5637968343749999 0.43771576406249996 0.561120584375 0.5812095640625
7 0.5821947656249999 0.739482996875 0.60998748125 0.7362585375 0.5924646234375001 0.5852475890625 0.5646727453125 0.588472 0.5821947656249999 0.739482996875
7 0.40909267031249996 0.5566937937499999 0.34899373906250003 0.536654803125 0.3056458453125 0.666645528125 0.3657446578125 0.6866842609375 0.40909267031249996 0.5566937937499999
7 0.64113635 0.72646615625 0.668256696875 0.7231076437499999 0.6471318609375001 0.5525485671875 0.6200124 0.5559070265625 0.64113635 0.72646615625
7 0.7256112171875 0.6285441515625 0.778927834375 0.5947829625 0.711386321875 0.48813073124999995 0.6580705625000001 0.5218915609375 0.7256112171875 0.6285441515625
6 0.7300133203125 0.6019837609375001 0.7120384515625 0.606675978125 0.7206878453125001 0.6398060703125 0.738662709375 0.63511386875 0.7300133203125 0.6019837609375001
7 0.3750624703125 0.6818126546875 0.403319425 0.6857034640624999 0.42208306562500003 0.549446684375 0.39382682812500003 0.545555925 0.3750624703125 0.6818126546875
7 0.47740800156249996 0.590879121875 0.4478256921875 0.59014368125 0.4443530640625 0.7298087546875001 0.473935371875 0.7305441859374999 0.47740800156249996 0.590879121875
7 0.4471973765625 0.5726535937499999 0.42208402187500005 0.570337846875 0.4101544421875 0.69969425625 0.43526779062500004 0.7020099734375 0.4471973765625 0.5726535937499999
7 0.410526021875 0.5558609890625 0.43663059375 0.5579471265625 0.446377446875 0.4359880125 0.42027335312499997 0.43390189531249995 0.410526021875 0.5558609890625
1 0.3077878328125 0.5439677281249999 0.337406828125 0.5215075828125 0.29968454218749996 0.47176611875 0.27006574375 0.49422615312499996 0.3077878328125 0.5439677281249999
1 0.7033166203125 0.49550712499999994 0.732390409375 0.5186381015625 0.7675960359375 0.47439047187499994 0.738522403125 0.45125959218749995 0.7033166203125 0.49550712499999994
6 0.7744720765625 0.5795687984375 0.7871279390625 0.5773477609375 0.7829080390625001 0.55330456875 0.7702522296875001 0.5555256015625 0.7744720765625 0.5795687984375
