4 0.30613395312499997 0.3086001140625 0.27743141250000003 0.3082108578125 0.2757607796875 0.43139361562499995 0.3044633203125 0.43178286874999994 0.30613395312499997 0.3086001140625
4 0.38681473906249997 0.334900690625 0.36671924218749996 0.3370044046875 0.37986320625 0.46255507500000004 0.3999587015625 0.460451378125 0.38681473906249997 0.334900690625
4 0.41436874062499995 0.2786570078125 0.40352260781249993 0.2797356828125 0.4191814421875 0.4371804484375 0.4300275734375 0.4361017828125 0.41436874062499995 0.2786570078125
4 0.5433075984375 0.42577265468750003 0.5708162906250001 0.4301499671875 0.5916220078125 0.2994036765625 0.5641137203125 0.295026396875 0.5433075984375 0.42577265468750003
4 0.60913288125 0.416104140625 0.6319700390625 0.4185818484375 0.6493763453125 0.258152103125 0.6265395609375 0.2556744171875 0.60913288125 0.416104140625
4 0.64690571875 0.41884080468749996 0.667401834375 0.4200733296875 0.6757293875 0.2815949953125 0.65523358125 0.28036248124999996 0.64690571875 0.41884080468749996
4 0.720400134375 0.408956621875 0.7417138515625 0.408956621875 0.7417137328125001 0.2830551296875 0.7204003078125 0.2830551296875 0.720400134375 0.408956621875
4 0.258553875 0.6601505750000001 0.285250303125 0.6646396921875 0.30531854375 0.545307590625 0.27862268125 0.5408185203125 0.258553875 0.6601505750000001
4 0.3750803484375 0.67878789375 0.40052341875 0.6821087828125 0.41669459218749993 0.5582260531250001 0.391252096875 0.5549052015625 0.3750803484375 0.67878789375
4 0.4678038171875 0.570246115625 0.43842226875 0.5660047687499999 0.418363675 0.704942821875 0.4477452109375 0.7091841125 0.4678038171875 0.570246115625
4 0.6075017078125 0.7275459453125 0.6335327562499999 0.727904371875 0.63541239375 0.591387109375 0.6093820437499999 0.5910286890625 0.6075017078125 0.7275459453125
4 0.6519335765625 0.710056165625 0.6767016031249999 0.707722753125 0.6646588890625 0.5799149781249999 0.6398914671875 0.5822483609375 0.6519335765625 0.710056165625
4 0.7649383609375 0.6336964187499999 0.7832262484375 0.6316619718750001 0.771398890625 0.525357059375 0.7531113421875 0.5273914875 0.7649383609375 0.6336964187499999
5 0.783248940625 0.64251285625 0.7513046109375 0.5545014890625 0.6468953765625 0.5923933609375001 0.6788386234375 0.6804038125 0.783248940625 0.64251285625
5 0.60296631875 0.5705689765625 0.47369506718750004 0.5687890140625 0.4720965625 0.6848684046875 0.6013678140625001 0.6866483484375 0.60296631875 0.5705689765625
5 0.3063409703125 0.6513566296875 0.3740544125 0.657187975 0.38208809062500004 0.5639052875 0.31437581406250004 0.5580739921875 0.3063409703125 0.6513566296875
5 0.3155853359375 0.43885123437500007 0.3687257453125 0.43753000625 0.3671270109375 0.3732398859375 0.3139870234375 0.374561109375 0.3155853359375 0.43885123437500007
5 0.4457031734375 0.3597263703125 0.452914309375 0.4169928875 0.551241428125 0.4046114390625 0.5440300109375 0.347345253125 0.4457031734375 0.3597263703125
5 0.6760147937500001 0.3403083453125 0.677240103125 0.3973486828125 0.718801653125 0.396455803125 0.7175762125 0.3394155984375 0.6760147937500001 0.3403083453125
5 0.5807959968749999 0.4116353765625 0.6059163046875 0.4150201359375 0.6138320984375001 0.3562744375 0.5887119625 0.3528896890625 0.5807959968749999 0.4116353765625
