5 0.3974814375 0.5833391390625 0.3544689921875 0.5808353312500001 0.34861867812499997 0.68132503125 0.39163112187500004 0.683828815625 0.3974814375 0.5833391390625
7 0.691406571875 0.7124443375 0.7391611499999999 0.7060232015625 0.7178525765625 0.5475754375 0.67009945625 0.553996475 0.691406571875 0.7124443375
5 0.648167615625 0.5362555062500001 0.684640059375 0.5365241859375 0.68537894375 0.436194578125 0.6489070406249999 0.4359259 0.648167615625 0.5362555062500001
4 0.48959507812499997 0.5303835203125 0.5209838375 0.526943384375 0.5033487078125 0.366048196875 0.47196063437499997 0.3694882953125 0.48959507812499997 0.5303835203125
2 0.38758146718750003 0.492933996875 0.3895699875 0.529720421875 0.44923005 0.5264954953125 0.44724136875 0.48970924218749995 0.38758146718750003 0.492933996875
2 0.33588800625 0.53891938125 0.3527668609375 0.5160646203125 0.3058724828125 0.48143464687500004 0.2889936671875 0.504289303125 0.33588800625 0.53891938125
7 0.507115665625 0.547253321875 0.4909682125 0.5485001703125 0.49934410625 0.656961678125 0.5154915578125 0.6557148421875 0.507115665625 0.547253321875
6 0.5138676531249999 0.6773998328124999 0.5124078671875 0.634727078125 0.4773897625 0.6359248703125 0.47884939375 0.678597475 0.5138676531249999 0.6773998328124999
2 0.5290999375000001 0.467254028125 0.49792535156250006 0.4617130953125 0.4870854203125 0.5226966765625 0.5182599999999999 0.5282375828125 0.5290999375000001 0.467254028125
1 0.7090443734375 0.56687534375 0.739446775 0.604970584375 0.787173196875 0.5668854109375 0.756770896875 0.52879036875 0.7090443734375 0.56687534375
1 0.3045912125 0.4606647328125 0.26625995625 0.45642914843750004 0.260608875 0.5075668328125 0.29894013125 0.511802403125 0.3045912125 0.4606647328125
7 0.41600941562499993 0.524229075 0.4429548578125 0.524229075 0.4429545453125 0.378854625 0.41600965156249997 0.378854625 0.41600941562499993 0.524229075
