4 0.3206205640625 0.413216275 0.3234321046875 0.487037328125 0.34563337031249997 0.48619175625000005 0.342821721875 0.412370815625 0.3206205640625 0.413216275
4 0.3904634796875 0.44379523593750003 0.365257184375 0.44400127031250003 0.3658387578125 0.5151465187500001 0.3910450546875 0.5149404859375 0.3904634796875 0.44379523593750003
4 0.458176315625 0.40387356875 0.43998870781250005 0.402482215625 0.4323972109375 0.5017114281249999 0.4505848171875 0.5031027734375 0.458176315625 0.40387356875
4 0.5020339921875 0.50386030625 0.51870243125 0.503948325 0.519242434375 0.4016741578125 0.502574225 0.4015861390625 0.5020339921875 0.50386030625
4 0.55889381875 0.5115612796875 0.5757192625 0.5132493874999999 0.5857834656249999 0.412944909375 0.568958259375 0.41125681406250003 0.55889381875 0.5115612796875
4 0.659492703125 0.525205303125 0.681679959375 0.525087096875 0.68117525625 0.4303853984375 0.6589883046875 0.43050360468750004 0.659492703125 0.525205303125
4 0.7314250015625 0.42934588281249997 0.7101598359375 0.4283130640625 0.7063309249999999 0.5071432671875 0.7275960890625 0.5081760796875 0.7314250015625 0.42934588281249997
4 0.319099065625 0.74879584375 0.34094220625 0.7525643390625001 0.3553292359375 0.6691856265625 0.333486484375 0.665417165625 0.319099065625 0.74879584375
4 0.40044935937500004 0.6550472328125 0.3804489328125 0.6536108265625 0.373665096875 0.748054834375 0.3936655203125 0.7494912265625 0.40044935937500004 0.6550472328125
4 0.5857245718749999 0.7465829796875 0.6019573 0.7457758671875 0.596911353125 0.6443097703125 0.5806789734375 0.6451168734375 0.5857245718749999 0.7465829796875
4 0.63808644375 0.7402339015625 0.658149990625 0.739192940625 0.652919096875 0.6383909140624999 0.632855975 0.6394318640625001 0.63808644375 0.7402339015625
4 0.7058993953125 0.6705218484375 0.682916590625 0.67332334375 0.692780384375 0.75423139375 0.715763184375 0.7514299234374999 0.7058993953125 0.6705218484375
