6 0.67441225625 0.7494094125 0.6655302828125 0.7070149359375 0.6452281375 0.71126774375 0.65411 0.7536621203125 0.67441225625 0.7494094125
7 0.6474616281250001 0.7402297484375 0.6700839296875001 0.7355898640625 0.6445936953125 0.6113287781250001 0.621971975 0.6159686 0.6474616281250001 0.7402297484375
5 0.6393887796875 0.630415196875 0.66616474375 0.690004134375 0.767805115625 0.6443375578125 0.7410289718749999 0.584749265625 0.6393887796875 0.630415196875
7 0.42706954531249997 0.587900290625 0.3853323859375 0.5889675484375 0.3895477078125 0.7537949640625 0.4312848671875 0.752727725 0.42706954531249997 0.587900290625
7 0.22527884999999997 0.6440216296875 0.28127362031250003 0.6794571781250001 0.349740690625 0.5712780875 0.2937469296875 0.5358429640625 0.22527884999999997 0.6440216296875
7 0.3477080515625 0.5732646359375 0.39994776718749997 0.571356215625 0.39512954375 0.4394892515625 0.34289090624999996 0.44139765156250005 0.3477080515625 0.5732646359375
7 0.432639865625 0.4274547109375 0.3925575890625 0.4294477703125 0.4000481234375 0.5800784796875 0.44013039843749996 0.57808544375 0.432639865625 0.4274547109375
2 0.3567248265625 0.509359959375 0.34328527656249996 0.55674505625 0.3946696609375 0.5713173671875 0.40810896718749995 0.523932478125 0.3567248265625 0.509359959375
2 0.39211847187500004 0.56376133125 0.43141462500000005 0.5724455749999999 0.440988953125 0.5291251265625 0.40169308125000003 0.5204409171875 0.39211847187500004 0.56376133125
2 0.3773282171875 0.6178993921875 0.40907879375 0.6452638828125 0.44112339843750004 0.6080871515624999 0.4093729953125 0.5807227859374999 0.3773282171875 0.6178993921875
