4 0.6085699265625 0.5903083703124999 0.5954258671875 0.5903083703124999 0.5954258671875 0.6651982375000001 0.6085699265625 0.6651982375000001 0.6085699265625 0.5903083703124999
4 0.6342010015625 0.6662995734375 0.6342008406249999 0.5848016875 0.6197423765625001 0.5848017624999999 0.619742425 0.6662995359375 0.6342010015625 0.6662995734375
4 0.4766261671875 0.398747128125 0.4909306 0.4008810578125 0.5038886609375 0.31402212500000004 0.4895843609375 0.3118882046875 0.4766261671875 0.398747128125
4 0.43977782187500003 0.3186518015625 0.42018249374999994 0.3244202484375 0.44755509531250004 0.4174009140625 0.467150409375 0.4116324984375 0.43977782187500003 0.3186518015625
4 0.421924290625 0.4240088109375 0.44087624375 0.41660661875000005 0.4166666671875 0.35462555 0.3977148484375 0.3620277140625 0.421924290625 0.4240088109375
4 0.3894528140625 0.37575170468749997 0.37496920624999996 0.3800729484375 0.39300731093749997 0.44052864999999997 0.407490909375 0.436207421875 0.3894528140625 0.37575170468749997
2 0.6404331484375 0.533418509375 0.6515331 0.572211834375 0.6946821078125 0.5598665890625 0.6835820703125 0.5210734109375 0.6404331484375 0.533418509375
2 0.4762776796875 0.529124378125 0.4508471765625 0.52478895 0.4418173 0.5777510765625 0.4672477984375 0.5820864859375 0.4762776796875 0.529124378125
7 0.6436195609375 0.45668879999999995 0.6513343734375 0.45783967968750006 0.666403828125 0.3568282 0.6586891125000001 0.3556773265625 0.6436195609375 0.45668879999999995
7 0.46378652656249997 0.562747975 0.45848204218750005 0.563064478125 0.4639852453125 0.6552863453125 0.46928972968749993 0.6549698453125 0.46378652656249997 0.562747975
7 0.6474693328125001 0.6436983140625 0.654574146875 0.6442731296875001 0.65983175625 0.5792951546875 0.6527270265625 0.5787203437499999 0.6474693328125001 0.6436983140625
7 0.6799225328125 0.6392077640625 0.6855785921875001 0.6386171671875001 0.6782334390625 0.5682819390625 0.6725774515625 0.56887253125 0.6799225328125 0.6392077640625
2 0.407282203125 0.489574109375 0.43442228125 0.47492190624999997 0.413617078125 0.4363874140625 0.3864771375 0.451039571875 0.407282203125 0.489574109375
2 0.4287603984375 0.4832640203125 0.460443309375 0.47381136718750005 0.4450588984375 0.4222503515625 0.41337620781249995 0.4317029703125 0.4287603984375 0.4832640203125
2 0.46614843281249996 0.41555227656250004 0.44272505625 0.42364410937499997 0.4580704421875 0.46806167656250003 0.48149380624999993 0.45996987031250003 0.46614843281249996 0.41555227656250004
2 0.47372323281249995 0.4622482953125 0.495813828125 0.46036520937500003 0.4905198109375 0.39826525 0.46842939218749996 0.40014832812499995 0.47372323281249995 0.4622482953125
2 0.6132080515625 0.5190383171875 0.588196246875 0.522023159375 0.5943329515625 0.5734417546875 0.619344753125 0.5704569265625 0.6132080515625 0.5190383171875
2 0.6138274828125 0.572687225 0.641430140625 0.572687225 0.641430040625 0.52202643125 0.6138276171875 0.52202643125 0.6138274828125 0.572687225
