8 0.7168610128362616 0.632552436949219 0.7509189546874495 0.6058809609375178 0.7822670845955599 0.6459059137411105 0.7482092601055683 0.6725772577228146
6 0.5214714736027872 0.434991456717723 0.5401683518938398 0.4372799565960592 0.5339879705933299 0.4877700307734269 0.5152910937499655 0.4854815390625008
6 0.47125576100518174 0.460883797805729 0.4506414311581466 0.4661555081091563 0.4436885149632417 0.43896854225100157 0.46430276875003074 0.4336968421875003
6 0.5647241843655593 0.46779991632153367 0.5454205578124629 0.4673568953124987 0.5462033311592904 0.4332538222191449 0.5655068671874233 0.43369684218749915
8 0.4024987390624801 0.4453483984375031 0.4240941817113253 0.443607064533364 0.4318556531250124 0.5398554718749967 0.4102602121021164 0.5415967931563657
8 0.6485117538903751 0.5311953033285655 0.618040292187402 0.5346770031250064 0.6107456364203472 0.47083857797822476 0.6412168015624502 0.4673568953125012
8 0.5994990664676152 0.5074900274850415 0.6114052783159423 0.5136471061055599 0.5992944787739134 0.5370643404989279 0.5873882756236526 0.5309072747905307
6 0.6610337339939178 0.7408514191490471 0.6353939592521556 0.7590435790058037 0.6000176751031177 0.7091926645469954 0.6256572031250016 0.6910006296874945
6 0.4751086535594595 0.4334496783360474 0.4987715637225847 0.4352913741966086 0.4945412089551837 0.4896413742172309 0.470878299591277 0.4877996854184191
6 0.5700766076132595 0.7740717436816105 0.6106182557796274 0.7749058173563057 0.6097140625957991 0.8188473612760258 0.5691724145486887 0.8180132920511899
