4 0.693668553125 0.77458755 0.7279954921875 0.770623409375 0.710695928125 0.6208471359375001 0.676370084375 0.6248112124999999 0.693668553125 0.77458755
4 0.3331016390625 0.6187395578125 0.31137975 0.6148077296875 0.2902189859375 0.731697540625 0.3119408609375 0.7356293218750001 0.3331016390625 0.6187395578125
4 0.3900774078125 0.675486634375 0.3697636875 0.6752014578125001 0.3682570015625 0.7825090546875 0.38857072187499997 0.782794228125 0.3900774078125 0.675486634375
2 0.405708434375 0.6785473 0.4090409828125 0.6272361515625 0.3106591734375 0.6208471359375001 0.3073261625 0.672157778125 0.405708434375 0.6785473
2 0.3921888390625 0.587713615625 0.401555 0.52216820625 0.2757686328125 0.5041952249999999 0.2664019015625 0.5697399359374999 0.3921888390625 0.587713615625
2 0.6743583 0.657376746875 0.6625662046875 0.615943571875 0.621029690625 0.6277636234374999 0.6328215828125 0.6691966234375 0.6743583 0.657376746875
2 0.6257928984375 0.6062500765625 0.6263195796875001 0.542595225 0.39261988593749997 0.540659728125 0.3920919171875 0.6043133046875 0.6257928984375 0.6062500765625
2 0.6271446046875 0.6957935203125001 0.6257327078125 0.6297245625000001 0.41555475 0.6342141703124999 0.4169652109375 0.7002817078125 0.6271446046875 0.6957935203125001
2 0.644686384375 0.5829937000000001 0.682816925 0.58848554375 0.6911780796875 0.5304377734375 0.6530479125 0.5249459578125 0.644686384375 0.5829937000000001
2 0.7301465765625 0.5407486578125 0.693607459375 0.5469778609375 0.701360625 0.5924518078125 0.7378997375 0.5862226296874999 0.7301465765625 0.5407486578125
5 0.3901720015625 0.5175762515625 0.3869503171875 0.4605525046875 0.321516084375 0.46424907343750005 0.324737475 0.521272540625 0.3901720015625 0.5175762515625
5 0.318780546875 0.7541870703125 0.34388001562500004 0.7572772671875 0.3538201546875 0.676551775 0.328721125 0.67346160625 0.318780546875 0.7541870703125
6 0.4378743765625 0.7900427328124999 0.48914828281249995 0.80869626875 0.5141106984375 0.7400924437499999 0.46283759843750005 0.7214390703125 0.4378743765625 0.7900427328124999
6 0.5917061578125 0.799101240625 0.612120434375 0.798164334375 0.610506453125 0.763005521875 0.5900923484375 0.763942425 0.5917061578125 0.799101240625
