5 0.42473502500000004 0.5562592125 0.3340644234375 0.5102285796875 0.2914845171875 0.5940941546875 0.3821548703125 0.640124409375 0.42473502500000004 0.5562592125
5 0.695469428125 0.6009150578125 0.6618032515625 0.5396473703125 0.593384671875 0.5772392171875 0.6270503453125 0.6385064734375 0.695469428125 0.6009150578125
5 0.640239046875 0.43872669999999997 0.6579005890625 0.5136709421875 0.7581839312499999 0.49003895937499997 0.7405220171875 0.415095271875 0.640239046875 0.43872669999999997
8 0.7640337500000001 0.536299940625 0.7477906203125 0.5502029984375 0.76874996875 0.5746877593749999 0.7849930625 0.5607847390625 0.7640337500000001 0.536299940625
8 0.717982803125 0.598907140625 0.7330412 0.6029140390625 0.7466999000000001 0.5515881515625 0.7316416343750001 0.547581271875 0.717982803125 0.598907140625
5 0.3815358546875 0.44977934062499997 0.393059528125 0.5176947859375 0.44388918750000006 0.5090705609375 0.4323653140625 0.44115537031249996 0.3815358546875 0.44977934062499997
5 0.33709899375 0.406952703125 0.2852260265625 0.39867840625 0.2707427078125 0.489471525 0.32261566406250003 0.4977457703125 0.33709899375 0.406952703125
6 0.563929671875 0.3703292234375 0.5524759031250001 0.3703292234375 0.5524759031250001 0.39629742968750004 0.563929671875 0.39629742968750004 0.563929671875 0.3703292234375
5 0.527732190625 0.550245590625 0.5025851921875 0.547626109375 0.4961882234375 0.6090308375 0.52133521875 0.6116503046874999 0.527732190625 0.550245590625
8 0.6040694203125 0.48805585 0.6252410484375 0.4922668984375 0.6356985875000001 0.43969339218750003 0.6145271140624999 0.435482359375 0.6040694203125 0.48805585
5 0.443209684375 0.6172500078125001 0.44958751875 0.55445700625 0.42542407187500003 0.5520030328125001 0.41904611875000003 0.6147958984375 0.443209684375 0.6172500078125001
8 0.3194184328125 0.4604503140625 0.32794426875 0.47797356874999997 0.3575719703125 0.46355928906250005 0.3490461265625 0.44603607500000003 0.3194184328125 0.4604503140625
7 0.496367515625 0.48953774375 0.50498901875 0.48860237812499996 0.4935594109375 0.3832599125 0.4849380296875 0.384195271875 0.496367515625 0.48953774375
7 0.5259842296875 0.4717091265625 0.532334384375 0.47246696093749996 0.5437290828125 0.3769922328125 0.537379009375 0.376234403125 0.5259842296875 0.4717091265625
7 0.45809405937500003 0.5829436593749999 0.4515778640625 0.5831596593749999 0.45498183281250004 0.6858368375 0.46149802656250005 0.6856208390625 0.45809405937500003 0.5829436593749999
7 0.5506260125 0.4938569734375 0.5616895359375 0.49339206718749995 0.557308096875 0.3891336265625 0.546244734375 0.38959852968750003 0.5506260125 0.4938569734375
1 0.7079506906249999 0.5738692734375 0.72059495 0.5705160953124999 0.71065545 0.533039646875 0.69801126875 0.5363928140625001 0.7079506906249999 0.5738692734375
