5 0.7317655796875 0.473838065625 0.68641003125 0.47863815781249996 0.694544165625 0.5554907 0.739899709375 0.5506906359375 0.7317655796875 0.473838065625
5 0.36230264375 0.61602839375 0.3680336484375 0.6696035250000001 0.4092183734375 0.6651983015625 0.4034871796875 0.6116233875 0.36230264375 0.61602839375
8 0.25668121250000003 0.48940714375 0.29100099375 0.48524196249999996 0.2784178671875 0.3815687171875 0.2440985546875 0.3857338703125 0.25668121250000003 0.48940714375
8 0.6345338796875 0.411903721875 0.6004195765625 0.41161701875 0.599406790625 0.5321191046875 0.6335210921875001 0.5324058046875 0.6345338796875 0.411903721875
8 0.7571768328124999 0.6917895796875 0.7822516359375 0.683710478125 0.7566882046875001 0.6043811421874999 0.7316137875 0.6124601765625 0.7571768328124999 0.6917895796875
8 0.8052798187500001 0.667466153125 0.8244125546875001 0.654215153125 0.7781634953125 0.58744576875 0.7590309734375 0.600696665625 0.8052798187500001 0.667466153125
6 0.73005554375 0.6592463984375 0.7131129546875 0.6659856296875 0.7326517578125 0.7150996046875 0.749594325 0.7083604109375 0.73005554375 0.6592463984375
1 0.6133198828124999 0.6529277453125 0.642533265625 0.652056209375 0.6409951921875 0.600512659375 0.6117820953125 0.6013841921874999 0.6133198828124999 0.6529277453125
1 0.642164490625 0.5879257046874999 0.697295009375 0.58381375625 0.6913829421875 0.5045591875000001 0.6362531437500001 0.508671109375 0.642164490625 0.5879257046874999
6 0.6986692046874999 0.3904368421875 0.66946388125 0.385683996875 0.6596406265625 0.44604294843750003 0.6888459453125 0.45079577656250003 0.6986692046874999 0.3904368421875
1 0.3144944890625 0.5875891015625 0.2917979640625 0.5785608828125001 0.26726253125 0.6402349484375 0.28995902500000004 0.649263109375 0.3144944890625 0.5875891015625
1 0.3382404484375 0.60939794375 0.32422011875 0.60939794375 0.32422011875 0.64317180625 0.3382404484375 0.64317180625 0.3382404484375 0.60939794375
1 0.2909217625 0.54331865 0.31195240156250004 0.54331865 0.3119522890625 0.46842878125 0.2909218921875 0.46842878125 0.2909217625 0.54331865
8 0.811518346875 0.6528522765625 0.833411240625 0.6429424203125 0.786265459375 0.5387998656249999 0.76437295625 0.5487096203124999 0.811518346875 0.6528522765625
2 0.36890174375 0.5469690296875 0.3803014375 0.5770925109375 0.4208146078125 0.5617623484375 0.4094148671875 0.5316389765625 0.36890174375 0.5469690296875
2 0.45678128593749995 0.5360297171874999 0.4309108234375 0.5330894359375 0.42490052343749996 0.5859669249999999 0.4507709828125 0.58890719375 0.45678128593749995 0.5360297171874999
2 0.43391727500000005 0.5363847796875 0.414099759375 0.5321616453125 0.4046241640625 0.57662280625 0.424441675 0.580845925 0.43391727500000005 0.5363847796875
