5 0.36328731875 0.375334075 0.2812828328125 0.3700440515625 0.27551391875000003 0.45946771562500005 0.35751840156250003 0.464757709375 0.36328731875 0.375334075
5 0.48265871875000005 0.55056676875 0.2786540484375 0.5528634359375 0.2799684390625 0.6696035250000001 0.48397310937500004 0.6673068828125001 0.48265871875000005 0.55056676875
5 0.613812703125 0.412767575 0.6406077765625 0.4207620625 0.6565448921875 0.3673479953125 0.629749984375 0.3593535359375 0.613812703125 0.412767575
5 0.7295056390625 0.4230364421875 0.7597313359375 0.426106409375 0.7654719640625001 0.3695882890625 0.7352464734375 0.3665183328125 0.7295056390625 0.4230364421875
5 0.3963081796875 0.4230364421875 0.43269465625 0.4187791234375 0.42480979531249996 0.3513931734375 0.38842360781249996 0.35565047656250004 0.3963081796875 0.4230364421875
5 0.7457922765625 0.574283340625 0.6965376515624999 0.5899156 0.7186478000000001 0.6595729718750001 0.7679023765624999 0.6439408203125 0.7457922765625 0.574283340625
8 0.7804002750000001 0.5344539625 0.7519765453125 0.5356103171875 0.754614196875 0.6004388203125 0.7830379265625 0.599282471875 0.7804002750000001 0.5344539625
2 0.4755532359375 0.48038943281249996 0.44881498906250006 0.41405210937500003 0.3638706765625 0.4482879890625 0.3906084203125 0.5146248875 0.4755532359375 0.48038943281249996
2 0.5837129875 0.41037928125 0.5762906171875 0.49988367812499995 0.7986679984375 0.5183215671875 0.8060888421874999 0.42881863906250006 0.5837129875 0.41037928125
2 0.718167953125 0.6341508375 0.725491921875 0.54147763125 0.5049332843750001 0.5240469734375 0.49760766093750003 0.6167184109375 0.718167953125 0.6341508375
6 0.5324808062499999 0.611003646875 0.5021713109375 0.6072619875 0.4950571828125 0.6648833328125 0.525366675 0.668624971875 0.5324808062499999 0.611003646875
6 0.56702563125 0.65837551875 0.5347445984375 0.660710140625 0.5382555140624999 0.7092490453125 0.5705365453125 0.706914434375 0.56702563125 0.65837551875
6 0.6104562296875 0.690627515625 0.6039627703125 0.6618471687499999 0.56867509375 0.6698076984375 0.5751684296875 0.6985879374999999 0.6104562296875 0.690627515625
6 0.655174796875 0.694540871875 0.6365359796875001 0.6675331609375 0.5982177296875 0.6939738828124999 0.616856396875 0.7209814609375 0.655174796875 0.694540871875
6 0.7057542921875 0.642515025 0.6733694109374999 0.660227425 0.69393814375 0.6978295640625001 0.7263229703125 0.680117240625 0.7057542921875 0.642515025
6 0.4787529265625 0.370468459375 0.49655333593749995 0.41213901093749994 0.5913781828125 0.3716340890625 0.5735776953125 0.3299637828125 0.4787529265625 0.370468459375
