4 0.5012616203125 0.5038265859375 0.517431696875 0.5042860484375 0.5203156203125 0.40279430937500005 0.5041457703125001 0.40233485 0.5012616203125 0.5038265859375
4 0.43359373906250004 0.5040404734374999 0.451171975 0.5040404734374999 0.451171865625 0.40257778125000004 0.43359387812500005 0.40257778125000004 0.43359373906250004 0.5040404734374999
4 0.5592521046875001 0.5072488859375001 0.575412440625 0.5090856296874999 0.5863093875 0.4132159796875 0.5701492703125 0.41137924843749996 0.5592521046875001 0.5072488859375001
4 0.656229465625 0.662573909375 0.6352778234375 0.6646573874999999 0.6424456609375 0.736727275 0.6633973 0.7346438125 0.656229465625 0.662573909375
4 0.7049867546875 0.6709149546875001 0.6849816921875 0.672000046875 0.6891277015624999 0.748425578125 0.7091327640625 0.7473404953125 0.7049867546875 0.6709149546875001
4 0.58679658125 0.74498829375 0.6015626328125 0.7446052421875 0.5994722218749999 0.6640405406250001 0.5847064234375 0.664423590625 0.58679658125 0.74498829375
4 0.3719811484375 0.7457980890625 0.39261860937500004 0.7473372625 0.3989526109375 0.662420596875 0.378315521875 0.6608814375 0.3719811484375 0.7457980890625
4 0.3886718890625 0.5154959484375 0.3886718125 0.44185362499999997 0.36718750624999996 0.4418536859375 0.3671874671875 0.51549589375 0.3886718890625 0.5154959484375
4 0.3242187703125 0.41239672812499995 0.3242187296875 0.4729470703125 0.34375000624999996 0.4729470375 0.3437499671875 0.4123967765625 0.3242187703125 0.41239672812499995
4 0.686281409375 0.4329723484375 0.665224109375 0.43183342343750003 0.6603954078125 0.5211041125 0.6814527078125 0.52224303125 0.686281409375 0.4329723484375
4 0.731314153125 0.4314470734375 0.7091260203124999 0.43016449218749997 0.70454074375 0.509482846875 0.7267288781250001 0.5107654187499999 0.731314153125 0.4314470734375
