5 0.3451432546875 0.47298063125 0.343498071875 0.5154185015625 0.495092821875 0.5212938203124999 0.49673749999999994 0.4788564390625 0.3451432546875 0.47298063125
5 0.54138725625 0.5665312765625 0.48107251093750003 0.5565344999999999 0.4723098484375 0.60939794375 0.53262458125 0.6193946718750001 0.54138725625 0.5665312765625
5 0.6513697234375 0.5618639390625 0.67209954375 0.607929515625 0.7769514656250001 0.5607494109375 0.7562215203125 0.5146842875 0.6513697234375 0.5618639390625
5 0.705858425 0.44542671718750004 0.7115317203125 0.4904552125 0.831996790625 0.47527774218749996 0.8263231687499999 0.43024963281249995 0.705858425 0.44542671718750004
8 0.5189522921874999 0.40757729375 0.4833297 0.412761665625 0.4997091703125 0.5253003765625001 0.535331753125 0.520116046875 0.5189522921874999 0.40757729375
8 0.612332065625 0.44196923125 0.58887315625 0.44161031093750003 0.5878480921875 0.5086037828125 0.6113070015625001 0.5089627 0.612332065625 0.44196923125
8 0.657526278125 0.48163582031249996 0.67869601875 0.4805373828125 0.6748011296875001 0.405479628125 0.65363160625 0.40657806093750004 0.657526278125 0.48163582031249996
8 0.6847563046875 0.42698945312500003 0.6874833625 0.4790636640625 0.712008965625 0.4777793234375 0.7092818234375 0.42570520156249997 0.6847563046875 0.42698945312500003
8 0.40850460625 0.576674490625 0.38884324062500003 0.5736578703124999 0.3739954515625 0.67042004375 0.393656809375 0.673436634375 0.40850460625 0.576674490625
8 0.3968113 0.7057914765625 0.4250505390625 0.7092237781249999 0.44200975937500003 0.569706996875 0.41377127343750003 0.566274740625 0.3968113 0.7057914765625
8 0.429308728125 0.7020591281249999 0.46199700625 0.7075202484374999 0.4813911109375 0.5914475203125 0.44870357343749995 0.5859864625 0.429308728125 0.7020591281249999
8 0.33628393125 0.6167056890625 0.357815084375 0.6247351796875 0.3824461515625 0.5586935484375 0.3609152453125 0.550664109375 0.33628393125 0.6167056890625
8 0.6014094984375 0.7017127828125 0.6284412328125 0.695935240625 0.605376990625 0.58803871875 0.5783458234375 0.593816196875 0.6014094984375 0.7017127828125
8 0.6341295953125 0.6899013468749999 0.6572307703125 0.685306759375 0.6368993015625 0.58309625625 0.6137985875 0.587690796875 0.6341295953125 0.6899013468749999
8 0.6632046390624999 0.55416528125 0.6403701046875 0.560220709375 0.6678926984375 0.6639947578125 0.690727209375 0.657939390625 0.6632046390624999 0.55416528125
8 0.31408442187499996 0.6151494453125 0.334641890625 0.620108140625 0.3525555703125 0.54585001875 0.33199836875 0.5408913578125001 0.31408442187499996 0.6151494453125
6 0.374402375 0.699573915625 0.3900654484375 0.6915028015625 0.37324904999999997 0.65887308125 0.35758607656249997 0.6669441640625 0.374402375 0.699573915625
6 0.6218524796875 0.6856358625000001 0.59857804375 0.6884132015625 0.6016437359375 0.7141002624999999 0.6249181687500001 0.71132293125 0.6218524796875 0.6856358625000001
8 0.6171395578125 0.5102131437499999 0.6417201546875 0.5120465624999999 0.6515543421875 0.38020589843749997 0.6269741875 0.378372496875 0.6171395578125 0.5102131437499999
8 0.23776139999999998 0.4884973078125 0.2669704890625 0.4884973078125 0.266970396875 0.4493392078125 0.237761471875 0.4493392078125 0.23776139999999998 0.4884973078125
6 0.353152659375 0.6425089875000001 0.361211025 0.61634116875 0.33628027656250004 0.6086646578125 0.328221875 0.6348324109375 0.353152659375 0.6425089875000001
1 0.3183928484375 0.535140534375 0.33123033749999997 0.4977972015625 0.281740165625 0.48078530468749997 0.2689026015625 0.5181284859375 0.3183928484375 0.535140534375
