8 0.7175919375 0.5238142 0.6801985140625 0.5152326796875 0.6613219484374999 0.5974785203125 0.6987153515625 0.606059978125 0.7175919375 0.5238142
8 0.39347904218749996 0.6814268328125 0.36963371093749997 0.6806364328125001 0.3671875 0.7544242156250001 0.3910328328125 0.7552146078125 0.39347904218749996 0.6814268328125
8 0.339649471875 0.7684714515625 0.36753579687500004 0.76975131875 0.3720538296875 0.671320778125 0.34416810625 0.6700409234375 0.339649471875 0.7684714515625
8 0.6666702453125 0.757710696875 0.7086409828125 0.746580928125 0.6820433734375 0.6462978546875 0.6400735203125001 0.6574275 0.6666702453125 0.757710696875
5 0.2301713640625 0.760912309375 0.24652445312500001 0.75210265 0.23235475781249998 0.7258044453125 0.21600175781250003 0.7346140765625 0.2301713640625 0.760912309375
5 0.27396381875000003 0.7807810453124999 0.2737600828125 0.763688784375 0.24618364375000001 0.7640174015625 0.24638732343749997 0.7811096078124999 0.27396381875000003 0.7807810453124999
5 0.782530671875 0.7432293484375 0.7620235 0.75029864375 0.7740938468749999 0.785307059375 0.7946010015625 0.7782377953124999 0.782530671875 0.7432293484375
5 0.7998022859375 0.7192719546874999 0.7858946078125 0.7259102859375 0.797422446875 0.7500577890625 0.8113301125 0.7434194781250001 0.7998022859375 0.7192719546874999
5 0.7321153078125 0.75956744375 0.7159178234375 0.768352821875 0.7291030171874999 0.792657715625 0.7453004812499999 0.7838723671875 0.7321153078125 0.75956744375
5 0.6200630296874999 0.783001503125 0.6179350859375 0.7639577609375 0.608317203125 0.76503226875 0.6104451234375 0.7840759890625 0.6200630296874999 0.783001503125
5 0.410481065625 0.7794139953125 0.396783209375 0.77730495625 0.3929784859375 0.8020113421874999 0.40667634062499997 0.8041203749999999 0.410481065625 0.7794139953125
