5 0.29070218125 0.696112365625 0.3427118328125 0.7166662546875 0.386679946875 0.6054226578125 0.334671390625 0.5848690109375 0.29070218125 0.696112365625
5 0.5065504484375001 0.560100815625 0.538754628125 0.5621388765625001 0.5440931124999999 0.47778760781249996 0.5118893625000001 0.4757495609375 0.5065504484375001 0.560100815625
1 0.6743714421875 0.5309186078125 0.709610815625 0.535534325 0.716760009375 0.48095613437500007 0.681520928125 0.47634043750000005 0.6743714421875 0.5309186078125
7 0.6900422453124999 0.651593465625 0.6578322875 0.6533951765625 0.6619536015625 0.727063209375 0.6941635578125 0.7252615109375 0.6900422453124999 0.651593465625
1 0.71210463125 0.6947202140625001 0.7534486874999999 0.6682894984375001 0.7159190234375 0.6095921484375 0.6745753999999999 0.636022678125 0.71210463125 0.6947202140625001
7 0.24942328281249998 0.4572820375 0.27663810624999996 0.46114855468749993 0.292977690625 0.34614613125 0.26576324218749997 0.342279640625 0.24942328281249998 0.4572820375
7 0.2876345640625 0.502747490625 0.323186715625 0.49828140000000004 0.3114599984375 0.404939159375 0.27590831250000003 0.4094052203125 0.2876345640625 0.502747490625
6 0.291910340625 0.36087149687500003 0.30273274687499996 0.4082300140625 0.363177978125 0.39441745 0.35235545468749996 0.3470591015625 0.291910340625 0.36087149687500003
1 0.32781702031250004 0.5392748843749999 0.367294853125 0.5382507078125001 0.365861321875 0.48300466875000003 0.3263838296875 0.484028840625 0.32781702031250004 0.5392748843749999
1 0.414906584375 0.478315 0.396884559375 0.4800018421875 0.40162848906250004 0.5306816296875 0.4196505140625 0.5289947953125 0.414906584375 0.478315
1 0.22975547812500002 0.5732011296875 0.2801999421875 0.584906528125 0.3054886078125 0.4759322734375 0.2550450015625 0.46422697656249995 0.22975547812500002 0.5732011296875
1 0.35704235 0.5440152968749999 0.3018777875 0.519328434375 0.26781681874999996 0.5954329859375 0.32298127499999996 0.6201196703125 0.35704235 0.5440152968749999
1 0.41404759531249996 0.6569959953125 0.44290594062500005 0.6623768765625 0.4522785921875 0.6121157515625 0.42342052499999994 0.6067348953125 0.41404759531249996 0.6569959953125
1 0.6180663625 0.699019640625 0.6534999984375001 0.6963091375 0.648002103125 0.6244493390625 0.612568984375 0.6271598218750001 0.6180663625 0.699019640625
1 0.67398059375 0.5136174296875 0.6364878609375 0.5126005499999999 0.6342335890624999 0.59570891875 0.671726321875 0.5967257906250001 0.67398059375 0.5136174296875
1 0.712654975 0.5410452234375 0.7573419015625 0.5398332078125 0.755303246875 0.46468160625 0.7106168390625001 0.46589361562500003 0.712654975 0.5410452234375
6 0.5385291624999999 0.68396064375 0.5100863875 0.682748475 0.50818585625 0.7273365328125 0.5366286312499999 0.728548696875 0.5385291624999999 0.68396064375
1 0.6324661375 0.4845557859375 0.602516859375 0.48505218437500003 0.6043767890625 0.59725811875 0.63432606875 0.596761725 0.6324661375 0.4845557859375
6 0.6710569937499999 0.43349052343750005 0.7005785828125 0.44355666875 0.7192656125 0.38875460624999997 0.68974421875 0.378688496875 0.6710569937499999 0.43349052343750005
