6 0.3582400125 0.37966181250000003 0.3776274671875 0.3814416328125 0.381856271875 0.3353788921875 0.36246891406250004 0.3335990765625 0.3582400125 0.37966181250000003
6 0.5907104515625 0.38206779062499996 0.6081017078125 0.3804073640625 0.6043503265625 0.3411174671875 0.5869591437499999 0.34277789062499997 0.5907104515625 0.38206779062499996
5 0.3473145546875 0.3546079890625 0.3030377 0.3546079890625 0.3030377 0.4210969859375 0.3473145546875 0.4210969859375 0.3473145546875 0.3546079890625
5 0.6880363890625001 0.41883379062500004 0.680253428125 0.3825522703125 0.6023178140625001 0.399269775 0.6101005671874999 0.43555111562500004 0.6880363890625001 0.41883379062500004
5 0.7046349640625 0.57512586875 0.6595526406250001 0.58876489375 0.68025338125 0.6571811453125 0.7253356656250001 0.6435422125 0.7046349640625 0.57512586875
5 0.4550219203125 0.6223329546875 0.45139391562500003 0.6841621515625 0.5663986734375 0.690908490625 0.570025925 0.629080009375 0.4550219203125 0.6223329546875
5 0.3398392421875 0.661999153125 0.35684291562500003 0.6108284375 0.28463692812499997 0.5868376765625001 0.267633065625 0.6380080218749999 0.3398392421875 0.661999153125
7 0.4155887984375 0.512131278125 0.448561259375 0.51364471875 0.45700840468750004 0.3296136890625 0.4240367265625 0.3281002671875 0.4155887984375 0.512131278125
7 0.4950338890625 0.5253677375 0.5353643390625 0.520718746875 0.5150566750000001 0.3445625296875 0.474727184375 0.34921146406250003 0.4950338890625 0.5253677375
7 0.6130662328125001 0.35071954375000003 0.579446728125 0.34855914375 0.5680211453124999 0.5263512140625 0.6016406484375 0.5285115890625 0.6130662328125001 0.35071954375000003
7 0.637911971875 0.69635596875 0.6678243312500001 0.69272409375 0.6460984171875 0.5138129265625 0.6161870125 0.5174447437499999 0.637911971875 0.69635596875
2 0.7008315125 0.5276468109375 0.7019040875 0.420172 0.29112825625 0.41606806562500004 0.29005252656249997 0.5235397234375 0.7008315125 0.5276468109375
2 0.74760003125 0.6291296281250001 0.7407036859375 0.48695215000000003 0.27920486875 0.5093275578124999 0.286095275 0.6514995328125 0.74760003125 0.6291296281250001
6 0.7781210703125 0.6172356359375 0.7496859140625001 0.5833027171875 0.7230911703125 0.60558618125 0.7515262093749999 0.6395189890624999 0.7781210703125 0.6172356359375
6 0.345061059375 0.6903424203124999 0.376326409375 0.6929606484375 0.38205397812499997 0.6245717078124999 0.35078906249999997 0.6219534984374999 0.345061059375 0.6903424203124999
5 0.38152288749999996 0.6840207390625 0.41535242187500004 0.6872246859375 0.42119406406250004 0.6255506609375 0.3873649453125 0.622346734375 0.38152288749999996 0.6840207390625
