6 0.34444871875 0.694537371875 0.363927103125 0.6930377609375 0.3602999953125 0.64593329375 0.3408217984375 0.647432896875 0.34444871875 0.694537371875
2 0.3756712453125 0.6129571171875 0.4125674046875 0.5671283765624999 0.322568375 0.49467828125 0.2856724578125 0.5405065687499999 0.3756712453125 0.6129571171875
7 0.3675272390625 0.7158365625 0.39399791875 0.7233576265624999 0.43901766562500005 0.5649286453125 0.412547790625 0.557407703125 0.3675272390625 0.7158365625
7 0.41928895781250003 0.7105894968750001 0.4439840453125 0.713396121875 0.46036278125 0.569298121875 0.43566837812500003 0.5664915359375 0.41928895781250003 0.7105894968750001
2 0.48924675000000006 0.528225178125 0.5018146109375 0.4652293125 0.419486853125 0.448805859375 0.40691870156250004 0.511801325 0.48924675000000006 0.528225178125
5 0.45097263125 0.4453845078125 0.469055865625 0.4488058625 0.4786737109375 0.39797425625 0.46059059375 0.3945529125 0.45097263125 0.4453845078125
7 0.33959311875 0.49580714531250003 0.390142753125 0.49974145312499996 0.40385180624999995 0.3236058984375 0.353303309375 0.3196716359375 0.33959311875 0.49580714531250003
5 0.6621529703125 0.6682496078125 0.6998166421875001 0.6593317890625 0.6799090265625 0.57526496875 0.6422459453125 0.5841827140625 0.6621529703125 0.6682496078125
5 0.338104925 0.4537650390625 0.35533785 0.41263217343749997 0.284836753125 0.3830967140625 0.26760375937499997 0.42422937968749996 0.338104925 0.4537650390625
6 0.44794952656250003 0.35330396406250003 0.4237644578125 0.35330396406250003 0.4237644578125 0.41057268750000003 0.44794952656250003 0.41057268750000003 0.44794952656250003 0.35330396406250003
1 0.7344900109375 0.4176211453125 0.6923195328125 0.4281058265625 0.7077146937500001 0.49002293750000003 0.7498851546874999 0.479538303125 0.7344900109375 0.4176211453125
1 0.5676372046875 0.6495574578125 0.5929864625 0.650817878125 0.5969158390625 0.5717965328125 0.5715669578125 0.570536121875 0.5676372046875 0.6495574578125
1 0.4336075453125 0.4563333625 0.3958990328125 0.4484581453125 0.383444790625 0.50808809375 0.42115329218750003 0.515963275 0.4336075453125 0.4563333625
1 0.6950470046875 0.431136590625 0.64298925625 0.4383845796875 0.6525975328125 0.5073902593749999 0.7046552765625 0.50014230625 0.6950470046875 0.431136590625
