4 0.3988114328125 0.38179109843750003 0.372296359375 0.377681571875 0.35655029531250004 0.479271375 0.3830653625 0.483380871875 0.3988114328125 0.38179109843750003
2 0.4054510515625 0.48027511875 0.34939261093749996 0.4719127453125 0.3353549109375 0.566009125 0.3914133375 0.5743714343749999 0.4054510515625 0.48027511875
7 0.357877421875 0.5889733374999999 0.3100405953125 0.57149820625 0.2760180203125 0.664621665625 0.32385476562500004 0.6820966296875 0.357877421875 0.5889733374999999
5 0.331023028125 0.6883048453125 0.3846039921875 0.7025135890625 0.4020312875 0.636803209375 0.348451021875 0.6225945625 0.331023028125 0.6883048453125
8 0.2777428375 0.6693045546875 0.3198142890625 0.682357928125 0.348043015625 0.5913862015625 0.3059723 0.5783329515625 0.2777428375 0.6693045546875
8 0.635376290625 0.6349974046875 0.6144976062499999 0.6376354078124999 0.6307634015625 0.76635394375 0.651642078125 0.763715975 0.635376290625 0.6349974046875
8 0.6187099703125 0.7702937890625 0.6407502015625 0.7695423359375 0.6361194625000001 0.633750375 0.614079859375 0.6345018171875 0.6187099703125 0.7702937890625
8 0.608029625 0.6440637265625 0.5864881953125 0.6492047796875 0.611975859375 0.755984703125 0.63351726875 0.7508437109375 0.608029625 0.6440637265625
6 0.60382793125 0.766964315625 0.6209764734375 0.7571590921875 0.6015203078125 0.7231377828125 0.5843718875 0.7329429625 0.60382793125 0.766964315625
5 0.47998551406249995 0.7076695953125001 0.476756365625 0.7654519234375 0.5730595875 0.77083208125 0.5762880765625 0.71305038125 0.47998551406249995 0.7076695953125001
8 0.441739359375 0.6424907515625 0.41998700624999996 0.6329065468749999 0.3807361828125 0.7219782546875 0.4024884796875 0.7315623625 0.441739359375 0.6424907515625
2 0.6894509 0.6699816578125 0.6807486640625 0.5903689640625001 0.6395513125 0.594871640625 0.6482532046875 0.674484021875 0.6894509 0.6699816578125
4 0.6678276984375 0.7648317171875 0.6957461171875 0.7624825734375 0.686902346875 0.657397984375 0.6589845640625 0.659747103125 0.6678276984375 0.7648317171875
5 0.694594421875 0.6999355015625001 0.749054228125 0.6906514515625 0.7376700453125 0.623883578125 0.6832109625 0.6331675640625 0.694594421875 0.6999355015625001
5 0.66997978125 0.541386575 0.7228461375 0.5388426 0.7171948796875001 0.42141996875 0.66432941875 0.4239639234375 0.66997978125 0.541386575
7 0.6172695859374999 0.5895874234375 0.6486916468749999 0.5888062125 0.64474921875 0.4302596796875 0.613327934375 0.4310408828125 0.6172695859374999 0.5895874234375
8 0.5754286390625001 0.540714865625 0.5945975484375 0.5388085328125001 0.5876745718749999 0.4692016984375 0.5685058703125 0.47110802031250004 0.5754286390625001 0.540714865625
8 0.6764154875 0.426577715625 0.6561339796875 0.42408614218749996 0.6429645515625 0.5312786593750001 0.66324605625 0.5337702140625 0.6764154875 0.426577715625
5 0.2940499046875 0.49652161875 0.3476820578125 0.4988490703125 0.3507586453125 0.42795319843749996 0.29712702968750004 0.425625759375 0.2940499046875 0.49652161875
2 0.582640271875 0.7415087375 0.5967854890625001 0.6326192828125 0.45026251874999995 0.6135876625 0.43611589687499996 0.72247545 0.582640271875 0.7415087375
1 0.5467929484375 0.5275329140625 0.5467927234375 0.6046255828125 0.57373816875 0.6046255453125 0.5737382140625 0.52753305625 0.5467929484375 0.5275329140625
1 0.5498587765625 0.5232197249999999 0.5119647015625 0.5228010078125 0.51102633125 0.60771585625 0.5489204062499999 0.6081345703125 0.5498587765625 0.5232197249999999
1 0.4360414046875 0.5040324390625 0.39636575937499996 0.5011915671875 0.39072591874999996 0.5799507765625 0.43040156406249996 0.58279163125 0.4360414046875 0.5040324390625
1 0.4595305109375 0.5054646359375 0.4290763109375 0.5026141890625 0.421058890625 0.5882648765625 0.45151308749999997 0.5911153031249999 0.4595305109375 0.5054646359375
