5 0.375920084375 0.3722466953125 0.3809904046875 0.30037992343750003 0.24447949531250002 0.2907488984375 0.23940871718749998 0.3626151796875 0.375920084375 0.3722466953125
5 0.6651748109375 0.3972368984375 0.71109378125 0.3964757671875 0.7096935281250001 0.3120142015625 0.6637749734375 0.3127753296875 0.6651748109375 0.3972368984375
7 0.255781096875 0.5445036937500001 0.3160504703125 0.55649120625 0.3459948828125 0.405948378125 0.2857268234375 0.3939610015625 0.255781096875 0.5445036937500001
5 0.7764824359375 0.5429289374999999 0.7544687609375 0.4581489375 0.648334171875 0.48570530625 0.6703470031250001 0.57048458125 0.7764824359375 0.5429289374999999
7 0.6047451765625 0.4522371703125 0.576663375 0.45328443281249997 0.582585465625 0.612069515625 0.6106672671875 0.6110222656250001 0.6047451765625 0.4522371703125
7 0.6007226328125 0.5710472953125 0.6333951921875001 0.571626371875 0.6356899453125 0.4421462734375 0.6030180203125 0.44156720156249996 0.6007226328125 0.5710472953125
2 0.5992548 0.4565584578125 0.5737639921875 0.46395804218750003 0.5897926359375 0.5191711359375 0.6152834296874999 0.511771584375 0.5992548 0.4565584578125
2 0.6340925140625 0.44303965781250004 0.6082823671875001 0.44303965781250004 0.6082823671875001 0.4827846421875 0.6340925140625 0.4827846421875 0.6340925140625 0.44303965781250004
2 0.54665155 0.3498839484375 0.523424690625 0.349113959375 0.52129939375 0.4132212359375 0.544526253125 0.41399122187500004 0.54665155 0.3498839484375
2 0.386338515625 0.520178178125 0.42079769999999994 0.4655011671875 0.296149565625 0.3869486171875 0.2616904390625 0.441625090625 0.386338515625 0.520178178125
7 0.4194282828125 0.4560332640625 0.3873736203125 0.45330084375 0.3762409 0.583891440625 0.40829555937500006 0.5866238328125 0.4194282828125 0.4560332640625
5 0.4423602328125 0.490004475 0.41784528906249996 0.48746051562500003 0.40937454687499997 0.5690824265625001 0.4338894875 0.5716263671874999 0.4423602328125 0.490004475
8 0.6262150421875 0.3689454859375 0.6494391828125 0.36822557031250003 0.646172125 0.26283842968750004 0.6229482281250001 0.263558340625 0.6262150421875 0.3689454859375
7 0.548916084375 0.24652614687500002 0.523138228125 0.2468400671875 0.5252713484375 0.421998196875 0.5510492046875 0.42168427968750005 0.548916084375 0.24652614687500002
1 0.41092616406250004 0.3364824890625 0.38031498125 0.3374192140625 0.3823177734375 0.40286573125 0.41292895625000003 0.401929009375 0.41092616406250004 0.3364824890625
1 0.4510635734375 0.33956855468749997 0.41610365156249995 0.3384987546875 0.41375881875 0.4151221703125 0.44871874062500006 0.41619196562500005 0.4510635734375 0.33956855468749997
1 0.7717798671875 0.355463275 0.7260409703125 0.3465633734375 0.712848165625 0.414361678125 0.7585870531250001 0.42326154374999997 0.7717798671875 0.355463275
