4 0.2819862890625 0.3543137125 0.26049573125 0.36182464375 0.2997693671875 0.4741902140625 0.321259896875 0.46667933906250003 0.2819862890625 0.3543137125
4 0.3927147875 0.5059242515625 0.41560997187500004 0.5053088546875 0.41118327656250003 0.3406341484375 0.38828857656250004 0.34124953750000003 0.3927147875 0.5059242515625
4 0.595761715625 0.3499873515625 0.5747794609375 0.35416075625 0.602191790625 0.491972309375 0.6231740343750001 0.48779894218750003 0.595761715625 0.3499873515625
4 0.7828188734375 0.383335225 0.7578242515625 0.3660152578125 0.694156734375 0.4578898484375 0.71915125625 0.47520969218750003 0.7828188734375 0.383335225
4 0.632355284375 0.7150228421875 0.64817444375 0.7157307375 0.65082720625 0.6564569671875 0.6350082421875001 0.6557490765625 0.632355284375 0.7150228421875
4 0.6794910859375001 0.72347709375 0.6924401375 0.72296201875 0.6897353546875 0.6549751234375 0.6767864875 0.6554901953125001 0.6794910859375001 0.72347709375
4 0.3278162203125 0.751907371875 0.34752055937500004 0.7542586890625 0.35661320625 0.6780722406249999 0.3369091921875 0.6757209421875 0.3278162203125 0.751907371875
4 0.403065684375 0.674291984375 0.3846601015625 0.6786846296875 0.4005769578125 0.7453676437500001 0.4189825296875 0.74097503125 0.403065684375 0.674291984375
2 0.6322202109374999 0.6590854078125 0.6675333625000001 0.6567442625 0.6629336234375 0.58737511875 0.6276209359375 0.5897162484375 0.6322202109374999 0.6590854078125
2 0.665464965625 0.6003775859375 0.6654648125 0.6607929734375 0.7015172328125 0.66079291875 0.7015171765625 0.6003777421875001 0.665464965625 0.6003775859375
2 0.3184802015625 0.6225478671875 0.33726826249999997 0.681401625 0.3849206453125 0.666191128125 0.36613242968750004 0.6073376609375 0.3184802015625 0.6225478671875
2 0.411198103125 0.5974311515624999 0.36578225 0.6009052578125 0.37163901250000003 0.6774595421875 0.4170548625 0.6739854609375 0.411198103125 0.5974311515624999
2 0.44330306249999996 0.5986963859375 0.41549583749999996 0.5960417078125 0.41144005000000006 0.63852043125 0.43924727499999994 0.6411750984375 0.44330306249999996 0.5986963859375
2 0.3261039046875 0.47684598906250003 0.2897342015625 0.47964618750000004 0.2957108890625 0.55726678125 0.3320805890625 0.5544665984375 0.3261039046875 0.47684598906250003
2 0.39032926562500003 0.49968798437500006 0.38162913125000003 0.5429479140625 0.418980253125 0.55045895625 0.4276802375 0.5071991578125 0.39032926562500003 0.49968798437500006
2 0.629576225 0.468876778125 0.6003386171875 0.47614590312500005 0.613175684375 0.5277748375 0.64241328125 0.5205057421875 0.629576225 0.468876778125
2 0.6763904359375 0.500924909375 0.7082723890625 0.51741230625 0.7338814078125 0.46789507812500003 0.7019996703125 0.4514077484375 0.6763904359375 0.500924909375
