7 0.6662260546875001 0.5995014171874999 0.7095410375 0.6076379281250001 0.7319263296875 0.4884780078125 0.688612190625 0.480341578125 0.6662260546875001 0.5995014171874999
2 0.3773522671875 0.596515596875 0.32619042187499997 0.6034931109375 0.3329481796875 0.653037825 0.3841100171875 0.64606034375 0.3773522671875 0.596515596875
8 0.23675078906250002 0.696762475 0.2743869609375 0.7322573984375 0.331476834375 0.6717319203125001 0.2938410125 0.6362373031249999 0.23675078906250002 0.696762475
8 0.40015186406250003 0.6684119796875 0.38218077031250003 0.662758340625 0.35946937343749996 0.7349400015625001 0.377440446875 0.7405935953125 0.40015186406250003 0.6684119796875
5 0.71989435625 0.640249021875 0.6750683859375 0.64956940625 0.6930943843749999 0.736252428125 0.737920328125 0.7269321296875 0.71989435625 0.640249021875
8 0.7332065796875 0.701956225 0.7816129640625 0.705999734375 0.7878566203124999 0.631260965625 0.7394509765625 0.6272174890625 0.7332065796875 0.701956225
5 0.37100540937500004 0.6725162828125 0.3388807078125 0.6635715828125 0.321862590625 0.7246829703125 0.35398726875 0.7336276093749999 0.37100540937500004 0.6725162828125
8 0.787679321875 0.5249185953125 0.7621909078125 0.5683707015625 0.82466494375 0.6050132578125 0.8501530453124999 0.5615614234375 0.787679321875 0.5249185953125
1 0.4520118390625 0.597718096875 0.4182792234375 0.5922288515624999 0.4088745375 0.6500160546875 0.4426071453125 0.65550526875 0.4520118390625 0.597718096875
1 0.5900221984375 0.5971610375 0.5643182609374999 0.5971610375 0.5643182609374999 0.62848751875 0.5900221984375 0.62848751875 0.5900221984375 0.5971610375
1 0.5963265796874999 0.631103515625 0.6354489671875 0.6296445640624999 0.6336922015625001 0.5825460687499999 0.59457015625 0.5840050140625 0.5963265796874999 0.631103515625
6 0.6487284078125 0.7216443234375001 0.6227363 0.7254038171875 0.6285702578125 0.7657314765625001 0.6545623625 0.7619720015625 0.6487284078125 0.7216443234375001
1 0.32407009375 0.6271418640624999 0.31888899843749996 0.5714975296875 0.27722648125 0.5753763765625 0.282407346875 0.6310204984375 0.32407009375 0.6271418640624999
1 0.24301904375 0.572687225 0.2167296921875 0.5969292296875001 0.25937601718750003 0.643171878125 0.28566523125 0.6189300156249999 0.24301904375 0.572687225
1 0.4516893765625 0.6313566734375 0.47833711718750005 0.631810959375 0.4792771546875 0.5766670375 0.45262968125 0.5762127546875 0.4516893765625 0.6313566734375
1 0.5702841624999999 0.5855600296875 0.5950001015625 0.5892469234375 0.6035846640625 0.531703209375 0.5788689671875 0.5280163328125 0.5702841624999999 0.5855600296875
1 0.5673203546875001 0.5192263703125 0.5482272171875 0.5203656328124999 0.5508487718749999 0.5642969265625 0.5699419078125 0.56315766875 0.5673203546875001 0.5192263703125
1 0.546161525 0.5192486953125 0.50685005625 0.52413549375 0.5112134453125 0.5592333593750001 0.5505249109375 0.5543465765625 0.546161525 0.5192486953125
6 0.581763440625 0.4343229953125 0.5561003515625 0.4262633875 0.5296546140625 0.510465475 0.55531768125 0.5185250328125 0.581763440625 0.4343229953125
