1 0.42571352500000004 0.444106703125 0.40635870937499996 0.43111397343749996 0.39033281875000003 0.4549857453125 0.4096876140625 0.46797845000000005 0.42571352500000004 0.444106703125
7 0.42653163125000004 0.5620078796875 0.36724389375 0.5515119187499999 0.3396594125 0.707308396875 0.3989471078125 0.717804196875 0.42653163125000004 0.5620078796875
2 0.7969447187500001 0.4804137625 0.7760764484375 0.4166615125 0.6257828875 0.4658540359375 0.6466503078125 0.529605565625 0.7969447187500001 0.4804137625
6 0.70347721875 0.37429259843749996 0.686258578125 0.37469552031250003 0.687521428125 0.4286600171875 0.70474006875 0.4282570953125 0.70347721875 0.37429259843749996
4 0.7763799234375 0.631957934375 0.791396540625 0.6154160453124999 0.72074454375 0.551285478125 0.705728034375 0.567827228125 0.7763799234375 0.631957934375
4 0.704996375 0.5803431453125001 0.690792365625 0.5959748453125 0.758948203125 0.6578984125 0.773152071875 0.642266846875 0.704996375 0.5803431453125001
4 0.7122637453125 0.7039807171875 0.7298480109375001 0.695353996875 0.67870470625 0.5911201859374999 0.6611207796875 0.59974680625 0.7122637453125 0.7039807171875
4 0.7082363625 0.73883905625 0.72305916875 0.7318247078125 0.663911778125 0.6068519453125 0.6490893296875 0.6138661921875 0.7082363625 0.73883905625
1 0.3189067859375 0.5035941875 0.355602465625 0.50558476875 0.36034475 0.41816410625 0.3236495234375 0.4161735390625 0.3189067859375 0.5035941875
1 0.508558725 0.45975927031249997 0.4816624375 0.4607782453125 0.48435855625 0.5319383265625001 0.51125484375 0.5309193578125 0.508558725 0.45975927031249997
5 0.738267709375 0.3765538125 0.7116947546875 0.37391109375 0.70452155625 0.4460352421875 0.731094509375 0.448677946875 0.738267709375 0.3765538125
1 0.6871169359375 0.42093297500000004 0.6723186 0.41740087812500004 0.66020333125 0.46815693593749996 0.6750016624999999 0.4716890203125 0.6871169359375 0.42093297500000004
