5 0.399108065625 0.6329627609374999 0.34963190625 0.6277532984375 0.3409023953125 0.7106496124999999 0.39037854843750003 0.71585903125 0.399108065625 0.6329627609374999
5 0.327823771875 0.602324878125 0.2812826890625 0.5814977203125 0.2414771984375 0.6704379921875 0.2880181625 0.6912649531249999 0.327823771875 0.602324878125
5 0.6633877796875 0.7470246375 0.715471765625 0.7378845468749999 0.697190978125 0.6337318015625 0.6451081249999999 0.642871790625 0.6633877796875 0.7470246375
5 0.2807003203125 0.5247819390624999 0.33662380937499997 0.5298800609375001 0.3446584296875 0.4417475609375 0.2887356578125 0.43664947187500003 0.2807003203125 0.5247819390624999
5 0.6993036781249999 0.5487621734375 0.7496242234375 0.5389459515625 0.7338111109375001 0.457891878125 0.6834911859374999 0.4677080375 0.6993036781249999 0.5487621734375
4 0.726923459375 0.7188585265625 0.7473640609375 0.712143771875 0.7126841109375001 0.606588725 0.6922439359375 0.6133034046875 0.726923459375 0.7188585265625
4 0.6246549734375 0.6325514375 0.624654575 0.7706274468750001 0.6493031125 0.7706273109375 0.649303146875 0.6325516671875 0.6246549734375 0.6325514375
4 0.4211624234375 0.6226736890625 0.3974681859375 0.6251058953124999 0.410355540625 0.75063561875 0.434049771875 0.74820344375 0.4211624234375 0.6226736890625
4 0.352260078125 0.6070903796875 0.3288765796875 0.5995078015625 0.2914753875 0.7148326125 0.31485884375 0.722415096875 0.352260078125 0.6070903796875
1 0.4094450296875 0.5788463328125 0.4403691796875 0.5830399703125 0.44993882812499997 0.5124780953125 0.4190150375 0.50828448125 0.4094450296875 0.5788463328125
