7 0.5534414234375 0.607226128125 0.5476080984375 0.607846503125 0.561782121875 0.7411060828125 0.567615446875 0.7404857171875 0.5534414234375 0.607226128125
7 0.5055520921875 0.7030336953125 0.5090448000000001 0.7036588828125 0.5192791609375 0.6464909453125001 0.5157864937500001 0.6458657624999999 0.5055520921875 0.7030336953125
7 0.495825790625 0.6767367656250001 0.4989201234375 0.677042834375 0.5039445828125 0.6262522390624999 0.5008502796875 0.6259461734375 0.495825790625 0.6767367656250001
6 0.27545071875 0.6709662359374999 0.2870240671875 0.6709662359374999 0.287024028125 0.6422478484374999 0.275450746875 0.6422478484374999 0.27545071875 0.6709662359374999
6 0.3063120921875 0.6896941937500001 0.308612765625 0.678612021875 0.2923256875 0.6752312703125 0.29002500000000003 0.6863134234375 0.3063120921875 0.6896941937500001
2 0.5648414984375 0.5709906390625 0.5382717953125 0.5716687453125 0.5404567874999999 0.65727211875 0.567026490625 0.65659401875 0.5648414984375 0.5709906390625
2 0.5289340828125 0.5759577984375001 0.5124982640625 0.5760194796875 0.5127713046875 0.6487660921875 0.529207125 0.648704409375 0.5289340828125 0.5759577984375001
2 0.495524946875 0.6005184421875 0.49585686874999996 0.6005284703125 0.496529834375 0.5782553484374999 0.4961979140625 0.5782453203125 0.495524946875 0.6005184421875
2 0.511484175 0.5764740453125 0.495881084375 0.57685405625 0.49707249375 0.6257675796875 0.5126755859375 0.6253875703125 0.511484175 0.5764740453125
2 0.49568861406250003 0.572898521875 0.4756675890625 0.572898521875 0.4756675890625 0.6380262578125 0.49568861406250003 0.6380262578125 0.49568861406250003 0.572898521875
2 0.45000176875 0.6576409046875 0.47366945625 0.658719659375 0.47768408281249997 0.570644709375 0.45401678125 0.5695659640625 0.45000176875 0.6576409046875
6 0.3309369140625 0.7245373703125 0.36414483125 0.7092268421875 0.342238878125 0.6617212796875 0.309031275 0.6770317234375 0.3309369140625 0.7245373703125
5 0.3059299390625 0.4177510390625 0.273879225 0.506505665625 0.3966458484375 0.5508344703125 0.428695553125 0.4620807 0.3059299390625 0.4177510390625
5 0.403312675 0.6721678843750001 0.4480377125 0.6757102734375 0.4557015984375 0.57895546875 0.4109773875 0.5754131124999999 0.403312675 0.6721678843750001
5 0.7160482890625001 0.5029876421874999 0.6549217515625 0.5072786296875 0.66180598125 0.605337909375 0.7229325140625 0.60104695625 0.7160482890625001 0.5029876421874999
5 0.5651885171875 0.44270210781249997 0.58684181875 0.5279809625 0.7315705046875001 0.49123402812499994 0.7099166125 0.40595608437499997 0.5651885171875 0.44270210781249997
1 0.7334448625000001 0.4056523109375 0.7170683578125 0.40386704843750004 0.7138985234375 0.4329429171875 0.730275028125 0.43472817812500003 0.7334448625000001 0.4056523109375
