4 0.6143985421875 0.28208214374999996 0.60051679375 0.283044278125 0.6066849999999999 0.372036925 0.62056675 0.37107479374999996 0.6143985421875 0.28208214374999996
4 0.5619884765625 0.3525021015625 0.5726053453125 0.35057729375 0.5563653937499999 0.2610038625 0.5457486125 0.2629286625 0.5619884765625 0.3525021015625
4 0.4726117421875 0.2663498 0.460590553125 0.2641591765625 0.44437000156249995 0.3531680890625 0.45639118749999996 0.355358703125 0.4726117421875 0.2663498
4 0.489109471875 0.36425201875 0.5047433203125 0.36568469375 0.5134904703125 0.27023518750000003 0.4978567640625 0.26880251875 0.489109471875 0.36425201875
4 0.31941544843749997 0.291902228125 0.2964099703125 0.29821985781250004 0.328502809375 0.4150808296875 0.3515082703125 0.408763240625 0.31941544843749997 0.291902228125
4 0.7469278515625 0.2961489828125 0.7252433890625001 0.2926364171875 0.7056868546875 0.41336230625 0.7273713125 0.41687485 0.7469278515625 0.2961489828125
4 0.680946628125 0.678232984375 0.6821592937500001 0.5979043468749999 0.66451826875 0.597638125 0.6633054671874999 0.677966625 0.680946628125 0.678232984375
4 0.6014446062500001 0.6304768859375 0.5853570828125 0.629047103125 0.578131925 0.7103317140625001 0.5942194468750001 0.711761484375 0.6014446062500001 0.6304768859375
4 0.375523971875 0.5910171359375 0.357921684375 0.5873983968750001 0.34080546875 0.6706453234375 0.358407746875 0.6742640328125 0.375523971875 0.5910171359375
4 0.4040489421875 0.5986028453125 0.38865269687500004 0.5971384953125 0.380346990625 0.6844544140625 0.395743234375 0.6859187515625 0.4040489421875 0.5986028453125
4 0.43221617031250004 0.690747046875 0.43363865625000003 0.604800940625 0.4192350078125 0.6045626390625001 0.41781240156250005 0.6905086218750001 0.43221617031250004 0.690747046875
4 0.641774790625 0.6062532187499999 0.6272794140625 0.6095110874999999 0.6451210390625 0.68888465 0.6596164078125 0.6856268078125 0.641774790625 0.6062532187499999
