5 0.27734047500000003 0.5176211296875 0.27733964218749996 0.5770925109375 0.385120925 0.5770932703125 0.3851212234375 0.5176224234375 0.27734047500000003 0.5176211296875
5 0.282597265625 0.629955946875 0.25549273437500003 0.6845348453125 0.34963175625 0.731277953125 0.3767355921875 0.67669965 0.282597265625 0.629955946875
5 0.7056948000000001 0.7125094953125 0.687434103125 0.6519817953125 0.6179122968749999 0.6729529390625 0.63617245 0.7334801765625001 0.7056948000000001 0.7125094953125
5 0.76422009375 0.5937587296875 0.7557833203125 0.5308365109375 0.6829411640624999 0.5406024078125 0.691377496875 0.6035242296875001 0.76422009375 0.5937587296875
2 0.5872022890624999 0.5661782625 0.59353245 0.6181157875000001 0.6911373796875 0.6062203546875 0.6848068296875 0.554283290625 0.5872022890624999 0.5661782625
6 0.4412909015625 0.7720352375 0.46240340937499996 0.7760432140625 0.46909470156250005 0.740801803125 0.44798236406249997 0.73679384375 0.4412909015625 0.7720352375
6 0.6111689546875 0.76400980625 0.6274229765625 0.7615853546875 0.6224462515625 0.7282264734375 0.606192353125 0.730650915625 0.6111689546875 0.76400980625
7 0.41641394218750005 0.49537696093749994 0.3967337140625 0.49845249999999997 0.40727058749999995 0.5658717875 0.4269508109375 0.5627962656250001 0.41641394218750005 0.49537696093749994
6 0.44104029375 0.48097325625 0.4275396015625 0.48058964687500005 0.426841275 0.5051646765625 0.44034196718749996 0.5055482859375 0.44104029375 0.48097325625
7 0.6962159828125001 0.7044525765625 0.727598278125 0.701931959375 0.7221399015625 0.6339854015624999 0.690758046875 0.6365060015624999 0.6962159828125001 0.7044525765625
8 0.614666659375 0.6604577375 0.5962447156249999 0.6629002749999999 0.6069475 0.7436102671875 0.6253694390625 0.7411677515624999 0.614666659375 0.6604577375
5 0.64489781875 0.513254103125 0.6205486625 0.5106463609375 0.6159908296875 0.5532004140625 0.640339984375 0.555808146875 0.64489781875 0.513254103125
5 0.42955579374999997 0.6673559109375 0.420609884375 0.7180616734374999 0.44558359375 0.7224669765625 0.45452934999999994 0.6717613499999999 0.42955579374999997 0.6673559109375
8 0.4658316359375 0.74370291875 0.49287480468749995 0.7450475375 0.4986271140625 0.6293680187499999 0.471584596875 0.6280234171875 0.4658316359375 0.74370291875
6 0.46430854843749997 0.43769454375 0.44147980468750003 0.439208084375 0.44624078125000005 0.5110132171874999 0.469069525 0.5094996843749999 0.46430854843749997 0.43769454375
6 0.46977074218750003 0.508539603125 0.49315344687499996 0.5063365828124999 0.48671721406249996 0.438028625 0.4633347375 0.440231634375 0.46977074218750003 0.508539603125
