8 0.6943475921875 0.6289832796875 0.6519070265625 0.650612784375 0.681604846875 0.7088767015624999 0.7240453125 0.6872473421875 0.6943475921875 0.6289832796875
8 0.39875595625 0.6443058140625 0.3730356875 0.645757465625 0.378106028125 0.7355808749999999 0.403826296875 0.7341292359375 0.39875595625 0.6443058140625
1 0.26070400625 0.5090864953125 0.2493009484375 0.5214574640625 0.2853903515625 0.5547202921875 0.296793359375 0.542349371875 0.26070400625 0.5090864953125
8 0.3046453234375 0.4859335265625 0.3317483015625 0.4818904296875 0.32388243437500003 0.4291655125 0.29677965624999997 0.43320859218749996 0.3046453234375 0.4859335265625
8 0.63418334375 0.447674871875 0.6120682265624999 0.44547554062500005 0.6033701328125 0.532931965625 0.6254852484375 0.5351312828125 0.63418334375 0.447674871875
1 0.314924746875 0.54203303125 0.2826656890625 0.5516571406249999 0.303471175 0.6213879734375001 0.33573020468750003 0.6117639265625 0.314924746875 0.54203303125
1 0.451837575 0.5890476 0.4805909234375 0.5915380906250001 0.48667443906249996 0.5213073625 0.45792142968749994 0.5188168859375 0.451837575 0.5890476
1 0.42848225937500006 0.576295559375 0.45659870312499995 0.5766121015625 0.45730783906249994 0.513616365625 0.429191690625 0.513299825 0.42848225937500006 0.576295559375
1 0.746794071875 0.51773149375 0.7842367234375 0.5070924375 0.767520359375 0.44826647187499996 0.730078028125 0.45890547968749995 0.746794071875 0.51773149375
1 0.7075276828125 0.5368625515625001 0.7477543328125 0.52818058125 0.7336093484374999 0.4626481328125 0.6933830999999999 0.4713300578125 0.7075276828125 0.5368625515625001
1 0.742260196875 0.6165020734375 0.7891056234375 0.6016526796874999 0.7707588421875 0.543780878125 0.723913884375 0.5586301921875 0.742260196875 0.6165020734375
1 0.7250141234374999 0.5609314828125 0.676713684375 0.576831909375 0.6969214125 0.6382099015625 0.7452218078125 0.62230956875 0.7250141234374999 0.5609314828125
1 0.5502402203125001 0.66745921875 0.5583144156250001 0.624099665625 0.5263488656249999 0.6181479484375 0.5182745640624999 0.6615073640625 0.5502402203125001 0.66745921875
1 0.30247426875 0.512304540625 0.31088266875000004 0.465475403125 0.267131940625 0.45762028125 0.25872342187499997 0.5044492671875 0.30247426875 0.512304540625
1 0.5530928281249999 0.5874926953124999 0.5812349703125 0.5843243874999999 0.5738591046875 0.5188168859375 0.545717275 0.5219851765625 0.5530928281249999 0.5874926953124999
