7 0.31442096875000003 0.6137783953125 0.3058182921875 0.6123347765625 0.290045565625 0.70631424375 0.2986482390625 0.7077578484375 0.31442096875000003 0.6137783953125
7 0.33461765468750004 0.6194352249999999 0.32334265 0.616744296875 0.3023133546875 0.7048458156249999 0.31358834999999996 0.7075367203125 0.33461765468750004 0.6194352249999999
7 0.3281218609375 0.698789146875 0.3364879078125 0.7019089578125 0.3617061578125 0.6342931562499999 0.353340221875 0.6311733671875001 0.3281218609375 0.698789146875
7 0.37748755312500004 0.6388371046875 0.3673070828125 0.638378671875 0.3636522953125 0.719530103125 0.373832765625 0.7199885312500001 0.37748755312500004 0.6388371046875
7 0.37813978593750003 0.7335213390625 0.3848767375 0.7350582625000001 0.4048370390625 0.6475770984375 0.3981002078125 0.6460401874999999 0.37813978593750003 0.7335213390625
7 0.4109292203125 0.7451682515625 0.41906560156249995 0.746988721875 0.4363827546875 0.6696035250000001 0.42824650625 0.66778306875 0.4109292203125 0.7451682515625
7 0.44655929375000003 0.7486441890625 0.460042065625 0.6842877875 0.45303189687499995 0.6828193828125 0.4395490875 0.7471757359375 0.44655929375000003 0.7486441890625
2 0.29209055625 0.6301234703125 0.33747225625 0.6250463125 0.330385840625 0.5617142296875001 0.2850046625 0.5667913578125 0.29209055625 0.6301234703125
2 0.3790149453125 0.577621134375 0.3364879078125 0.578560940625 0.3377744 0.6367694640625 0.3803014375 0.6358296625000001 0.3790149453125 0.577621134375
2 0.38620150937500003 0.6530003546875001 0.42485578593750006 0.6462168593750001 0.41341184374999995 0.5810151296875 0.37475803750000003 0.5877985812500001 0.38620150937500003 0.6530003546875001
2 0.4558403375 0.607904909375 0.42510426562500003 0.6024031578125 0.4126624609375 0.671902059375 0.4433985234375 0.6774037734375 0.4558403375 0.607904909375
2 0.4766447734375 0.6070053640624999 0.45141624374999995 0.60485494375 0.44384792656250005 0.6936346171875 0.469076453125 0.6957850203125 0.4766447734375 0.6070053640624999
2 0.5174856921875 0.6193084343749999 0.47508345781249994 0.6200990484375 0.476728928125 0.708337475 0.5191311609375 0.7075468671875 0.5174856921875 0.6193084343749999
2 0.5233713640625 0.71667091875 0.5480571453125 0.714345284375 0.5397050109375 0.6257055484375 0.5150196796875 0.6280311609375 0.5233713640625 0.71667091875
2 0.564208053125 0.6340389828124999 0.5391415484375 0.636418359375 0.54681594375 0.7172564703125001 0.5718824453125 0.7148771140625 0.564208053125 0.6340389828124999
2 0.5921918359375 0.6233448140625 0.56291046875 0.625008728125 0.567663340625 0.70863825625 0.59694470625 0.70697435625 0.5921918359375 0.6233448140625
2 0.6196737125 0.625188753125 0.5892283671875 0.6280569953125 0.5959421875 0.6993124609375 0.6263875296875 0.6964442390625 0.6196737125 0.625188753125
2 0.6491806812500001 0.62366785625 0.617930834375 0.627905484375 0.6268675765625 0.6937998171875 0.6581174171875 0.6895622171875 0.6491806812500001 0.62366785625
2 0.7386013296875 0.6516343625000001 0.6800212328125 0.66074153125 0.6908517062499999 0.7303964796875 0.7494317875000001 0.721289378125 0.7386013296875 0.6516343625000001
2 0.6429446390625 0.7221936421875 0.6794717015625 0.7294583328125 0.694920175 0.651793134375 0.6583936968749999 0.644528503125 0.6429446390625 0.7221936421875
7 0.5843769437499999 0.70409078125 0.578355009375 0.7035584953125 0.5721538749999999 0.7737025671875 0.5781758078125 0.77423485 0.5843769437499999 0.70409078125
7 0.5949353984375 0.76736148125 0.6011216265625 0.767988253125 0.6090080828125 0.690161528125 0.6028219625 0.6895347625 0.5949353984375 0.76736148125
7 0.6364785953125 0.7740740374999999 0.644136790625 0.77356634375 0.637924990625 0.6798825265625 0.6302669515625 0.680390215625 0.6364785953125 0.7740740374999999
4 0.302968296875 0.52874515 0.317571475 0.521219621875 0.2626109390625 0.41457728749999995 0.2480079703125 0.4221027515625 0.302968296875 0.52874515
4 0.3260395046875 0.41778760156250005 0.3108175546875 0.42196574687500005 0.3413994171875 0.533375165625 0.356621353125 0.52919705625 0.3260395046875 0.41778760156250005
4 0.390772221875 0.5242316984375 0.405713284375 0.5286343609374999 0.44352940937499996 0.40030832343749995 0.4285886109375 0.395905703125 0.390772221875 0.5242316984375
4 0.48778781093749995 0.837524915625 0.501626490625 0.8369515375000001 0.49596915468749997 0.700440528125 0.48213092187499995 0.7010138984375 0.48778781093749995 0.837524915625
4 0.5437462546875 0.7022509125 0.5281570328125 0.7010635656249999 0.5161233796875 0.8590308375 0.5317125984375 0.8602181625 0.5437462546875 0.7022509125
4 0.6461921484375 0.8176695 0.6650144203125 0.820599065625 0.678674965625 0.7328465140625 0.659853078125 0.729916978125 0.6461921484375 0.8176695
4 0.7153506968750001 0.7998772703125 0.7237997703125 0.79735675 0.70189274375 0.7239353890625 0.6934438109375 0.7264558859375 0.7153506968750001 0.7998772703125
4 0.7314996171875 0.7132975187499999 0.7193685703125 0.7196073859375 0.754468790625 0.787077925 0.7665997984375 0.7807681125 0.7314996171875 0.7132975187499999
7 0.4225289046875 0.57004378125 0.4267438421875 0.5697503625 0.420609884375 0.481644640625 0.41639500625 0.4819380578125 0.4225289046875 0.57004378125
7 0.43130987187500003 0.473872078125 0.4258675078125 0.47400881093749997 0.42817197656249995 0.5657261703125 0.433614340625 0.5655894390625 0.43130987187500003 0.473872078125
7 0.45335248437500003 0.451079075 0.44950112343750004 0.4512067453125 0.4532987109375 0.5657577328125 0.457150071875 0.5656300625 0.45335248437500003 0.451079075
7 0.4856468171875 0.46615469843749996 0.47844373593749995 0.46607929531250003 0.47739221875000004 0.5665198234375 0.48459529999999995 0.5665952265625 0.4856468171875 0.46615469843749996
7 0.5072199796875 0.5866226203125 0.5120925421875 0.5867841406250001 0.5155365453125 0.4828986921875 0.5106640671875 0.48273717187500004 0.5072199796875 0.5866226203125
7 0.5394307546875 0.5808379125 0.5441640375000001 0.581497796875 0.5573081578125 0.48722467812500003 0.5525749484375 0.4865648 0.5394307546875 0.5808379125
7 0.573095678125 0.5847581515625 0.577812828125 0.5850220265625 0.582544690625 0.5004405281250001 0.5778276078125 0.5001766546875 0.573095678125 0.5847581515625
7 0.6132251515625 0.4777672078125 0.60726379375 0.47715742812500006 0.5956887484375 0.5903083703124999 0.6016501046875 0.5909181453125 0.6132251515625 0.4777672078125
7 0.621150284375 0.5845215359375 0.626182965625 0.5850220265625 0.6345951921874999 0.50044053125 0.6295625828125 0.49994004375 0.621150284375 0.5845215359375
7 0.626658615625 0.5862996093749999 0.6314405890625 0.5867841406250001 0.6409043515625 0.49339207500000004 0.636122453125 0.492907546875 0.626658615625 0.5862996093749999
4 0.67486586875 0.525895009375 0.6610682046874999 0.5232604984375 0.6472026750000001 0.595871384375 0.6610003359375 0.598505878125 0.67486586875 0.525895009375
7 0.7006532156249999 0.6244516390625 0.70609884375 0.6255506609375 0.7181914093749999 0.5656387734375 0.712745840625 0.5645397578125 0.7006532156249999 0.6244516390625
7 0.7075691484375 0.61093794375 0.713459515625 0.6123348015625 0.72975821875 0.54361235 0.7238679218749999 0.5422155015625 0.7075691484375 0.61093794375
7 0.7258363875 0.5660732234375 0.7197686515624999 0.5656387656249999 0.7159316703124999 0.6192214625 0.7219994046875 0.6196559171875 0.7258363875 0.5660732234375
