4 0.3788114370340736 0.5820169055741188 0.34884559691079176 0.5683344234754529 0.4092895808745425 0.435968855876955 0.4392548292773881 0.44965117947775557
4 0.4725522350091751 0.44912092532020786 0.49673597615424114 0.4518695528807446 0.4827242739451094 0.5751418345488798 0.45854053726293387 0.5723932336587091
4 0.6061998181139643 0.5669890376881692 0.5862267495384685 0.5649830640263362 0.5983054597390947 0.44472982835803315 0.6182781518365346 0.44673578272905945
4 0.6303306471801307 0.4595883499868073 0.6525176204193031 0.45426923563939153 0.683566677644535 0.5837702447989148 0.6613797243588806 0.5890893026152388
4 0.6561272698568246 0.712410165067354 0.6667892129854636 0.77390229285557 0.6480240979032033 0.777155268626323 0.6373623046874854 0.7156632734374739
4 0.6879502175912648 0.7146464311177566 0.7078927531249519 0.7113259203124989 0.7161880128202256 0.7611380115705443 0.6962454819768027 0.7644585035181682
4 0.5668188443798954 0.7593557787199636 0.5515825833806502 0.7587288317570472 0.5554783210494634 0.664072432992474 0.5707142671875545 0.664699373437501
4 0.5060075702100448 0.7557837940494723 0.4872268692686248 0.7553103226110213 0.48918365781241846 0.6777114328124991 0.5079640406015642 0.6781849002386271
4 0.43294202347726696 0.7577724968131702 0.4106854476300441 0.7581574063278989 0.40927903970828083 0.6768339779404494 0.43153522252487164 0.6764490718108982
4 0.35977007687438345 0.7677115191707563 0.33943692330728936 0.7661388995388171 0.34396658268201463 0.7075846345189658 0.36429946875000496 0.7091572437500033
