8 0.7165528421875 0.64242951875 0.760277725 0.632115021875 0.74347879375 0.5609107140625 0.6997544796875 0.571225140625 0.7165528421875 0.64242951875
8 0.697181853125 0.5658362234375 0.6403478687499999 0.5920898359375 0.6742228796874999 0.6654141250000001 0.7310567390625 0.6391607125000001 0.697181853125 0.5658362234375
8 0.32128470937500003 0.565904684375 0.286847771875 0.55613614375 0.265087878125 0.632837959375 0.2995247875 0.642606428125 0.32128470937500003 0.565904684375
8 0.366533115625 0.591932725 0.31836250625 0.5809251765625 0.298369096875 0.6684089640625 0.346539675 0.6794164171875 0.366533115625 0.591932725
8 0.33956673125000003 0.6638238375000001 0.3866981359375 0.6827754421875001 0.41180069374999995 0.62035455 0.36466984375 0.601403071875 0.33956673125000003 0.6638238375000001
8 0.3962649234375 0.6979978015625 0.41998137812499997 0.7027147125 0.435979515625 0.62228669375 0.41226343906249996 0.617569821875 0.3962649234375 0.6979978015625
5 0.42834235625000006 0.6833146015625 0.4043981109375 0.68441355 0.4060029625 0.719375409375 0.42994720781250007 0.7182764640625 0.42834235625000006 0.6833146015625
8 0.4510947578125 0.6342540984375 0.436060225 0.6337365703125 0.4341307671875 0.6897813015625001 0.4491652984375 0.6902988265625 0.4510947578125 0.6342540984375
8 0.44176020156250007 0.7260506359375001 0.4742283609375 0.7278782296874999 0.4804380484375 0.617569821875 0.4479706171875 0.615742246875 0.44176020156250007 0.7260506359375001
8 0.48241720312499997 0.679942784375 0.49692251093750006 0.6802575046875 0.4984464359375 0.6100253390625 0.48394133124999994 0.6097106203125 0.48241720312499997 0.679942784375
8 0.49821616406249997 0.6651730203125 0.510341128125 0.6646371234374999 0.5074506296875 0.59924750625 0.49532581875000004 0.5997833984375001 0.49821616406249997 0.6651730203125
8 0.60977695625 0.5785719265625 0.5801273359375 0.5841585390625 0.5969209171875 0.673276125 0.6265705234375 0.6676895625 0.60977695625 0.5785719265625
8 0.7344849296875 0.41904201093750004 0.70125205625 0.41760504843749996 0.697825009375 0.49685809374999995 0.7310578828125001 0.49829504843750005 0.7344849296875 0.41904201093750004
8 0.55734981875 0.5125245328125 0.586559015625 0.5151804203125 0.5973323984375 0.39670150937500004 0.5681236843749999 0.39404564531249997 0.55734981875 0.5125245328125
8 0.6240649453125 0.5126801609375 0.6560200078125 0.50224695 0.63736828125 0.44512449531250003 0.6054134828125 0.455557659375 0.6240649453125 0.5126801609375
8 0.707272646875 0.4616366375 0.6684651203125 0.4497760609375 0.6483270250000001 0.51566288125 0.687134525 0.5275233953125 0.707272646875 0.4616366375
8 0.568038790625 0.44482259687500003 0.5526345984375001 0.441507575 0.539235825 0.5037646484375 0.5546400125 0.5070796546875 0.568038790625 0.44482259687500003
8 0.6108428953125 0.4560727765625 0.5911059234375 0.45498231562499997 0.5876854781249999 0.51688693125 0.60742245 0.5179773875 0.6108428953125 0.4560727765625
5 0.5771819390624999 0.6910936984375 0.5402831796875 0.693990475 0.5445267328125001 0.7480359046875 0.5814254890624999 0.7451391453125 0.5771819390624999 0.6910936984375
5 0.49223916718750005 0.6581721390624999 0.4826808265625 0.686686796875 0.5342715375 0.7039777578125 0.5438296874999999 0.6754632640625 0.49223916718750005 0.6581721390624999
8 0.31136815 0.4473813015625 0.2920901984375 0.4473813015625 0.2920901984375 0.48751835468750004 0.31136815 0.48751835468750004 0.31136815 0.4473813015625
