8 0.7175919375 0.5238142 0.6801985140625 0.5152326796875 0.6613219484374999 0.5974785203125 0.6987153515625 0.606059978125 0.7175919375 0.5238142
8 0.39347904218749996 0.6814268328125 0.36963371093749997 0.6806364328125001 0.3671875 0.7544242156250001 0.3910328328125 0.7552146078125 0.39347904218749996 0.6814268328125
8 0.339649471875 0.7684714515625 0.36753579687500004 0.76975131875 0.3720538296875 0.671320778125 0.34416810625 0.6700409234375 0.339649471875 0.7684714515625
8 0.6666702453125 0.757710696875 0.7086409828125 0.746580928125 0.6820433734375 0.6462978546875 0.6400735203125001 0.6574275 0.6666702453125 0.757710696875
1 0.267098671875 0.712821840625 0.2982061421875 0.71355690625 0.299521059375 0.6579102453125001 0.26841395 0.6571751828125 0.267098671875 0.712821840625
1 0.2993987234375 0.6993373203125001 0.31216445625 0.6998718453125 0.313662821875 0.6640913453125 0.3008971859375 0.663556821875 0.2993987234375 0.6993373203125001
1 0.3103360609375 0.6615733515625 0.3125959515625 0.67785070625 0.34335475312499997 0.6735807734375 0.3410948203125 0.6573034718749999 0.3103360609375 0.6615733515625
6 0.2301713640625 0.760912309375 0.24652445312500001 0.75210265 0.23235475781249998 0.7258044453125 0.21600175781250003 0.7346140765625 0.2301713640625 0.760912309375
6 0.27396381875000003 0.7807810453124999 0.2737600828125 0.763688784375 0.24618364375000001 0.7640174015625 0.24638732343749997 0.7811096078124999 0.27396381875000003 0.7807810453124999
6 0.782530671875 0.7432293484375 0.7620235 0.75029864375 0.7740938468749999 0.785307059375 0.7946010015625 0.7782377953124999 0.782530671875 0.7432293484375
6 0.7998022859375 0.7192719546874999 0.7858946078125 0.7259102859375 0.797422446875 0.7500577890625 0.8113301125 0.7434194781250001 0.7998022859375 0.7192719546874999
1 0.7414191437500001 0.6516605359375001 0.7414190656249999 0.7030513078125 0.7646397609375 0.7030512640625 0.764639715625 0.6516606171875 0.7414191437500001 0.6516605359375001
1 0.7842308484375 0.6534915531250001 0.7750735734374999 0.6441386140625001 0.7559178906249999 0.6628911093750001 0.765075140625 0.672244021875 0.7842308484375 0.6534915531250001
1 0.7276174937500001 0.7067042734375 0.7408044328125001 0.70381001875 0.7305148875 0.6569353140625 0.7173280765625 0.6598295546874999 0.7276174937500001 0.7067042734375
1 0.22274189687499998 0.6421990390625 0.244481275 0.6533977859375 0.26744246875 0.60882994375 0.2457032609375 0.59763125 0.22274189687499998 0.6421990390625
1 0.3686212796875 0.60105505 0.35006674531250004 0.5909205921875 0.32118746875 0.64378775 0.3397419625 0.65392215 0.3686212796875 0.60105505
1 0.6648001078125 0.5949025234375 0.6534078562500001 0.588266153125 0.636008278125 0.6181316484375 0.6474005140625 0.624767996875 0.6648001078125 0.5949025234375
1 0.3857190234375 0.6771868265625 0.394034340625 0.67816284375 0.39760173125 0.647773934375 0.3892864640625 0.64679791875 0.3857190234375 0.6771868265625
6 0.7321153078125 0.75956744375 0.7159178234375 0.768352821875 0.7291030171874999 0.792657715625 0.7453004812499999 0.7838723671875 0.7321153078125 0.75956744375
1 0.3552838546875 0.5889870796875 0.3530772921875 0.59049176875 0.3591733921875 0.599430478125 0.36137995312500004 0.597925790625 0.3552838546875 0.5889870796875
1 0.3536496546875 0.619425159375 0.360193984375 0.619425159375 0.360193971875 0.6011912265625 0.353649665625 0.6011912265625 0.3536496546875 0.619425159375
1 0.3512240984375 0.6310208890625 0.361132534375 0.6384586296875 0.3700668640625 0.62655788125 0.3601584484375 0.6191201515625 0.3512240984375 0.6310208890625
1 0.54763493125 0.5818999234375 0.5411459625 0.5701146671874999 0.51691074375 0.58345721875 0.523399678125 0.5952424453125 0.54763493125 0.5818999234375
1 0.567679071875 0.5762580953125 0.5502925125 0.57442735625 0.5489705515625001 0.5869807484375 0.5663571109375 0.5888114859375 0.567679071875 0.5762580953125
6 0.6200630296874999 0.783001503125 0.6179350859375 0.7639577609375 0.608317203125 0.76503226875 0.6104451234375 0.7840759890625 0.6200630296874999 0.783001503125
6 0.410481065625 0.7794139953125 0.396783209375 0.77730495625 0.3929784859375 0.8020113421874999 0.40667634062499997 0.8041203749999999 0.410481065625 0.7794139953125
1 0.5001564640625 0.60041955625 0.5058278625 0.58892665625 0.47907519687500005 0.5757264046875 0.4734037921875 0.5872192734375 0.5001564640625 0.60041955625
