2 0.31688848593749996 0.653462346875 0.33896086406250003 0.5981473484375 0.2824714421875 0.5756089281250001 0.26039894375 0.6309236109375 0.31688848593749996 0.653462346875
2 0.3878544390625 0.5999024265624999 0.3323230359375 0.5890978703124999 0.3185656859375 0.65979728125 0.37409706875 0.6706017640625 0.3878544390625 0.5999024265624999
2 0.3518722609375 0.5115010515625 0.2984463953125 0.5092240125 0.2955038625 0.5782581999999999 0.348929728125 0.5805352265625 0.3518722609375 0.5115010515625
2 0.3449203640625 0.5766638890625 0.383806615625 0.581497809375 0.3912068890625 0.5219707640625 0.352321025 0.51713686875 0.3449203640625 0.5766638890625
2 0.41353402499999997 0.67450829375 0.4176844234375 0.6158968328125 0.37624718281249997 0.6129629875 0.37209656562500004 0.671574209375 0.41353402499999997 0.67450829375
2 0.4545123734375 0.6120819828124999 0.42384493437500004 0.60522015 0.41130633593750004 0.6612519156250001 0.4419737625 0.6681137109375 0.4545123734375 0.6120819828124999
2 0.392153009375 0.59357574375 0.420940003125 0.5862142859375 0.4051612234375 0.5245179671875 0.376374528125 0.5318793859375 0.392153009375 0.59357574375
2 0.40980745625 0.5833718046875 0.44246391875 0.585320365625 0.4462307703125 0.5221935515625 0.41357465624999995 0.520245003125 0.40980745625 0.5833718046875
2 0.47557758906250003 0.51834278125 0.44716954218750005 0.5216025203125 0.45372446406250005 0.5787223734375 0.48213250781249994 0.5754626515625 0.47557758906250003 0.51834278125
2 0.4679715015625 0.5690098953125 0.50998956875 0.5785609593750001 0.523051484375 0.5211020671875 0.4810338140625 0.51155105 0.4679715015625 0.5690098953125
2 0.4769652578125 0.6037506953125 0.450900540625 0.6016771015625 0.4457145859375 0.6668558484375 0.47177930156250003 0.6689294296875 0.4769652578125 0.6037506953125
2 0.5042493718750001 0.60807098125 0.4789147921875 0.6060992875 0.47422160625 0.666395415625 0.499556184375 0.6683670984375001 0.5042493718750001 0.60807098125
2 0.52333386875 0.5960480328125 0.500893571875 0.5980767296875 0.50614203125 0.656125415625 0.5285823265625 0.6540967296875 0.52333386875 0.5960480328125
2 0.527340253125 0.6638538578125 0.5512166125 0.6615184015625 0.5451970921875 0.599987525 0.521321015625 0.6023229671875 0.527340253125 0.6638538578125
2 0.5555790593750001 0.5060844875 0.52073233125 0.50695084375 0.5224108046875 0.5744568343750001 0.55725753125 0.573590484375 0.5555790593750001 0.5060844875
2 0.5966830671875 0.5300535671875 0.56513864375 0.5217718625 0.5511846046875 0.5749169984375 0.5827290140625 0.5831986640625 0.5966830671875 0.5300535671875
2 0.5889500921875 0.598503634375 0.6245325796875 0.599468696875 0.6262855796875 0.5348340796875 0.5907034906249999 0.533869021875 0.5889500921875 0.598503634375
2 0.6497832625 0.546767971875 0.6201468359375 0.553487678125 0.633516721875 0.6124479484375 0.6631531359375 0.605728278125 0.6497832625 0.546767971875
2 0.6554903046875 0.6120375609375001 0.690910203125 0.610276365625 0.6876921359375 0.5455679015625 0.652272640625 0.5473290875 0.6554903046875 0.6120375609375001
2 0.733930553125 0.544268971875 0.685528634375 0.550395125 0.6916072375 0.5984166296875 0.74000915 0.592290503125 0.733930553125 0.544268971875
2 0.5683607171875 0.6027938765624999 0.5472855531249999 0.6044164390625 0.551351334375 0.657219840625 0.572426496875 0.6555972859375 0.5683607171875 0.6027938765624999
2 0.5725315281250001 0.67737590625 0.5976402734375 0.6760969921875 0.59373573125 0.5994527421875 0.5686273625 0.600731646875 0.5725315281250001 0.67737590625
2 0.600147759375 0.682437171875 0.632019028125 0.6811104453125 0.629487425 0.6203081312500001 0.59761654375 0.6216348515625 0.600147759375 0.682437171875
2 0.66021376875 0.623858175 0.6309148265625 0.6245717078124999 0.6323322171875 0.682764871875 0.6616311593749999 0.6820513421875 0.66021376875 0.623858175
2 0.6643353453125 0.6892287390625 0.7160585328125 0.68305646875 0.708167103125 0.616938421875 0.656444596875 0.6231106515625 0.6643353453125 0.6892287390625
2 0.7676132265625 0.6656877140625 0.7676129359375 0.6167399140625001 0.7107649781250001 0.6167401796875 0.7107649968749999 0.6656877109375 0.7676132265625 0.6656877140625
