5 0.6276935765625 0.597205853125 0.63988909375 0.6554252640625 0.7903663328125 0.623906240625 0.7781702109374999 0.5656876625 0.6276935765625 0.597205853125
5 0.561263696875 0.47516494218750005 0.5856613609375 0.47481414062500005 0.58430550625 0.380532865625 0.5599081421875 0.380883665625 0.561263696875 0.47516494218750005
8 0.6905039015625001 0.4648315125 0.7112784078125001 0.45907610156249995 0.7002176203125 0.41915411249999995 0.679443221875 0.42490950781250003 0.6905039015625001 0.4648315125
5 0.343672978125 0.4524510609375 0.3755283609375 0.452095759375 0.374168471875 0.33019713125 0.3423135515625 0.3305524296875 0.343672978125 0.4524510609375
8 0.25559577187500004 0.35276718749999997 0.21436764843749997 0.35343208593750003 0.215676503125 0.43458595312500004 0.256904625 0.4339210578125 0.25559577187500004 0.35276718749999997
5 0.227112571875 0.612082821875 0.2731732078125 0.6179399640625001 0.28398481875 0.5329235140625 0.23792486406250002 0.5270664171874999 0.227112571875 0.612082821875
1 0.4429991125 0.5020670625 0.4507630390625 0.5022930484375 0.45212502656250003 0.45550352031249997 0.444361153125 0.45527753437499996 0.4429991125 0.5020670625
8 0.51649670625 0.5735933859375 0.4900845484375 0.575910934375 0.4968629875 0.6531534296875 0.5232751437500001 0.650835896875 0.51649670625 0.5735933859375
1 0.6651880859375 0.5114231796875 0.6716488593750001 0.5023719625 0.6318321484375 0.473952825 0.6253713859375 0.483004009375 0.6651880859375 0.5114231796875
1 0.3118355671875 0.39960953906249996 0.2619589375 0.402197503125 0.26596010468750003 0.4793058109375 0.3158367328125 0.476717859375 0.3118355671875 0.39960953906249996
1 0.377964784375 0.4385707015625 0.3779646859375 0.494371034375 0.41184719531249997 0.49437099062499995 0.41184716093749996 0.43857079375 0.377964784375 0.4385707015625
1 0.28556741093750004 0.5756375625000001 0.33670304375 0.5730949062499999 0.33372372499999997 0.5131870375 0.2825886015625 0.5157296812500001 0.28556741093750004 0.5756375625000001
1 0.37871451875 0.5319524609374999 0.3459529265625 0.5269614078125 0.336796009375 0.5870624578125 0.369557596875 0.5920534843749999 0.37871451875 0.5319524609374999
1 0.5939922546874999 0.563176840625 0.5486575124999999 0.5618887359375 0.5467716593749999 0.6282541890625 0.5921064015625 0.6295422875 0.5939922546874999 0.563176840625
1 0.40500412968750005 0.5915193890625 0.4322640953125 0.5976189359374999 0.44254333749999997 0.55168329375 0.4152835875 0.545583771875 0.40500412968750005 0.5915193890625
1 0.6116830328125 0.627233765625 0.6470361171875 0.5955920171875 0.607999059375 0.5519809875 0.5726461859375 0.5836225703125 0.6116830328125 0.627233765625
1 0.4230965875 0.5329648859375 0.45378390468749996 0.53223244375 0.4517542484375 0.44720961875 0.42106731562500005 0.44794205781249996 0.4230965875 0.5329648859375
