8 0.6371089984375 0.70096435625 0.657191275 0.6937750031250001 0.6393203109375001 0.6438626984375 0.6192382328125 0.6510520125 0.6371089984375 0.70096435625
8 0.6525750703125001 0.7038114703125 0.6724788890625 0.702821784375 0.6699718578125 0.6524114296875 0.6500682453125 0.6534011093750001 0.6525750703125001 0.7038114703125
1 0.666614696875 0.6072824453125001 0.65857693125 0.6088810812500001 0.666191575 0.6471621125 0.6742293390625 0.64556348125 0.666614696875 0.6072824453125001
1 0.7521730921875001 0.6659275328125001 0.7711777093750001 0.6633082796875 0.76354156875 0.6079102265625 0.744537153125 0.610529465625 0.7521730921875001 0.6659275328125001
1 0.36355734375000004 0.5908654 0.328681628125 0.5892484578125 0.3260816515625 0.6453207734374999 0.3609573671875 0.6469377078125 0.36355734375000004 0.5908654
1 0.3092817484375 0.5762083453125 0.322700475 0.57709798125 0.32516898437499997 0.539867390625 0.3117503421875 0.538977759375 0.3092817484375 0.5762083453125
1 0.7431150796875 0.5734664546875 0.754251009375 0.5744508421875001 0.7563382437499999 0.5508410015625 0.7452023578125 0.549856615625 0.7431150796875 0.5734664546875
1 0.27688990156250004 0.6147568640625 0.26065338437499996 0.6244835125 0.27771418593749997 0.6529593078125 0.2939506796875 0.643232690625 0.27688990156250004 0.6147568640625
8 0.604718771875 0.58479269375 0.636230565625 0.589464209375 0.6564113765624999 0.45334419531250003 0.6249002546875 0.44867273125 0.604718771875 0.58479269375
8 0.41358225312499997 0.593938846875 0.4339047015625 0.591549275 0.41820080156249995 0.45800725 0.397878784375 0.460396796875 0.41358225312499997 0.593938846875
6 0.4006028171875 0.49733757343749996 0.423438846875 0.4947020453125 0.41795425 0.44718366875 0.395118375 0.4498191875 0.4006028171875 0.49733757343749996
8 0.3091500796875 0.4940406609375 0.27745104062500003 0.49585936718749996 0.2813091984375 0.5630993906249999 0.3130082359375 0.5612806953125 0.3091500796875 0.4940406609375
6 0.6136171625 0.7607958140625 0.6186063578125001 0.76174295625 0.621823315625 0.74480010625 0.616834140625 0.743852965625 0.6136171625 0.7607958140625
6 0.475438890625 0.739775915625 0.45863019375 0.7471045281250001 0.473352934375 0.780866246875 0.49016161406250003 0.7735376671874999 0.475438890625 0.739775915625
