8 0.41074666718749997 0.648168665625 0.3829969796875 0.6475773515625 0.3803069109375 0.7738006734375 0.408056596875 0.7743919796875 0.41074666718749997 0.648168665625
8 0.35278705 0.6361550171875 0.32274613125 0.6325701890625 0.31003769375 0.7390523328125 0.34007860624999997 0.742637121875 0.35278705 0.6361550171875
8 0.3982203703125 0.64731063125 0.37986104374999996 0.6371389046875 0.32813979843749996 0.7304794484375 0.3464990453125 0.7406510625 0.3982203703125 0.64731063125
7 0.6075411015625 0.754356403125 0.6125101796875 0.7540494859375 0.6073640124999999 0.6707453 0.6023950250000001 0.6710522140624999 0.6075411015625 0.754356403125
7 0.6361078921875001 0.7670074953125 0.64173985 0.7666399609375001 0.6352389734375 0.667040028125 0.6296071375000001 0.6674075578124999 0.6361078921875001 0.7670074953125
7 0.63744144375 0.5458422140625 0.6418201578125 0.5460856374999999 0.6461155359374999 0.46882641718749996 0.641736871875 0.46858299375 0.63744144375 0.5458422140625
7 0.64154978125 0.5457778609374999 0.6444235078125 0.5459614875 0.6492857453124999 0.4698738359375 0.6464120515625 0.46969021250000004 0.64154978125 0.5457778609374999
7 0.31293720468749997 0.45737950625 0.3080905234375 0.4570287875 0.303138828125 0.5254528796875 0.307985509375 0.5258035953125 0.31293720468749997 0.45737950625
7 0.2928576484375 0.52747685 0.2982070734375 0.52736395 0.29679018749999997 0.4602351609375 0.291440815625 0.46034806093749997 0.2928576484375 0.52747685
7 0.2868501421875 0.528789103125 0.29169858125000003 0.5279350218750001 0.280458596875 0.464133115625 0.2756102046875 0.46498719375 0.2868501421875 0.528789103125
6 0.5423507875 0.781051928125 0.5620699078125 0.7782507171875 0.5571424765625 0.7435709390625 0.537423515625 0.7463721375000001 0.5423507875 0.781051928125
6 0.607429465625 0.78198203125 0.6229011125 0.7800127703124999 0.6181975390625001 0.743065846875 0.602726025 0.7450350984375 0.607429465625 0.78198203125
6 0.409375021875 0.720409778125 0.3792789203125 0.719212678125 0.37666771718750003 0.7848494515625 0.40676381875 0.7860465421875 0.409375021875 0.720409778125
6 0.3259767703125 0.7587271171875 0.34027079531250004 0.7058497046875 0.3091685984375 0.6974434328125 0.2948744546875 0.75032065625 0.3259767703125 0.7587271171875
2 0.6986659234375 0.5379567765625 0.6966830046875 0.598846140625 0.7516958546875 0.6006372109375 0.753678475 0.5397481359375 0.6986659234375 0.5379567765625
2 0.7008803046875001 0.5989712500000001 0.7008800984375 0.5400432125 0.6582031265625 0.540043403125 0.658203115625 0.5989712218750001 0.7008803046875001 0.5989712500000001
2 0.627777340625 0.60294168125 0.6613002125 0.5996951375 0.655898484375 0.5439258796875001 0.6223759390625 0.54717240625 0.627777340625 0.60294168125
2 0.62907805 0.5257012609375 0.604414478125 0.5257012609375 0.604414478125 0.597387803125 0.62907805 0.597387803125 0.62907805 0.5257012609375
4 0.58617135 0.42971811718749997 0.5656927078125 0.4329058203125 0.5813910156250001 0.533749053125 0.601869653125 0.5305613734375 0.58617135 0.42971811718749997
4 0.54101575 0.533497425 0.5410156125000001 0.4451265828125 0.51953125 0.44512667187500005 0.5195312453125001 0.533497371875 0.54101575 0.533497425
4 0.47382177968750006 0.5333917609375 0.49352330625 0.5339515640625 0.49632054999999997 0.43550836562499995 0.476619309375 0.43494856562499995 0.47382177968750006 0.5333917609375
2 0.6063064296875 0.5271996156250001 0.5747541375 0.5265233015625 0.5732682515625 0.595838409375 0.60482054375 0.5965147187500001 0.6063064296875 0.5271996156250001
2 0.576163996875 0.520649909375 0.5492949671875 0.5197832906250001 0.5468013593750001 0.59708909375 0.5736703890625 0.5979557062499999 0.576163996875 0.520649909375
4 0.43986256562500003 0.4176155796875 0.419434146875 0.4181455625 0.42194679375 0.5149904515625 0.4423752125 0.514460471875 0.43986256562500003 0.4176155796875
1 0.5631911703125 0.617024359375 0.554634146875 0.6175429046875001 0.5577659890625 0.6692180390625 0.5663230109375 0.6686994953125 0.5631911703125 0.617024359375
5 0.771409765625 0.6634538062499999 0.75891983125 0.5961686796875 0.63996561875 0.61824675625 0.6524546546875001 0.68553109375 0.771409765625 0.6634538062499999
5 0.31152527343749997 0.6748589015625 0.33156400625 0.6186626093750001 0.262526809375 0.594047978125 0.2424878921875 0.6502438734375 0.31152527343749997 0.6748589015625
2 0.47286277343750005 0.6031084703125 0.5063485734375 0.6027421187499999 0.5055520046875001 0.5299606531250001 0.4720666265625 0.5303270046875 0.47286277343750005 0.6031084703125
2 0.4749016453125 0.52770660625 0.449486365625 0.5276746484375 0.44940018437499996 0.5962070125000001 0.47481546406249997 0.59623896875 0.4749016453125 0.52770660625
2 0.44886408906249997 0.5129004312500001 0.41635905937500006 0.5122707171875 0.4146988171875 0.5979625140625 0.4472038453125 0.598592225 0.44886408906249997 0.5129004312500001
2 0.2677848 0.6051348625 0.32487222031249996 0.6002337062499999 0.31686355625 0.5069653765625 0.25977704375 0.51186649375 0.2677848 0.6051348625
2 0.348603909375 0.5184725671875 0.318947478125 0.520097653125 0.323169246875 0.5971342234375 0.352825678125 0.5955091484375 0.348603909375 0.5184725671875
2 0.351957165625 0.601338015625 0.38953900625000004 0.6017864765625001 0.39042191718749997 0.5277850296875 0.35284055312499996 0.527336571875 0.351957165625 0.601338015625
2 0.4145368484375 0.521913665625 0.38926072968750003 0.5224001765625 0.39074639375000003 0.599578990625 0.4160225125 0.5990924828125 0.4145368484375 0.521913665625
2 0.555915759375 0.537659778125 0.520052340625 0.5299064953125 0.5049271703125 0.5998624968749999 0.5407905734375 0.6076157328125 0.555915759375 0.537659778125
