4 0.43038836437938244 0.4658034548647443 0.405555893907831 0.47221123007554006 0.3560937354670841 0.2805353386344264 0.38092567187504756 0.2741276359374865
4 0.4081437354125228 0.25133800597228345 0.4283925519719105 0.24884089932136302 0.45298187567209425 0.4482270888609629 0.43273306414391755 0.4507241690188517
4 0.48539536984753795 0.45368945345298045 0.4681345035027107 0.45506984862812516 0.45428858936440975 0.2819429378135866 0.4715491187499765 0.28056255624999793
4 0.5069052977061119 0.4511366242368278 0.4903855675668183 0.45180873497174423 0.4834455304255698 0.281234660549327 0.499964945312513 0.28056255625000004
4 0.5731056276134723 0.46667579217637717 0.5540193860211957 0.4649339376795128 0.570829742656656 0.28074719942696735 0.5899155879543514 0.28248903581603124
4 0.6154321295734917 0.27026152345252297 0.629546512616912 0.2729468827210898 0.5922855184272748 0.4687851380962858 0.5781711437429067 0.4660998091400646
4 0.6183161140096445 0.49421404953898546 0.5999966915950381 0.4914363765363787 0.6314010624492994 0.28432962909242293 0.6497200368447693 0.28710726750191556
4 0.6504918681422396 0.28184952697519344 0.6688646225935599 0.283448328631024 0.6500387367644862 0.4997782390032039 0.6316659848750987 0.4981794584000731
4 0.31354828610085406 0.4711490472175542 0.297354856874108 0.4804036254412663 0.213437434503021 0.333574502178619 0.22963059687504028 0.3243200203124872
4 0.781818827297343 0.34233761738110047 0.7982956213593297 0.34986835479057987 0.725703906113381 0.5086861617125821 0.7092271637911836 0.5011555101794867
