8 0.46760959843750005 0.3875896 0.441854428125 0.39039404843750003 0.4587376234375 0.5454342828125001 0.4844927890625 0.5426298640625 0.46760959843750005 0.3875896
6 0.5085366703124999 0.7798612734375 0.5398680140625001 0.775245603125 0.5311025328125 0.715756775 0.499771615625 0.7203724125 0.5085366703124999 0.7798612734375
2 0.548828125 0.5171324328125 0.515625 0.5171324328125 0.515625 0.5793192453125 0.548828125 0.5793192453125 0.548828125 0.5171324328125
6 0.5931558078125 0.7318369109375 0.55686416875 0.7314619734375001 0.5559190187499999 0.822930296875 0.59221065625 0.82330523125 0.5931558078125 0.7318369109375
6 0.2556272859375 0.7658896859375 0.2660263546875 0.76887841875 0.2732324546875 0.7438096109375001 0.26283344375 0.7408208875 0.2556272859375 0.7658896859375
6 0.2493893953125 0.7509714140625 0.26021894375 0.7420625578125 0.24886151875 0.72825886875 0.23803199687499998 0.7371677062499999 0.2493893953125 0.7509714140625
1 0.3384152078125 0.6585602953125 0.35019245312499997 0.66230805625 0.3593573015625 0.6335113546875 0.347580121875 0.6297636046874999 0.3384152078125 0.6585602953125
5 0.34408976406249997 0.6057642265625 0.337271015625 0.704745521875 0.4562460875 0.7129391609375 0.4630635734375 0.613959053125 0.34408976406249997 0.6057642265625
5 0.6286897484375 0.6938875953125 0.6631829421875 0.6885187015625001 0.65189089375 0.6159823640625001 0.617398196875 0.6213512171875 0.6286897484375 0.6938875953125
5 0.679869896875 0.6366758781249999 0.73015791875 0.6866845734375 0.8202773734375001 0.5960717062499999 0.7699899671875 0.5460636171875 0.679869896875 0.6366758781249999
