5 0.343498071875 0.5829662265625 0.416118865625 0.5675005843750001 0.3978634375 0.4817894328125 0.3252436296875 0.4972549671875 0.343498071875 0.5829662265625
5 0.6428369843749999 0.48895160156250006 0.64739720625 0.5515070296875 0.7476381390625 0.5441995703125 0.7430774625 0.481644640625 0.6428369843749999 0.48895160156250006
5 0.7377222406249999 0.678998846875 0.7129856421875 0.6081554015624999 0.6268145203125 0.6382402078125 0.651550353125 0.709083 0.7377222406249999 0.678998846875
8 0.7509189546874999 0.6058809609375 0.7168610125 0.6325524375 0.748209259375 0.6725772578125 0.782267084375 0.6459059140625001 0.7509189546874999 0.6058809609375
6 0.5401683515625 0.43727995625 0.5214714734375 0.43499145625 0.5152910937499999 0.4854815390625 0.5339879703125 0.48777003125 0.5401683515625 0.43727995625
6 0.45064143124999995 0.4661555078125 0.4712557609375 0.46088379843749994 0.46430276875 0.43369684218750004 0.443688515625 0.4389685421875 0.45064143124999995 0.4661555078125
6 0.5454205578125 0.46735689531249996 0.5647241843749999 0.467799915625 0.5655068671875 0.43369684218750004 0.54620333125 0.433253821875 0.5454205578125 0.46735689531249996
8 0.42409418125 0.4436070640625 0.4024987390625 0.44534839843749996 0.4102602125 0.5415967937499999 0.43185565312499996 0.5398554718749999 0.42409418125 0.4436070640625
8 0.6180402921875 0.534677003125 0.648511753125 0.531195303125 0.6412168015625 0.46735689531249996 0.6107456359375 0.47083857812499996 0.6180402921875 0.534677003125
8 0.611405278125 0.51364710625 0.5994990671875 0.507490028125 0.587388275 0.530907275 0.599294478125 0.537064340625 0.611405278125 0.51364710625
1 0.34861289218749997 0.5960493578125 0.340994421875 0.53241015 0.2934507859375 0.5381012875 0.3010689671875 0.6017402281249999 0.34861289218749997 0.5960493578125
6 0.635393959375 0.7590435796875 0.661033734375 0.7408514187499999 0.6256572031250001 0.6910006296875 0.6000176749999999 0.7091926640625 0.635393959375 0.7590435796875
6 0.4987715640625 0.4352913734375 0.47510865312500006 0.433449678125 0.4708783 0.4877996859375 0.494541209375 0.48964137343749997 0.4987715640625 0.4352913734375
6 0.61061825625 0.7749058171875001 0.5700766078124999 0.77407174375 0.5691724140625001 0.8180132921875 0.6097140624999999 0.8188473609375 0.61061825625 0.7749058171875001
5 0.4046163015625 0.6782808421875 0.404461465625 0.6135924484374999 0.3127130703125 0.6138118921875 0.3128673203125 0.6784997015625 0.4046163015625 0.6782808421875
2 0.40518817812499996 0.6569954453125 0.4377841390625 0.655779884375 0.435706940625 0.600089728125 0.4031113234375 0.6013052828125 0.40518817812499996 0.6569954453125
2 0.46636759687499996 0.6042127875000001 0.4415118984375 0.602094140625 0.435700296875 0.670266871875 0.46055599375 0.67238550625 0.46636759687499996 0.6042127875000001
2 0.489132075 0.6196224234375001 0.46363235625000004 0.6167243765625 0.4557759625 0.6858435421875 0.48127567656250003 0.68874156875 0.489132075 0.6196224234375001
2 0.500900675 0.63140561875 0.48542119218749996 0.6319333890625 0.487418709375 0.6905128031250001 0.5028981921875 0.6899850359374999 0.500900675 0.63140561875
2 0.500702353125 0.688977965625 0.5169996859375 0.6916299625 0.525943859375 0.6366722499999999 0.5096467062500001 0.63402026875 0.500702353125 0.688977965625
2 0.5180301968750001 0.6916030046875 0.5357986546875 0.693796471875 0.543490496875 0.63149540625 0.5257222609375 0.6293019546874999 0.5180301968750001 0.6916030046875
2 0.53685463125 0.692918309375 0.5570895375 0.69511346875 0.5633881875 0.637059628125 0.54315351875 0.63486448125 0.53685463125 0.692918309375
2 0.584855809375 0.6309643828125 0.560102759375 0.632100475 0.56321346875 0.699867384375 0.58796651875 0.6987313 0.584855809375 0.6309643828125
2 0.5900026078125 0.6819377515625 0.616315103125 0.678448925 0.6088614625 0.6222426750000001 0.5825492578125 0.62573148125 0.5900026078125 0.6819377515625
2 0.6334567390625 0.608698678125 0.6076405859375 0.61190775625 0.6142656703125 0.6651982390625 0.6400818203124999 0.6619891765625 0.6334567390625 0.608698678125
2 0.48282509687499997 0.5477239359375 0.4600420609375 0.5477239359375 0.4600420609375 0.60939794375 0.48282509687499997 0.60939794375 0.48282509687499997 0.5477239359375
2 0.48282509687499997 0.6064610859374999 0.5091133250000001 0.6064610859374999 0.5091131609375 0.5389133625 0.482825240625 0.5389133625 0.48282509687499997 0.6064610859374999
2 0.5126570218750001 0.605512621875 0.5409783765625 0.603400278125 0.536061940625 0.537491596875 0.5077409109375 0.539603928125 0.5126570218750001 0.605512621875
2 0.561440684375 0.532442021875 0.5387866812500001 0.533568453125 0.5424114921875 0.6064610859374999 0.5650654937499999 0.6053346625 0.561440684375 0.532442021875
2 0.5860044234374999 0.52990225 0.5574628359375 0.53252228125 0.564071915625 0.6045121046874999 0.5926135015625 0.601892090625 0.5860044234374999 0.52990225
