6 0.5301112413075089 0.7366298618985448 0.5096363824726495 0.7302954973023863 0.5206334278166196 0.6947551020514138 0.541108131806709 0.7010894409410204
6 0.618430966958158 0.6650520184643407 0.677916334555789 0.6501080332326787 0.6965335150257488 0.724204194523934 0.6370481909888213 0.7391480583990927
6 0.44702050223145307 0.6841834297079342 0.46902119618948745 0.6822144240201607 0.47202746432139975 0.7158000251626663 0.4500267713158337 0.7177690237672215
6 0.629535423789207 0.7439759562643101 0.5971167105675477 0.7500205133614349 0.585992992488741 0.690369054642557 0.6184112875331493 0.6843245375094226
8 0.33494066745879536 0.5508524290083905 0.3701714062174233 0.5718736934585353 0.32823551421006414 0.6421487803147745 0.2930048918833563 0.6211276720406698
8 0.6932553016652037 0.4391880830321577 0.7211494510814873 0.43885519604099243 0.722103209709303 0.5187696915418435 0.6942090603356519 0.5191025765883297
6 0.6892647021727498 0.6601540747333499 0.7236263223528567 0.6256506864989932 0.7616016805299068 0.6634651971494426 0.7272402501089346 0.6979683972165254
6 0.5231048479090532 0.5247310223269289 0.48863785716355324 0.5430122532907946 0.44736509210952136 0.46520293834745685 0.48183171000596303 0.4469218277621798
6 0.42541977810833487 0.7550479944421716 0.4035237975468817 0.7482049161374639 0.41571881850461523 0.7091909341579177 0.43761461211499864 0.7160339809681339
8 0.5472405969355805 0.630430640673536 0.5707325935464951 0.6320796645033989 0.5620695776686944 0.7554756769144003 0.538577583223173 0.7538266746126268
