2 0.313410096875 0.45561117656250005 0.2655099890625 0.46167400937499997 0.2715502609375 0.5093925609375 0.319450365625 0.50332975 0.313410096875 0.45561117656250005
2 0.3705190890625 0.48823908125 0.3176959828125 0.4777326765625 0.3061952296875 0.5355506484375 0.359018321875 0.5460570046875 0.3705190890625 0.48823908125
6 0.3667842796875 0.6956903546875 0.3413899375 0.700914975 0.34963195156250004 0.7409691656249999 0.3750262875 0.73574456875 0.3667842796875 0.6956903546875
2 0.35503379062499996 0.56094314375 0.33407203750000003 0.5993580078125 0.388538303125 0.629075034375 0.4094998046875 0.5906603859375 0.35503379062499996 0.56094314375
2 0.3829627203125 0.6451933265625 0.418752471875 0.6544146828125 0.4341787390625 0.594548975 0.3983893859375 0.5853276734375 0.3829627203125 0.6451933265625
2 0.46738808593750003 0.60354879375 0.441411234375 0.588049128125 0.4128761296875 0.635867453125 0.43885292031249995 0.6513670375 0.46738808593750003 0.60354879375
2 0.555221015625 0.4972618640625 0.5245963296875 0.4963481953125 0.5224098203125 0.56963031875 0.5530345062500001 0.5705439812499999 0.555221015625 0.4972618640625
2 0.5781534109375001 0.49978366875 0.5550066703125001 0.49876060625 0.5520504734375 0.5656387671875 0.5751972140625 0.566661825 0.5781534109375001 0.49978366875
2 0.601997896875 0.4898678421875 0.5736067296875 0.4898678421875 0.5736067296875 0.5550660796875 0.601997896875 0.5550660796875 0.601997896875 0.4898678421875
2 0.5993690859374999 0.542731278125 0.6284064468749999 0.5422629999999999 0.6277285546875 0.500237546875 0.5986913890625 0.5007058234375 0.5993690859374999 0.542731278125
2 0.656161903125 0.4958744046875 0.6282382937500001 0.4962807890625 0.6289684078125 0.5464445171875 0.6568920171875 0.546038134375 0.656161903125 0.4958744046875
2 0.691377496875 0.48105726875 0.6556256578124999 0.48105726875 0.6556256578124999 0.5533039640624999 0.691377496875 0.5533039640624999 0.691377496875 0.48105726875
1 0.7092534171875 0.4819383265625 0.6976866453125 0.4819383265625 0.6976866453125 0.5277533046875 0.7092534171875 0.5277533046875 0.7092534171875 0.4819383265625
4 0.6280368546874999 0.7310821234375 0.6510144109375 0.7301300609375 0.6476910546875 0.64993905625 0.624713884375 0.6508911109375 0.6280368546874999 0.7310821234375
2 0.6572099765625 0.6305155828125 0.6491951265625 0.5779118703125 0.6070279484375 0.5843359031250001 0.615042565625 0.6369394078124999 0.6572099765625 0.6305155828125
