8 0.42192444381441874 0.5220264026849845 0.3984249134515494 0.5264083271588137 0.3771648142351296 0.41240069267994034 0.40066396231941326 0.40801880501596244
8 0.6572030565629348 0.5418502235961592 0.624915075641411 0.5409104138794883 0.6280433410280466 0.43345453478217494 0.6603308095715192 0.4343943370648692
6 0.21820462677248997 0.6623145819154661 0.24667605406477833 0.6552364044147296 0.25969349774402417 0.7075907862974111 0.23122208502809372 0.7146689239543437
8 0.6586071316378366 0.4547461696040923 0.6776309279618999 0.45633008588830454 0.6717111257739816 0.5274254239757612 0.6526873304924266 0.525841516171912
8 0.6923158408476411 0.5262173682472154 0.6734813521076148 0.5284650512983736 0.6641512111443717 0.45028775674022536 0.682985476345948 0.44804008737398804
8 0.3662811844510543 0.5198237783024972 0.35121755303930513 0.5219387022425088 0.34285873970873126 0.46240668319010914 0.357922238028209 0.46029176871222693
8 0.3960743873303727 0.5212921986208845 0.3689053339981001 0.5276358958154427 0.3466082535821897 0.4321470356148733 0.3737769360816401 0.4258033834318827
8 0.3470033031020421 0.7048458330194275 0.3230931789328224 0.7020435258101169 0.3327323999518512 0.6198115190778297 0.3566421312499415 0.6226138031249965
8 0.3680108235782882 0.7129049659720283 0.340733581853101 0.70578459840436 0.36010938626236566 0.6315697002296029 0.38738621896368386 0.6386900115077009
8 0.7421935314707753 0.6270923176534758 0.7562215203124651 0.6005873718750302 0.8169545231781967 0.6327270076661272 0.8029267383869865 0.6592317782435168
8 0.755936754133586 0.5904796638367321 0.7846411154192765 0.5647891757722036 0.8344887025190246 0.6204786417652604 0.8057845098816188 0.6461689530447267
