5 0.36409969375 0.586883740625 0.3114137125 0.580265625 0.2996434828125 0.6739560765625 0.35232945312499997 0.6805741328125 0.36409969375 0.586883740625
5 0.3124153390625 0.5214992078125 0.35460279687499996 0.5167792109375 0.343910090625 0.4212163015625 0.30172319999999997 0.42593626562500003 0.3124153390625 0.5214992078125
5 0.6998382328125 0.4867369078125 0.7310630312499999 0.4736944796875 0.702385815625 0.4050431875 0.6711612953125 0.4180855515625 0.6998382328125 0.4867369078125
9 0.2572577296875 0.5165216984375001 0.20689544531249998 0.5573892593750001 0.284297690625 0.6527639828125 0.334659565625 0.611896871875 0.2572577296875 0.5165216984375001
4 0.3847634828125 0.7108090546875 0.3940028484375 0.6170875453125 0.36824110625 0.614548284375 0.3590015234375 0.7082695484375 0.3847634828125 0.7108090546875
2 0.36521816406249996 0.57678165 0.3669035828125 0.616005709375 0.40082211093750003 0.614548309375 0.3991365765625 0.5753243718750001 0.36521816406249996 0.57678165
7 0.6128840453125 0.7427205984375 0.6443464734375 0.73570281875 0.612041121875 0.5908923125000001 0.5805795781249999 0.597909990625 0.6128840453125 0.7427205984375
2 0.6092504375 0.59032651875 0.5788547671875001 0.6050081828125 0.597788396875 0.6442021984374999 0.628184028125 0.6295205953125 0.6092504375 0.59032651875
2 0.7118777265625 0.528777584375 0.7008703421875 0.4926541578125 0.647543446875 0.5089023874999999 0.6585506453125001 0.5450256546875 0.7118777265625 0.528777584375
7 0.6948801453125 0.37346229062499997 0.6451843968750001 0.3759334015625 0.6538157765625 0.5495058562499999 0.703511521875 0.5470347765625 0.6948801453125 0.37346229062499997
5 0.7069320015625 0.5637591703125 0.6633619140625 0.584104525 0.70011258125 0.6627980078125 0.743682565625 0.6424528171875 0.7069320015625 0.5637591703125
5 0.4748851375 0.45375418749999996 0.45537634843749997 0.4545625734375 0.45916481249999996 0.54598298125 0.47867360156250005 0.5451746 0.4748851375 0.45375418749999996
9 0.7464463421875001 0.297263821875 0.686286865625 0.310150290625 0.7150904921875 0.4446124109375 0.7752499359375 0.4317260421875 0.7464463421875001 0.297263821875
1 0.456770690625 0.496580771875 0.42098590937499997 0.494527659375 0.4171180375 0.5619372765625 0.4529028171875 0.563990378125 0.456770690625 0.496580771875
