4 0.3730971875 0.35228718125 0.35747490000000004 0.3500937734375 0.345333803125 0.43656342031250006 0.3609560890625 0.43875681718750004 0.3730971875 0.35228718125
4 0.39380170625 0.4639755421875 0.41027073437499995 0.46175050000000006 0.395619253125 0.353311790625 0.3791504484375 0.3555368171875 0.39380170625 0.4639755421875
4 0.655528378125 0.333006515625 0.6391704609375 0.333006515625 0.6391704609375 0.423364990625 0.655528378125 0.423364990625 0.655528378125 0.333006515625
4 0.6815798765625 0.4091512984375 0.698011028125 0.40657110156250004 0.6858208171875 0.3289454609375 0.6693898078125 0.3315256453125 0.6815798765625 0.4091512984375
4 0.6670391999999999 0.7015472640625 0.6876385234375 0.7015472640625 0.6876383640625 0.5817461390625 0.6670395234375001 0.5817461390625 0.6670391999999999 0.7015472640625
4 0.7363320046874999 0.7007201765625 0.7550147546875 0.6968654609375 0.7312594765625 0.5817461390625 0.71257714375 0.5856008125 0.7363320046874999 0.7007201765625
4 0.320580103125 0.638563371875 0.302924325 0.636570375 0.29387779375 0.71670191875 0.3115335703125 0.7186948984375 0.320580103125 0.638563371875
4 0.37064950625000004 0.72276735625 0.38956093125 0.7208372578125 0.3816847296875 0.6436772296875 0.3627736078125 0.6456073124999999 0.37064950625000004 0.72276735625
5 0.444516271875 0.4386356359375 0.47003356093750004 0.437185503125 0.467678209375 0.395743021875 0.4421610546875 0.3971931515625 0.444516271875 0.4386356359375
5 0.6086790453125 0.3761367671875 0.589147728125 0.3686778515625 0.5726428328125001 0.41189427343749996 0.5921741390624999 0.4193531703125 0.6086790453125 0.3761367671875
5 0.558622503125 0.659324521875 0.53836693125 0.6611149859375 0.54169889375 0.6988043421875 0.5619544640624999 0.6970138859375 0.558622503125 0.659324521875
5 0.5915933921875001 0.6686142562499999 0.5770241703125001 0.6497797171874999 0.5609929203124999 0.6621788468750001 0.5755620984375 0.681013346875 0.5915933921875001 0.6686142562499999
