5 0.304942165625 0.61894273125 0.2873031578125 0.6987450921875 0.42455284375 0.7290760546875 0.442190528125 0.649274846875 0.304942165625 0.61894273125
5 0.7482923359375 0.7106395156249999 0.734999871875 0.6402566515625 0.637613846875 0.6586462375 0.6509054843750001 0.7290283765625001 0.7482923359375 0.7106395156249999
5 0.6429328578125 0.5239529875 0.664810890625 0.5725702328125 0.7515809265625 0.5335261578125 0.729702790625 0.48490928593750005 0.6429328578125 0.5239529875
5 0.35558112343750004 0.5204175171875 0.372150359375 0.4835313296875 0.298635171875 0.4505106859375 0.282065875 0.4873966546875 0.35558112343750004 0.5204175171875
1 0.6360234984375001 0.6111200078125 0.610513578125 0.6069688296875 0.6048685375 0.64165479375 0.6303784546875 0.645805959375 0.6360234984375001 0.6111200078125
5 0.5430000796875001 0.5770726671874999 0.5644189374999999 0.577437821875 0.565864584375 0.49263830000000003 0.5444460203125 0.492273146875 0.5430000796875001 0.5770726671874999
5 0.59861011875 0.570601071875 0.6210568859375 0.5715859078125 0.6243427968749999 0.4966960359375 0.6018963015625001 0.49571120625000004 0.59861011875 0.570601071875
1 0.568985496875 0.59285818125 0.5955734390625 0.5944446375 0.5995398421875 0.5279745859375 0.5729521984375 0.5263881390625 0.568985496875 0.59285818125
6 0.5749346828124999 0.489371790625 0.602655128125 0.4922907515625 0.60880585 0.43388228125 0.5810856296875 0.43096333124999997 0.5749346828124999 0.489371790625
6 0.5473874203125 0.44170021718749997 0.520831565625 0.43963336562500005 0.516293778125 0.49793315624999995 0.54284963125 0.5 0.5473874203125 0.44170021718749997
6 0.45846033437499994 0.5049531078125 0.48304423124999996 0.5022026359375 0.475814771875 0.43759071875 0.45123110312500003 0.440341178125 0.45846033437499994 0.5049531078125
6 0.508876975 0.4464737125 0.48489995625000004 0.445962746875 0.4837013671875 0.50220264375 0.5076783859375 0.5027136078125001 0.508876975 0.4464737125
1 0.43375417031249996 0.5980176796875 0.4337539171875 0.5044052140625 0.394979 0.5044053859375001 0.39497894843750003 0.5980175515624999 0.43375417031249996 0.5980176796875
6 0.397512659375 0.504166259375 0.427896878125 0.5068324875 0.43554334531250005 0.4196972875 0.40515949375 0.41703107656249994 0.397512659375 0.504166259375
