4 0.3577470875 0.3805383828125 0.3382824734375 0.3810719765625 0.339992984375 0.44346549218750003 0.3594575984375 0.44293190156250006 0.3577470875 0.3805383828125
4 0.41057394374999995 0.44596351562500003 0.4302488609375 0.45374449375000003 0.4633011671875 0.370172928125 0.443626446875 0.36239199375000003 0.41057394374999995 0.44596351562500003
4 0.44908339374999995 0.5254769015625 0.463572278125 0.5269921 0.47479897031249996 0.4196452234375 0.4603103078125 0.41813003593750003 0.44908339374999995 0.5254769015625
4 0.49740052500000004 0.53014145625 0.52062235 0.5287695265625 0.5143146484375001 0.42201359531250004 0.4910931859375 0.42338551406249997 0.49740052500000004 0.53014145625
4 0.5832868718750001 0.4316729265625 0.5661851140625 0.4332963796875 0.575080146875 0.5269921046875 0.592181903125 0.5253686640625 0.5832868718750001 0.4316729265625
4 0.622226659375 0.3873944734375 0.6002133187500001 0.3916206296875 0.6251959390625 0.5217432109375 0.6472092703125 0.51751709375 0.622226659375 0.3873944734375
4 0.6638494015624999 0.393438284375 0.6426067625 0.395439684375 0.6521333734375 0.496548340625 0.673376009375 0.4945469546875 0.6638494015624999 0.393438284375
4 0.7171305125 0.3862602921875 0.6972377390625 0.385271115625 0.6928526203125001 0.47345306249999997 0.7127453921875 0.47444223281250003 0.7171305125 0.3862602921875
2 0.31400060625 0.5280812484374999 0.3564366078125 0.5306133953125001 0.361023484375 0.45374449375000003 0.318587971875 0.4512123609375 0.31400060625 0.5280812484374999
2 0.3899829734375 0.463975046875 0.3618996921875 0.4596182 0.34818866718749997 0.5479898890625 0.3762719421875 0.55234670625 0.3899829734375 0.463975046875
2 0.422787640625 0.471412203125 0.3908166484375 0.46255505625 0.3661977046875 0.5514134859375 0.398168671875 0.5602705703125 0.422787640625 0.471412203125
2 0.38686431875 0.568305625 0.41359973281249995 0.5785609453125 0.440832646875 0.5075713140625 0.41409753125000004 0.49731605781250005 0.38686431875 0.568305625
2 0.47741319375 0.51650284375 0.4439712359375 0.5030043109375 0.41472770312499996 0.5754474265625 0.4481696125 0.588945871875 0.47741319375 0.51650284375
2 0.485006715625 0.5109581515625 0.45766844375 0.5154893359375 0.47055726875000004 0.5932452328125 0.4978955328125 0.5887140796875 0.485006715625 0.5109581515625
2 0.516596246875 0.5176413875 0.4858478609375 0.521038984375 0.4944713515625 0.5990747328125 0.525219734375 0.595677159375 0.516596246875 0.5176413875
2 0.5492273125 0.512001378125 0.5211726328124999 0.5131173609374999 0.5243736078125 0.5935793234375 0.5524282875 0.5924633484374999 0.5492273125 0.512001378125
2 0.547976834375 0.5893566984375 0.5683104421875 0.591252446875 0.5769372984375 0.498728775 0.556604 0.496833040625 0.547976834375 0.5893566984375
2 0.5774277484375 0.5897308625 0.6042340921875 0.588131365625 0.599861878125 0.5148662359375 0.573055865625 0.5164657218750001 0.5774277484375 0.5897308625
2 0.6308806390624999 0.5104401109375 0.60128045625 0.5122063125 0.605281440625 0.5792538703125001 0.634881621875 0.5774876812499999 0.6308806390624999 0.5104401109375
2 0.650821346875 0.49623026875000004 0.63029325625 0.496720221875 0.6321118609374999 0.5729096265625 0.65263995 0.572419675 0.650821346875 0.49623026875000004
2 0.680363728125 0.4846599578125 0.64427566875 0.48966770625 0.6545740890625 0.5638766578125 0.6906621421875 0.5588689390625 0.680363728125 0.4846599578125
2 0.7185418859375 0.47283406718750004 0.6752166421875 0.48414423125 0.693502825 0.5541865875 0.73682804375 0.5428764875 0.7185418859375 0.47283406718750004
