4 0.2814732734375 0.373200653125 0.2814730015625 0.48550656718749996 0.3041558078125 0.485506521875 0.3041559125 0.37320077500000004 0.2814732734375 0.373200653125
4 0.3226408765625 0.6886106375 0.308279934375 0.5943566015624999 0.2855971484375 0.5978123015625 0.2999578546875 0.6920661265625 0.3226408765625 0.6886106375
4 0.7310049750000001 0.4440397734375 0.74960668125 0.4408331453125 0.7361601578125 0.36283405625 0.717558628125 0.36604066875 0.7310049750000001 0.4440397734375
2 0.6341940015625 0.518836996875 0.671204915625 0.5269732859375 0.6833459921875 0.47174871874999996 0.646335384375 0.4636124640625 0.6341940015625 0.518836996875
7 0.6453317453125 0.5217168875 0.6763605375 0.5183343093749999 0.6567703375 0.33864511875000003 0.62574231875 0.342027653125 0.6453317453125 0.5217168875
5 0.28917265625 0.563399134375 0.23610735312500003 0.5598011109375001 0.22943873906249998 0.6581422156250001 0.2825040390625 0.66174020625 0.28917265625 0.563399134375
2 0.42211919687500005 0.5777231328125 0.39505932499999996 0.5703229296875 0.375678703125 0.6411831515624999 0.4027385546875 0.6485833046875 0.42211919687500005 0.5777231328125
1 0.3286936921875 0.62950683125 0.37736311875 0.635895609375 0.387999446875 0.5548742843750001 0.339330721875 0.548485553125 0.3286936921875 0.62950683125
1 0.722697275 0.49611650625000003 0.7212503406249999 0.4925910671875 0.6978300359375 0.50220264375 0.6992769640625001 0.5057280765625001 0.722697275 0.49611650625000003
1 0.7910757312500001 0.52701670625 0.7492591749999999 0.507974871875 0.7166113937499999 0.5796642140625 0.7584278734375001 0.5987059218749999 0.7910757312500001 0.52701670625
