5 0.714777284375 0.5745585984375 0.6543572109375 0.5717310765625 0.650926703125 0.645028065625 0.711346775 0.6478555671875 0.714777284375 0.5745585984375
6 0.7644738390625 0.6433027625000001 0.721968075 0.6505488765624999 0.7287540234375001 0.690349946875 0.7712597796875 0.6831038609375 0.7644738390625 0.6433027625000001
8 0.721289096875 0.6768268749999999 0.7700056734375 0.6677160546875001 0.7507801296875 0.5649300546875 0.7020645156249999 0.57404078125 0.721289096875 0.6768268749999999
8 0.8214262046874999 0.4012881484375 0.791759828125 0.3964875984375 0.77779345 0.4827918890625 0.8074598203125 0.4875924109375 0.8214262046874999 0.4012881484375
5 0.249744490625 0.637489878125 0.3363438328125 0.637489878125 0.3363433125 0.5714086109375 0.2497450203125 0.5714086109375 0.249744490625 0.637489878125
5 0.6116035859375 0.6543341218750001 0.617318303125 0.552032853125 0.59166573125 0.5506001 0.5859507859375 0.652901128125 0.6116035859375 0.6543341218750001
8 0.3971370078125 0.41833123906249997 0.33058482499999997 0.416440196875 0.328696090625 0.482907203125 0.3952482734375 0.4847982359375 0.3971370078125 0.41833123906249997
1 0.4524651015625 0.534717653125 0.4262787828125 0.533849603125 0.4240511609375 0.601043521875 0.45023747968750005 0.601911565625 0.4524651015625 0.534717653125
1 0.72620585 0.511650359375 0.7799813437500001 0.504010428125 0.769808571875 0.4324140890625 0.7160336390625 0.44005398125 0.72620585 0.511650359375
6 0.7971355046874999 0.362771915625 0.755819196875 0.3516776078125 0.73965534375 0.411870828125 0.7809716359375 0.42296509687499995 0.7971355046874999 0.362771915625
1 0.391432815625 0.5325032515625 0.3339594859375 0.543477075 0.34437432968750004 0.5980176234375 0.40184764531250006 0.587043853125 0.391432815625 0.5325032515625
