5 0.4072045734375 0.458198003125 0.390378309375 0.367840128125 0.248684684375 0.39422446718750004 0.2655099890625 0.4845814984375 0.4072045734375 0.458198003125
5 0.2983701359375 0.64537445 0.2779842625 0.6970667515625 0.3535750390625 0.7268726140624999 0.3739603953125 0.6751807515625 0.2983701359375 0.64537445
5 0.46557964375000005 0.752941315625 0.587540478125 0.74889864375 0.5849106203125001 0.6696035250000001 0.4629518734375 0.6736461625 0.46557964375000005 0.752941315625
5 0.767544190625 0.6149581796875 0.7414086796875 0.602671825 0.719576628125 0.6491074296875 0.7457121015625 0.6613937234375 0.767544190625 0.6149581796875
7 0.3581422453125 0.7358291484375 0.384567775 0.7423534187499999 0.41066420781249996 0.636668725 0.3842392625 0.63014453125 0.3581422453125 0.7358291484375
7 0.44104300468749996 0.6392361421875 0.4119609796875 0.633384946875 0.38932730000000004 0.7458647359375 0.41840930624999995 0.751715859375 0.44104300468749996 0.6392361421875
7 0.4676591890625 0.651323559375 0.4407877 0.644910371875 0.41523115468749994 0.751977753125 0.44210261875 0.758390865625 0.4676591890625 0.651323559375
7 0.7510898609375001 0.6279075359374999 0.8002031593750001 0.613255075 0.7754068562499999 0.5301505093750001 0.72629426875 0.54480285625 0.7510898609375001 0.6279075359374999
6 0.805285840625 0.5890273140625 0.794893434375 0.5872187249999999 0.7905900765625 0.6119437249999999 0.8009824812499999 0.6137523109374999 0.805285840625 0.5890273140625
7 0.6040255015625 0.7362577078125 0.625033546875 0.7330772921875 0.6123077109375 0.6490312234375 0.5913000359375 0.652211609375 0.6040255015625 0.7362577078125
7 0.6465971765625 0.7241730468750001 0.6761833625 0.7121369875 0.64673465 0.6397593500000001 0.6171488890625 0.6517953109375 0.6465971765625 0.7241730468750001
7 0.6159963109375 0.33172707031250004 0.59202040625 0.33172707031250004 0.59202040625 0.49037914687499995 0.6159963109375 0.49037914687499995 0.6159963109375 0.33172707031250004
7 0.6149679875 0.49953529375 0.6374261578125 0.499897478125 0.6397843828124999 0.3536657640625 0.61732664375 0.3533035828125 0.6149679875 0.49953529375
7 0.6368290859375 0.5069520875 0.686678159375 0.5100186171875001 0.6964307140625 0.351483965625 0.646582675 0.3484174671875 0.6368290859375 0.5069520875
5 0.5694729265625 0.3524828203125 0.5397652171875 0.3513010265625 0.536691396875 0.42856664999999994 0.5663991046875 0.4297484390625 0.5694729265625 0.3524828203125
5 0.50969109375 0.3480617140625 0.47029657656249996 0.3471801953125 0.46845228437499997 0.42959685781249995 0.5078468015625 0.43047837187500004 0.50969109375 0.3480617140625
4 0.40711077187500005 0.467287503125 0.4309361421875 0.469880540625 0.4505950171875 0.28925806875000004 0.42677014687500003 0.28666505937500003 0.40711077187500005 0.467287503125
4 0.441951390625 0.4577057296875 0.46413082968749997 0.45880863281249995 0.471803925 0.304506096875 0.4496248859375 0.30340320468750004 0.441951390625 0.4577057296875
4 0.5087909046875 0.46616585937500005 0.5290357140624999 0.46681301875000003 0.5338073546875 0.3175460484375 0.513562903125 0.3168988953125 0.5087909046875 0.46616585937500005
4 0.56024064375 0.46684624374999995 0.581869665625 0.46934848906250004 0.59790196875 0.330773828125 0.5762733171875001 0.32827160312500003 0.56024064375 0.46684624374999995
2 0.6965811640624999 0.4952798703125 0.6860796296875 0.4316567046875 0.5887465656249999 0.44772106562499997 0.599247596875 0.511343790625 0.6965811640624999 0.4952798703125
5 0.697684515625 0.3888351 0.7021317265625 0.4309171 0.7551859390625 0.42531048125000004 0.75073860625 0.3832286203125 0.697684515625 0.3888351
