8 0.3516002828125 0.5455004890625 0.333859021875 0.5418502046875 0.319296034375 0.612622853125 0.33703728593750004 0.6162731124999999 0.3516002828125 0.5455004890625
8 0.337028865625 0.605745478125 0.358522378125 0.613226584375 0.37769730468749996 0.5581418593749999 0.3562039953125 0.5506607921875 0.337028865625 0.605745478125
9 0.837255303125 0.6044411125 0.8731074187500001 0.5305383453125 0.7944064531249999 0.49236199062499997 0.7585542281250001 0.5662642203125 0.837255303125 0.6044411125
2 0.6849509703125001 0.49437444062499997 0.7292726593750001 0.4996637953125 0.7356278406250001 0.4464132046875 0.6913064859375 0.44112386875 0.6849509703125001 0.49437444062499997
5 0.36897841875 0.598021903125 0.4070904140625 0.60289491875 0.41515829843749996 0.5398006140625 0.3770467171875 0.5349276265625 0.36897841875 0.598021903125
7 0.3102563546875 0.55087440625 0.3008583125 0.5482862984375 0.2771518703125 0.6343612328125 0.2865499046875 0.6369493203125 0.3102563546875 0.55087440625
7 0.757776596875 0.6388935203125 0.7691154499999999 0.6356198187500001 0.7465825453125 0.5575833859375 0.7352438484375 0.5608570640625 0.757776596875 0.6388935203125
7 0.7820202421875 0.63962178125 0.78823315625 0.6378206843750001 0.763311346875 0.5518622343749999 0.757098528125 0.5536633171875 0.7820202421875 0.63962178125
6 0.6812413890625 0.3279023984375 0.6491483546875 0.3328444453125 0.6572244265625 0.385287475 0.6893174578125 0.3803454421875 0.6812413890625 0.3279023984375
7 0.6654649421875 0.3599748265625 0.6603187609375001 0.360121053125 0.6633230984375 0.4658479265625 0.6684692796875 0.4657017 0.6654649421875 0.3599748265625
7 0.669247784375 0.46110721562499996 0.6744780703125001 0.4606670796875 0.6662160125 0.36249213281250003 0.6609857921875 0.3629322671875 0.669247784375 0.46110721562499996
1 0.65910325625 0.553564453125 0.647068003125 0.55510328125 0.6525005171875 0.597587021875 0.66453576875 0.5960482 0.65910325625 0.553564453125
1 0.7720699875 0.5592911515625001 0.7914223078125 0.5654044218750001 0.810175559375 0.5060436937499999 0.790823421875 0.499930453125 0.7720699875 0.5592911515625001
