4 0.3120275890625 0.6489722203125 0.336477815625 0.543200871875 0.31544791875 0.53834016875 0.29099755 0.6441113109375001 0.3120275890625 0.6489722203125
4 0.34334224999999996 0.66275501875 0.361858690625 0.6647225171875 0.3712858265625 0.5760118296875001 0.3527696953125 0.5740443484375 0.34334224999999996 0.66275501875
4 0.40740490312500005 0.652979359375 0.4258652703125 0.6517084125 0.41914688906249997 0.5541379625 0.400686853125 0.5554088984375001 0.40740490312500005 0.652979359375
5 0.3081962421875 0.43990776875000004 0.3565462265625 0.43509925312500003 0.3480804625 0.3499818703125 0.2997309703125 0.3547903609375 0.3081962421875 0.43990776875000004
2 0.327860734375 0.4009323046875 0.31279450781249996 0.464420903125 0.47764982343750007 0.5035381390625 0.49271519843749995 0.44005027343750003 0.327860734375 0.4009323046875
2 0.42205302031249997 0.5796021828125 0.4308131796875 0.511120646875 0.3110969125 0.49580765 0.30233617968750004 0.56428850625 0.42205302031249997 0.5796021828125
2 0.5311980984375 0.521270059375 0.5139665828125 0.5221641265625 0.516902871875 0.5787506140625001 0.5341343859375 0.57785655 0.5311980984375 0.521270059375
2 0.528339921875 0.5737251375 0.5520775046875 0.5765579093750001 0.5584303875 0.5233273578125 0.534693015625 0.5204945984375 0.528339921875 0.5737251375
2 0.689817909375 0.5079865531250001 0.660828809375 0.463919675 0.54898935 0.5374865171875001 0.57797791875 0.581552925 0.689817909375 0.5079865531250001
2 0.6122772609375 0.401086159375 0.6304061390625 0.473431753125 0.7617935578125 0.44050885468749995 0.7436642625000001 0.3681639046875 0.6122772609375 0.401086159375
5 0.3002193984375 0.5699357578125 0.3002191453125 0.50674440625 0.264686115625 0.5067445875 0.264686184375 0.5699357546875 0.3002193984375 0.5699357578125
5 0.6753035171875 0.39482739218749996 0.7063133640625 0.3925143828125 0.7025148953125 0.3415927921875 0.671505225 0.343905796875 0.6753035171875 0.39482739218749996
