5 0.4031528046875 0.652178984375 0.3371770828125 0.6402779984375 0.324268075 0.7118321546875 0.390243771875 0.7237330515625 0.4031528046875 0.652178984375
5 0.6353356031249999 0.4113304140625 0.6106743046875 0.40906650312500004 0.6025102578125 0.497994009375 0.6271715546875 0.50025790625 0.6353356031249999 0.4113304140625
5 0.6849676234375 0.4172752 0.6685929015625 0.48566983124999996 0.6984111484375 0.49280820781249995 0.7147857015625 0.42441372343749995 0.6849676234375 0.4172752
5 0.3200325484375 0.49252154687500005 0.3319582875 0.440335171875 0.2669659265625 0.4254838921875 0.25504001718749997 0.477670025 0.3200325484375 0.49252154687500005
1 0.529131953125 0.5583704593750001 0.507956571875 0.5440874375 0.49381647968750003 0.5650489484375 0.5149918359375001 0.579331940625 0.529131953125 0.5583704593750001
7 0.4599080375 0.3357082671875 0.43310105625000006 0.3340463515625 0.424203584375 0.4775574984375 0.451010565625 0.47921939843750005 0.4599080375 0.3357082671875
7 0.43603342968750003 0.6279631859375 0.4086146640625 0.6259681234375 0.4013806875 0.7253733890625 0.42879944999999997 0.7273684312500001 0.43603342968750003 0.6279631859375
7 0.6205067125 0.3839857640625 0.5917094421875 0.3791295875 0.5704994359375 0.5048985765625 0.599296696875 0.5097547109375 0.6205067125 0.3839857640625
7 0.68708950625 0.40669158593750004 0.64663851875 0.3946228890625 0.6159397703125 0.497510790625 0.6563907203125 0.5095794 0.68708950625 0.40669158593750004
7 0.7564772515625 0.4417942109375 0.7210084515624999 0.4313749203125 0.6981858843750001 0.50906125625 0.733654659375 0.5194804859375 0.7564772515625 0.4417942109375
2 0.36651853125 0.47111484218750005 0.37109500624999997 0.5464944109375 0.46344967343750004 0.540887265625 0.458872696875 0.465508240625 0.36651853125 0.47111484218750005
7 0.3943623125 0.49898850625 0.4209405390625 0.4997949109375 0.42505243437500007 0.3642741578125 0.398474675 0.36346775937500003 0.3943623125 0.49898850625
2 0.429458496875 0.6620978765625 0.4519692609375 0.5889267296875 0.3106530765625 0.5454558953124999 0.2881417609375 0.6186260421875 0.429458496875 0.6620978765625
2 0.561608634375 0.49718533750000005 0.569436809375 0.569184775 0.7477381328125 0.549799196875 0.7399090625 0.4778008390625 0.561608634375 0.49718533750000005
1 0.3712963671875 0.544034553125 0.36926064062499997 0.4735916984375 0.3202305703125 0.4750085515625 0.32226602187500003 0.5454511375 0.3712963671875 0.544034553125
1 0.5771966749999999 0.6425504984375 0.6051032921874999 0.643739859375 0.6075648265625 0.5859869843750001 0.5796585109375 0.5847976296875 0.5771966749999999 0.6425504984375
