6 0.422174934375 0.77503434375 0.459035459375 0.7756452453125 0.4600449984375 0.7147275234375 0.4231849875 0.7141166265625001 0.422174934375 0.77503434375
2 0.7286680296875 0.5191499515625 0.69305349375 0.5278433828125 0.7048540125 0.5761823859375 0.7404685359375 0.567488990625 0.7286680296875 0.5191499515625
5 0.29457994374999996 0.500156009375 0.2722492015625 0.524139846875 0.32597255468749997 0.5741557671875 0.34830315 0.5501720734375 0.29457994374999996 0.500156009375
5 0.37048498125 0.6766906046875001 0.3848051265625 0.6034496875 0.315072421875 0.589817140625 0.30075189999999996 0.6630575546874999 0.37048498125 0.6766906046875001
1 0.2656128203125 0.5404462031249999 0.288675075 0.54017098125 0.2879586578125 0.48015198437500006 0.2648966203125 0.4804272046875 0.2656128203125 0.5404462031249999
6 0.5525725390625 0.480409259375 0.58185573125 0.48116897031250006 0.5830284640625 0.4359653625 0.5537454546875 0.43520565468749994 0.5525725390625 0.480409259375
6 0.453506659375 0.48862549062499994 0.484563175 0.490169778125 0.48768895937499995 0.42730967656249996 0.45663271562499996 0.42576539375 0.453506659375 0.48862549062499994
6 0.5659811203125 0.790379146875 0.59949350625 0.790379146875 0.5994932578125 0.7269408203125 0.565981365625 0.7269408203125 0.5659811203125 0.790379146875
2 0.47353366093749993 0.504835528125 0.44698038437500004 0.51275749375 0.4661759296875 0.57709251875 0.49272918906249996 0.569170596875 0.47353366093749993 0.504835528125
2 0.4874578875 0.5771191421874999 0.517072278125 0.5758569625 0.5140986187500001 0.5060966703124999 0.48448457031250003 0.5073588421874999 0.4874578875 0.5771191421874999
2 0.51832686875 0.5769630703125 0.5439238203125 0.5795086265625 0.551181440625 0.5065345171875 0.5255848000000001 0.5039889765625001 0.51832686875 0.5769630703125
2 0.5780163984375 0.5115426624999999 0.5518544984375 0.5100559546875 0.5478080015625 0.5812567109375 0.5739699015624999 0.582743409375 0.5780163984375 0.5115426624999999
2 0.472126175 0.59701961875 0.434405584375 0.5992702765625 0.43978384375 0.6893979140625001 0.47750443281250005 0.6871472765625 0.472126175 0.59701961875
2 0.49454690625 0.6100485 0.47685523593749995 0.6079887984375001 0.46701710468749996 0.692482196875 0.48470877031250004 0.6945418812499999 0.49454690625 0.6100485
2 0.49180685 0.70056208125 0.5091132843749999 0.7019089625 0.5162704734375 0.609954965625 0.49896435625 0.6086080968750001 0.49180685 0.70056208125
2 0.514370625 0.707782671875 0.5354014828125 0.707782671875 0.53540133125 0.6182085171875 0.51437085625 0.6182085171875 0.514370625 0.707782671875
2 0.542060478125 0.701315121875 0.5640621546875 0.7001217046875 0.5595960484375 0.6177992265625 0.5375947359375 0.6189926328124999 0.542060478125 0.701315121875
2 0.5955367640625 0.6103722609375 0.5624676234375 0.6111615031250001 0.5648151765625 0.7095111140625 0.5978843171875 0.7087218796875 0.5955367640625 0.6103722609375
2 0.6008640093750001 0.68347273125 0.6335031046874999 0.675740159375 0.618079484375 0.6106465562500001 0.5854408062500001 0.6183790765625 0.6008640093750001 0.68347273125
2 0.652263178125 0.616245521875 0.6221521203125 0.621145375 0.635049859375 0.7003955734375 0.6651609078125 0.6954957578125 0.652263178125 0.616245521875
2 0.70155719375 0.6048248078125 0.6559164046875 0.6102311890625 0.664572353125 0.68329581875 0.7102131375 0.6778894765625 0.70155719375 0.6048248078125
2 0.7405950921875 0.5747067953125 0.6855035578125 0.6185351140625001 0.720381028125 0.6623702484375 0.77547235625 0.6185421609375 0.7405950921875 0.5747067953125
7 0.6712258921875 0.5347371984375 0.675488753125 0.5344025109375 0.6718074546875 0.48751835468750004 0.667544625 0.487853040625 0.6712258921875 0.5347371984375
7 0.6790258953125 0.4512882359375 0.6746524843749999 0.45147463437499996 0.6782334328124999 0.5354870296875001 0.68260684375 0.5353006312499999 0.6790258953125 0.4512882359375
7 0.7020867375 0.465724478125 0.6945904078125 0.46402347656250004 0.675397603125 0.5485999421875001 0.6828939296875001 0.5503009328124999 0.7020867375 0.465724478125
7 0.7131761156249999 0.5186989515625 0.7166105625 0.518903884375 0.720294428125 0.4571708265625 0.7168600125 0.4569658953125 0.7131761156249999 0.5186989515625
7 0.7159666734375 0.5284158 0.7220469734375 0.5286343609374999 0.7249678703125 0.4473813015625 0.71888764375 0.44716274218749996 0.7159666734375 0.5284158
