5 0.6516445578125001 0.6023283593750001 0.6402063421874999 0.5391983984375 0.576889265625 0.5506694109375 0.5883270781250001 0.6137990156249999 0.6516445578125001 0.6023283593750001
5 0.7907425046875 0.62111164375 0.7515671171875 0.5610053374999999 0.6628564046875 0.6188177031250001 0.7020311125 0.6789234093750001 0.7907425046875 0.62111164375
1 0.431085425 0.6443929671874999 0.42259652187499996 0.64376695625 0.4205966515625 0.67088225625 0.429085553125 0.671508265625 0.431085425 0.6443929671874999
1 0.391322265625 0.6401205562500001 0.391322259375 0.6557362062500001 0.39861813281249997 0.6557362015625 0.39861812812499997 0.6401205625 0.391322265625 0.6401205562500001
1 0.285770215625 0.61135816875 0.279540778125 0.61127908125 0.27938441875 0.6235935031250001 0.28561385625 0.623672590625 0.285770215625 0.61135816875
2 0.40304033125 0.595139890625 0.4369460015625 0.6041313703125 0.448903821875 0.559044109375 0.41499841406250004 0.5500526640625 0.40304033125 0.595139890625
2 0.3781232109375 0.5832232687500001 0.4071016796875 0.5912212890624999 0.42154785625 0.538884484375 0.392569640625 0.5308865015625 0.3781232109375 0.5832232687500001
2 0.396733246875 0.5145402640625 0.37663780625 0.5106249515625 0.36368789218750003 0.5770848843749999 0.3837833265625 0.5810001734375 0.396733246875 0.5145402640625
2 0.348006653125 0.5710701078125 0.36364601875 0.5747062984375 0.3800514171875 0.504152178125 0.36441223125 0.500516009375 0.348006653125 0.5710701078125
2 0.3231898453125 0.5533594374999999 0.32798983125 0.513260125 0.27369705624999996 0.506761684375 0.26889691875 0.5468608203125 0.3231898453125 0.5533594374999999
2 0.3150619359375 0.5620946625000001 0.3479436265625 0.57073889375 0.3637825765625 0.510494103125 0.33090120624999997 0.5018499140625 0.3150619359375 0.5620946625000001
