8 0.6347108578125 0.6976837328125 0.6589025609375 0.696480878125 0.6537020203125 0.5919066578125001 0.629510815625 0.5931095 0.6347108578125 0.6976837328125
8 0.7234944140625 0.6197539125 0.7550760453125 0.623522709375 0.7603021828125 0.5797328921875 0.728720803125 0.5759641109375 0.7234944140625 0.6197539125
8 0.705325325 0.6358095265625 0.7298227421875 0.633373371875 0.7256705718750001 0.5916258703125 0.7011733453125 0.5940620156249999 0.705325325 0.6358095265625
8 0.69595489375 0.6863423875 0.7231109 0.6787173937500001 0.6999607734375 0.5962809796874999 0.6728052015625 0.603905909375 0.69595489375 0.6863423875
8 0.66726658125 0.6850707015624999 0.689808825 0.6809247187499999 0.6727948171875 0.58843020625 0.65025298125 0.59257615 0.66726658125 0.6850707015624999
8 0.34073087812499997 0.45955526718749995 0.320105928125 0.465708684375 0.3336158171875 0.510987765625 0.354240759375 0.5048343703125 0.34073087812499997 0.45955526718749995
8 0.421875 0.612049146875 0.390625 0.612049146875 0.390625 0.7396957609375 0.421875 0.7396957609375 0.421875 0.612049146875
8 0.24958537343749998 0.6228097874999999 0.2812719140625 0.603903146875 0.257665140625 0.5643439484375 0.22597880468749998 0.5832505109375 0.24958537343749998 0.6228097874999999
5 0.3830641375 0.667706740625 0.3603725375 0.66166705625 0.3417762234375 0.7315247890625 0.36446780625 0.7375644265625 0.3830641375 0.667706740625
8 0.24032939843749998 0.6432167140625 0.2623542703125 0.654556065625 0.30083346875 0.57982489375 0.278808884375 0.56848563125 0.24032939843749998 0.6432167140625
8 0.33789743125 0.5062626453125 0.3601434328125 0.5130790843749999 0.37262911249999997 0.4723338765625 0.3503832421875 0.465517459375 0.33789743125 0.5062626453125
8 0.318092834375 0.504979659375 0.3509827953125 0.5087670156249999 0.3601863265625 0.4288463171875 0.32729674375 0.42505898281250004 0.318092834375 0.504979659375
8 0.7000981187499999 0.46712482499999997 0.67973520625 0.47806020625 0.700469646875 0.5166672390625 0.7208325343750001 0.5057318937499999 0.7000981187499999 0.46712482499999997
8 0.6858742624999999 0.5336382375000001 0.7161119328125001 0.53835706875 0.7327392125000001 0.4318182359375 0.702502021875 0.42709944218749996 0.6858742624999999 0.5336382375000001
5 0.706191034375 0.4231346328125 0.7077944265625 0.43726872187500004 0.727063609375 0.4350829015625 0.7254602015625 0.42094883125000004 0.706191034375 0.4231346328125
8 0.8027081968750001 0.6255660265625 0.8283881109375001 0.605135709375 0.78440709375 0.5498597578125 0.7587273875 0.5702899453125 0.8027081968750001 0.6255660265625
8 0.7706494968750001 0.65786791875 0.796940159375 0.6493864734375 0.7703960921874999 0.5671156890625 0.7441058203125 0.575597065625 0.7706494968750001 0.65786791875
5 0.687897821875 0.665864565625 0.6714616828125 0.6744454281250001 0.6845405078125 0.6994935812499999 0.7009766296875 0.6909127421875 0.687897821875 0.665864565625
5 0.7041875578125001 0.6958142421875 0.7296272671875 0.68356465625 0.7159061984374999 0.6550731890625 0.69046663125 0.6673227359375 0.7041875578125001 0.6958142421875
5 0.6588848703125 0.658986284375 0.6345730109375001 0.664504796875 0.6441132374999999 0.70652843125 0.6684250890625 0.7010099421875 0.6588848703125 0.658986284375
5 0.3489549515625 0.6797162203125 0.32684221875 0.67256195 0.31182540937500003 0.7189697796875001 0.33393812500000003 0.7261240140624999 0.3489549515625 0.6797162203125
5 0.6161478109375 0.39522466093749997 0.593136409375 0.3917685390625 0.5854897296875 0.442678709375 0.608501128125 0.44613482031249996 0.6161478109375 0.39522466093749997
