4 0.3163265484375 0.6118981984375 0.298799578125 0.6088849703125 0.285684759375 0.6851601015625 0.30321172343749997 0.6881733078125001 0.3163265484375 0.6118981984375
4 0.311166303125 0.7126831796875 0.3307103078125 0.71583484375 0.345215159375 0.6258997374999999 0.3256715109375 0.6227481046875 0.311166303125 0.7126831796875
4 0.3753018859375 0.6313231265625 0.35971990468750004 0.6295457437499999 0.3496727125 0.717615825 0.365254690625 0.719393190625 0.3753018859375 0.6313231265625
4 0.7274525515625 0.730786896875 0.744098396875 0.7292035546875 0.736085521875 0.644977175 0.719439965625 0.646560503125 0.7274525515625 0.730786896875
4 0.75093085625 0.7170191171875 0.7671405359375 0.7142557828125 0.7535263359375 0.634407109375 0.7373169203125001 0.6371704203124999 0.75093085625 0.7170191171875
4 0.36311576875 0.5220263859375 0.3812607953125 0.5232853609375 0.39003423593750003 0.3968446546875 0.3718895375 0.39558569062500004 0.36311576875 0.5220263859375
4 0.40352780624999995 0.533666440625 0.42471602500000005 0.537712240625 0.4557212796875 0.3753453203125 0.43453354843750003 0.37129956875 0.40352780624999995 0.533666440625
4 0.4656053 0.38769323437500003 0.4511004625 0.38769323437500003 0.4511004625 0.5347492875000001 0.4656053 0.5347492875000001 0.4656053 0.38769323437500003
1 0.700190271875 0.5925784140625 0.6571631 0.5971089484375 0.6617454265625 0.640623025 0.704772596875 0.636092509375 0.700190271875 0.5925784140625
1 0.65257945 0.5985863609375001 0.621567940625 0.6020558 0.626573403125 0.64679180625 0.6575849093749999 0.6433223828125 0.65257945 0.5985863609375001
6 0.6887486484374999 0.48751835468750004 0.7103634343749999 0.48751835468750004 0.7103633578124999 0.42486539375000004 0.68874875625 0.42486539375000004 0.6887486484374999 0.48751835468750004
1 0.7120245093750001 0.5763888921875 0.7506151515624999 0.5809941765625 0.757822403125 0.520604459375 0.719232153125 0.5159991984375 0.7120245093750001 0.5763888921875
1 0.651300703125 0.51171168125 0.6143159484375 0.49867126562499997 0.5941030921875 0.5559934484375 0.631087815625 0.5690337984375 0.651300703125 0.51171168125
5 0.4212525359375 0.40664327031249997 0.397242615625 0.40430738593750004 0.3884799625 0.49437102343749995 0.41248987968749995 0.49670689375 0.4212525359375 0.40664327031249997
