5 0.626971609375 0.4845814984375 0.57273235 0.488280228125 0.578338559375 0.5704845828125 0.632577815625 0.5667858781249999 0.626971609375 0.4845814984375
8 0.7591840796875 0.63747174375 0.7386960015625 0.6079293609375 0.661884884375 0.6611922390625 0.6823726578125 0.6907343499999999 0.7591840796875 0.63747174375
8 0.42950945 0.5739764546874999 0.458891528125 0.5646259875 0.4260272921875 0.46136602499999996 0.3966456859375 0.47071641093750005 0.42950945 0.5739764546874999
8 0.3050120015625 0.5507412453125 0.339141559375 0.6081328953125 0.4376094234375 0.54958114375 0.40347988749999997 0.49219004687499995 0.3050120015625 0.5507412453125
8 0.36516330625000004 0.6344644078125 0.3338590359375 0.6299559390625 0.3246582546875 0.6938325984375 0.35596251875 0.6983410390625 0.36516330625000004 0.6344644078125
8 0.36833329843749996 0.648077471875 0.37077868125 0.6787194796875 0.40465368125 0.676016353125 0.40220820156250003 0.64537445 0.36833329843749996 0.648077471875
1 0.4700128171875 0.539524765625 0.44216614062500004 0.542731278125 0.4484945359375 0.5976843671875 0.47634121093750004 0.5944778687500001 0.4700128171875 0.539524765625
1 0.7116610609375 0.567217546875 0.753235246875 0.562492434375 0.7459992359375 0.49883366249999994 0.7044254765625 0.5035587484375 0.7116610609375 0.567217546875
1 0.664461353125 0.52762293125 0.6297258593749999 0.5198505859375 0.6189371625 0.568062228125 0.653672646875 0.5758345406250001 0.664461353125 0.52762293125
5 0.6236962562499999 0.6453594484375 0.6366982125 0.700440528125 0.6740273453125 0.6916299828125 0.6610252421875 0.63654911875 0.6236962562499999 0.6453594484375
6 0.5173501578125 0.4475770921875 0.47844374375000004 0.4475770921875 0.47844374375000004 0.5004405281250001 0.5173501578125 0.5004405281250001 0.5173501578125 0.4475770921875
6 0.44637221250000003 0.4907488984375 0.46898005937500004 0.4907488984375 0.46897998437500005 0.43964757656250003 0.4463723 0.43964757656250003 0.44637221250000003 0.4907488984375
