4 0.3988114328125 0.38179109843750003 0.372296359375 0.377681571875 0.35655029531250004 0.479271375 0.3830653625 0.483380871875 0.3988114328125 0.38179109843750003
8 0.2777428375 0.6693045546875 0.3198142890625 0.682357928125 0.348043015625 0.5913862015625 0.3059723 0.5783329515625 0.2777428375 0.6693045546875
8 0.635376290625 0.6349974046875 0.6144976062499999 0.6376354078124999 0.6307634015625 0.76635394375 0.651642078125 0.763715975 0.635376290625 0.6349974046875
8 0.6187099703125 0.7702937890625 0.6407502015625 0.7695423359375 0.6361194625000001 0.633750375 0.614079859375 0.6345018171875 0.6187099703125 0.7702937890625
8 0.608029625 0.6440637265625 0.5864881953125 0.6492047796875 0.611975859375 0.755984703125 0.63351726875 0.7508437109375 0.608029625 0.6440637265625
5 0.60382793125 0.766964315625 0.6209764734375 0.7571590921875 0.6015203078125 0.7231377828125 0.5843718875 0.7329429625 0.60382793125 0.766964315625
8 0.441739359375 0.6424907515625 0.41998700624999996 0.6329065468749999 0.3807361828125 0.7219782546875 0.4024884796875 0.7315623625 0.441739359375 0.6424907515625
4 0.6678276984375 0.7648317171875 0.6957461171875 0.7624825734375 0.686902346875 0.657397984375 0.6589845640625 0.659747103125 0.6678276984375 0.7648317171875
8 0.5754286390625001 0.540714865625 0.5945975484375 0.5388085328125001 0.5876745718749999 0.4692016984375 0.5685058703125 0.47110802031250004 0.5754286390625001 0.540714865625
8 0.6764154875 0.426577715625 0.6561339796875 0.42408614218749996 0.6429645515625 0.5312786593750001 0.66324605625 0.5337702140625 0.6764154875 0.426577715625
