8 0.5396685580593612 0.4884017205783275 0.5195030479767411 0.4894792926402583 0.5135223549325474 0.3775619139012601 0.5336875608877563 0.3764843501013209
8 0.6955347542021855 0.37310312102180715 0.7668088673113971 0.37890261210021364 0.7574865303860179 0.49346535343039677 0.6862124214771939 0.4876659060944209
6 0.6226308213075527 0.6430981532236947 0.6489641239128332 0.6371347320688011 0.667028661190102 0.7168932338066103 0.6406953750895354 0.7228566042083707
8 0.5251658608292473 0.6254289554896897 0.54043623867517 0.6252602297740345 0.5416622755709568 0.736206660673372 0.5263918977558433 0.7363753844529219
8 0.40184501427745545 0.7162240755774956 0.3811792468584372 0.7108995472002128 0.40899572618195634 0.6029531354171506 0.4296610503068905 0.6082776035827836
8 0.25937197509574617 0.36199665720808333 0.2893616370192831 0.3590301576016497 0.3003003099131547 0.4696085590814755 0.2703106510878115 0.4725750376752267
8 0.48725390690447057 0.48646874598945095 0.4679180005841772 0.4880420822940901 0.4605429711298257 0.39740946381251635 0.47987863901232686 0.3958361373369379
8 0.48064745859562663 0.37601447094126017 0.5024368357601361 0.3742211133777115 0.5117909702340739 0.4878682375312193 0.49000159485422046 0.4896615816514959
6 0.4808790124477582 0.36647637216784784 0.5013712369850509 0.3653647358183029 0.5026288125000065 0.38854625624999695 0.482136588082426 0.3896578911161965
8 0.32792621060139027 0.5430863753524858 0.37318473970333343 0.5620894940462273 0.31419077532257234 0.7025753797811579 0.268932404035354 0.6835725370374369
8 0.6072934693797833 0.7079417544892285 0.5817133898560769 0.7113924382569364 0.5688069190889564 0.6157277236655607 0.5943865045511529 0.6122770738101337
8 0.6244588416949455 0.7106412788071135 0.6001626221111565 0.7120909329882545 0.5922509137291172 0.5795025220140877 0.6165464952516686 0.5780528870291274
6 0.6976975809968735 0.7056076808537003 0.6726437965938885 0.7146835330449663 0.6517957489007813 0.6571406463539051 0.6768492411782745 0.6480648527141758
