4 0.38525256093750004 0.3994137546875 0.35429286875 0.4010632015625 0.3578495765625 0.46781796093750005 0.38880926875 0.4661685203125 0.38525256093750004 0.3994137546875
4 0.535454696875 0.5455212265625 0.5640474375 0.5440246390625 0.5605732671875 0.477657784375 0.5319808218750001 0.4791543640625 0.535454696875 0.5455212265625
4 0.6929013281249999 0.631811934375 0.676710253125 0.6345366968749999 0.6878619578125 0.700793553125 0.7040530281249999 0.698068809375 0.6929013281249999 0.631811934375
4 0.7134082671875001 0.68982014375 0.7276510578125001 0.6871492921875 0.7152345812500001 0.6209455484374999 0.700991978125 0.62361638125 0.7134082671875001 0.68982014375
4 0.40330335625 0.7337103625 0.423767934375 0.73307250625 0.420219325 0.61924665625 0.39975523125 0.6198845046875 0.40330335625 0.7337103625
4 0.354286059375 0.6379602984375 0.33557545312500003 0.63693374375 0.33131006093750004 0.714666840625 0.350020665625 0.7156933875 0.354286059375 0.6379602984375
2 0.333813765625 0.642000396875 0.3613221796875 0.6424813515625 0.3624950796875 0.5753955703125 0.334987009375 0.57491461875 0.333813765625 0.642000396875
2 0.4353983875 0.6362188390625 0.4226481421875 0.57197769375 0.35296271875 0.5858069625 0.36571247812499996 0.65004768125 0.4353983875 0.6362188390625
2 0.7177690765625 0.564882065625 0.6928222921875 0.5661637546875 0.6962687937500001 0.6332392609374999 0.7212155765625 0.6319575796875 0.7177690765625 0.564882065625
2 0.6709571484375 0.6308766234375 0.696607659375 0.6249900859374999 0.683623028125 0.5684165734375 0.657972778125 0.5743030796874999 0.6709571484375 0.6308766234375
8 0.6595644984375 0.6044662421875 0.64158281875 0.60848961875 0.6601329625 0.6913854984375 0.6781146312499999 0.6873621562500001 0.6595644984375 0.6044662421875
2 0.41626453124999996 0.6321119093750001 0.44482371406250004 0.6420522156249999 0.46860672656249996 0.57372928125 0.440047890625 0.5637890421875 0.41626453124999996 0.6321119093750001
7 0.445337 0.6393179250000001 0.44164033593749996 0.6387665140625 0.43375394375000004 0.69162995625 0.43745060625 0.6921813640625001 0.445337 0.6393179250000001
5 0.7002673859375 0.477787240625 0.7150368031250001 0.5374449343750001 0.7988127875 0.51670575625 0.7840431125 0.4570484578125 0.7002673859375 0.477787240625
