8 0.7041670270236864 0.4593805927130038 0.6616140343749066 0.4744569187500187 0.6377079944578554 0.40698531771975366 0.6802606221067435 0.3919090622782305
6 0.7720701759792519 0.6387180832881197 0.7408308648267621 0.6492535374483205 0.7237677821590296 0.5986642883809153 0.7550068031249566 0.5881288875000159
8 0.7196157873352149 0.571654408160743 0.7353960015694838 0.6335274246740982 0.6901740002158476 0.6450593781462347 0.6743940968750621 0.5831866296875514
8 0.7571307517117702 0.6206181458163998 0.7323340331574855 0.6239060814220843 0.7223457631788506 0.548583885003759 0.7471421484375469 0.5452959718750001
8 0.3460144458593959 0.5921256672926112 0.4060127734373964 0.5914237281250005 0.4070290123925133 0.6782765419709056 0.34703068497663025 0.6789784752341187
8 0.5805919127550396 0.5047199499999999 0.5580591324836632 0.5047199499999998 0.5580593298501526 0.3838892390625 0.580591742611432 0.3838892390625
8 0.7066081131873716 0.6548383289710088 0.6844074469656789 0.6684988049051843 0.6404975681850829 0.5971459053174647 0.6626979638750754 0.5834855380977513
8 0.661319061993936 0.6972481648728027 0.6410459578222572 0.6998186314763276 0.6271593812499532 0.5903083703125058 0.6474320483068823 0.5877379318928153
6 0.6632221396444038 0.3992361197272472 0.6615064117255542 0.36749707317333824 0.692550525927345 0.3658189851117459 0.6942663080133116 0.3975579741762566
6 0.29956769184013865 0.6318198264661011 0.27239864754506016 0.6429360057185125 0.24923201325759692 0.5863206462994269 0.276400781250004 0.5752045312499819
6 0.3239854570724674 0.6754917330779648 0.30445165897208426 0.6829509906421838 0.29066612794542834 0.646855075303785 0.31019978906249435 0.6393958468749906
8 0.6305758383360853 0.3764039028535514 0.6619667247514371 0.3752686799751697 0.6649295323190927 0.4571912982950829 0.633538646212287 0.45832651523324314
6 0.7862299388337988 0.5485601813583079 0.8130193588913244 0.555410722382281 0.7929038541617501 0.6340653044937451 0.7661144526563248 0.6272148136612905
8 0.26136172829194493 0.4971243255850536 0.31097331858416055 0.5037697408121647 0.295042124366546 0.6226937059752783 0.2454305475791898 0.6160483590028044
8 0.3173870546506805 0.5292449687865691 0.3669643121621675 0.5448143182082695 0.32459305281645356 0.6797220925532068 0.2750158849030413 0.6641529444659666
8 0.5814755027799947 0.3393062579994365 0.6088226900661766 0.3390915451573348 0.6101601683736817 0.509432544291724 0.5828129811166036 0.5096472547373808
8 0.47036164842438666 0.3802489217765069 0.4893958574655244 0.3804447440885354 0.48783897620990047 0.5317670390172204 0.46880476718752107 0.5315712187500004
8 0.5187524817195026 0.522760635443328 0.48973912725944047 0.523744294703878 0.48518971208727635 0.3895585108277826 0.5142025181100962 0.3885748609579837
