8 0.763245178125 0.5753009828125 0.797642946875 0.5580436625 0.76804889375 0.4990615421875 0.7336514328125 0.516318771875 0.763245178125 0.5753009828125
4 0.588146734375 0.36627765156250003 0.572154546875 0.3666446765625 0.574407984375 0.4648274859375 0.5904001703125 0.46446046250000006 0.588146734375 0.36627765156250003
4 0.53251004375 0.48783395937499996 0.547100315625 0.487419384375 0.5443075625 0.3891425421875 0.529717484375 0.389557115625 0.53251004375 0.48783395937499996
8 0.77578860625 0.5996940375 0.791138246875 0.5730538953125001 0.74724638125 0.54776664375 0.731896740625 0.574406665625 0.77578860625 0.5996940375
1 0.7129732390625 0.4678457296875 0.7229453578125 0.46676899374999997 0.720912103125 0.4479394765625 0.7109400109374999 0.4490162125 0.7129732390625 0.4678457296875
1 0.74821435 0.4840880171875 0.7625125359375 0.4813551828125 0.7539726156250001 0.43667749375 0.73967451875 0.43941031875 0.74821435 0.4840880171875
1 0.33696486875 0.4243686609375 0.31824506874999997 0.42015351093750003 0.304751115625 0.48007758593750005 0.323470909375 0.48429271875 0.33696486875 0.4243686609375
1 0.40401644531249997 0.6195823421875 0.4299939640625 0.6224527421875 0.43511941875 0.576070934375 0.40914211875 0.573200546875 0.40401644531249997 0.6195823421875
6 0.3915719703125 0.7251985953125 0.4101186 0.7233023890625 0.40415695156250003 0.6650021078125 0.3856105515625 0.666898303125 0.3915719703125 0.7251985953125
6 0.72457171875 0.40981517500000003 0.7506160609375 0.409167634375 0.7492342609375 0.35359687812499996 0.7231900859375 0.3542444171875 0.72457171875 0.40981517500000003
6 0.3353220953125 0.343517015625 0.34683775156249996 0.34300800625 0.3458442671875 0.320532803125 0.3343286359375 0.32104181249999997 0.3353220953125 0.343517015625
6 0.347434234375 0.3403182421875 0.35535361875000004 0.33921133124999997 0.352706721875 0.32027480937499997 0.3447873515625 0.3213817203125 0.347434234375 0.3403182421875
6 0.3894759171875 0.68762285625 0.3841718703125 0.68137730625 0.361607965625 0.700536946875 0.366911990625 0.706782478125 0.3894759171875 0.68762285625
5 0.6384341640625 0.5802471312499999 0.6120790484375 0.5840429078125 0.6211956921875 0.6473351484375 0.647550803125 0.64353939375 0.6384341640625 0.5802471312499999
1 0.28617135625 0.4499788953125 0.310405490625 0.45214799687499996 0.3153061828125 0.3973975828125 0.29107222187500004 0.3952284890625 0.28617135625 0.4499788953125
