5 0.7805600187499999 0.699532075 0.79093773125 0.6053981265624999 0.661987865625 0.591183740625 0.6516091046875 0.6853164828125 0.7805600187499999 0.699532075
5 0.6827729609375 0.6126305859375 0.7148893921874999 0.6130063406249999 0.71653898125 0.471994965625 0.6844233187500001 0.4716192140625 0.6827729609375 0.6126305859375
8 0.6369155359375 0.509762290625 0.6555815218750001 0.528855815625 0.6826286796875001 0.502416315625 0.6639627453125 0.48332284531249997 0.6369155359375 0.509762290625
8 0.5904080921875 0.7138235515625 0.614437171875 0.7175057703125 0.6264082921874999 0.6393958468750001 0.6023796046875 0.6357136578125 0.5904080921875 0.7138235515625
7 0.607631065625 0.398993078125 0.6001201734375 0.398993078125 0.6001201734375 0.48709880468750005 0.607631065625 0.48709880468750005 0.607631065625 0.398993078125
1 0.7450803203125 0.5588420390625 0.7593511046875 0.5588420390625 0.7593510359375 0.49842668437500004 0.745080390625 0.49842668437500004 0.7450803203125 0.5588420390625
2 0.4850597125 0.555139721875 0.52142249375 0.5541681984375 0.519184153125 0.4704049046875 0.4828218390625 0.4713764203125 0.4850597125 0.555139721875
2 0.5211610828125 0.5496329640625001 0.55655718125 0.5500314671875 0.557590090625 0.45827134062499997 0.5221944859375001 0.457872840625 0.5211610828125 0.5496329640625001
2 0.5581287359375 0.562728734375 0.5910134296875 0.5610118078124999 0.5869312125 0.48283500312500005 0.554046928125 0.48455191875 0.5581287359375 0.562728734375
2 0.3877406109375 0.6343282609374999 0.4241682328125 0.6395033671875 0.43580957031249995 0.5575673609375 0.39938248125000003 0.5523922921875 0.3877406109375 0.6343282609374999
8 0.3591407546875 0.495585690625 0.3792510609375 0.500430475 0.3922401328125 0.4465172921875 0.372129978125 0.4416725265625 0.3591407546875 0.495585690625
2 0.26270352343750003 0.545871171875 0.21824693593750003 0.555097659375 0.23527346875 0.637129165625 0.279730034375 0.6279027484374999 0.26270352343750003 0.545871171875
2 0.2566770484375 0.656739928125 0.3086977125 0.6670862375 0.3217840109375 0.60129575625 0.2697639953125 0.5909495140625001 0.2566770484375 0.656739928125
2 0.30970299687499997 0.5996776859375 0.31739759375 0.6685476796875001 0.369600515625 0.6627156515625 0.361905615625 0.5938460046875 0.30970299687499997 0.5996776859375
1 0.44131795625 0.650743659375 0.4492915125 0.6501489625 0.4464949015625 0.6126577234374999 0.4385214015625 0.6132524171875 0.44131795625 0.650743659375
1 0.4689862625 0.6042209015625 0.460751575 0.6036868375 0.458518925 0.6381078625 0.46675361249999997 0.638641925 0.4689862625 0.6042209015625
1 0.4675100953125 0.6363218093749999 0.47236916874999996 0.6358385984375 0.469122659375 0.6031963375 0.464263615625 0.603679546875 0.4675100953125 0.6363218093749999
2 0.355952909375 0.6422054703125 0.39223874687500004 0.6443705484375 0.39652227500000004 0.5725854906250001 0.36023691874999997 0.570420428125 0.355952909375 0.6422054703125
