6 0.398294415625 0.489608615625 0.3856655265625 0.4892254484375 0.38459190312499997 0.5246085765624999 0.3972207921875 0.5249917421875 0.398294415625 0.489608615625
7 0.356640715625 0.513334775 0.3508712578125 0.5140736609375 0.359364940625 0.5803891171875 0.3651343984375 0.5796502343750001 0.356640715625 0.513334775
1 0.7097817609375 0.6246358640625 0.6834403625000001 0.614553275 0.6655390921875 0.6613157125 0.6918804640625 0.671398253125 0.7097817609375 0.6246358640625
1 0.6953979796875001 0.6640136125 0.70877285625 0.6637919359375 0.7079388859375 0.6134844078125 0.6945641390625 0.6137060828124999 0.6953979796875001 0.6640136125
8 0.38851176875000004 0.6125809046875 0.40565335156250004 0.611976521875 0.40174344531250006 0.501098209375 0.38460218125 0.5017025875 0.38851176875000004 0.6125809046875
1 0.4500703890625 0.6687273874999999 0.4588280328125 0.668631684375 0.45842431250000004 0.631695090625 0.44966673281249997 0.6317907921875 0.4500703890625 0.6687273874999999
1 0.4616402578125 0.6673335609375 0.46665789375 0.6671038734375 0.464906975 0.6288594953125 0.4598893765625 0.62908918125 0.4616402578125 0.6673335609375
7 0.5774320000000001 0.7698747640625 0.588240196875 0.7686953937500001 0.5784410765625 0.6789084640625 0.5676330953125001 0.680087821875 0.5774320000000001 0.7698747640625
7 0.611371475 0.7718257421875 0.618011146875 0.7711296875 0.6084601359375 0.6800380968749999 0.601820596875 0.68073414375 0.611371475 0.7718257421875
7 0.612543934375 0.769181746875 0.6187621046875 0.76876241875 0.6128942484375 0.681763753125 0.6066761953124999 0.6821830765625 0.612543934375 0.769181746875
2 0.6267902624999999 0.627726759375 0.5865635390625 0.6350233015625 0.5959949875 0.6870132546875001 0.6362217 0.67971675 0.6267902624999999 0.627726759375
2 0.5527344390625 0.6315694484375001 0.5527342921875 0.687328 0.5917969125 0.68732790625 0.5917968390625 0.6315695734375 0.5527344390625 0.6315694484375001
5 0.65945249375 0.5924284984375 0.629261571875 0.5924284984375 0.629261571875 0.6446536015625 0.65945249375 0.6446536015625 0.65945249375 0.5924284984375
5 0.719307421875 0.7325705828125 0.731544025 0.6774163093750001 0.6374555921875 0.6565443640625 0.6252185890625 0.7116980875000001 0.719307421875 0.7325705828125
5 0.4086564140625 0.6831319062500001 0.43337046093750003 0.6847006203125 0.4366655203125 0.63279395625 0.41195173125 0.6312252515625 0.4086564140625 0.6831319062500001
1 0.40184 0.6611071203125001 0.408704178125 0.66176871875 0.4113970453125 0.6338332859375 0.4045329046875 0.6331716890625 0.40184 0.6611071203125001
5 0.3723442234375 0.70787605625 0.39505670312499996 0.642825034375 0.28682429374999996 0.6050404546875 0.264111453125 0.670090740625 0.3723442234375 0.70787605625
5 0.29455038125 0.5668822125 0.2792933265625 0.6032953765625 0.34695708281250004 0.631642928125 0.36221385 0.595230009375 0.29455038125 0.5668822125
6 0.6151530484375 0.5261418609375 0.632292875 0.52400396875 0.6283013937499999 0.49200655 0.6111616515625 0.49414443593749996 0.6151530484375 0.5261418609375
1 0.6155252078125 0.5929492390625 0.6065486390625 0.5929492390625 0.6065486390625 0.629319540625 0.6155252078125 0.629319540625 0.6155252078125 0.5929492390625
6 0.5938299515625001 0.5364419203125 0.613034990625 0.53478330625 0.6087357328125 0.4850072015625 0.5895308421875 0.486665809375 0.5938299515625001 0.5364419203125
6 0.4024153140625 0.734872796875 0.38541102031249996 0.72926043125 0.3746520296875 0.7618524359375 0.3916563125 0.767464778125 0.4024153140625 0.734872796875
6 0.44873044375 0.7389487609375001 0.429893753125 0.73512019375 0.4220760765625 0.77357683125 0.4409127625 0.7774053828125 0.44873044375 0.7389487609375001
