8 0.39842491406249997 0.5264083265624999 0.42192444374999993 0.522026403125 0.4006639625 0.40801880468749996 0.3771648140625 0.4124006921875 0.39842491406249997 0.5264083265624999
8 0.624915075 0.5409104140625 0.65720305625 0.5418502234375 0.660330809375 0.4343943375 0.628043340625 0.43345453437500003 0.624915075 0.5409104140625
5 0.24667605468749998 0.6552364046875 0.2182046265625 0.66231458125 0.231222084375 0.7146689234375 0.2596934984375 0.7075907859375 0.24667605468749998 0.6552364046875
8 0.6776309281249999 0.4563300859375 0.6586071312499999 0.45474617031250003 0.65268733125 0.525841515625 0.6717111250000001 0.5274254234375 0.6776309281249999 0.4563300859375
8 0.6734813515625 0.5284650515625 0.692315840625 0.52621736875 0.6829854765625 0.4480400875 0.6641512109375001 0.45028775625 0.6734813515625 0.5284650515625
8 0.351217553125 0.5219387015625 0.366281184375 0.5198237781249999 0.3579222375 0.46029176875 0.34285873906250003 0.46240668281249997 0.351217553125 0.5219387015625
8 0.368905334375 0.5276358953125 0.3960743875 0.5212921984375 0.3737769359375 0.42580338281249996 0.346608253125 0.4321470359375 0.368905334375 0.5276358953125
8 0.3230931796875 0.7020435265625 0.347003303125 0.7048458328125 0.35664213125 0.6226138031249999 0.3327324 0.61981151875 0.3230931796875 0.7020435265625
8 0.34073358125 0.7057845984375 0.3680108234375 0.712904965625 0.38738621875 0.6386900109375 0.3601093859375 0.6315697 0.34073358125 0.7057845984375
8 0.7562215203125 0.600587371875 0.74219353125 0.6270923171875 0.8029267390625 0.659231778125 0.8169545234375001 0.6327270078125 0.7562215203125 0.600587371875
8 0.784641115625 0.564789175 0.7559367546875 0.5904796640625001 0.805784509375 0.646168953125 0.834488703125 0.6204786421875 0.784641115625 0.564789175
