5 0.6556095703125 0.6873542734375 0.7003318515625 0.67459218125 0.678905340625 0.5995179265624999 0.6341837015625 0.612279921875 0.6556095703125 0.6873542734375
8 0.7382780375 0.39592609843750004 0.703410440625 0.393258715625 0.6959297 0.4910401453125 0.7307972953124999 0.4937075109375 0.7382780375 0.39592609843750004
8 0.7338167484375 0.4963450734375 0.761272603125 0.4963450734375 0.76127244375 0.3862010828125 0.7338169999999999 0.3862010828125 0.7338167484375 0.4963450734375
7 0.38114198906249996 0.5727249078125001 0.331132275 0.556296709375 0.285776221875 0.6943506703125 0.3357858296875 0.7107786375 0.38114198906249996 0.5727249078125001
7 0.419871590625 0.5791261390625 0.3738700390625 0.571242334375 0.3502009390625 0.709333521875 0.39620246406250004 0.7172172171875 0.419871590625 0.5791261390625
7 0.622964696875 0.7311699546875 0.6489128015625 0.7285005890625 0.6327181953125 0.5711029937500001 0.6067708953125 0.5737723171875 0.622964696875 0.7311699546875
2 0.4178876921875 0.646358028125 0.43154000156250005 0.5767423484374999 0.328714528125 0.5565793078125 0.3150617203125 0.6261943203125 0.4178876921875 0.646358028125
6 0.4763664796875 0.6784893656250001 0.49779838125 0.7270819687500001 0.5554580796875 0.701654471875 0.534026084375 0.6530621921875001 0.4763664796875 0.6784893656250001
1 0.34610443750000003 0.48276245781249993 0.3908662609375 0.48184143749999997 0.3893885765625 0.41004252812499997 0.34462718593749997 0.41096354375 0.34610443750000003 0.48276245781249993
1 0.43851203437499997 0.626581240625 0.46352884375 0.6307276078124999 0.474290778125 0.5658025828125 0.449274259375 0.5616562390625 0.43851203437499997 0.626581240625
