8 0.3984375 0.6388205546875 0.376953125 0.6388205546875 0.376953125 0.7126540875 0.3984375 0.7126540875 0.3984375 0.6388205546875
8 0.62890625 0.6035088671875 0.603515625 0.6035088671875 0.603515625 0.7222845484375 0.62890625 0.7222845484375 0.62890625 0.6035088671875
1 0.353831775 0.6413233468749999 0.38048578125 0.6233376578125001 0.3548571375 0.5853616390624999 0.328203296875 0.60334725 0.353831775 0.6413233468749999
8 0.3048308140625 0.5831640078125 0.28041259687500003 0.573468703125 0.238305034375 0.679506975 0.2627231921875 0.6892021734375 0.3048308140625 0.5831640078125
8 0.2679485078125 0.6931427875 0.2925979875 0.70006374375 0.321458734375 0.597286765625 0.296809740625 0.5903658828125 0.2679485078125 0.6931427875
8 0.765316528125 0.5786069203124999 0.7493905625 0.5734776359375 0.73835125625 0.607750071875 0.7542772140625 0.6128793390625 0.765316528125 0.5786069203124999
5 0.601040375 0.5746358703125 0.548256496875 0.577280315625 0.5521544125 0.65507511875 0.6049382890625 0.65243069375 0.601040375 0.5746358703125
1 0.7559888515625001 0.49081163906249997 0.7419129140625 0.49026793281250003 0.7402696343749999 0.5328072500000001 0.754345571875 0.5333509546874999 0.7559888515625001 0.49081163906249997
5 0.7067593375000001 0.6325516343750001 0.7478442109375 0.632273921875 0.747335846875 0.5571152765625 0.7062515328125001 0.5573929875 0.7067593375000001 0.6325516343750001
6 0.3546979265625 0.7326073890625 0.35516442656249997 0.7132125515625 0.3320422703125 0.71265648125 0.331575721875 0.7320512703125 0.3546979265625 0.7326073890625
6 0.3296664859375 0.7246213109374999 0.32606578750000004 0.7116781734375001 0.3113137578125 0.7157814453125 0.3149144296875 0.7287245609374999 0.3296664859375 0.7246213109374999
6 0.21699572968749997 0.6576586890625 0.198986834375 0.6515811890625 0.187740465625 0.6849020078125 0.20574935 0.6909794859375 0.21699572968749997 0.6576586890625
6 0.44910416406250003 0.7676521765625 0.4695205546875 0.7678591734375 0.4701342984375 0.7073222703125001 0.4497181859375 0.707115275 0.44910416406250003 0.7676521765625
6 0.404801415625 0.6157402000000001 0.41122645156250004 0.652747690625 0.5233214625 0.6332881921875 0.516896115625 0.596281115625 0.404801415625 0.6157402000000001
1 0.3950665921875 0.516878421875 0.38598153125 0.51702198125 0.386435590625 0.5457542656250001 0.395520653125 0.5456107046875001 0.3950665921875 0.516878421875
