5 0.29428366562499997 0.42750720781249996 0.280161603125 0.4906871625 0.403960571875 0.51835611875 0.41808197031249994 0.45517674374999995 0.29428366562499997 0.42750720781249996
8 0.661614034375 0.47445691874999996 0.7041670265625 0.4593805921875 0.680260621875 0.3919090625 0.63770799375 0.4069853171875 0.661614034375 0.47445691874999996
1 0.7316434171874999 0.5443546593749999 0.7596781874999999 0.5574981859375 0.7854823375 0.50246305625 0.7574477984375 0.48931959375 0.7316434171874999 0.5443546593749999
6 0.7408308640625 0.6492535375 0.7720701765625 0.6387180828125001 0.755006803125 0.5881288875 0.7237677828125 0.5986642890625 0.7408308640625 0.6492535375
8 0.7353960015625 0.633527425 0.7196157875 0.5716544078125 0.674394096875 0.5831866296875 0.6901740000000001 0.645059378125 0.7353960015625 0.633527425
8 0.7323340328125 0.62390608125 0.7571307515625 0.6206181453124999 0.7471421484375 0.545295971875 0.7223457625 0.5485838843749999 0.7323340328125 0.62390608125
1 0.42196609374999994 0.568505590625 0.4099450796875 0.5667124265625 0.40404660937500003 0.60625050625 0.4160676234375 0.6080436640625 0.42196609374999994 0.568505590625
8 0.40601277343750003 0.591423728125 0.3460144453125 0.5921256671874999 0.347030684375 0.678978475 0.40702901249999995 0.6782765421875 0.40601277343750003 0.591423728125
8 0.5580591328125 0.5047199499999999 0.5805919125 0.5047199499999999 0.5805917421875 0.3838892390625 0.5580593296874999 0.3838892390625 0.5580591328125 0.5047199499999999
1 0.7367887843750001 0.4375910515625 0.7018563296875 0.447400053125 0.7203110109375 0.5131176 0.755243446875 0.5033086453125 0.7367887843750001 0.4375910515625
8 0.684407446875 0.6684988046875 0.7066081125 0.6548383296875 0.6626979640624999 0.5834855375 0.6404975687500001 0.5971459046875001 0.684407446875 0.6684988046875
8 0.6410459578125 0.69981863125 0.6613190624999999 0.697248165625 0.6474320484375 0.58773793125 0.62715938125 0.5903083703124999 0.6410459578125 0.69981863125
1 0.47166606875 0.5780480140625001 0.4444941015625 0.567625490625 0.42320554218749995 0.623119778125 0.45037747812499995 0.63354224375 0.47166606875 0.5780480140625001
6 0.6615064125 0.3674970734375 0.6632221390625 0.3992361203125 0.6942663078125 0.3975579734375 0.6925505265624999 0.365818984375 0.6615064125 0.3674970734375
6 0.27239864687500004 0.64293600625 0.2995676921875 0.6318198265625 0.27640078125 0.57520453125 0.2492320125 0.586320646875 0.27239864687500004 0.64293600625
6 0.304451659375 0.682950990625 0.3239854578125 0.6754917328125 0.3101997890625 0.6393958468750001 0.290666128125 0.6468550750000001 0.304451659375 0.682950990625
8 0.661966725 0.3752686796875 0.6305758390625 0.376403903125 0.633538646875 0.45832651562500004 0.6649295328125 0.45719129843750006 0.661966725 0.3752686796875
6 0.813019359375 0.555410721875 0.7862299390625 0.54856018125 0.7661144531249999 0.6272148140625 0.7929038546875 0.6340653046875 0.813019359375 0.555410721875
8 0.31097331875 0.503769740625 0.26136172812499997 0.497124325 0.245430546875 0.616048359375 0.29504212500000004 0.62269370625 0.31097331875 0.503769740625
8 0.3669643125 0.5448143187500001 0.3173870546875 0.52924496875 0.275015884375 0.66415294375 0.324593053125 0.6797220921875 0.3669643125 0.5448143187500001
1 0.4204729828125 0.4565436296875 0.407920846875 0.45761360156249997 0.41272343281249996 0.513950075 0.4252755671875 0.51288010625 0.4204729828125 0.4565436296875
8 0.608822690625 0.33909154531249996 0.581475503125 0.3393062578125 0.58281298125 0.5096472546874999 0.61016016875 0.50943254375 0.608822690625 0.33909154531249996
1 0.6166366703125 0.6186970046875 0.6212758875 0.6182085125000001 0.6160182265625 0.5682819390625 0.61137905 0.568770428125 0.6166366703125 0.6186970046875
8 0.4893958578125 0.38044474375 0.4703616484375 0.380248921875 0.4688047671875 0.53157121875 0.4878389765625 0.5317670390625 0.4893958578125 0.38044474375
8 0.4897391265625 0.5237442953125 0.5187524812500001 0.5227606359375 0.51420251875 0.38857486093750004 0.4851897125 0.3895585109375 0.4897391265625 0.5237442953125
1 0.5201878265625 0.5455912203125 0.5345250609375001 0.5506607921875 0.5562224703124999 0.489303403125 0.54188536875 0.48423385625000004 0.5201878265625 0.5455912203125
1 0.611148675 0.53772431875 0.6282860593749999 0.538913365625 0.6326673671874999 0.47577092499999996 0.6155301468750001 0.47458188437500004 0.611148675 0.53772431875
