8 0.37178686562499996 0.42005169843749995 0.3373107015625 0.4226231703125 0.3460942921875 0.5403783796875 0.3805704546875 0.5378069296875 0.37178686562499996 0.42005169843749995
8 0.3440164515625 0.460899540625 0.32405023437499997 0.4616003484375 0.32669424375 0.536923425 0.3466604609375 0.5362226203125 0.3440164515625 0.460899540625
8 0.30138600625 0.5449812203125 0.3317599390625 0.5407987390625 0.313848209375 0.410731890625 0.28347485156249996 0.41491433125 0.30138600625 0.5449812203125
8 0.29884349375 0.46243182968749996 0.2763772859375 0.465254025 0.28621372031250003 0.543551540625 0.30867992499999997 0.5407293625 0.29884349375 0.46243182968749996
8 0.2645208171875 0.489270825 0.2863043515625 0.4791610515625 0.2691232078125 0.442143446875 0.24733978125 0.452253190625 0.2645208171875 0.489270825
8 0.2769360375 0.5975652390625 0.30573934999999997 0.5689209578125001 0.2578285796875 0.5207489062499999 0.2290254359375 0.5493930203125 0.2769360375 0.5975652390625
8 0.76953125 0.454945621875 0.74609375 0.454945621875 0.74609375 0.510586453125 0.76953125 0.510586453125 0.76953125 0.454945621875
1 0.7315700953125 0.48978379375000003 0.7023496046875 0.49038733125 0.7042833890625 0.5840045078125 0.7335038796875 0.583400975 0.7315700953125 0.48978379375000003
1 0.66636808125 0.502997009375 0.6519667703125 0.5044641171875 0.6595245890625 0.5786460890625 0.6739258984375 0.577178990625 0.66636808125 0.502997009375
2 0.619028253125 0.5780939187499999 0.6578564234375001 0.5765345 0.6553794078124999 0.5148687578125 0.6165516390625 0.5164281671875 0.619028253125 0.5780939187499999
2 0.625 0.5073134640625 0.591796875 0.5073134640625 0.591796875 0.5662272859375 0.625 0.5662272859375 0.625 0.5073134640625
2 0.5908953328125001 0.49003629843749996 0.5618680296874999 0.49272708906249996 0.569193634375 0.5717465484375001 0.598220934375 0.569055775 0.5908953328125001 0.49003629843749996
2 0.56640625 0.5073134640625 0.541015625 0.5073134640625 0.541015625 0.572773265625 0.56640625 0.572773265625 0.56640625 0.5073134640625
2 0.5106143734375 0.577266325 0.540811240625 0.577266325 0.54081104375 0.5091664796875001 0.510614521875 0.5091664796875001 0.5106143734375 0.577266325
2 0.50796145 0.5099805921875 0.47570242656249995 0.5115022437500001 0.47910193124999995 0.583565378125 0.5113609546875 0.5820437359375 0.50796145 0.5099805921875
6 0.5365727390624999 0.43710767187500005 0.5578553296875 0.44022265000000005 0.5654371703125001 0.38842317187500003 0.5441547156250001 0.385308203125 0.5365727390624999 0.43710767187500005
6 0.6307790890625 0.42349190312499996 0.6496963874999999 0.4266757265625 0.6539956625000001 0.4011318859375 0.6350784234375 0.39794806875 0.6307790890625 0.42349190312499996
5 0.42398589375 0.472144 0.3761459 0.464888421875 0.3639386265625 0.545371625 0.4117786109375 0.55262715625 0.42398589375 0.472144
5 0.3782319984375 0.6347107734375 0.3890871078125 0.5575712265625 0.2996668 0.544989225 0.2888111703125 0.6221281453125 0.3782319984375 0.6347107734375
5 0.757470771875 0.6420659171875001 0.7485559328125 0.578546296875 0.6011037796875 0.599237921875 0.610017625 0.6627566500000001 0.757470771875 0.6420659171875001
1 0.591425559375 0.5943484828125001 0.5826021390625 0.5981573890624999 0.6004333625 0.639459071875 0.6092567718749999 0.6356501812500001 0.591425559375 0.5943484828125001
1 0.39490480781250004 0.647548615625 0.40436777656249995 0.6500281875 0.41291850312499995 0.6173993703125 0.40345559218749993 0.61491980625 0.39490480781250004 0.647548615625
