4 0.6179934234375 0.3851582359375 0.631687246875 0.49410881093750003 0.6576585406250001 0.49084460781250006 0.64396455625 0.38189422500000003 0.6179934234375 0.3851582359375
4 0.7329577046875 0.4572727890625 0.711875084375 0.36921141875 0.6876965984375001 0.3749997171875 0.7087790578125001 0.46306095 0.7329577046875 0.4572727890625
4 0.7267101953124999 0.7047595265625 0.7588595734375 0.7009230328125 0.74608321875 0.59387566875 0.713934521875 0.597712121875 0.7267101953124999 0.7047595265625
4 0.3109114546875 0.7251697593750001 0.3315925421875 0.7304786484375 0.3571685765625 0.6308594937499999 0.3364879078125 0.6255506609375 0.3109114546875 0.7251697593750001
4 0.3058573328125 0.6086858796875 0.2853075765625 0.605452165625 0.2681062875 0.714749671875 0.288656034375 0.71798335 0.3058573328125 0.6086858796875
2 0.5222472765624999 0.5270825343750001 0.49490173125 0.525677140625 0.4913522140625 0.5947356734375 0.518697759375 0.5961410593750001 0.5222472765624999 0.5270825343750001
2 0.753151840625 0.5911566078125 0.73867623125 0.5441318468749999 0.6912691390625 0.5587237125 0.705744509375 0.6057482703125 0.753151840625 0.5911566078125
2 0.38679634687500003 0.592788446875 0.3430632578125 0.5774279296875 0.32801833125 0.6202578390625 0.3717513875 0.635618290625 0.38679634687500003 0.592788446875
2 0.28162346562499996 0.6176442093750001 0.326220421875 0.6149832125 0.32295272812500003 0.5602279984375 0.2783562125 0.5628889828125 0.28162346562499996 0.6176442093750001
2 0.38129981874999996 0.64041924375 0.4120005390625 0.6444899656249999 0.41878160312499996 0.593353225 0.388081175 0.589282521875 0.38129981874999996 0.64041924375
2 0.6324956171875 0.550074646875 0.66706936875 0.5463237578125 0.6609299828124999 0.4897402203125 0.6263565390625 0.4934910921875 0.6324956171875 0.550074646875
1 0.308111040625 0.487209490625 0.29644963281250003 0.48185695781250004 0.28020541250000003 0.5172451 0.2918668109375 0.52259761875 0.308111040625 0.487209490625
1 0.3174002921875 0.5210616703125 0.32790750156250004 0.521957325 0.3302743515625 0.49419303125 0.3197671875 0.493297378125 0.3174002921875 0.5210616703125
1 0.3917991796875 0.550109609375 0.40435908749999994 0.5510612765625 0.4081827734375 0.5006007203125 0.3956229671875 0.49964905625 0.3917991796875 0.550109609375
2 0.4425963109375 0.503804565625 0.4100946375 0.503804565625 0.4100946375 0.55426511875 0.4425963109375 0.55426511875 0.4425963109375 0.503804565625
7 0.3909906046875 0.6788870265625 0.3864352546875 0.676945634375 0.36890992031250003 0.7180616734374999 0.37346526406249997 0.72000305625 0.3909906046875 0.6788870265625
1 0.6836722 0.467452471875 0.6746485468750001 0.472008484375 0.691377484375 0.50513950625 0.7004011296875 0.5005835078125 0.6836722 0.467452471875
2 0.7018713015625 0.514914525 0.7393057234375 0.5157418218750001 0.7405391109374999 0.45993005781249996 0.7031049984375 0.45910276406249995 0.7018713015625 0.514914525
2 0.77712231875 0.5014012265625001 0.7825096703125001 0.469897025 0.7395723796875 0.462555065625 0.7341849484375 0.4940591671875 0.77712231875 0.5014012265625001
