4 0.26291786093749997 0.4525140453125 0.2459719953125 0.46367874843749995 0.3017588453125 0.548346034375 0.318704640625 0.53718141875 0.26291786093749997 0.4525140453125
4 0.430493809375 0.3592358265625 0.419633540625 0.3571358671875 0.39206850000000004 0.4996853359375 0.40292876250000004 0.5017852765625 0.430493809375 0.3592358265625
4 0.4261713625 0.5042069484375 0.437133884375 0.5047199515624999 0.442390634375 0.3923926203125 0.4314282796875 0.3918796203125 0.4261713625 0.5042069484375
4 0.48508976718749997 0.3695240359375 0.47055553437500003 0.3681976359375 0.45829667343749997 0.5025186749999999 0.47283090625 0.5038450640625001 0.48508976718749997 0.3695240359375
4 0.623968609375 0.3912502296875 0.61251314375 0.392070484375 0.6226527515625 0.5336689812500001 0.634108215625 0.5328487359375 0.623968609375 0.3912502296875
4 0.6144182859375 0.4063250328125 0.6046266171875 0.40528633437500006 0.5926092828125 0.5185651359375 0.60240095 0.5196038265625 0.6144182859375 0.4063250328125
4 0.5609660171875 0.48791452812499997 0.5796529968749999 0.4933920703125 0.617200234375 0.36530435156249996 0.598513553125 0.3598268546875 0.5609660171875 0.48791452812499997
4 0.5325039921875 0.49196209375000005 0.54829503125 0.495909378125 0.5769844421875 0.381144640625 0.56119364375 0.3771973875 0.5325039921875 0.49196209375000005
4 0.5152471078125 0.3851478921875 0.4987411421875 0.38368515 0.48745681249999995 0.511013215625 0.5039627765625 0.5124759453125 0.5152471078125 0.3851478921875
4 0.7208535609375 0.536126634375 0.737381703125 0.54625550625 0.79312218125 0.45530586875 0.7765942406249999 0.44517707968750003 0.7208535609375 0.536126634375
4 0.7157513859375 0.6652894484375 0.70189274375 0.6696035250000001 0.733438146875 0.7709252156249999 0.7472967671874999 0.7666111890625 0.7157513859375 0.6652894484375
4 0.7677947296875 0.768923490625 0.7820486828125001 0.763378609375 0.7427588187499999 0.6623948734375 0.72850516875 0.6679396890625 0.7677947296875 0.768923490625
4 0.48238696093750005 0.8193832593750001 0.4957312546875 0.8182703296874999 0.48595463437499997 0.70106985625 0.47261070156249996 0.702182771875 0.48238696093750005 0.8193832593750001
4 0.5431133421875 0.7018105609374999 0.526555503125 0.7013714921875 0.524132415625 0.79273405 0.5406902546875 0.7931731156249999 0.5431133421875 0.7018105609374999
4 0.5765538421875 0.7952645515625 0.5903562015625 0.794839515625 0.5872283484375 0.6932904375 0.5734263078125 0.69371546875 0.5765538421875 0.7952645515625
4 0.612852984375 0.6844439484375 0.6016223515625 0.6847073625 0.6046295578125 0.812898578125 0.6158601906250001 0.81263516875 0.612852984375 0.6844439484375
4 0.24945024531249999 0.705682259375 0.2606279109375 0.7136563875 0.3061157359375 0.6499031328125 0.294938196875 0.64192906875 0.24945024531249999 0.705682259375
4 0.26805577812500003 0.7313453671875 0.28541384999999997 0.74008810625 0.324214103125 0.6630644546875 0.30685629531249997 0.6543217953125 0.26805577812500003 0.7313453671875
