4 0.3192204875 0.7455499078125001 0.338086815625 0.7517410453125 0.3621577921875 0.6784004796875001 0.34329175625 0.67220939375 0.3192204875 0.7455499078125001
4 0.41252323906250005 0.6589702296875 0.3949815125 0.6554814875 0.3769285046875 0.7462405015625 0.39447022187499997 0.749729209375 0.41252323906250005 0.6589702296875
4 0.4714104203125 0.7683310109375 0.4879829296875 0.6958187703125 0.47594745937500005 0.6930685734375001 0.4593748796875 0.765580715625 0.4714104203125 0.7683310109375
4 0.517686165625 0.6985782656249999 0.4967359421875 0.6976523593749999 0.4934535734375 0.7719097078125 0.514403796875 0.7728356062499999 0.517686165625 0.6985782656249999
4 0.548883534375 0.711757346875 0.53338939375 0.71415399375 0.552536434375 0.8379162812500001 0.568030565625 0.8355196687499999 0.548883534375 0.711757346875
4 0.57064781875 0.758228059375 0.5875489328125 0.76090861875 0.5990373250000001 0.6884847875 0.5821364796874999 0.6858042515625 0.57064781875 0.758228059375
4 0.700634371875 0.768867571875 0.713289696875 0.76254786875 0.6685147078125 0.6728999124999999 0.6558596156250001 0.6792195453125001 0.700634371875 0.768867571875
4 0.41691828124999997 0.5187648171875 0.43710577031250003 0.523468459375 0.46050309375 0.42305654531250003 0.4403158921875 0.4183529375 0.41691828124999997 0.5187648171875
4 0.4480542328125 0.5312747078125 0.4666045484375 0.534354775 0.48544395468749996 0.42089825468750003 0.4668939484375 0.4178182140625 0.4480542328125 0.5312747078125
4 0.53068865625 0.457518296875 0.5120439578125 0.45359176406249996 0.4954682265625 0.5322940984375 0.51411291875 0.5362206078125 0.53068865625 0.457518296875
4 0.5587782421874999 0.508768065625 0.571006740625 0.509062884375 0.5723859453125 0.4518583140625 0.56015755 0.45156349687499997 0.5587782421874999 0.508768065625
4 0.5780412046875 0.5254357546875 0.6019018125 0.5281263265625 0.6128201703125 0.4313056484375 0.588959903125 0.42861509687500005 0.5780412046875 0.5254357546875
4 0.642060825 0.439950559375 0.6241305046875001 0.43946106562500004 0.621693890625 0.5287088953125 0.6396242109375 0.5291983859375 0.642060825 0.439950559375
2 0.682438859375 0.5999357765625 0.6831250203125 0.5019880078125001 0.37349568906249997 0.499816165625 0.3728069875 0.5977613984375 0.682438859375 0.5999357765625
2 0.3933961390625 0.60102915625 0.35357019375 0.5944944109375 0.3393732390625 0.6810072093749999 0.3791991703125 0.6875418984375 0.3933961390625 0.60102915625
2 0.484552434375 0.703984421875 0.5030390406249999 0.6548476421875 0.403486103125 0.6173978984375 0.384999271875 0.66653415 0.484552434375 0.703984421875
5 0.408846721875 0.7423870171875 0.4575617375 0.7498397328124999 0.46586796250000007 0.6955525875 0.41715352499999997 0.688099915625 0.408846721875 0.7423870171875
5 0.618599459375 0.7597977359375 0.670934421875 0.74044653125 0.642368890625 0.6632048390625 0.590034771875 0.682555871875 0.618599459375 0.7597977359375
5 0.711894478125 0.6223769140625001 0.669645234375 0.638906884375 0.6994153859375001 0.714986653125 0.74166455625 0.698456821875 0.711894478125 0.6223769140625001
5 0.426877703125 0.5054569250000001 0.42323867187499997 0.456387325 0.3601887625 0.46106278593749994 0.36382755 0.5101321578125 0.426877703125 0.5054569250000001
