8 0.7509189546874999 0.6058809609375 0.7168610125 0.6325524375 0.748209259375 0.6725772578125 0.782267084375 0.6459059140625001 0.7509189546874999 0.6058809609375
5 0.5401683515625 0.43727995625 0.5214714734375 0.43499145625 0.5152910937499999 0.4854815390625 0.5339879703125 0.48777003125 0.5401683515625 0.43727995625
5 0.45064143124999995 0.4661555078125 0.4712557609375 0.46088379843749994 0.46430276875 0.43369684218750004 0.443688515625 0.4389685421875 0.45064143124999995 0.4661555078125
5 0.5454205578125 0.46735689531249996 0.5647241843749999 0.467799915625 0.5655068671875 0.43369684218750004 0.54620333125 0.433253821875 0.5454205578125 0.46735689531249996
8 0.42409418125 0.4436070640625 0.4024987390625 0.44534839843749996 0.4102602125 0.5415967937499999 0.43185565312499996 0.5398554718749999 0.42409418125 0.4436070640625
8 0.6180402921875 0.534677003125 0.648511753125 0.531195303125 0.6412168015625 0.46735689531249996 0.6107456359375 0.47083857812499996 0.6180402921875 0.534677003125
8 0.611405278125 0.51364710625 0.5994990671875 0.507490028125 0.587388275 0.530907275 0.599294478125 0.537064340625 0.611405278125 0.51364710625
5 0.635393959375 0.7590435796875 0.661033734375 0.7408514187499999 0.6256572031250001 0.6910006296875 0.6000176749999999 0.7091926640625 0.635393959375 0.7590435796875
5 0.4987715640625 0.4352913734375 0.47510865312500006 0.433449678125 0.4708783 0.4877996859375 0.494541209375 0.48964137343749997 0.4987715640625 0.4352913734375
5 0.61061825625 0.7749058171875001 0.5700766078124999 0.77407174375 0.5691724140625001 0.8180132921875 0.6097140624999999 0.8188473609375 0.61061825625 0.7749058171875001
