4 0.3194396359375 0.6551606796875 0.302401334375 0.6504165562499999 0.28605138750000003 0.7091285328125 0.303089678125 0.713872625 0.3194396359375 0.6551606796875
4 0.382343590625 0.68680505 0.3622793421875 0.6833847109375 0.34779415468749997 0.768343815625 0.3678583953125 0.771764121875 0.382343590625 0.68680505
4 0.3256204546875 0.5233110796875 0.3491625890625 0.52448170625 0.3529304640625 0.44871046249999996 0.32938859374999996 0.4475398421875 0.3256204546875 0.5233110796875
4 0.5368621671875 0.434458196875 0.522034853125 0.43593276718749996 0.53111751875 0.5272559343750001 0.54594483125 0.5257813734375001 0.5368621671875 0.434458196875
4 0.6955214546875 0.6602076625 0.6793800734375 0.6650230390625 0.6999064984375 0.7338186015625 0.7160478640625 0.7290032625 0.6955214546875 0.6602076625
4 0.70522070625 0.4852024765625 0.7269117140625 0.488900490625 0.7369484 0.4300328859375 0.71525756875 0.42633488750000004 0.70522070625 0.4852024765625
4 0.4792744421875 0.5321675531250001 0.495352928125 0.5313680609375 0.490547121875 0.43472869062499997 0.474468865625 0.43552817812500005 0.4792744421875 0.5321675531250001
4 0.404296865625 0.5564083156249999 0.42773455625 0.5564083156249999 0.4277343671875 0.4287617015625 0.4042971125 0.4287617015625 0.404296865625 0.5564083156249999
4 0.36966176875 0.5519310921875 0.39209927499999997 0.5538437015625 0.39910882187499996 0.47161753125 0.3766716046875 0.469704934375 0.36966176875 0.5519310921875
4 0.645196475 0.790229984375 0.648277059375 0.7019977703125 0.6313798296875001 0.7014079671875 0.62829908125 0.7896400125 0.645196475 0.790229984375
4 0.59277995625 0.80598798125 0.6139376703125 0.8034377609375 0.600354375 0.6907667625 0.5791971874999999 0.6933169515625 0.59277995625 0.80598798125
4 0.5735879296874999 0.6854378 0.5467747140625 0.68758039375 0.555994459375 0.8029410390624999 0.582807671875 0.8007984734375 0.5735879296874999 0.6854378
4 0.42536412187500006 0.66826953125 0.39800630312499996 0.6666619781249999 0.391563334375 0.7762935875 0.4189211515625 0.7779011203125 0.42536412187500006 0.66826953125
4 0.6128603218750001 0.421289615625 0.5948840265625 0.42860308125 0.6320233578125001 0.519884584375 0.649999625 0.5125711703125 0.6128603218750001 0.421289615625
4 0.6403666078125 0.471301775 0.6207636812499999 0.47703946718749995 0.639249790625 0.540192740625 0.6588527046875 0.5344550781249999 0.6403666078125 0.471301775
