5 0.3824616625 0.356494625 0.30241919687499996 0.36146188125 0.3075820953125 0.4446530453125 0.387624559375 0.43968581406249996 0.3824616625 0.356494625
5 0.5091763421875 0.3487249703125 0.5122528703125 0.4478705140625 0.5537246171875 0.4465835203125 0.5506478484375 0.3474382265625 0.5091763421875 0.3487249703125
5 0.7309244515625 0.36603484062499997 0.6742997546875 0.3564946046875 0.6553069703125 0.4692179578125 0.71193165 0.478758125 0.7309244515625 0.36603484062499997
4 0.40555589375 0.4722112296875 0.43038836406250003 0.4658034546875 0.380925671875 0.2741276359375 0.3560937359375 0.2805353390625 0.40555589375 0.4722112296875
4 0.42839255156249995 0.24884089999999998 0.40814373593750003 0.25133800625 0.4327330640625 0.45072416875 0.452981875 0.44822708906250003 0.42839255156249995 0.24884089999999998
4 0.46813450312500005 0.45506984843750004 0.48539537031249996 0.453689453125 0.47154911874999994 0.28056255625 0.45428858906249997 0.2819429375 0.46813450312500005 0.45506984843750004
4 0.49038556718750004 0.451808734375 0.5069052984375 0.451136625 0.4999649453125 0.28056255625 0.48344552968750004 0.2812346609375 0.49038556718750004 0.451808734375
4 0.5540193859375 0.4649339375 0.573105628125 0.4666757921875 0.5899155875 0.28248903593749997 0.5708297421874999 0.28074720000000003 0.5540193859375 0.4649339375
4 0.6295465124999999 0.2729468828125 0.6154321296874999 0.2702615234375 0.57817114375 0.466099809375 0.59228551875 0.4687851375 0.6295465124999999 0.2729468828125
4 0.5999966921875 0.49143637656249994 0.6183161140625 0.49421404999999996 0.6497200375000001 0.2871072671875 0.6314010624999999 0.28432962968750003 0.5999966921875 0.49143637656249994
4 0.668864621875 0.283448328125 0.65049186875 0.2818495265625 0.631665984375 0.4981794578125 0.6500387375 0.49977823906249996 0.668864621875 0.283448328125
4 0.29735485625 0.480403625 0.3135482859375 0.47114904687500003 0.229630596875 0.32432002031249996 0.21343743437499998 0.3335745015625 0.29735485625 0.480403625
4 0.798295621875 0.3498683546875 0.7818188265625 0.3423376171875 0.7092271640625001 0.5011555109375 0.7257039062499999 0.5086861609375 0.798295621875 0.3498683546875
