4 0.3145083203125 0.28961251718750003 0.2939146828125 0.2959322890625 0.3443739484375 0.46035254375 0.3649675578125 0.45403283437499997 0.3145083203125 0.28961251718750003
4 0.437786890625 0.43046115 0.4531129296875 0.4319006953125 0.46827636406249995 0.27046996874999996 0.45295059687499994 0.2690304359375 0.437786890625 0.43046115
4 0.4855174640625 0.437981003125 0.499943190625 0.43904749374999996 0.5122599453125 0.2724525953125 0.4978344859375 0.2713861140625 0.4855174640625 0.437981003125
4 0.563596575 0.2581291328125 0.5487307625 0.2594877109375 0.5639924 0.42647797968749995 0.578858209375 0.4251194140625 0.563596575 0.2581291328125
4 0.6156474453125 0.273287328125 0.60145675 0.2740472578125 0.6107289453125 0.44718738125 0.624919640625 0.446427459375 0.6156474453125 0.273287328125
4 0.7022293953125 0.47702167187500005 0.7182443125 0.478813484375 0.73882271875 0.29489557187500004 0.7228081515625 0.2931037796875 0.7022293953125 0.47702167187500005
2 0.44400918906250003 0.520873484375 0.3551920140625 0.5269883734375 0.36082125625 0.6087439781249999 0.4496384265625 0.60262913125 0.44400918906250003 0.520873484375
5 0.357772990625 0.370249171875 0.36124853749999997 0.42988030312500003 0.4330965375 0.4256926390625 0.42962074531249994 0.36606176874999996 0.357772990625 0.370249171875
5 0.6337458203125 0.365320984375 0.6345552203125 0.4208879859375 0.7051011640625 0.41986018906250006 0.704291534375 0.36429342187499997 0.6337458203125 0.365320984375
5 0.508773425 0.41692286406249995 0.5520604375 0.41590992499999996 0.55087563125 0.365286046875 0.507588878125 0.3662989828125 0.508773425 0.41692286406249995
5 0.48097964062500004 0.4178951796875 0.480979584375 0.3702491421875 0.46735577812500007 0.370249171875 0.4673557953125 0.41789517031249995 0.48097964062500004 0.4178951796875
5 0.60059536875 0.356435934375 0.57812324375 0.3573450453125 0.5805293734375 0.4168190359375 0.6030014984375 0.41590992812499994 0.60059536875 0.356435934375
4 0.6026499515625 0.62028101875 0.5840466015625 0.6193980781249999 0.5796434875 0.7121585078125 0.5982468375 0.7130414390625 0.6026499515625 0.62028101875
4 0.63838851875 0.6954309828125 0.6560138515625 0.692980540625 0.641503559375 0.5886267000000001 0.623878584375 0.5910771171875 0.63838851875 0.6954309828125
4 0.655886190625 0.6815470078125 0.678228709375 0.68292609375 0.6853366734375 0.5677815734375 0.6629946453125 0.566402503125 0.655886190625 0.6815470078125
4 0.3365906359375 0.6698033015625 0.35303427656249997 0.6739924609375 0.37599337187500004 0.5838821953125 0.35955000937500003 0.5796930734375 0.3365906359375 0.6698033015625
4 0.3693824015625 0.6822690109375 0.38975931875000003 0.6859039625000001 0.40717415625 0.5882911156249999 0.386797621875 0.5846561984374999 0.3693824015625 0.6822690109375
4 0.41288237031249997 0.686841584375 0.4341846453125 0.68695819375 0.43477711250000006 0.5787004484375 0.41347527812499996 0.5785838390625 0.41288237031249997 0.686841584375
2 0.708414021875 0.595966459375 0.69075578125 0.51787725 0.54397858125 0.5510642921875 0.5616356453125 0.6291524828124999 0.708414021875 0.595966459375
5 0.753455703125 0.564803696875 0.6987996921875 0.5680648671874999 0.7031068359375 0.6402432078125 0.7577628437499999 0.6369820578125001 0.753455703125 0.564803696875
