2 0.703800703125 0.4560811453125 0.693405640625 0.40025809375000004 0.5994896734374999 0.41774558749999996 0.6098843328125 0.47356828125000006 0.703800703125 0.4560811453125
2 0.677521553125 0.5003327171875 0.6499657609375 0.5191237875 0.67297576875 0.5528634671875 0.700531509375 0.5340724578125 0.677521553125 0.5003327171875
7 0.6803817078125001 0.6762926078125 0.7133951703125 0.6701569859375 0.68195793125 0.5010258953125 0.6489454296875 0.5071614265625 0.6803817078125001 0.6762926078125
2 0.39622686875 0.6235663453125 0.4244020046875 0.547908378125 0.236593059375 0.47797356874999997 0.2084173578125 0.5536302859375 0.39622686875 0.6235663453125
2 0.41754133125 0.49438169375 0.41356365312500004 0.4397966234375 0.33970728906250003 0.4451782140625 0.343684659375 0.49976299375 0.41754133125 0.49438169375
7 0.2843527828125 0.4903270828125 0.2352781859375 0.48017611406249994 0.19967438125 0.6522856421875 0.24874893281250002 0.6624364546875 0.2843527828125 0.4903270828125
5 0.8136172453125001 0.3259911890625 0.7597266031250001 0.3259911890625 0.7597266031250001 0.392070484375 0.8136172453125001 0.392070484375 0.8136172453125001 0.3259911890625
7 0.3750559515625 0.5117926140625 0.406151684375 0.5088105484375001 0.38836494843749997 0.32335139062499996 0.35726993125 0.326333421875 0.3750559515625 0.5117926140625
7 0.34305993749999997 0.50220264375 0.3789855140625 0.4958620640625 0.350946371875 0.3370044046875 0.3150215375 0.343344915625 0.34305993749999997 0.50220264375
7 0.593069528125 0.468776459375 0.624881334375 0.4721262984375 0.6453862 0.27740791875 0.6135751109375 0.2740581171875 0.593069528125 0.468776459375
5 0.26363213281250003 0.436752675 0.2861650671875 0.436752675 0.28616493906249996 0.33480176250000004 0.2636322734375 0.33480176250000004 0.26363213281250003 0.436752675
1 0.69007508125 0.55434661875 0.742633753125 0.5514955765625 0.7383029328124999 0.471669978125 0.6857449140625 0.4745210015625 0.69007508125 0.55434661875
5 0.6087937234374999 0.32771659999999997 0.5790896125 0.3259911859375 0.5708276999999999 0.4682190046875 0.600531809375 0.46994440312499997 0.6087937234374999 0.32771659999999997
5 0.636923790625 0.31340451406250003 0.6369235390625 0.40151039375 0.6684692796875 0.40151038437500003 0.6684693796875 0.3134046578125 0.636923790625 0.31340451406250003
