9 0.2594161015625 0.593599953125 0.1840814234375 0.5907905999999999 0.1799422296875 0.7017722546875 0.2552769046875 0.704581578125 0.2594161015625 0.593599953125
7 0.5482243625 0.709253871875 0.5553701249999999 0.708267825 0.5431584671875 0.6197840421875 0.53601283125 0.62077008125 0.5482243625 0.709253871875
4 0.618114871875 0.7640015390625 0.637507703125 0.7646821687500001 0.6407911046875 0.6711401718750001 0.621398665625 0.6704595484375 0.618114871875 0.7640015390625
4 0.6738279406250001 0.7527877203125 0.69335955625 0.7527877203125 0.693359371875 0.6611439984375 0.67382814375 0.6611439984375 0.6738279406250001 0.7527877203125
4 0.5926564234375 0.67482414375 0.5713633625 0.6705893015625 0.55270264375 0.7644023359375 0.5739956921875 0.768637134375 0.5926564234375 0.67482414375
2 0.717464771875 0.6569687171874999 0.7100034578125001 0.5835145234375 0.6654612828124999 0.588038540625 0.672922259375 0.6614924234374999 0.717464771875 0.6569687171874999
2 0.6010585421875 0.583811003125 0.5722751421875001 0.583811003125 0.5722751421875001 0.674531634375 0.6010585421875 0.674531634375 0.6010585421875 0.583811003125
2 0.6307306078125 0.5840594734375 0.6012738953125 0.5836958328125 0.600161596875 0.6737869140625 0.629618309375 0.6741505531249999 0.6307306078125 0.5840594734375
2 0.6673974015625 0.581960890625 0.629058128125 0.5841395484375 0.6339154515625001 0.6696072078124999 0.6722547234375 0.6674285671875 0.6673974015625 0.581960890625
2 0.5520502875 0.67594324375 0.574516265625 0.67487086875 0.5712697796875 0.6068696421875 0.5488041015625 0.607942009375 0.5520502875 0.67594324375
