4 0.3867906578125 0.43964563125 0.3911804765625 0.5051332296875 0.41556828437500004 0.5034984796875001 0.41117836093750004 0.438010996875 0.3867906578125 0.43964563125
4 0.31105854375 0.389370065625 0.288751671875 0.3939712125 0.31739444687499996 0.5328258921875 0.33970130625 0.528224790625 0.31105854375 0.389370065625
4 0.4372990375 0.7710749375 0.45262578124999997 0.77183699375 0.4575153171875 0.6735109546875 0.4421889046875 0.6727489062500001 0.4372990375 0.7710749375
4 0.5853073390625 0.732361425 0.5979891796875 0.732361425 0.5979891046875 0.6637025421875 0.58530745 0.6637025421875 0.5853073390625 0.732361425
4 0.6483443765625 0.7651603046875 0.6624234046875 0.7640713859375 0.6555443359375001 0.6751456890624999 0.6414655828125 0.6762345984375 0.6483443765625 0.7651603046875
4 0.7033955390625 0.7444912593749999 0.7199931937499999 0.7428096078124999 0.71114854375 0.655528865625 0.694551196875 0.6572105015624999 0.7033955390625 0.7444912593749999
7 0.4205472046875 0.580297390625 0.376320884375 0.5729433125 0.3528005015625 0.714374225 0.3970267984375 0.7217281984375 0.4205472046875 0.580297390625
7 0.3098476703125 0.691179596875 0.349121128125 0.6978748234375 0.371633246875 0.56583504375 0.3323607875 0.5591399046875 0.3098476703125 0.691179596875
7 0.5972309609375 0.57567128125 0.6214015500000001 0.5754268328125 0.620078459375 0.444631790625 0.5959083625 0.44487623593750003 0.5972309609375 0.57567128125
7 0.655810665625 0.5713926375 0.6971135046875 0.5721876453125 0.69971534375 0.4370053453125 0.6584133609375 0.436210346875 0.655810665625 0.5713926375
5 0.6526177984375 0.45118695000000003 0.6272544765625 0.45118695000000003 0.6272544765625 0.5247500390625001 0.6526177984375 0.5247500390625001 0.6526177984375 0.45118695000000003
4 0.5824526921875 0.5184304140625 0.5931116046875 0.518211096875 0.591158865625 0.42331619531250003 0.580500096875 0.42353551093749997 0.5824526921875 0.5184304140625
2 0.5938541046875 0.5131485640625 0.5965719296875001 0.5764097859375 0.7006973125 0.5719361187499999 0.6979789656250001 0.5086754499999999 0.5938541046875 0.5131485640625
2 0.584222434375 0.6929978859375 0.5810205374999999 0.5994257984375 0.4587776640625 0.6036080187499999 0.4619783953125 0.6971789828125 0.584222434375 0.6929978859375
5 0.49290294375 0.748917365625 0.55896909375 0.7454392828125 0.5560420703125 0.6898583078125 0.4899767203125 0.69333636875 0.49290294375 0.748917365625
5 0.33766425 0.5184017 0.387278646875 0.5198458390625 0.38922945000000003 0.45282168437500003 0.3396155453125 0.45137755312500005 0.33766425 0.5184017
1 0.593467925 0.6580451218750001 0.6221522515625 0.65883505 0.6239637890624999 0.5930561984375 0.595279821875 0.592266275 0.593467925 0.6580451218750001
