2 0.278760821875 0.5354795140624999 0.30529410156250003 0.6065241703125 0.48900845937500004 0.53791624375 0.46247469218750004 0.466872746875 0.278760821875 0.5354795140624999
2 0.46545651250000003 0.63485376875 0.455368059375 0.5780059750000001 0.35568340625 0.5956942671875 0.36577125 0.652541521875 0.46545651250000003 0.63485376875
2 0.61561903125 0.46477345625 0.609620575 0.5419669390624999 0.757535225 0.5534586890625001 0.7635327281250001 0.47626609999999997 0.61561903125 0.46477345625
2 0.5411718453125001 0.4819036234375 0.5244698015625 0.53771190625 0.5996219703125 0.5602008015625 0.6163236046875 0.50439286875 0.5411718453125001 0.4819036234375
4 0.7343474640625 0.5164558484375 0.7579410328125 0.5164558484375 0.7579409296875 0.40402167968749997 0.734347728125 0.40402167968749997 0.7343474640625 0.5164558484375
4 0.6229991796875 0.3914527 0.60352431875 0.39464839218750003 0.6200663875 0.49545168124999994 0.63954124375 0.49225601250000006 0.6229991796875 0.3914527
4 0.6465517734375 0.3943457875 0.6317080625 0.39642985468749997 0.6443972171875 0.48680289062500004 0.659240925 0.4847188359375 0.6465517734375 0.3943457875
5 0.6377616109375001 0.7462663453125 0.674204528125 0.7440644328125 0.667990775 0.64124541875 0.6315486484374999 0.6434473078125 0.6377616109375001 0.7462663453125
5 0.43205584375 0.6474231203125 0.4157442515625 0.6484553375 0.42099634999999996 0.7314398640625 0.43730794062499995 0.7304076562499999 0.43205584375 0.6474231203125
5 0.3420930203125 0.6890715328125 0.3467834296875 0.627499790625 0.3023262578125 0.6241135843750001 0.2976355984375 0.6856850546875 0.3420930203125 0.6890715328125
5 0.7246244953125001 0.41929318281250005 0.6748876765625 0.4189026828125 0.6743813328125 0.4833900375 0.7241181531249999 0.48378053593750003 0.7246244953125001 0.41929318281250005
5 0.328125796875 0.472876603125 0.3336201125 0.511013215625 0.43925064999999996 0.4957956453125 0.43375608593750004 0.4576593328125 0.328125796875 0.472876603125
2 0.712881059375 0.6315992625 0.7106441171875 0.5735551203125 0.600606390625 0.57779525 0.602842721875 0.63583879375 0.712881059375 0.6315992625
1 0.5966199421875 0.5702121921875001 0.57353829375 0.5718324578125 0.5771522546875001 0.6233100031250001 0.6002339015625 0.62168974375 0.5966199421875 0.5702121921875001
