8 0.3513501453125 0.6362981265625 0.2928687125 0.632905725 0.2880466953125 0.7160209937500001 0.3465281265625 0.719413365625 0.3513501453125 0.6362981265625
8 0.377995140625 0.6449276015625001 0.3556649703125 0.6476605921874999 0.3669823671875 0.7401173984375 0.3893125328125 0.737384434375 0.377995140625 0.6449276015625001
8 0.43263156406250003 0.459845684375 0.381002509375 0.4579202734375 0.3767655109375 0.5715248609375 0.428394565625 0.5734502531250001 0.43263156406250003 0.459845684375
8 0.468466859375 0.641462884375 0.4269066890625 0.6465681531249999 0.43579739999999995 0.7189342546875 0.47735756093750004 0.7138290234375 0.468466859375 0.641462884375
8 0.713179153125 0.6455946906250001 0.695211809375 0.661675209375 0.7131791328125 0.6817480109375 0.7311464328125 0.6656675359374999 0.713179153125 0.6455946906250001
8 0.7328343171875 0.7056136890625 0.7539468312500001 0.7052485578125001 0.7525728234375 0.6258203359375 0.731460646875 0.6261854640625 0.7328343171875 0.7056136890625
5 0.80379050625 0.6910445562499999 0.7787255875 0.695218 0.7871475703125 0.7457909921875 0.8122124828124999 0.7416175703125 0.80379050625 0.6910445562499999
8 0.7612190484375 0.71996320625 0.79924509375 0.7185226578125 0.7957772578125 0.6270015625 0.7577519265625 0.6284420984375 0.7612190484375 0.71996320625
5 0.7908436359375 0.6924436296875001 0.8250621609375001 0.716050515625 0.8772660515625 0.6403902 0.8430479859375 0.6167835359375 0.7908436359375 0.6924436296875001
5 0.43723131249999997 0.68070038125 0.3902900609375 0.682700896875 0.394047875 0.7708625312499999 0.4409891265625 0.768862034375 0.43723131249999997 0.68070038125
