8 0.40713141249999996 0.416184075 0.3870760625 0.41610689531249995 0.3866748515625 0.5203564 0.40673020156249995 0.520433578125 0.40713141249999996 0.416184075
8 0.357421834375 0.5007674843750001 0.38085939999999996 0.5007674843750001 0.38085924531250004 0.3862128296875 0.3574220515625 0.3862128296875 0.357421834375 0.5007674843750001
1 0.311340984375 0.45402329531249996 0.29739917656250003 0.45413421718749997 0.29776605 0.5002434874999999 0.311707859375 0.500132565625 0.311340984375 0.45402329531249996
1 0.7698723234375 0.528176525 0.7456243890625001 0.535134003125 0.7559809875 0.5712251203125 0.7802289140625 0.5642676640625 0.7698723234375 0.528176525
1 0.6232669515625 0.46143727500000004 0.6039727953125 0.46045979218750005 0.600284028125 0.5332655859375001 0.619578184375 0.5342430640625 0.6232669515625 0.46143727500000004
5 0.30769153125000004 0.5274227765624999 0.3554520953125 0.5292039453124999 0.3594827734375 0.42112310312499995 0.31172294843750004 0.4193419484375 0.30769153125000004 0.5274227765624999
5 0.24053425 0.6280492703125 0.29255511093750003 0.6280492703125 0.292554721875 0.5400827265625 0.240534675 0.5400827265625 0.24053425 0.6280492703125
6 0.69933834375 0.41889297968749994 0.7123073109375 0.41889297968749994 0.7123072890625 0.395242353125 0.6993383609375 0.395242353125 0.69933834375 0.41889297968749994
6 0.6758848656249999 0.43367673125 0.6904149796875 0.43440476875 0.6925767015625001 0.3912629875 0.6780466656249999 0.3905349515625 0.6758848656249999 0.43367673125
6 0.8194467796874999 0.626600809375 0.8010450671875 0.626499146875 0.8008412984375 0.6633778859375 0.8192430109375 0.6634795484375 0.8194467796874999 0.626600809375
6 0.8276265703125001 0.6142682484375 0.8154328078124999 0.616506896875 0.8220602484375 0.652601740625 0.8342540093749999 0.6503631000000001 0.8276265703125001 0.6142682484375
6 0.4525358421875 0.44170961562500005 0.4646234515625 0.440507509375 0.46168920625 0.4110044859375 0.4496016421875 0.41220658906249996 0.4525358421875 0.44170961562500005
1 0.74872593125 0.57747545625 0.7420565265625 0.5789020640625 0.7458771296875 0.596761559375 0.752546534375 0.5953349546875 0.74872593125 0.57747545625
1 0.74534239375 0.61133275 0.74986073125 0.610043365625 0.7417234828125 0.5815314859375 0.7372051671875 0.582820865625 0.74534239375 0.61133275
