5 0.48284835781249996 0.4775969953125 0.48893987499999997 0.5279745453125 0.6913321125 0.5035017234375 0.6852399375 0.45312493906249995 0.48284835781249996 0.4775969953125
8 0.69261700625 0.649551075 0.7370086796875001 0.638199321875 0.7192397515625 0.5687220828124999 0.6748486375 0.5800737609375 0.69261700625 0.649551075
6 0.389689946875 0.708969221875 0.41382539218750003 0.7167866468749999 0.4275280203125 0.6744872328125 0.403392784375 0.6666698453125 0.389689946875 0.708969221875
5 0.3193076640625 0.5894878218749999 0.2917403 0.6290208140625 0.3908731296875 0.6981393437500001 0.4184399671875 0.6586068218750001 0.3193076640625 0.5894878218749999
6 0.26434301875 0.6289788203125 0.2784271390625 0.6236457078125001 0.2545547578125 0.5606087343749999 0.24047079375 0.5659418140625 0.26434301875 0.6289788203125
2 0.40379918281249993 0.665565246875 0.44800173125000003 0.596207465625 0.3016150640625 0.5029232046875001 0.2574126765625 0.5722799046875 0.40379918281249993 0.665565246875
5 0.3609669921875 0.4592096484375 0.341928759375 0.5042277937499999 0.4256487875 0.53962996875 0.44468665312500005 0.49461213437499996 0.3609669921875 0.4592096484375
8 0.3094996 0.47319572968749996 0.35262104375000003 0.47319572968749996 0.3526209125 0.41725140781250003 0.30949979375000003 0.41725140781250003 0.3094996 0.47319572968749996
6 0.6735905343749999 0.6964971609374999 0.7038509328125 0.6981385312499999 0.707008771875 0.6399252890625 0.6767487359375 0.638283928125 0.6735905343749999 0.6964971609374999
1 0.6135831015625001 0.5431906125 0.6299357375 0.6079449296874999 0.681966059375 0.5948065687499999 0.665613225 0.53005255 0.6135831015625001 0.5431906125
5 0.6368909984375 0.5674576296875 0.6053375640625 0.5685273421875 0.6085135515625 0.6621993640625 0.640066984375 0.6611296609374999 0.6368909984375 0.5674576296875
