4 0.2939146833017503 0.2959322898313157 0.3145083205976107 0.2896125168189557 0.3649675572557953 0.4540328336275934 0.34437394771589425 0.4603525444918236
4 0.4531129302110912 0.4319006960923065 0.43778689123837466 0.4304611507282681 0.45295059620025313 0.26903043619469363 0.4682763645120076 0.2704699685392776
4 0.49994319100107987 0.43904749348811034 0.48551746419184383 0.4379810027519158 0.4978344863844768 0.2713861143355417 0.5122599458994728 0.27245259496352764
4 0.5487307625326139 0.25948771018913086 0.5635965742337703 0.25812913277528093 0.5788582093729246 0.42511941396117764 0.5639923993458069 0.4264779793739431
4 0.6014567496872587 0.27404725757269893 0.6156474457343393 0.27328732830203567 0.6249196412393303 0.4464274596982675 0.6107289458205969 0.4471873817530088
4 0.7182443124104338 0.4788134839855417 0.7022293948816696 0.47702167138378104 0.72280815093211 0.29310377962937356 0.738822719524137 0.29489557238460595
4 0.5840466016247774 0.6193980779848115 0.6026499514033503 0.620281018709179 0.5982468374662631 0.7130414395835697 0.5796434882498716 0.7121585071781746
4 0.656013851517514 0.692980540310391 0.6383885184038718 0.6954309829501374 0.6238785849257056 0.5910771173203526 0.6415035593749963 0.5886267000000076
4 0.6782287088684598 0.6829260941234286 0.6558861905392632 0.6815470080208117 0.6629946448348392 0.5664025025074065 0.6853366734375186 0.5677815734375024
4 0.35303427656253916 0.6739924609375082 0.33659063622155827 0.6698033017075036 0.3595500093749706 0.5796930734374977 0.37599337143740286 0.5838821954651373
4 0.3897593187499524 0.6859039624999916 0.36938240166455216 0.682269010417453 0.3867976218749618 0.584656198437498 0.4071741569018741 0.5882911155982533
4 0.43418464563467296 0.6869581942993044 0.4128823706956837 0.6868415844350019 0.413475277850921 0.5785838397705904 0.43477711250000084 0.5787004484375003
