2 0.338072609375 0.5140090171875 0.3338337125 0.5620614359375 0.441225425 0.5715332875 0.4454638609375 0.52348129375 0.338072609375 0.5140090171875
2 0.5943028859374999 0.5292694296875 0.60296213125 0.5766873203125 0.756029278125 0.54873615625 0.7473695671875 0.5013188734375 0.5943028859374999 0.5292694296875
2 0.6415317859375 0.58188850625 0.6566705515625 0.6370907140625001 0.7073179921875 0.6232023734375 0.6921790624999999 0.56800043125 0.6415317859375 0.58188850625
2 0.59046975625 0.6670722828125 0.618481771875 0.6653580328124999 0.6139879765625 0.591938475 0.585976353125 0.5936527125 0.59046975625 0.6670722828125
2 0.3518999609375 0.619978775 0.394316628125 0.619978775 0.3943165265625 0.589703803125 0.3519000953125 0.589703803125 0.3518999609375 0.619978775
2 0.4314115796875 0.589370203125 0.40818032187500003 0.58459039375 0.3998149640625 0.6252439875 0.423046215625 0.630023778125 0.4314115796875 0.589370203125
2 0.4547683875 0.5994705 0.43516206406249996 0.6028668328125 0.44223145781250006 0.6436722359375 0.46183777656249997 0.640275915625 0.4547683875 0.5994705
2 0.30979555937500003 0.5797947203125 0.306341525 0.6120809546875 0.34646826875 0.616373165625 0.3499221734375 0.58408705 0.30979555937500003 0.5797947203125
5 0.7005593828125 0.5134138015625 0.702343565625 0.44100274375000004 0.6466726515625 0.439631153125 0.644888184375 0.5120419171874999 0.7005593828125 0.5134138015625
1 0.6045514875 0.51652280625 0.57848305625 0.5136946890625 0.5722556125 0.5710917 0.5983240421875 0.5739198046875 0.6045514875 0.51652280625
6 0.34491704843750004 0.41607108281249994 0.3142786578125 0.4165398515625 0.31519390937499997 0.47635661249999994 0.3458323 0.4758878453125 0.34491704843750004 0.41607108281249994
1 0.2566386828125 0.546976275 0.2919268796875 0.551409153125 0.298660896875 0.49780606718750003 0.2633730015625 0.4933732078125 0.2566386828125 0.546976275
