4 0.6290360828125 0.5698126796875 0.6445702171875001 0.5694264671875 0.6423693593750001 0.48091621562500003 0.626835446875 0.481302425 0.6290360828125 0.5698126796875
2 0.341694603125 0.6851602578125 0.39467026562499996 0.669882709375 0.377809403125 0.6114254359375 0.3248343375 0.62670289375 0.341694603125 0.6851602578125
2 0.4475548296875 0.5721259515625 0.423205478125 0.5758157671874999 0.43340654531249995 0.6431259015624999 0.4577558921875 0.639436109375 0.4475548296875 0.5721259515625
2 0.475459440625 0.562491571875 0.4486289515625 0.5651232 0.45600728593750006 0.6403401546875 0.48283777343749995 0.63770854375 0.475459440625 0.562491571875
2 0.5078595453125 0.5495344249999999 0.475317640625 0.551383671875 0.4799242921875 0.6324404 0.512466196875 0.6305911671875 0.5078595453125 0.5495344249999999
2 0.541314184375 0.53674570625 0.507890203125 0.5385587390625 0.5123454921875 0.620685625 0.545769471875 0.6188726046874999 0.541314184375 0.53674570625
2 0.383666621875 0.61351709375 0.4022502421875 0.651450828125 0.43831360156250004 0.6337854765625 0.4197299515625 0.5958518859375 0.383666621875 0.61351709375
2 0.542664815625 0.6147007796875 0.5678154390625 0.6163231359375 0.5727987953125 0.539074390625 0.5476485140625 0.5374520453125 0.542664815625 0.6147007796875
2 0.6082800328125 0.5387890109375 0.5797071265625 0.5346215125 0.56832803125 0.6126304515625 0.59690093125 0.616797921875 0.6082800328125 0.5387890109375
2 0.5991351078125 0.6220254062499999 0.6239684640625 0.6229432859374999 0.626683221875 0.549499146875 0.601850190625 0.548581271875 0.5991351078125 0.6220254062499999
2 0.6288502390625 0.6318366421875 0.6589899890625001 0.6281286703125 0.6507894953125 0.56148100625 0.6206501078125 0.5651889546875 0.6288502390625 0.6318366421875
2 0.70528775625 0.558458396875 0.6620375421875 0.559031871875 0.66307049375 0.6369264171875 0.7063207078125 0.636352946875 0.70528775625 0.558458396875
2 0.32979700156249997 0.7325547578125 0.37759866875000003 0.7356774859375 0.38178426875000004 0.671610634375 0.33398325624999997 0.668487928125 0.32979700156249997 0.7325547578125
2 0.45049854843750003 0.6530216531249999 0.4142430390625 0.651038715625 0.410272625 0.723622553125 0.446528134375 0.7256054749999999 0.45049854843750003 0.6530216531249999
2 0.5116343062500001 0.657803771875 0.48049482968749996 0.660432934375 0.4875405921875 0.7438699328125 0.518680065625 0.7412407937500001 0.5116343062500001 0.657803771875
2 0.5304517671875 0.6557102046875001 0.507867834375 0.6584730046875 0.517883375 0.7403311359375 0.540467303125 0.737568359375 0.5304517671875 0.6557102046875001
2 0.597785609375 0.642178925 0.567745753125 0.642632684375 0.5688268484375001 0.7141938718749999 0.59886670625 0.7137401156250001 0.597785609375 0.642178925
2 0.60501585625 0.7075879796875 0.63896543125 0.7031414625 0.6293029437500001 0.6293797765625 0.595353871875 0.6338262625 0.60501585625 0.7075879796875
2 0.65968271875 0.630964146875 0.6288127921875 0.633726975 0.6350503375 0.703411721875 0.6659202609375 0.7006489140625 0.65968271875 0.630964146875
2 0.7040081765624999 0.62359018125 0.655042109375 0.6289360828125 0.664680478125 0.7172074625 0.7136465375000001 0.711861609375 0.7040081765624999 0.62359018125
2 0.4816825578125 0.6585733359375 0.44814348906249996 0.65828121875 0.447501946875 0.731928625 0.48104101562499996 0.7322207390625 0.4816825578125 0.6585733359375
2 0.5502346828125 0.7251846453125 0.5696102375 0.7247375593750001 0.5678532671875 0.6486116265625 0.5484780203125 0.649058709375 0.5502346828125 0.7251846453125
2 0.5479307125 0.652486434375 0.5294361421875 0.6545983671875 0.53855849375 0.7344730296875001 0.5570530609375 0.7323611156250001 0.5479307125 0.652486434375
2 0.4145357109375 0.6628541328125 0.381465121875 0.6605620765625 0.376560221875 0.73132154375 0.409630809375 0.7336135828125 0.4145357109375 0.6628541328125
4 0.44262405937500005 0.7026805578124999 0.4234370390625 0.7073636750000001 0.4474721234375 0.8058202218750001 0.46665912499999995 0.8011371593750001 0.44262405937500005 0.7026805578124999
4 0.36849434375 0.72383634375 0.3446156484375 0.7209869624999999 0.3319071796875 0.8274690421875001 0.35578586875 0.8303183859375001 0.36849434375 0.72383634375
4 0.567975196875 0.8066214 0.585395978125 0.80731433125 0.5901641171875001 0.6874571953124999 0.572743809375 0.6867642734375 0.567975196875 0.8066214
4 0.5900134546875 0.7633885609375 0.6088017203125 0.7671252125 0.6258278859375 0.681529259375 0.6070399671875 0.6777926437499999 0.5900134546875 0.7633885609375
4 0.683213384375 0.7990581828125001 0.6995569390624999 0.79766515625 0.6917865062499999 0.7065172625 0.675443290625 0.7079102749999999 0.683213384375 0.7990581828125001
4 0.67638621875 0.505445034375 0.660103325 0.5086836265625 0.6720236546875 0.5686111453125 0.68830654375 0.5653725703125 0.67638621875 0.505445034375
4 0.506068728125 0.7274572046875 0.48838870312499993 0.7243547046875001 0.47325057812500004 0.810606271875 0.4909305953125 0.813708740625 0.506068728125 0.7274572046875
