5 0.4281467 0.65726834375 0.42814581093750004 0.6046973125 0.29539064531250003 0.60469915 0.2953908625 0.657269503125 0.4281467 0.65726834375
5 0.72863865625 0.6621614796874999 0.72262344375 0.602945284375 0.670324296875 0.6082572484375001 0.67633918125 0.6674731421875 0.72863865625 0.6621614796874999
6 0.67668266875 0.3825063171875 0.65308171875 0.381332740625 0.6504123859375001 0.435011159375 0.6740133359375 0.43618473125 0.67668266875 0.3825063171875
5 0.303567428125 0.5711659546875001 0.34261931875 0.571524446875 0.3436566703125 0.4584890890625 0.304605475 0.45813059999999994 0.303567428125 0.5711659546875001
6 0.6769809718750001 0.694391234375 0.6419558359375 0.700440528125 0.6523432 0.7605732984375 0.6873683265625 0.7545240468750001 0.6769809718750001 0.694391234375
6 0.6624603859375 0.724229075 0.6997898218749999 0.724229075 0.6997896484374999 0.6687224671875 0.6624606515625 0.6687224671875 0.6624603859375 0.724229075
2 0.5545010578125 0.6652926734375 0.58060540625 0.6673974828125 0.5860705312500001 0.5996243921875 0.5599665218750001 0.5975195953125 0.5545010578125 0.6652926734375
2 0.5988206140625 0.594301865625 0.579915878125 0.597356828125 0.5917633484375 0.6706626640625 0.610668078125 0.667607721875 0.5988206140625 0.594301865625
2 0.624444559375 0.59639911875 0.600946371875 0.5982378859375 0.605744184375 0.659543428125 0.6292423703125001 0.6577046703125 0.624444559375 0.59639911875
2 0.6748247359375 0.6346654421875 0.6798621875 0.5888261046875 0.6289112343750001 0.5832275546875 0.6238735921874999 0.6290666734375 0.6748247359375 0.6346654421875
7 0.623688159375 0.4218357390625 0.6183938984374999 0.42228703593750005 0.6256572015625 0.5074889875 0.6309514640625 0.50703769375 0.623688159375 0.4218357390625
2 0.643210415625 0.496539353125 0.6045370906249999 0.4956846875 0.6030809484375 0.5615691359375 0.6417542734375 0.5624237984375 0.643210415625 0.496539353125
