4 0.348845596875 0.5683344234375001 0.3788114375 0.58201690625 0.43925482968749996 0.44965117968749996 0.40928958125000003 0.43596885625 0.348845596875 0.5683344234375001
4 0.4967359765625 0.451869553125 0.472552234375 0.449120925 0.45854053749999996 0.572393234375 0.4827242734375 0.575141834375 0.4967359765625 0.451869553125
4 0.58622675 0.5649830640625 0.6061998187500001 0.5669890375 0.6182781515625 0.44673578281250004 0.598305459375 0.444729828125 0.58622675 0.5649830640625
4 0.6525176203124999 0.45426923593749996 0.630330646875 0.45958835000000003 0.661379725 0.589089303125 0.6835666781249999 0.5837702453125 0.6525176203124999 0.45426923593749996
4 0.6667892125 0.7739022921875 0.6561272703125 0.7124101656249999 0.6373623046875 0.7156632734375 0.6480240984375001 0.77715526875 0.6667892125 0.7739022921875
4 0.707892753125 0.7113259203125 0.6879502171875 0.71464643125 0.69624548125 0.764458503125 0.7161880125 0.7611380109375 0.707892753125 0.7113259203125
4 0.5515825828125 0.75872883125 0.5668188437499999 0.759355778125 0.5707142671875001 0.6646993734375 0.5554783203125 0.6640724328125 0.5515825828125 0.75872883125
4 0.48722686875 0.7553103218749999 0.5060075703125 0.75578379375 0.507964040625 0.6781849 0.4891836578125 0.6777114328125 0.48722686875 0.7553103218749999
4 0.41068544687499997 0.7581574062499999 0.4329420234375 0.757772496875 0.43153522187500004 0.676449071875 0.40927903906249996 0.676833978125 0.41068544687499997 0.7581574062499999
4 0.3394369234375 0.7661389 0.3597700765625 0.76771151875 0.36429946874999997 0.70915724375 0.3439665828125 0.7075846343750001 0.3394369234375 0.7661389
