8 0.552683728125 0.5686109203124999 0.53252635625 0.5693794265625 0.5359880453125 0.6601669171875 0.5561454171875 0.659398415625 0.552683728125 0.5686109203124999
8 0.5864330125 0.6735783750000001 0.6073701703125 0.673710015625 0.6079521015625 0.5811396359375001 0.587015315625 0.581007996875 0.5864330125 0.6735783750000001
8 0.4773996171875 0.638994865625 0.4928096578125 0.6418557171875 0.506051046875 0.5705384171875 0.49064120781250004 0.5676775843749999 0.4773996171875 0.638994865625
8 0.508301734375 0.641892059375 0.525901290625 0.6418230125 0.5256250484375 0.5714502140625 0.5080257203125 0.5715192609375 0.508301734375 0.641892059375
8 0.434327909375 0.5704556046875 0.41264522187499997 0.5710312046875 0.41514692656249996 0.665259196875 0.4368296140625 0.6646836015625001 0.434327909375 0.5704556046875
8 0.6437884515625 0.5507857984375 0.6657348140625 0.548885934375 0.6547500640624999 0.4220073421875 0.6328041203125 0.42390718749999995 0.6437884515625 0.5507857984375
8 0.66408431875 0.538278696875 0.6845218640625 0.5416260015625001 0.699629346875 0.4493910671875 0.6791920859375 0.4460437875 0.66408431875 0.538278696875
5 0.6781861 0.43344497656250003 0.67449483125 0.46519435624999994 0.72511471875 0.47107905156249996 0.7288058671875 0.43932978437500003 0.6781861 0.43344497656250003
8 0.610565603125 0.5241515265625 0.6257992875 0.523314790625 0.6209494546875 0.4350263734375 0.6057159671875 0.435863103125 0.610565603125 0.5241515265625
5 0.43775505781249996 0.6341471624999999 0.46287262656249994 0.6688406484375 0.4915789640625 0.6480602296875 0.4664614359375 0.6133668640625001 0.43775505781249996 0.6341471624999999
8 0.46400789531250003 0.639478296875 0.4808885125 0.6388763359375 0.47841685156249997 0.5695746671874999 0.4615364515625 0.570176625 0.46400789531250003 0.639478296875
8 0.4241082953125 0.424705653125 0.40080987500000004 0.4251545796875 0.40299854062499996 0.538734753125 0.426296959375 0.53828583125 0.4241082953125 0.424705653125
5 0.43647291250000003 0.39868201875 0.4124811453125 0.3931700421875 0.40121889375 0.4421882640625 0.42521065468749997 0.447700221875 0.43647291250000003 0.39868201875
5 0.500096103125 0.41601555156250003 0.5342105265625 0.47283406718750004 0.613868846875 0.4250085390625 0.579754428125 0.36819034375 0.500096103125 0.41601555156250003
8 0.6775844 0.5265309703125001 0.706559646875 0.534581021875 0.7268667125 0.46149319218749996 0.6978917765625 0.4534431859375 0.6775844 0.5265309703125001
