4 0.31997832187499997 0.31043656249999996 0.2999841796875 0.30916958125 0.291267996875 0.446713534375 0.3112621375 0.44798050624999997 0.31997832187499997 0.31043656249999996
4 0.719090565625 0.4175006609375 0.7409198140625 0.41548256875 0.7328912937500001 0.3286448359375 0.711062259375 0.33066291875 0.719090565625 0.4175006609375
4 0.7298669046875 0.7308793296875 0.7494292265625 0.7279223531250001 0.7212696281250001 0.5416553765625001 0.701708028125 0.544612296875 0.7298669046875 0.7308793296875
2 0.723986315625 0.4900476734375 0.76084416875 0.48674870156249994 0.7544453453125 0.41526442656249996 0.7175878578125 0.41856338125 0.723986315625 0.4900476734375
2 0.716911503125 0.444279128125 0.6804228015625 0.435433928125 0.6632729390625001 0.5061768421874999 0.699761625 0.5150219953125 0.716911503125 0.444279128125
7 0.5908744578125 0.717908628125 0.6139636 0.7165309703125 0.6050529703125 0.5672166421875 0.5819645078125 0.5685942796875 0.5908744578125 0.717908628125
7 0.41802723906250006 0.7073581515625 0.44498946093749997 0.7109479546874999 0.467045690625 0.5453069859374999 0.44008432812500003 0.5417172421875 0.41802723906250006 0.7073581515625
7 0.485046596875 0.547499175 0.46414027343750003 0.5477413921875 0.46580566875 0.691469875 0.4867119921875 0.6912276625 0.485046596875 0.547499175
7 0.29617435 0.679758528125 0.344210159375 0.6918391625 0.384623603125 0.5311620390625 0.33658920000000003 0.5190815921875 0.29617435 0.679758528125
7 0.334337696875 0.4972781015625 0.2890886890625 0.488098390625 0.2545879 0.658144775 0.29983686875000004 0.66732434375 0.334337696875 0.4972781015625
2 0.335332321875 0.5041033015624999 0.291267959375 0.49053283593749997 0.2684169609375 0.56472564375 0.3124812859375 0.5782960234375001 0.335332321875 0.5041033015624999
2 0.326356984375 0.581055528125 0.37625162031250003 0.5830402890624999 0.378636628125 0.523084034375 0.3287424953125 0.521099284375 0.326356984375 0.581055528125
2 0.6351333593749999 0.5540639671875 0.6037811296875 0.5572893421875 0.609851078125 0.61628621875 0.6412033046875 0.6130608609375 0.6351333593749999 0.5540639671875
7 0.6334185109375 0.55738529375 0.6051413421875 0.56096420625 0.626274009375 0.7279144890625 0.654551165625 0.724335634375 0.6334185109375 0.55738529375
6 0.38511028281250004 0.7178942 0.4157899484375 0.723995896875 0.42767679375 0.6642361859375 0.3969975109375 0.658134528125 0.38511028281250004 0.7178942
