5 0.362776025 0.520802740625 0.39512120781250004 0.473516025 0.3099171 0.4152384171875 0.2775720015625 0.4625247859375 0.362776025 0.520802740625
4 0.6080882484375 0.44199595937499997 0.630984578125 0.438092371875 0.6159283796875 0.3497858171875 0.593032290625 0.3536893828125 0.6080882484375 0.44199595937499997
9 0.7441889328125 0.6726574828125 0.8245259468749999 0.6571109203125001 0.7994859765625 0.5277369921874999 0.7191508453125001 0.5432833671874999 0.7441889328125 0.6726574828125
9 0.21436905 0.6836854156250001 0.28491586406249997 0.695471384375 0.3020673984375 0.59281725 0.23152197343749997 0.5810313984375 0.21436905 0.6836854156250001
2 0.7415346109375001 0.6593626968749999 0.727813665625 0.513852925 0.2973504515625 0.5544327515624999 0.311065175 0.6999369390625 0.7415346109375001 0.6593626968749999
2 0.5452858093749999 0.5315583109375 0.6074313390625 0.5296454875000001 0.6049923781250001 0.450424184375 0.5428475859375 0.452336996875 0.5452858093749999 0.5315583109375
2 0.5416055890625 0.573035325 0.5493369343750001 0.485766275 0.3650525046875 0.46944089218749996 0.3573200078125 0.5567086406249999 0.5416055890625 0.573035325
5 0.6710980921874999 0.426054121875 0.6361757328125 0.4260525234375 0.63617245 0.49779735625 0.671094809375 0.4977989546875 0.6710980921874999 0.426054121875
7 0.6644630515625 0.678583571875 0.6741026359375 0.6765260765625001 0.6575784890625 0.5991189421875001 0.64793905 0.601176421875 0.6644630515625 0.678583571875
7 0.700749121875 0.6631490046875 0.7059466578125 0.660769978125 0.6710980921874999 0.58464443125 0.6659006265625 0.587023440625 0.700749121875 0.6631490046875
7 0.6455052796875 0.6947608234375 0.6489412171875 0.69351784375 0.620024034375 0.6135934546875 0.61658815 0.6148364234375 0.6455052796875 0.6947608234375
7 0.6062672828125 0.7109360984374999 0.6140154671875 0.7092510703125 0.5993690859374999 0.641913153125 0.5916210078125 0.6435981703125 0.6062672828125 0.7109360984374999
7 0.575992965625 0.736203478125 0.5832208125 0.73505346875 0.5703989765624999 0.65448019375 0.56317125 0.65563019375 0.575992965625 0.736203478125
7 0.54221760625 0.7004481203124999 0.5469446375 0.6999258203125 0.5430374046875001 0.6645689109374999 0.5383104078125001 0.6650912078125 0.54221760625 0.7004481203124999
7 0.4664124 0.6843810640625 0.461919765625 0.68344870625 0.450950709375 0.7362959015625 0.455443340625 0.7372282546875 0.4664124 0.6843810640625
7 0.438820965625 0.6784490015625 0.435601728125 0.67784141875 0.42361424062499997 0.7413467578125 0.42683347656250004 0.7419543375 0.438820965625 0.6784490015625
7 0.321958196875 0.614080521875 0.3162083296875 0.611705403125 0.2891692953125 0.67715544375 0.294919153125 0.6795305453125 0.321958196875 0.614080521875
7 0.334142653125 0.62282434375 0.3265408640625 0.6221005640625 0.3203394921875 0.6872246703125 0.32794128125 0.6879484453125 0.334142653125 0.62282434375
7 0.32780960000000003 0.7036007375 0.33573681875 0.7073631218750001 0.36471111093749997 0.646323721875 0.356783984375 0.6425613625000001 0.32780960000000003 0.7036007375
7 0.3782973515625 0.6566076734374999 0.371100709375 0.6558166953125 0.3631515703125 0.7281309 0.3703482125 0.728921871875 0.3782973515625 0.6566076734374999
7 0.383803628125 0.6509521234375 0.37965700625 0.6503204390625 0.369911371875 0.7142857140625 0.37405799375000004 0.71491739375 0.383803628125 0.6509521234375
7 0.6799343125 0.3850039265625 0.6750788640625001 0.385903084375 0.6845425578125 0.4370044109375 0.68939800625 0.43610525468750005 0.6799343125 0.3850039265625
7 0.6870383484375 0.437894409375 0.6908782203125 0.43786540625 0.6903259734375 0.36475770937499996 0.6864861359375001 0.3647867125 0.6870383484375 0.437894409375
7 0.7093860671875001 0.372053603125 0.70241846875 0.370925103125 0.692429021875 0.43259911874999996 0.69939661875 0.4337276140625 0.7093860671875001 0.372053603125
7 0.5854482921875 0.458009046875 0.59095700625 0.45726870625 0.577812828125 0.35947136562500004 0.5723041828125 0.36021170156250004 0.5854482921875 0.458009046875
7 0.5952431765624999 0.3645926578125 0.588328075 0.36475770937499996 0.5906028546875 0.4600583828125 0.59751795625 0.45989333125 0.5952431765624999 0.3645926578125
7 0.506533634375 0.4945107125 0.5105152890625 0.494273125 0.5057833859375 0.4149779734375 0.5018017765625 0.415215559375 0.506533634375 0.4945107125
7 0.4813655296875 0.50273390625 0.48685595625 0.5022026421875 0.47926027031249996 0.4237095375 0.47376990625 0.4242407984375 0.4813655296875 0.50273390625
7 0.45077568125 0.40612644375 0.44628306562500003 0.40705887656249995 0.46746704687499996 0.5091205359375001 0.47195965937500006 0.5081881109374999 0.45077568125 0.40612644375
7 0.44099469999999996 0.4979285703125 0.4437434515625 0.49779735468749997 0.44058885312499996 0.4317180609375 0.43784012656250004 0.431849275 0.44099469999999996 0.4979285703125
7 0.4482648765625 0.4243152890625 0.44321766562500003 0.424669603125 0.4489831421875 0.506793728125 0.45403035156250005 0.5064394171875 0.4482648765625 0.4243152890625
