5 0.598395546875 0.6722331875 0.6646787171875 0.664888334375 0.65638566875 0.590061725 0.5901034484375 0.597406525 0.598395546875 0.6722331875
5 0.40006011875 0.597129871875 0.37571538437499996 0.595406484375 0.37114517343750003 0.6599581578125 0.39548990625 0.661681534375 0.40006011875 0.597129871875
5 0.329147415625 0.464966309375 0.2755671609375 0.46927010312500006 0.2800323515625 0.5248556296875 0.3336126046875 0.5205518546875 0.329147415625 0.464966309375
8 0.3591303515625 0.46178743593749993 0.330307240625 0.47810399375 0.36040605625 0.53126938125 0.3892291109375 0.5149529 0.3591303515625 0.46178743593749993
8 0.6469824859375 0.44421806249999995 0.6257670859375 0.44361524531249996 0.6235026015625 0.5233054593750001 0.6447180015625 0.5239082734375 0.6469824859375 0.44421806249999995
8 0.7143261812499999 0.48393019062500003 0.6863661921875 0.46071834999999994 0.641820478125 0.5143722390625001 0.6697803546875 0.53758395625 0.7143261812499999 0.48393019062500003
1 0.4193951125 0.48696381874999994 0.3921055859375 0.48308680937500004 0.384310671875 0.5379494484375 0.41160019531250003 0.541826440625 0.4193951125 0.48696381874999994
8 0.5759173265624999 0.5271559765625 0.5872768734375 0.5242289921875 0.557308096875 0.40792951562499996 0.5459487375000001 0.41085647343750004 0.5759173265624999 0.5271559765625
8 0.56656985625 0.4590308375 0.545741325 0.4590308375 0.545741325 0.5136563875 0.56656985625 0.5136563875 0.56656985625 0.4590308375
1 0.4699389328125 0.5533264375 0.45580426249999995 0.5525930609375 0.45316296562499997 0.6034946578125 0.4672976359375 0.6042280328125 0.4699389328125 0.5533264375
8 0.4300734015625 0.6713656390625 0.44952690000000006 0.6713656390625 0.4495268140625 0.5903083703124999 0.4300736234375 0.5903083703124999 0.4300734015625 0.6713656390625
