5 0.7310006171875 0.5118944203125 0.677832253125 0.5169035875 0.6836478687499999 0.5786262890625 0.736816228125 0.573617146875 0.7310006171875 0.5118944203125
2 0.342996021875 0.4242001484375 0.31496872656249997 0.4464986234375 0.353487265625 0.4949099921875 0.3815144734375 0.472611615625 0.342996021875 0.4242001484375
2 0.363729853125 0.45656890156249996 0.3664742140625 0.492597775 0.423338303125 0.48826646562500003 0.42059380625 0.45223773906250003 0.363729853125 0.45656890156249996
7 0.2952656484375 0.58533315625 0.33924826874999997 0.5938447609375 0.3687789265625 0.4412593359375 0.3247973546875 0.4327478375 0.2952656484375 0.58533315625
6 0.338700978125 0.5743077953125 0.3471352046875 0.6206083812500001 0.40180154999999995 0.6106510625 0.39336714375000004 0.5643507078125001 0.338700978125 0.5743077953125
7 0.6364258171875 0.6239118046875001 0.68593606875 0.616622175 0.66644926875 0.484287271875 0.6169401031249999 0.49157682031250005 0.6364258171875 0.6239118046875001
6 0.690325753125 0.629966678125 0.68556784375 0.5930617015624999 0.6604271453125 0.5963025703125 0.6651849578125 0.633207459375 0.690325753125 0.629966678125
7 0.33747567031250003 0.306475975 0.3112209390625 0.309922625 0.32623641875 0.42429812343749995 0.35249114375 0.42085149531250005 0.33747567031250003 0.306475975
1 0.42449031875000004 0.36870330625 0.3981846359375 0.3679376046875 0.3960874203125 0.4399840234375 0.42239310156250004 0.44074972187499994 0.42449031875000004 0.36870330625
1 0.2819402375 0.4062778671875 0.270543315625 0.46634845625 0.3173911671875 0.475235984375 0.3287878703125 0.415165590625 0.2819402375 0.4062778671875
1 0.6194723171875001 0.47263991875 0.59198426875 0.4749830609375 0.5975496796875001 0.54026750625 0.6250377265625 0.5379243765624999 0.6194723171875001 0.47263991875
6 0.414300140625 0.2758133515625 0.389313740625 0.284240728125 0.40030366562499997 0.3168239828125 0.425290059375 0.30839662031250004 0.414300140625 0.2758133515625
1 0.6459922609375 0.40408423750000005 0.6104895046875 0.40443731562499996 0.611160928125 0.47194670937499994 0.6466636859375 0.4715936328125 0.6459922609375 0.40408423750000005
