8 0.3829969802274036 0.6475773514619138 0.4107466667035169 0.6481686657994872 0.40805659639613623 0.7743919804173972 0.3803069101845722 0.7738006741320764
8 0.3227461311829529 0.6325701886346886 0.352787050401389 0.6361550176401306 0.3400786058655285 0.7426371216301302 0.31003769348410515 0.7390523328860742
8 0.3798610436872423 0.6371389039382878 0.3982203709139185 0.6473106319901029 0.346499044983716 0.740651062632712 0.3281397983403167 0.7304794481910036
6 0.5620699077703648 0.7782507167794709 0.5423507875730138 0.7810519276160678 0.5374235152731899 0.7463721381890108 0.5571424769601663 0.7435709388068285
6 0.622901113271837 0.7800127702847519 0.6074294656490338 0.7819820313577607 0.6027260243648698 0.7450350991758973 0.6181975389175705 0.7430658467081276
6 0.3792789203469056 0.7192126784861892 0.40937502234294243 0.7204097776191646 0.40676381873515766 0.7860465422617676 0.37666771726651405 0.7848494521662425
6 0.3402707960216276 0.7058497046292567 0.3259767704682872 0.7587271178200293 0.29487445504673815 0.75032065652978 0.3091685981842147 0.6974434328212199
4 0.5656927073213183 0.43290582021592855 0.5861713499433563 0.42971811646511565 0.6018696532552212 0.5305613729830658 0.5813910161070908 0.5337490528893795
4 0.5410156126550874 0.44512658301457375 0.5410157496247621 0.5334974250278025 0.5195312454982286 0.5334973721863354 0.5195312500869704 0.4451266719621859
4 0.4935233066471483 0.5339515644499445 0.47382178017051046 0.5333917606354027 0.4766193094353639 0.4349485652341631 0.496320549447546 0.4355083649736054
4 0.41943414643731103 0.41814556319515467 0.43986256597077045 0.4176155796423745 0.4423752125860574 0.5144604719441889 0.4219467931905001 0.5149904518754935
