1 0.325829134375 0.47212515312500003 0.2891692953125 0.47577092499999996 0.2957412921875 0.5418502234375 0.332401128125 0.5382044703125 0.325829134375 0.47212515312500003
1 0.727638325 0.5269680734375 0.7518402453124999 0.528634365625 0.7557833859375 0.4713656390625 0.7315816734375 0.46969935312500005 0.727638325 0.5269680734375
5 0.22340405937500002 0.657598578125 0.27602547187500004 0.669603578125 0.2984143578125 0.5714762531249999 0.2457939015625 0.559471365625 0.22340405937500002 0.657598578125
6 0.459911278125 0.4597712890625 0.497067228125 0.46910652031250005 0.5104974359375001 0.415654515625 0.47334174375 0.40631931874999994 0.459911278125 0.4597712890625
8 0.46901338593749997 0.5657625328125 0.49290234374999997 0.566079296875 0.49436123125 0.456053628125 0.470472690625 0.45573686562500004 0.46901338593749997 0.5657625328125
8 0.49772784843749995 0.4598162109375 0.49158780156250004 0.5550660796875 0.5257623546875 0.5572687265625 0.5319021328125 0.462019115625 0.49772784843749995 0.4598162109375
5 0.37263406875 0.4493392078125 0.33911671875 0.4493392078125 0.33911671875 0.549559471875 0.37263406875 0.549559471875 0.37263406875 0.4493392078125
1 0.27816368125 0.5403290046875 0.29366744375 0.4767268859375 0.2487048171875 0.4657676046875 0.23320090312500003 0.52936949375 0.27816368125 0.5403290046875
8 0.7087331203125 0.4401484765625 0.672154596875 0.4416366296875 0.67635079375 0.5447711515625 0.7129293171875 0.5432830109375 0.7087331203125 0.4401484765625
8 0.784201671875 0.560527440625 0.7502756328125 0.570208809375 0.762964925 0.6146707453125 0.796890946875 0.604989415625 0.784201671875 0.560527440625
1 0.7616821125000001 0.535466278125 0.8029800421875001 0.5308458421875 0.7952155624999999 0.46145374375000003 0.753918075 0.4660741546875 0.7616821125000001 0.535466278125
1 0.6445063531249999 0.5695012015625001 0.6780742671875 0.5668305953125 0.6726420375 0.4985592296875 0.639074496875 0.501229821875 0.6445063531249999 0.5695012015625001
1 0.6172524875 0.5327617890624999 0.59152411875 0.53394268125 0.594111459375 0.5903083703124999 0.6198398296875001 0.589127484375 0.6172524875 0.5327617890624999
1 0.6217139859375 0.6101321578125 0.5941114609375 0.6101321578125 0.5941114609375 0.6530837 0.6217139859375 0.6530837 0.6217139859375 0.6101321578125
