2 0.462890625 0.4483996421875 0.423828125 0.4483996421875 0.423828125 0.5269514046875 0.462890625 0.5269514046875 0.462890625 0.4483996421875
2 0.5597644859375001 0.523985725 0.5990666890624999 0.521853765625 0.59450361875 0.43774517812499997 0.5552019031250001 0.4398771234375 0.5597644859375001 0.523985725
5 0.7291059468750001 0.6426403781250001 0.7337611703125 0.5729614140625 0.6757407796875 0.56908555625 0.6710852093749999 0.638764146875 0.7291059468750001 0.6426403781250001
5 0.7740015890625 0.5587606093749999 0.726728896875 0.56607335625 0.7389627375 0.6451495953124999 0.7862354171875 0.6378369015625001 0.7740015890625 0.5587606093749999
7 0.2967613046875 0.38452355312500003 0.2924773296875 0.38477487187500004 0.296280746875 0.4496043296875 0.30056472031250003 0.4493530109375 0.2967613046875 0.38452355312500003
7 0.2883838234375 0.3577663640625 0.28259516875 0.3583139265625 0.2914134953125 0.45153398125 0.2972021484375 0.450986421875 0.2883838234375 0.3577663640625
7 0.4291875390625 0.40419674062500005 0.43364319531250006 0.40396645624999994 0.43188380937500004 0.369926928125 0.42742817187500004 0.3701572140625 0.4291875390625 0.40419674062500005
7 0.5874538609375 0.353090228125 0.5837854734375 0.35306590625 0.583467253125 0.40105943593750004 0.5871356421875 0.4010837578125 0.5874538609375 0.353090228125
2 0.46512354531250005 0.5401103984375 0.5103127609375 0.53951119375 0.50883171875 0.427856596875 0.46364324375 0.42845579687499996 0.46512354531250005 0.5401103984375
2 0.512095290625 0.5320224875 0.5570404875 0.532405609375 0.5579094437500001 0.4304395171875 0.51296491875 0.43005639687499997 0.512095290625 0.5320224875
