4 0.32343210391672983 0.48703732860084387 0.3206205638081201 0.41321627555548496 0.34282172233270103 0.4123708157539005 0.3456333703124983 0.4861917562500096
4 0.36525718363645865 0.4440012700406376 0.39046347982844054 0.4437952357018339 0.39104505468753814 0.5149404859375 0.36583875851374614 0.5151465192101972
4 0.43998870797815925 0.4024822149376695 0.4581763153968268 0.40387356926519 0.45058481718751864 0.5031027734375032 0.4323972107976033 0.5017114286584412
4 0.5187024316006728 0.5039483254721534 0.5020339914731267 0.5038603064046318 0.5025742256306103 0.40158613877748983 0.519242434796638 0.4016741572425106
4 0.5757192629582732 0.5132493872427814 0.5588938192566957 0.5115612800240251 0.5689582587199311 0.4112568141748727 0.5857834656144405 0.4129449094305614
4 0.6816799600408103 0.5250870961805197 0.6594927028540951 0.5252053027320084 0.6589883045764964 0.43050360417567846 0.6811752562499578 0.4303853984375
4 0.7101598359363379 0.4283130642591343 0.7314250010568912 0.4293458823429969 0.7275960890624447 0.508176079687498 0.7063309243338836 0.5071432673891445
4 0.34094220580050205 0.7525643396507958 0.3190990653075687 0.7487958442080301 0.33348648359799427 0.6654171657728478 0.35532923544201367 0.6691856270298735
4 0.380448932627246 0.6536108267480226 0.4004493586642184 0.6550472327774414 0.3936655210643494 0.7494912265794431 0.3736650965563513 0.7480548350842067
4 0.6019572992533995 0.7457758664999802 0.5857245711175665 0.7465829790470793 0.5806789738483076 0.6451168741686841 0.5969113531249377 0.6443097703125019
4 0.6581499910722641 0.739192940603506 0.6380864439412335 0.7402339019995665 0.6328559747154259 0.6394318644025507 0.652919096874939 0.6383909140625017
4 0.6829165909080075 0.6733233433773469 0.7058993953124855 0.6705218484375046 0.7157631839156693 0.7514299239459991 0.6927803840430897 0.7542313941289002
