4 0.5174316973461828 0.5042860488217071 0.5012616207995961 0.5038265856030972 0.5041457710184432 0.4023348493484223 0.5203156200196872 0.4027943093229902
4 0.4511719742841933 0.5040404734374999 0.4335937388025286 0.5040404734374999 0.4335938776494004 0.40257778125000004 0.4511718662909061 0.40257778125000004
4 0.5754124400554019 0.5090856296544481 0.559252104969346 0.5072488859389394 0.5701492700759445 0.4113792477747207 0.5863093880014958 0.413215979004107
4 0.6352778236479253 0.6646573880500637 0.6562294648955458 0.6625739091409383 0.6633973001672757 0.7346438123922009 0.642445661328793 0.7367272752222829
4 0.6849816917256248 0.6720000472660276 0.7049867544684503 0.6709149551578596 0.7091327643074692 0.7473404955356221 0.6891277022915574 0.7484255786405325
4 0.6015626332558668 0.744605241855656 0.5867965813919227 0.7449882939774236 0.5847064238006396 0.6644235899994422 0.5994722220771109 0.66404054115402
4 0.3926186100545692 0.7473372627947978 0.371981149192834 0.7457980895208977 0.37831552219950026 0.6608814380942558 0.39895261043716346 0.6624205974827193
4 0.3886718117654482 0.4418536255690801 0.3886718892025556 0.5154959488724208 0.36718746772373834 0.5154958941761882 0.3671875054892553 0.44185368575831296
4 0.32421872993757006 0.4729470704581558 0.32421877043020686 0.4123967288389567 0.34374996725102847 0.41239677622073806 0.3437500066922894 0.4729470372809919
4 0.6652241090338293 0.43183342360496846 0.6862814087797915 0.4329723488583083 0.6814527076390959 0.5222430307270134 0.6603954084775978 0.5211041128884847
4 0.7091260197895508 0.4301644921072489 0.7313141537258616 0.43144707275593275 0.726728877606547 0.5107654195266699 0.7045407443017666 0.5094828461405513
