8 0.5195030484375 0.4894792921875 0.5396685578125 0.48840172031250007 0.5336875609375 0.37648435 0.5135223546875001 0.3775619140625 0.5195030484375 0.4894792921875
8 0.7668088671875 0.3789026125 0.6955347546875 0.37310312031250004 0.686212421875 0.48766590625 0.7574865296875 0.49346535312500006 0.7668088671875 0.3789026125
5 0.6489641234375 0.6371347328125 0.622630821875 0.643098153125 0.640695375 0.7228566046875 0.6670286609375 0.716893234375 0.6489641234375 0.6371347328125
8 0.5404362390624999 0.6252602296875 0.5251658609375001 0.6254289562500001 0.5263918984375 0.7363753843749999 0.541662275 0.7362066609375 0.5404362390624999 0.6252602296875
8 0.38117924687500004 0.710899546875 0.4018450140625 0.716224075 0.42966105 0.608277603125 0.40899572656250005 0.6029531359375 0.38117924687500004 0.710899546875
8 0.2893616375 0.35903015781250003 0.259371975 0.3619966578125 0.2703106515625 0.47257503749999996 0.30030030937499996 0.469608559375 0.2893616375 0.35903015781250003
8 0.46791799999999995 0.48804208281249994 0.48725390625 0.48646874531249995 0.47987863906249995 0.3958361375 0.460542971875 0.3974094640625 0.46791799999999995 0.48804208281249994
8 0.5024368359375 0.37422111406249997 0.480647459375 0.3760144703125 0.4900015953125 0.48966158125000003 0.5117909703125 0.4878682375 0.5024368359375 0.37422111406249997
5 0.5013712375 0.36536473593749996 0.4808790125 0.36647637187500004 0.4821365875 0.389657890625 0.5026288125 0.38854625625 0.5013712375 0.36536473593749996
8 0.3731847390625 0.5620894937500001 0.32792621093749996 0.543086375 0.2689324046875 0.6835725375 0.31419077500000003 0.7025753796875 0.3731847390625 0.5620894937500001
8 0.5817133906249999 0.7113924375 0.60729346875 0.7079417546875 0.5943865046875 0.6122770734375 0.56880691875 0.6157277234375 0.5817133906249999 0.7113924375
8 0.600162621875 0.7120909328125 0.6244588421875 0.710641278125 0.6165464953125 0.5780528875 0.5922509140625001 0.5795025218750001 0.600162621875 0.7120909328125
5 0.672643796875 0.7146835328125001 0.69769758125 0.70560768125 0.676849240625 0.648064853125 0.6517957484375 0.6571406468750001 0.672643796875 0.7146835328125001
