5 0.2737387390625 0.613879871875 0.26884724531250004 0.6812763671875001 0.42469745625 0.6925844515625 0.4295878328125 0.6251890062500001 0.2737387390625 0.613879871875
5 0.6459420312499999 0.6275375078125001 0.652142290625 0.7083229281250001 0.7422092625000001 0.7014104859375 0.7360083265624999 0.620625803125 0.6459420312499999 0.6275375078125001
4 0.6017901140624999 0.5094759375 0.60853195625 0.42499370000000003 0.5944424578125 0.4238694359375 0.5877005390625001 0.5083515890625 0.6017901140624999 0.5094759375
4 0.6332274359375 0.52935055625 0.6534252859375 0.5296900499999999 0.6549166765625001 0.44096133593750003 0.6347190953124999 0.44062184374999996 0.6332274359375 0.52935055625
7 0.6466287875 0.5924458125000001 0.617748178125 0.5927330125 0.6193250328125 0.7512801046875001 0.64820564375 0.7509929093750001 0.6466287875 0.5924458125000001
7 0.4319143625 0.5622089671875 0.457573215625 0.5599123984375 0.44583168281249996 0.42874041875 0.42017333749999997 0.43103696406249997 0.4319143625 0.5622089671875
7 0.4354391265625 0.45627330468749994 0.399154009375 0.45925963125 0.40993715000000003 0.590269109375 0.4462222640625 0.5872828140624999 0.4354391265625 0.45627330468749994
5 0.70556925 0.4747810484375 0.7091711953125001 0.538550290625 0.7688838203125 0.535177465625 0.7652816 0.47140851718750004 0.70556925 0.4747810484375
5 0.26768165312500003 0.557499140625 0.3242204265625 0.55702398125 0.32350846093749996 0.4723589125 0.266970440625 0.47283406718750004 0.26768165312500003 0.557499140625
1 0.45242787812499996 0.6654243156249999 0.47844378593750003 0.6617718984375001 0.46918640156249997 0.59584145625 0.44317082343749997 0.5994938484375 0.45242787812499996 0.6654243156249999
7 0.327063221875 0.6061037015624999 0.3747913609375 0.6023423453125 0.3644399515625 0.47101165156249997 0.3167128375 0.47477296874999997 0.327063221875 0.6061037015624999
1 0.5091896109375 0.5284234296875 0.48306253281249995 0.5310216984375 0.488193421875 0.582610978125 0.5143204984375 0.580012721875 0.5091896109375 0.5284234296875
