8 0.6801985141672731 0.5152326795640556 0.7175919367539336 0.5238141995648425 0.6987153510660846 0.6060599787412722 0.6613219488800723 0.5974785207504835
8 0.36963371032652503 0.680636433150807 0.3934790427158532 0.6814268322931725 0.391032832067026 0.7552146083980555 0.3671875 0.754424215625001
8 0.3675357973904738 0.7697513181515256 0.3396494722430816 0.7684714508653965 0.3441681068111393 0.6700409241681262 0.37205383011792037 0.6713207776175396
8 0.7086409826963518 0.7465809284778521 0.6666702453180733 0.7577106963591134 0.6400735206466379 0.6574274992749484 0.6820433736965015 0.6462978549643581
6 0.24652445382901078 0.7521026495723223 0.23017136476835276 0.7609123098558667 0.2160017582830278 0.7346140765151746 0.2323547573464566 0.7258044460786945
6 0.2737600835532703 0.7636887846223386 0.2739638192044822 0.7807810454247007 0.24638732356481796 0.7811096077435838 0.24618364401680992 0.7640174022414012
6 0.7620235004234246 0.7502986435912872 0.7825306711721396 0.743229349056968 0.7946010021884149 0.7782377959243755 0.7740938462645772 0.7853070599753682
6 0.7858946071198716 0.7259102857566314 0.799802285975943 0.7192719546644761 0.8113301124587906 0.7434194777636945 0.7974224462377606 0.7500577889677468
6 0.7159178242088728 0.7683528224780211 0.7321153078786438 0.7595674442511691 0.7453004812900872 0.783872366571065 0.7291030177675566 0.7926577160526719
6 0.6179350863061472 0.7639577604315384 0.6200630304030028 0.7830015032704277 0.6104451238046522 0.7840759896764655 0.6083172034291238 0.7650322684906244
6 0.3967832087048464 0.7773049563586599 0.4104810655815072 0.7794139948798048 0.406676341328307 0.8041203749321519 0.3929784859000165 0.8020113427585187
