5 0.4023205984375 0.6822065671875001 0.417367865625 0.6244059609375 0.3090576890625 0.596212753125 0.29401001718750003 0.6540127296875 0.4023205984375 0.6822065671875001
1 0.3996553453125 0.6612219953125 0.4156450890625 0.6627607890625 0.4197427796875 0.6201860765625 0.4037531671875 0.6186472890625 0.3996553453125 0.6612219953125
6 0.4186011921875 0.7051831890625 0.3943446703125 0.7032789109375 0.3901028640625 0.757302071875 0.4143593859375 0.7592063375 0.4186011921875 0.7051831890625
6 0.508389071875 0.4602952734375 0.5315534609375 0.4775730703125 0.554884503125 0.446294971875 0.5317201984375 0.429017221875 0.508389071875 0.4602952734375
2 0.408103771875 0.5462977859375 0.378914734375 0.5545913625 0.38940481718750003 0.591507321875 0.41859384374999997 0.583213771875 0.408103771875 0.5462977859375
2 0.4160172765625 0.5823998515625 0.43303752656250005 0.5760525421875 0.41903743125000004 0.5385152015625 0.4020172875 0.5448624890625 0.4160172765625 0.5823998515625
2 0.44615435000000003 0.5364208140625 0.4208080265625 0.5439826578125 0.43724226875000005 0.599062771875 0.462588575 0.591500965625 0.44615435000000003 0.5364208140625
2 0.476691203125 0.5374449343750001 0.45653697812500005 0.5374449343750001 0.45653697812500005 0.5991189421875001 0.476691203125 0.5991189421875001 0.476691203125 0.5374449343750001
2 0.48074787187499995 0.5952285484375001 0.510292553125 0.5931545687499999 0.5060224765625 0.53233391875 0.47647810156250003 0.5344078890625 0.48074787187499995 0.5952285484375001
2 0.542411496875 0.5403817906249999 0.5091132140625 0.5403817906249999 0.5091132140625 0.5961820859375 0.542411496875 0.5961820859375 0.542411496875 0.5403817906249999
2 0.5424114515625 0.59471365625 0.565194625 0.59471365625 0.5651945109375001 0.5256975046875 0.5424116046874999 0.5256975046875 0.5424114515625 0.59471365625
2 0.5641319296875 0.5936494140625 0.5908858515625 0.5963100171875 0.5973260203125 0.5315553328125 0.570572396875 0.52889474375 0.5641319296875 0.5936494140625
2 0.6169333703125 0.5414239515625 0.5944007421874999 0.5422642515625 0.5962067515625 0.590687728125 0.6187393796875 0.58984743125 0.6169333703125 0.5414239515625
2 0.61189085 0.585322315625 0.6349859062500001 0.5927425093750001 0.6493920265625001 0.54790825 0.6262971453125 0.5404880875 0.61189085 0.585322315625
2 0.6884721359375 0.588239071875 0.6867790796875 0.5569250234374999 0.6396775328125 0.559471365625 0.641370453125 0.5907852859375 0.6884721359375 0.588239071875
2 0.6887382359374999 0.583536996875 0.7250112671875 0.588174878125 0.7290742234375001 0.5564008484375 0.6928013921875 0.5517629796875 0.6887382359374999 0.583536996875
