5 0.3906414296875 0.673127753125 0.410934371875 0.5907174484375 0.2654344515625 0.55489291875 0.245140740625 0.63730205625 0.3906414296875 0.673127753125
5 0.6971708890625 0.66459130625 0.7960097734375 0.6609053578124999 0.7907465828125 0.5198237890625 0.69191020625 0.523509690625 0.6971708890625 0.66459130625
5 0.24609048281249998 0.4856816640625 0.304459646875 0.49221213593749996 0.31366219375000004 0.4099625640625 0.255293684375 0.40343212812499996 0.24609048281249998 0.4856816640625
6 0.7261318953125 0.7056779609375 0.7178100015625 0.6680844828125 0.6720189546875 0.6782195578125 0.6803406359374999 0.7158128515625 0.7261318953125 0.7056779609375
2 0.30937703125 0.498308284375 0.3115141953125 0.49889867812500005 0.32794433437500004 0.43942733125 0.32580718750000004 0.4388369390625 0.30937703125 0.498308284375
2 0.3092937015625 0.5348351234375001 0.35614324375 0.535611646875 0.357858465625 0.43211585 0.3110096390625 0.43133933124999996 0.3092937015625 0.5348351234375001
2 0.395215621875 0.45212755312499997 0.35751837656249996 0.45044052656250005 0.35300852968749996 0.551207359375 0.390705775 0.552894371875 0.395215621875 0.45212755312499997
2 0.42980482656249996 0.45748571250000003 0.39349770156249997 0.454462809375 0.38479736249999996 0.558951965625 0.4211044859375 0.5619748453125 0.42980482656249996 0.45748571250000003
2 0.46135654375 0.558370090625 0.461356209375 0.45374426406249996 0.42258147656249995 0.4537445015625 0.422581496875 0.5583700125 0.46135654375 0.558370090625
2 0.48838503906249997 0.454122425 0.45577196718749996 0.45517431718749995 0.45897881093750004 0.55459256875 0.4915918828125 0.5535406843749999 0.48838503906249997 0.454122425
2 0.531719925 0.45234757031250006 0.49062424375 0.4510900484375 0.487517271875 0.55261821875 0.528612953125 0.5538757296875 0.531719925 0.45234757031250006
2 0.5677728906249999 0.45760623906250003 0.5319790531249999 0.45437017968750004 0.522975125 0.5539546828125 0.5587689578124999 0.557190715625 0.5677728906249999 0.45760623906250003
2 0.5949581828125 0.4530116796875 0.5653559359375 0.4519926328125 0.56185084375 0.55380440625 0.5914530890624999 0.5548234453124999 0.5949581828125 0.4530116796875
2 0.395876746875 0.6654494093750001 0.4346817703125 0.6640874171875 0.43175968749999993 0.5808527171875 0.3929552765625 0.5822147 0.395876746875 0.6654494093750001
2 0.4590027796875 0.5887143234375001 0.43110421250000003 0.5897387015625 0.43431703437499997 0.677228409375 0.4622156015625 0.6762040390624999 0.4590027796875 0.5887143234375001
2 0.47963022187500004 0.5873456765625 0.4536488671875 0.5887236515625001 0.45849315625 0.6800506937499999 0.48447451093750005 0.6786727296875 0.47963022187500004 0.5873456765625
2 0.5028051 0.5848767968749999 0.47927782499999994 0.5868035703125 0.48633015312500005 0.672907490625 0.5098574265625 0.6709807328124999 0.5028051 0.5848767968749999
2 0.522940515625 0.5819105578125 0.501131778125 0.5838624421875 0.509238434375 0.6744289453125 0.53104716875 0.6724770765625 0.522940515625 0.5819105578125
2 0.5487555515625 0.5751432875 0.5240056265625 0.5742746078125001 0.52025304375 0.6811786984375 0.54500296875 0.6820473703125 0.5487555515625 0.5751432875
2 0.5670228421875 0.5724277703125 0.5431239437500001 0.5738189578124999 0.548764446875 0.6707048453125 0.57266334375 0.6693136703125 0.5670228421875 0.5724277703125
2 0.590471553125 0.560673446875 0.5596271828125 0.565162203125 0.5760063484375 0.677698553125 0.606850709375 0.6732098453125 0.590471553125 0.560673446875
2 0.6160027125 0.5548023453125001 0.5820659328125 0.5652005375 0.6079810953125 0.6497711546875 0.6419178375000001 0.6393730468750001 0.6160027125 0.5548023453125001
2 0.6297577765625 0.6343148203125 0.657884753125 0.6301191328125 0.6457872484375 0.549030475 0.617660678125 0.553226134375 0.6297577765625 0.6343148203125
2 0.6903126765625001 0.535186059375 0.6399484046875 0.547206515625 0.6611611703125 0.636076346875 0.7115254078125 0.6240559890624999 0.6903126765625001 0.535186059375
2 0.6374012578125 0.4570942890625 0.597615378125 0.4541267890625 0.590660353125 0.547367434375 0.63044623125 0.5503349125 0.6374012578125 0.4570942890625
2 0.6540085578125 0.45481889999999997 0.626884771875 0.457130984375 0.6339275468750001 0.539745990625 0.66105133125 0.537433921875 0.6540085578125 0.45481889999999997
2 0.6827753953125 0.44424754218749996 0.652016471875 0.44686949687500005 0.6592504 0.531726875 0.6900093218750001 0.5291049359375 0.6827753953125 0.44424754218749996
2 0.732040621875 0.431857365625 0.6792439703125 0.43852158125 0.6901426734375 0.52485975 0.7429393171875 0.5181955765625 0.732040621875 0.431857365625
