2 0.297672440625 0.52046435625 0.263558934375 0.5355851515625 0.294071259375 0.604416396875 0.32818470624999996 0.5892956984375 0.297672440625 0.52046435625
2 0.3648322734375 0.6319446421875 0.3764095453125 0.5806275828125 0.3244704828125 0.5689112656249999 0.31289303749999997 0.6202280734375 0.3648322734375 0.6319446421875
2 0.37877115625 0.5469527890625 0.41006095781249996 0.5425963703125001 0.40408592499999996 0.4996853359375 0.3727963359375 0.5040417390624999 0.37877115625 0.5469527890625
2 0.4032014828125 0.49691477187500005 0.4070106703125 0.5401017515625 0.45192275156250006 0.5361405890625 0.44811342656250003 0.4929537640625 0.4032014828125 0.49691477187500005
7 0.49865728281250005 0.47188221874999997 0.5092384328125 0.471994965625 0.5099894843749999 0.40151038437500003 0.4994084359375 0.4013976375 0.49865728281250005 0.47188221874999997
2 0.4897100375 0.54625550625 0.5190026203125 0.54625550625 0.5190024531249999 0.474512271875 0.4897101984375 0.474512271875 0.4897100375 0.54625550625
2 0.64249444375 0.5801196453124999 0.6105261578125 0.5728530953125001 0.6001874968750001 0.6183319125 0.6321557734375001 0.6255984328124999 0.64249444375 0.5801196453124999
2 0.6383106359374999 0.623622825 0.6826923890625001 0.620974675 0.6804387359375 0.5832112828125 0.6360572875 0.5858594234375001 0.6383106359374999 0.623622825
7 0.6728254265625 0.7095641875 0.6797357749999999 0.708621753125 0.667718190625 0.620516046875 0.6608079640625 0.6214584734375 0.6728254265625 0.7095641875
4 0.7320365890625 0.72960369375 0.7496526875 0.725616846875 0.7315607625 0.6456891125 0.7139449546875001 0.649675925 0.7320365890625 0.72960369375
1 0.7351555453125 0.5520103062499999 0.7534325468749999 0.54655744375 0.7405738328125 0.5034612953125001 0.7222969546875 0.5089141374999999 0.7351555453125 0.5520103062499999
