2 0.7664064734375 0.4415925203125 0.7485150640625 0.4139609234375 0.7005846578125 0.44499395937499997 0.7184759453125 0.47262544999999995 0.7664064734375 0.4415925203125
2 0.43376748281250005 0.5548476421874999 0.3713417546875 0.5384612765625 0.35305080312500003 0.6081359187500001 0.415476490625 0.6245221796875 0.43376748281250005 0.5548476421874999
1 0.3411606734375 0.5989502515625 0.3620300140625 0.5566118609374999 0.3227733859375 0.5372635031249999 0.301904015625 0.5796017328125 0.3411606734375 0.5989502515625
8 0.6025815296875 0.5921144875000001 0.587920178125 0.5921144875000001 0.587920178125 0.6891622984375 0.6025815296875 0.6891622984375 0.6025815296875 0.5921144875000001
1 0.394867865625 0.44947473281250006 0.3878270546875 0.4493392078125 0.387338271875 0.47473093281249995 0.394379084375 0.47486645625 0.394867865625 0.44947473281250006
2 0.4414088546875 0.443683409375 0.409292278125 0.44160036406250003 0.4056635234375 0.497545184375 0.4377801 0.49962822031250004 0.4414088546875 0.443683409375
2 0.46866291562500006 0.44799595312499996 0.44094501875000003 0.44534966875000004 0.4351866484375 0.50566038125 0.46290454375 0.5083066546875 0.46866291562500006 0.44799595312499996
2 0.4882745640625 0.4513731484375 0.46598882656249996 0.450602259375 0.46403212031249996 0.50716496875 0.4863178578125 0.50793585625 0.4882745640625 0.4513731484375
2 0.5223546156250001 0.453774359375 0.487874121875 0.45308854375 0.4867679390625 0.5086997156249999 0.5212484328125 0.5093855296875 0.5223546156250001 0.453774359375
2 0.525295471875 0.5124374703125001 0.5571171968749999 0.510816540625 0.5539060234375001 0.4477828 0.5220845921875 0.449403721875 0.525295471875 0.5124374703125001
2 0.5797751640625 0.439902065625 0.553684765625 0.44088739062500004 0.55598329375 0.5017460875 0.5820736921874999 0.5007607671875001 0.5797751640625 0.439902065625
2 0.601616078125 0.450689846875 0.5795756734374999 0.44985747500000006 0.57753080625 0.5039999359375 0.599571209375 0.5048323046875 0.601616078125 0.450689846875
2 0.5940002234375 0.49665406250000005 0.6308945203125 0.49724905625 0.6317177390625 0.4461981 0.5948237125 0.4456031078125 0.5940002234375 0.49665406250000005
1 0.6916114328125 0.4577196875 0.703111203125 0.4582760640625 0.7049646421875 0.41996894375 0.6934649312500001 0.41941256875 0.6916114328125 0.4577196875
2 0.64035121875 0.5611997390625 0.6074176359375 0.5460836812500001 0.5928689984375 0.5777779671875 0.625802553125 0.5928939796875 0.64035121875 0.5611997390625
2 0.6752818703125001 0.5307804046875 0.62255491875 0.5433649265625 0.6332485359375 0.5881650656249999 0.6859754703125 0.5755805921875 0.6752818703125001 0.5307804046875
2 0.742450678125 0.5516934421874999 0.729634446875 0.51536924375 0.6732025984375001 0.535278259375 0.6860186171875 0.5716022781250001 0.742450678125 0.5516934421874999
