7 0.28421564374999997 0.682136440625 0.2787562390625 0.6817846484375 0.27443641093750004 0.7488132953125 0.279895815625 0.749165084375 0.28421564374999997 0.682136440625
7 0.2421019796875 0.7256263734374999 0.246379621875 0.7273690109375 0.2684909671875 0.6731005734375 0.264213371875 0.671357946875 0.2421019796875 0.7256263734374999
7 0.3198757875 0.7024111875 0.314629290625 0.7017621078125 0.3069388859375 0.7639136109375 0.31218538125 0.764562684375 0.3198757875 0.7024111875
7 0.73735846875 0.54775795625 0.74230974375 0.5473420875 0.7372990125000001 0.48769015781249997 0.7323477828125 0.4881060234375 0.73735846875 0.54775795625
7 0.7514361890625 0.4885733375 0.7441785125 0.48916387187500004 0.7486285171875 0.5438501390625 0.75588619375 0.54325960625 0.7514361890625 0.4885733375
7 0.7924898484375 0.52783260625 0.7960305171875001 0.527573346875 0.7912190578125 0.461869421875 0.7876784234375 0.46212868125 0.7924898484375 0.52783260625
7 0.7853982562499999 0.5290237359375001 0.7918329828124999 0.5285517890625 0.7880308578124999 0.476716503125 0.7815961828125 0.47718844843749997 0.7853982562499999 0.5290237359375001
5 0.7330094468749999 0.7084110375 0.78844931875 0.6923729234375 0.7733781296875 0.6402837765625 0.7179388375 0.6563218 0.7330094468749999 0.7084110375
5 0.291432934375 0.589865009375 0.3066415609375 0.53866881875 0.2587769078125 0.524451190625 0.2435681546875 0.5756471671875001 0.291432934375 0.589865009375
2 0.29661588125 0.6765354625 0.3093023890625 0.6338205921875 0.2547883109375 0.617631659375 0.242101665625 0.6603462906249999 0.29661588125 0.6765354625
2 0.3429164234375 0.6335142734375 0.3031928390625 0.6364769796874999 0.30697445156250003 0.6871737140625 0.3466980328125 0.684211021875 0.3429164234375 0.6335142734375
2 0.780396940625 0.5937391453124999 0.7712525078125 0.556525290625 0.7166548390624999 0.569939971875 0.7257990578125 0.6071536421875 0.780396940625 0.5937391453124999
2 0.819135775 0.5383465671875001 0.7661039125 0.5608618390625 0.77800060625 0.588880240625 0.8310324359375001 0.5663650265625 0.819135775 0.5383465671875001
