5 0.3404228453125 0.6584033687499999 0.396151396875 0.671528940625 0.4119318359375 0.6045351765625 0.3562039953125 0.5914096921875001 0.3404228453125 0.6584033687499999
5 0.6315458671874999 0.6374409437499999 0.6447160890625 0.6894273125 0.7012355796875 0.675110278125 0.688065159375 0.6231242124999999 0.6315458671874999 0.6374409437499999
8 0.65583423125 0.5546821765625001 0.684284446875 0.5577136078125 0.6927469421875 0.4782977984375 0.66429708125 0.4752663859375 0.65583423125 0.5546821765625001
8 0.3532373203125 0.4860782375 0.32687984062500003 0.4724955765625 0.2947772390625 0.534786696875 0.32113466874999996 0.5483692828125 0.3532373203125 0.4860782375
1 0.780662271875 0.5406622953125 0.773230571875 0.5188936187500001 0.7364602296875 0.5314456953125 0.74389185 0.5532143031250001 0.780662271875 0.5406622953125
1 0.738551603125 0.5242889515625 0.7275641 0.5233055359375001 0.723809121875 0.5652554453125 0.7347966265625 0.56623885625 0.738551603125 0.5242889515625
6 0.580784396875 0.41531622031250004 0.5624190078125 0.4134267828125 0.5586729593750001 0.4498364796875 0.5770383484375 0.4517259109375 0.580784396875 0.41531622031250004
7 0.47288503437499996 0.5341752765625001 0.47847726875 0.533975065625 0.47421978749999993 0.41506711249999995 0.4686276546875 0.41526732343750006 0.47288503437499996 0.5341752765625001
7 0.41875987031250006 0.63547408125 0.4132629546875 0.6349530046874999 0.40089379531249997 0.7654185015625 0.406390709375 0.765939571875 0.41875987031250006 0.63547408125
7 0.4301933765625 0.7696961515625 0.434997453125 0.769969140625 0.4429547921875 0.629955946875 0.43815085781249996 0.6296829625 0.4301933765625 0.7696961515625
7 0.6013061765625001 0.7742567734375 0.606598384375 0.774229075 0.6059411140625001 0.6486784140624999 0.60064905 0.6487061125 0.6013061765625001 0.7742567734375
7 0.633835384375 0.7834422484375 0.640478665625 0.782966603125 0.6315720296875 0.6585903078124999 0.6249289296875 0.659065946875 0.633835384375 0.7834422484375
7 0.7301008296875 0.7548952203125 0.7413253390625 0.75220254375 0.71569400625 0.64537445 0.7044697453125 0.648067096875 0.7301008296875 0.7548952203125
7 0.73043804375 0.7462863375000001 0.7380391875 0.7444933265625 0.71569400625 0.6497797359375 0.7080930125 0.651572728125 0.73043804375 0.7462863375000001
7 0.7487391015625 0.736374528125 0.758412603125 0.7323786875 0.7229232390625 0.6464757703124999 0.713249903125 0.650471571875 0.7487391015625 0.736374528125
7 0.297811734375 0.69723655625 0.3044642 0.6992390875 0.3337820484375 0.6018570624999999 0.3271297078125 0.5998545515625 0.297811734375 0.69723655625
7 0.341048009375 0.606786590625 0.3338589703125 0.605726853125 0.320057834375 0.6993392078125 0.327246871875 0.700398934375 0.341048009375 0.606786590625
7 0.34711898125 0.6067450578125 0.3362988234375 0.6051453515625 0.32214893437500003 0.700841009375 0.3329690890625 0.7024407 0.34711898125 0.6067450578125
7 0.4997380984375 0.5194546046874999 0.5056878296875 0.5190228234375 0.4978261328125 0.4107004953125 0.49187649375 0.41113227343750003 0.4997380984375 0.5194546046874999
7 0.624498515625 0.41776857968750003 0.6172482625 0.4172042953125 0.6048677984374999 0.5762644015625 0.6121180515625 0.5768286796875 0.624498515625 0.41776857968750003
7 0.63147980625 0.4185360109375 0.62387465625 0.4179687671875 0.6136856640625 0.554565315625 0.6212908140625 0.555132553125 0.63147980625 0.4185360109375
7 0.6389294750000001 0.5426939515625 0.6481216125 0.5430516609375 0.6523240765625 0.43506684531250006 0.643132090625 0.43470913906249997 0.6389294750000001 0.5426939515625
8 0.267800128125 0.5347878609375 0.30494262031249997 0.5334401109375 0.30010736250000003 0.4002082359375 0.26296558281250004 0.401555971875 0.267800128125 0.5347878609375
8 0.35310477812499996 0.5824730687499999 0.374247475 0.5758909859375 0.3369752265625 0.45617758437499994 0.31583291406249997 0.46275960312500003 0.35310477812499996 0.5824730687499999
8 0.36735156562500004 0.41670954687500006 0.34088769375 0.421095921875 0.3665325140625 0.5758055046874999 0.3929963734375 0.5714191796875 0.36735156562500004 0.41670954687500006
1 0.3882517890625 0.5687647296875 0.4152013078125 0.56603408125 0.40913870625 0.50620745 0.38218945 0.5089380859375 0.3882517890625 0.5687647296875
8 0.41060813593749995 0.55100998125 0.4386688125 0.5486844625 0.42813578281250003 0.4216016515625 0.40007564531249995 0.423927146875 0.41060813593749995 0.55100998125
1 0.2810454609375 0.6186055203125 0.2959393921875 0.6255604203125 0.30888208125 0.5978466984375 0.2939882203125 0.5908918171875001 0.2810454609375 0.6186055203125
2 0.4780671765625 0.598390840625 0.44903132812499996 0.6007008093749999 0.45581042343749995 0.6859023578125 0.48484627031249994 0.683592409375 0.4780671765625 0.598390840625
2 0.477293478125 0.679616640625 0.4995180515625 0.68044543125 0.5024016015625 0.6031271 0.4801773640625 0.6022983156249999 0.477293478125 0.679616640625
8 0.685880871875 0.54625550625 0.7049995578125 0.54625550625 0.7049994734375 0.48778534218749997 0.6858809640625 0.48778534218749997 0.685880871875 0.54625550625
2 0.49996434531249995 0.6964019796875001 0.5190451296874999 0.696944115625 0.5215219453125 0.6097776265625 0.502441490625 0.6092354953125 0.49996434531249995 0.6964019796875001
2 0.541150190625 0.6117779234375 0.5218869374999999 0.6121063140625 0.5232096671875001 0.689687365625 0.5424729203124999 0.689358978125 0.541150190625 0.6117779234375
2 0.56272185625 0.6187852031250001 0.5410152140625 0.6195470640625 0.5433202203125 0.6852120765625 0.5650268609375 0.6844502203125 0.56272185625 0.6187852031250001
2 0.5629996734375 0.6910007593749999 0.5914214359375001 0.68978945625 0.58820051875 0.614228965625 0.5597791828124999 0.615440259375 0.5629996734375 0.6910007593749999
