2 0.42375810156249993 0.6308788921875 0.45011701249999997 0.6348108109374999 0.459951090625 0.5688913421875 0.43359249375 0.564959446875 0.42375810156249993 0.6308788921875
2 0.48045219218749996 0.5840188328125 0.4560473359375 0.5846519484375 0.45795098437500004 0.6580240015625 0.48235584062500003 0.657390890625 0.48045219218749996 0.5840188328125
2 0.60056011875 0.6476684515625 0.627449903125 0.640983296875 0.612586390625 0.5812051874999999 0.585696903125 0.587890303125 0.60056011875 0.6476684515625
2 0.6356297171875 0.5132142140625 0.6790168578125 0.5058173359375 0.6700549125 0.4532550171875 0.6266681078125 0.46065186562499993 0.6356297171875 0.5132142140625
2 0.4096879609375 0.4064659828125 0.3626170296875 0.39272105625 0.337337271875 0.479289375 0.38440816718750004 0.49303421875 0.4096879609375 0.4064659828125
2 0.3823240515625 0.5050311515625 0.4113053546875 0.5103249671875 0.42499551718750006 0.43538172187499996 0.3960145265625 0.4300879359375 0.3823240515625 0.5050311515625
2 0.40426146875 0.5207611328125 0.4368586625 0.5276499015625 0.4523315109375 0.4544380546875 0.419734671875 0.44754932500000005 0.40426146875 0.5207611328125
2 0.384390796875 0.609887434375 0.38439060937499997 0.5394027359375 0.337072125 0.53940291875 0.3370720203125 0.609887325 0.384390796875 0.609887434375
2 0.37132821875 0.62300554375 0.41797591093750003 0.6341390062500001 0.43729982500000003 0.5531817125 0.39065279375 0.5420483328125 0.37132821875 0.62300554375
4 0.3984603703125 0.65534470625 0.3715508515625 0.6508006609375 0.3585775640625 0.72761669375 0.3854870734375 0.732160703125 0.3984603703125 0.65534470625
4 0.35748551875 0.6156644 0.333449328125 0.6076968625 0.314272378125 0.6655422125 0.338308546875 0.6735097031249999 0.35748551875 0.6156644
