2 0.214829796875 0.56302423125 0.15837185781250002 0.5621461875 0.1571106671875 0.643231665625 0.21356860625000001 0.644109703125 0.214829796875 0.56302423125
7 0.1954839203125 0.47765903906249996 0.18847157812499998 0.47742549062500006 0.1868869421875 0.5250009546875 0.1938992828125 0.5252345015625 0.1954839203125 0.47765903906249996
6 0.1732574171875 0.447467771875 0.17250617031249998 0.51500859375 0.2158672578125 0.5154906687499999 0.2166182890625 0.447950059375 0.1732574171875 0.447467771875
7 0.6738767265625001 0.5443045890625 0.6841149265625 0.5471105859375001 0.7045531671874999 0.47254376093749995 0.694315084375 0.4697377828125 0.6738767265625001 0.5443045890625
7 0.6954504484374999 0.51355078125 0.7004756578125 0.5147225375 0.7122963984374999 0.4640316875 0.7072712250000001 0.4628599359375 0.6954504484374999 0.51355078125
7 0.642726903125 0.5458509312500001 0.6464624999999999 0.5474671875 0.6681386828125 0.49737198437499996 0.664403115625 0.49575573593750005 0.642726903125 0.5458509312500001
7 0.640599459375 0.5336161484375 0.6450578124999999 0.5345671875 0.659954778125 0.46473739375 0.655496471875 0.46378635937499996 0.640599459375 0.5336161484375
7 0.624582884375 0.5399302515625 0.6351201296875 0.54270078125 0.652487384375 0.47665250937500003 0.6419502453125 0.47388199374999995 0.624582884375 0.5399302515625
2 0.684540909375 0.7134602078125 0.6521099359375 0.6471059484375 0.586417340625 0.679209003125 0.6188477125 0.74556275 0.684540909375 0.7134602078125
2 0.551994975 0.7505316765625001 0.607822678125 0.7456363578125 0.60172815 0.676147840625 0.5459012859375 0.6810431218749999 0.551994975 0.7505316765625001
2 0.5213261124999999 0.76701656875 0.5585619453125 0.75941968125 0.5429052828125001 0.6826933859375 0.505670078125 0.6902902078125 0.5213261124999999 0.76701656875
1 0.5076910171875 0.759830009375 0.511615634375 0.7596937500000001 0.5110140624999999 0.7423703125000001 0.5070894609375001 0.742506571875 0.5076910171875 0.759830009375
1 0.2483596859375 0.7234800828125 0.259851234375 0.7226998906250001 0.257888121875 0.6937900078125 0.2463966453125 0.6945701984375 0.2483596859375 0.7234800828125
