1 0.256943446875 0.6611075296875 0.273173325 0.6461483484375 0.2477546953125 0.6185740484375 0.23152488437500002 0.633533175 0.256943446875 0.6611075296875
1 0.2912528796875 0.6584616140625 0.281987765625 0.6571007875 0.276421875 0.694990625 0.2856869875 0.696351446875 0.2912528796875 0.6584616140625
1 0.2720873890625 0.6642042484374999 0.27938605625 0.666435665625 0.2864427875 0.6433570296875 0.27914415312499996 0.6411256171875 0.2720873890625 0.6642042484374999
1 0.59868044375 0.6599940953125001 0.5849020484375 0.656783615625 0.5804166796875 0.676030853125 0.5941950734375 0.679241325 0.59868044375 0.6599940953125001
1 0.7164973375 0.63144699375 0.6994838515625 0.61839209375 0.6843645578124999 0.6380935703125 0.701378015625 0.6511484390625 0.7164973375 0.63144699375
1 0.7372464921875 0.6196708984375 0.725073015625 0.6182917906250001 0.720667071875 0.6571785921875 0.7328405484375 0.6585576953125 0.7372464921875 0.6196708984375
1 0.63146295625 0.590655990625 0.6398969015625 0.5907515625 0.6403006515625 0.5551226859375 0.6318667578125 0.5550271140625 0.63146295625 0.590655990625
1 0.2730122171875 0.54387340625 0.2657294921875 0.5432799890625 0.2635667734375 0.5698195593750001 0.27084949687500004 0.5704129734375 0.2730122171875 0.54387340625
1 0.256321565625 0.5684006687500001 0.260734378125 0.56896875 0.26456881875 0.5391858921875 0.2601560265625 0.5386178109374999 0.256321565625 0.5684006687500001
1 0.245168425 0.5333562046875 0.229086090625 0.5366350953125 0.23348268125 0.55819759375 0.2495650140625 0.554918709375 0.245168425 0.5333562046875
5 0.6246487828125 0.6962096859375 0.6540756875 0.751808790625 0.7071919249999999 0.7237000359375 0.67776498125 0.6681012921875 0.6246487828125 0.6962096859375
9 0.8154358234375 0.5672921843750001 0.744521825 0.5578344515625 0.729063403125 0.6737285390625 0.7999773828125 0.6831861671875 0.8154358234375 0.5672921843750001
9 0.2573471765625 0.585012365625 0.165187915625 0.5536465500000001 0.1307381921875 0.6548558703125 0.22289730156249998 0.6862213671874999 0.2573471765625 0.585012365625
9 0.7427173859375 0.36517426249999996 0.6924287296875 0.3784127578125 0.72323613125 0.495433540625 0.7735247453125 0.4821951515625 0.7427173859375 0.36517426249999996
7 0.653928940625 0.5123958515625 0.6585937875 0.5117187453125001 0.6515625 0.46328125 0.6468976875 0.4639583546875 0.653928940625 0.5123958515625
7 0.6537064203125 0.427935753125 0.6505766765625001 0.428370409375 0.6617187421875 0.5085937515625 0.664848484375 0.5081590984375 0.6537064203125 0.427935753125
7 0.6801405984375 0.4507343171875 0.6749999625 0.4499999953125 0.66640625 0.51015625 0.671546884375 0.5108905703125 0.6801405984375 0.4507343171875
6 0.6708592640625 0.46492161562499995 0.689375040625 0.4587500734375 0.67984378125 0.4301563984375 0.661328075 0.43632792968749995 0.6708592640625 0.46492161562499995
7 0.2960400125 0.694396109375 0.2890622625 0.6914061484375 0.2581492125 0.7635372546875 0.2651269484375 0.766527190625 0.2960400125 0.694396109375
7 0.28711684375 0.7905448171875 0.2935050390625 0.791881659375 0.31093750625 0.7085937515625 0.3045494296875 0.707256921875 0.28711684375 0.7905448171875
