1 0.24945468750000002 0.5003625 0.2514078125 0.49030781250000005 0.2537515625 0.47953437499999996 0.24945468750000002 0.4802515625 0.244375 0.4888703125 0.245546875 0.504671875 0.24945468750000002 0.5003625
1 0.7115 0.529965625 0.71416875 0.52456875 0.714434375 0.5167203125000001 0.7125671875 0.5127953125 0.7098984374999999 0.502984375 0.7053625 0.496115625 0.702159375 0.49268124999999996 0.6994906249999999 0.498078125 0.6978890625 0.503475 0.696821875 0.5108328125 0.6976234375 0.520153125 0.701625 0.52653125 0.7072296875 0.529965625 0.7115 0.529965625
1 0.7139015625 0.5172109375 0.7179046875 0.522115625 0.7224406250000001 0.52064375 0.725109375 0.5157390625 0.7267109375 0.5054359374999999 0.727778125 0.497096875 0.7267109375 0.49022812499999996 0.7219078125 0.48237968750000004 0.7168375 0.4833609375 0.71416875 0.47747343750000004 0.7085640625 0.47355 0.7037609375 0.47355 0.7048281249999999 0.4833609375 0.7066953125000001 0.495134375 0.7104328125 0.5064171875000001 0.7139015625 0.5172109375
1 0.7152359374999999 0.5966828125 0.7115 0.5981546875 0.712834375 0.6045328125 0.7147015624999999 0.61041875 0.719771875 0.614834375 0.7219078125 0.615325 0.7227078125 0.6099281249999999 0.7227078125 0.6025703124999999 0.7213734374999999 0.5966828125 0.718171875 0.5961921875 0.7152359374999999 0.5966828125
1 0.7123 0.6261171875 0.7149687499999999 0.6226828125 0.7147015624999999 0.6163062499999999 0.7125671875 0.6084562499999999 0.708296875 0.6025703124999999 0.7061625 0.6109093750000001 0.7053625 0.621703125 0.7085640625 0.6261171875 0.7123 0.6261171875
2 0.62273125 0.6355015625 0.6167171875 0.63808125 0.6131078125 0.646190625 0.616515625 0.6679359375 0.621128125 0.684153125 0.6247375 0.6885765625 0.62975 0.6915250000000001 0.6351625000000001 0.6944734375 0.6395734375 0.6955796875 0.6457890625 0.6937375 0.6518046875 0.69263125 0.6584203125 0.6874703125 0.6652375 0.6801 0.6698484375 0.6664625 0.6688468750000001 0.6535624999999999 0.660225 0.6355015625 0.6598234374999999 0.6270249999999999 0.654209375 0.6248140624999999 0.6491984375000001 0.6233390625 0.6445859375 0.6233390625 0.6369671875 0.62739375 0.63255625 0.632553125 0.628746875 0.6336593749999999 0.62273125 0.6355015625
7 0.68590625 0.7480140625 0.6830890625 0.7413140625 0.6812671875 0.74161875 0.67845 0.7388765625 0.6782843749999999 0.74375 0.6827578125 0.7522796875 0.687728125 0.7586765625 0.6920375 0.7614171875 0.6973390625 0.760503125 0.6956828125000001 0.7592859375 0.6903796875 0.754715625 0.68590625 0.7480140625
2 0.6187265625 0.7027046875 0.623821875 0.6924484375 0.622365625 0.675946875 0.617028125 0.659 0.6129046875 0.649634375 0.6082953125 0.6474046875 0.594709375 0.6429453125 0.5857328125000001 0.6451749999999999 0.581365625 0.659 0.5845203125 0.6857578125 0.5874312500000001 0.69423125 0.5942234375 0.7009218749999999 0.60586875 0.7093953125 0.6126609375000001 0.7089484374999999 0.6187265625 0.7027046875
7 0.627446875 0.79426875 0.6322515625 0.8043203125 0.6314234375 0.79761875 0.6292703125 0.79183125 0.6257906249999999 0.7799515625 0.6218125 0.75710625 0.62115 0.7708140625000001 0.6175046875 0.763503125 0.6191625000000001 0.77325 0.6226421875 0.7881765625 0.628275 0.8113265625 0.6296015625 0.8101078125000001 0.6296015625 0.8052343750000001 0.627446875 0.79426875
1 0.5826625 0.70869375 0.586853125 0.71518125 0.59170625 0.7159921875 0.593690625 0.7082890625 0.5919265625000001 0.69936875 0.5881765624999999 0.691665625 0.5848687499999999 0.688421875 0.5817812499999999 0.6766656249999999 0.5808984374999999 0.6693671875 0.57869375 0.6766656249999999 0.5771499999999999 0.6782859375 0.5760468750000001 0.6823406249999999 0.5756046875 0.69045 0.57869375 0.6985578125 0.5826625 0.70869375
7 0.3605703125 0.775184375 0.3663046875 0.7605890625 0.370053125 0.7419390625 0.3724796875 0.7313984375 0.366965625 0.73018125 0.3663046875 0.73666875 0.3636578125 0.7532921875 0.3557171875 0.7776171875 0.3433671875 0.8011328125 0.34821875 0.7995109375 0.35505624999999996 0.7889703124999999 0.3605703125 0.775184375
2 0.3250609375 0.6665296875 0.3407203125 0.6746375 0.3559375 0.6742328125 0.36431874999999997 0.669771875 0.37358281249999997 0.6559875 0.375346875 0.642203125 0.3751265625 0.6320671875 0.3713765625 0.6215265624999999 0.3647609375 0.6138234375 0.3557171875 0.6101734375000001 0.346234375 0.6073359375 0.33278125 0.601659375 0.32197343749999996 0.6008484375 0.31998906250000003 0.6113906250000001 0.3135921875 0.62841875 0.3100640625 0.64058125 0.31668124999999997 0.6539609375000001 0.3250609375 0.6665296875
7 0.32682500000000003 0.7362640625 0.3204296875 0.7528859375 0.31601875 0.7646437500000001 0.315578125 0.77113125 0.32065 0.7670765625 0.3257234375 0.7609953125 0.3288109375 0.7484265625 0.334103125 0.7342359375 0.3387359375 0.716803125 0.3427046875 0.69936875 0.3449109375 0.68071875 0.3418234375 0.685584375 0.3374125 0.69004375 0.3338828125 0.6932875000000001 0.334103125 0.69936875 0.331015625 0.7176140625 0.32682500000000003 0.7362640625
7 0.2915375 0.7407234375 0.2966109375 0.7313984375 0.3016828125 0.7208578125 0.3078578125 0.7050453125 0.3153578125 0.688828125 0.32219375 0.6774765625 0.3213125 0.6689625 0.316459375 0.6738265625000001 0.31050468750000004 0.68436875 0.30609375 0.6981531249999999 0.2977125 0.716803125 0.28668593750000004 0.74315625 0.2915375 0.7407234375
1 0.2107421875 0.5480203125 0.20848125 0.566421875 0.2107421875 0.587196875 0.217846875 0.5907578124999999 0.2268875 0.5931328125 0.2349609375 0.5931328125 0.23948125 0.5907578124999999 0.2440015625 0.5753250000000001 0.244646875 0.565234375 0.240771875 0.5551421875 0.2346375 0.5420843750000001 0.2310859375 0.5325859375 0.2230125 0.5254624999999999 0.21687812499999998 0.5302125 0.2107421875 0.5480203125
9 0.26113994687500003 0.5676767390624999 0.2585458421875 0.562056178125 0.2537899828125 0.5564356171875 0.2486017703125 0.5538415109375 0.2442782625 0.5490856515625 0.2386577 0.5464915453125 0.2326047875 0.5438974390625 0.226551875 0.5438974390625 0.21617545312500003 0.5361151234375 0.213581346875 0.538709228125 0.2066637328125 0.5542738625 0.19628731093750001 0.6122088828125001 0.19455790781249999 0.6809526781249999 0.2092578390625 0.693058503125 0.213581346875 0.6969496609375 0.23390184062500002 0.6597674828125 0.25681643906249996 0.597508953125 0.2620046484375 0.5784855125 0.26113994687500003 0.5676767390624999
