1 0.241296 0.5037949765625 0.24844243124999998 0.5052691890625 0.2537515625 0.47953437499999996 0.246605159375 0.478060165625 0.241296 0.5037949765625
1 0.7122920421875001 0.49180989375 0.6953114593749999 0.49327013593749997 0.6985630078125 0.5310781359375001 0.7155435890625 0.5296178984375 0.7122920421875001 0.49180989375
1 0.723567765625 0.4704090015625 0.703284171875 0.47362560625 0.711144384375 0.52318768125 0.7314279765625 0.5199710875 0.723567765625 0.4704090015625
1 0.7212144375 0.59543218125 0.711361625 0.597493271875 0.715377996875 0.61669095625 0.7252308078125 0.6146298703124999 0.7212144375 0.59543218125
1 0.705362515625 0.6025703078125 0.7053624968750001 0.626117190625 0.7149687499999999 0.6261171859375 0.7149687484375 0.6025703234375 0.705362515625 0.6025703078125
2 0.659078584375 0.6192176093749999 0.606881140625 0.634061625 0.6256545906250001 0.7000678171875 0.6778519937499999 0.685223903125 0.659078584375 0.6192176093749999
2 0.6181490734375 0.6401822046875 0.579681678125 0.6447168 0.58760269375 0.711902321875 0.6260700828125 0.7073677578125 0.6181490734375 0.6401822046875
1 0.5857925890625 0.7181656484375 0.59728373125 0.7139422828125 0.5808984374999999 0.6693671875 0.5694074015624999 0.67359053125 0.5857925890625 0.7181656484375
2 0.385250103125 0.6176077531249999 0.32266193125 0.5985835125000001 0.3030249828125 0.6631797203125 0.36561309999999997 0.6822038359375 0.385250103125 0.6176077531249999
1 0.206854878125 0.5918518203125 0.24279774375000002 0.5941501984374999 0.24709175781249998 0.5270022640625001 0.21114930781250002 0.5247039 0.206854878125 0.5918518203125
