1 0.43974939218750003 0.5275504453125001 0.44536718750000004 0.529096875 0.4550687640625 0.493856253125 0.449450996875 0.49230982812499996 0.43974939218750003 0.5275504453125001
2 0.5548080625 0.5298742062499999 0.59084855625 0.5305290375 0.5926318140625 0.4323754484375 0.5565918421875 0.431720621875 0.5548080625 0.5298742062499999
2 0.6140348 0.4885742859375 0.6394651671875 0.48623305625 0.6322141515624999 0.407479265625 0.60678405625 0.40982048281249994 0.6140348 0.4885742859375
2 0.6817746796875 0.4599683828125 0.725141134375 0.4587673296875 0.722744859375 0.37225888125 0.6793788796875 0.373459928125 0.6817746796875 0.4599683828125
2 0.61332205625 0.4154823671875 0.5900274375000001 0.4157435109375 0.5909927546875 0.5018469265625 0.6142873734375 0.501585784375 0.61332205625 0.4154823671875
2 0.6400076328125001 0.4725144421875 0.684224453125 0.46953344531249996 0.679164259375 0.39448388749999996 0.6349478796875 0.3974648703125 0.6400076328125001 0.4725144421875
2 0.561672846875 0.61477965 0.59825063125 0.6124261062499999 0.592275334375 0.5195742640625001 0.5556981296875 0.521927790625 0.561672846875 0.61477965
1 0.59499230625 0.5601396328125 0.6028221390625 0.5591669109375 0.5986374375 0.525485815625 0.590807646875 0.5264585359375 0.59499230625 0.5601396328125
2 0.3548064015625 0.5869382609375 0.38371843125 0.5901491921875001 0.3911394390625 0.5233337078125 0.3622277359375 0.5201227953124999 0.3548064015625 0.5869382609375
2 0.3639823921875 0.5156426421875 0.4181267328125 0.523110284375 0.43124575781249996 0.42799440312500003 0.3771021625 0.4205268140625 0.3639823921875 0.5156426421875
2 0.3530311859375 0.49530231249999995 0.3875092296875 0.456516134375 0.28448921875 0.3649443765625 0.2500114375 0.4037301984375 0.3530311859375 0.49530231249999995
5 0.724567559375 0.508964721875 0.715931365625 0.48915399375 0.6730509437500001 0.5078456109375 0.6816870515625 0.5276562671875 0.724567559375 0.508964721875
5 0.31221792656249997 0.50900384375 0.30925145 0.48922926875000006 0.2609830296875 0.4964696234375 0.2639494234375 0.5162441249999999 0.31221792656249997 0.50900384375
