2.0 0.5980689796747678 0.18654453036298052 0.3229450256042852 0.3413225823564232 0.29226717352867126 0.35641250014305115 0.3301296830177307 0.35641250014305115 0.3301296830177307 0.29785624146461487
2.0 0.5889144102903241 0.2870244762165985 0.43004687246883433 0.45610317265184114 0.3955603539943695 0.3122726082801819 0.371013879776001 0.3103376626968384 0.36422479152679443 0.39645907282829285
2.0 0.5260837084126939 0.22917617557443207 0.4171623478905921 0.3849646274337685 0.387275367975235 0.4046512246131897 0.4124543070793152 0.40625372529029846 0.4176684319972992 0.3243314027786255
2.0 0.5575353474813696 0.1944137050417063 0.3571728178826025 0.34523322665116063 0.3262517750263214 0.37679022550582886 0.36990538239479065 0.37973982095718384 0.3755233585834503 0.29659783840179443
7.0 0.585156379497491 0.09549427447732547 0.30230839479832927 0.19098854895465095 0.3046002984046936 0.29294243454933167 0.32491379976272583 0.29143622517585754 0.3168196380138397 0.18227718770503998
7.0 0.5837034095198173 0.08609745401270691 0.3103215634058841 0.17219490802541382 0.30912187695503235 0.29067811369895935 0.3152390718460083 0.29067811369895935 0.3152390718460083 0.1689281314611435
4.0 0.4000245502410315 0.21517522617029594 0.5627888886078344 0.380210765257586 0.5622598528862 0.18175654113292694 0.5451052188873291 0.18252375721931458 0.5495483875274658 0.2818719148635864
4.0 0.31943386419760306 0.12523013678488543 0.5629128410653145 0.25046027356977085 0.5998234152793884 0.26514530181884766 0.6159550547599792 0.26444557309150696 0.6115130186080933 0.16204288601875305
4.0 0.2966133816376447 0.11897834770881435 0.5765524211447477 0.2379566954176287 0.6258171796798706 0.2616000175476074 0.6460549831390381 0.2593916058540344 0.6339365243911743 0.14833968877792358
4.0 0.42078975762450693 0.5942422009809316 0.7080100543312521 0.7591315401279672 0.629590630531311 0.5453234314918518 0.610569179058075 0.5466370582580566 0.6188356876373291 0.6663304567337036
2.0 0.4164060698163705 0.37688037113570577 0.577843680057107 0.5356139050607635 0.5499927401542664 0.5428676009178162 0.5779919028282166 0.5407772064208984 0.5710328817367554 0.4475739002227783
2.0 0.5672728054738848 0.33796929944620446 0.4282146650722054 0.49350326577055514 0.3694763481616974 0.5121400952339172 0.3926325738430023 0.5144356489181519 0.3997527062892914 0.44261783361434937
7.0 0.6255784158788289 0.41410176588799386 0.4260172535449105 0.5754321958856901 0.34505313634872437 0.6071390509605408 0.3485516309738159 0.6074650883674622 0.35558128356933594 0.5320432186126709
7.0 0.6212484394428791 0.46929900189752227 0.4534887046824662 0.6302724433681512 0.36457812786102295 0.6131953001022339 0.3680937588214874 0.6138935089111328 0.37356093525886536 0.5863669514656067
6.0 0.6304408265420628 0.49081911136754386 0.4223580930850237 0.6364859841917707 0.3210682272911072 0.6404228210449219 0.358550101518631 0.650093674659729 0.368895947933197 0.6100005507469177
7.0 0.44282872490407765 0.46274735085668295 0.6120807255591458 0.6247507968482942 0.5697115063667297 0.6286057829856873 0.5732733011245728 0.6282100677490234 0.5634235143661499 0.539560854434967
