2 0.3134375 0.3564125 0.32280156249999997 0.3486625 0.329721875 0.33918906249999997 0.3301296875 0.322828125 0.3285015625 0.303884375 0.3248375 0.299578125 0.31791562500000003 0.3004390625 0.30855156250000004 0.29785625 0.3024453125 0.2987171875 0.2938953125 0.2987171875 0.29226718749999997 0.311634375 0.29226718749999997 0.32713437500000003 0.2955234375 0.3417734375 0.3024453125 0.350384375 0.3134375 0.3564125
2 0.387534375 0.338328125 0.381834375 0.319384375 0.3765421875 0.3107734375 0.37165625 0.322828125 0.3692140625 0.3417734375 0.367178125 0.3589953125 0.36555 0.3805234375 0.3696203125 0.396884375 0.37898437500000004 0.39430156250000004 0.387128125 0.38310625 0.3911984375 0.36760625 0.3924203125 0.35210625 0.387534375 0.338328125
2 0.3952703125 0.40291249999999995 0.40056250000000004 0.405496875 0.4066703125 0.39946875 0.4119625 0.3882734375 0.4139984375 0.37621875 0.41562656249999996 0.3564125 0.41277656250000005 0.3434953125 0.4070765625 0.3331625 0.3997484375 0.32713437500000003 0.3940484375 0.322828125 0.39160625 0.33660625 0.390384375 0.36071718750000004 0.38957031249999996 0.3719125 0.38875625 0.381384375 0.39160625 0.393440625 0.3952703125 0.40291249999999995
2 0.35374374999999997 0.37621875 0.35903593749999996 0.37621875 0.366771875 0.37105156250000004 0.37165625 0.353828125 0.3724703125 0.3314390625 0.36799218749999996 0.3124953125 0.3602578125 0.29785625 0.35089375 0.2961328125 0.3431578125 0.2944109375 0.3362359375 0.303021875 0.332165625 0.3176609375 0.3285015625 0.3434953125 0.3272796875 0.361578125 0.3305359375 0.3770796875 0.3419359375 0.3719125 0.35374374999999997 0.37621875
7 0.32080156249999997 0.235978125 0.31913281250000003 0.21598125 0.3144046875 0.18245625000000001 0.3174640625 0.22656874999999999 0.3169078125 0.2512703125 0.3160734375 0.2700921875 0.3144046875 0.2818546875 0.3105125 0.2842078125 0.307453125 0.26597499999999996 0.3041171875 0.2371546875 0.3016140625 0.21892187500000002 0.2968875 0.1889265625 0.3013359375 0.24891875 0.3035609375 0.269503125 0.30773125 0.291265625 0.311346875 0.2924421875 0.3160734375 0.291265625 0.3196890625 0.268328125 0.32080156249999997 0.235978125
7 0.3152390625 0.2142171875 0.3127375 0.18775 0.309121875 0.168928125 0.310234375 0.2218625 0.3105125 0.257740625 0.309121875 0.28244375 0.30967812499999997 0.290678125 0.31385 0.288325 0.3149609375 0.24656562499999998 0.3152390625 0.2142171875
4 0.566703125 0.2811046875 0.56376875 0.21549374999999998 0.561253125 0.18180156249999999 0.550771875 0.1862359375 0.548675 0.212834375 0.5495140625 0.2811046875 0.566703125 0.2811046875
4 0.5998234375 0.2651453125 0.6157546875000001 0.25982656249999997 0.60569375 0.1622953125 0.5956312500000001 0.168503125 0.5998234375 0.2651453125
4 0.614496875 0.1578625 0.6258171875 0.2616 0.645521875 0.25450625 0.6279140625 0.148996875 0.614496875 0.1578625
4 0.61659375 0.62689375 0.6249781249999999 0.66590625 0.635459375 0.6597000000000001 0.635040625 0.624234375 0.629590625 0.5453234375 0.6107234375 0.5488703125 0.61659375 0.62689375
2 0.5562218750000001 0.4486796875 0.546159375 0.456659375 0.5444828125 0.469071875 0.5469984375 0.5027640625 0.5495140625 0.5160640625 0.5549640625000001 0.53645625 0.56460625 0.5417765625000001 0.572153125 0.5329109375 0.5746687500000001 0.5125171875000001 0.5725718750000001 0.46818593750000004 0.5687984375 0.4486796875 0.5562218750000001 0.4486796875
2 0.3897796875 0.505425 0.3977453125 0.46286562499999995 0.39606718750000003 0.44690624999999995 0.389359375 0.44158749999999997 0.37594375 0.44690624999999995 0.37049375 0.501878125 0.378040625 0.5125171875000001 0.38223281249999996 0.5134046875 0.3897796875 0.505425
7 0.3520828125 0.5317171875 0.345053125 0.6071390625 0.348178125 0.5917250000000001 0.3513015625 0.5779609375 0.352603125 0.556490625 0.3549453125 0.536671875 0.3520828125 0.5317171875
7 0.3674421875 0.6087906249999999 0.3723875 0.592275 0.3700453125 0.58566875 0.36457812500000003 0.6131953125 0.3674421875 0.6087906249999999
7 0.32605 0.543278125 0.3247484375 0.5531875 0.319021875 0.5933765625 0.3221453125 0.5812640625000001 0.325009375 0.5680515625 0.328653125 0.549334375 0.32605 0.543278125
6 0.3248359375 0.625821875 0.3314140625 0.6430921875 0.33799375 0.6430921875 0.3453953125 0.6381578125 0.3511515625 0.6381578125 0.3618421875 0.6373359375 0.3634875 0.625821875 0.35032968750000004 0.6126640625 0.3314140625 0.6003296875 0.3248359375 0.625821875
7 0.573190625 0.5822375 0.5707234375 0.5452296875 0.5600328125 0.54111875 0.5559203125 0.578125 0.5641453125 0.6315796875 0.5822375 0.639803125 0.573190625 0.5822375
7 0.5855265625 0.5641453125 0.58799375 0.609375 0.6003296875 0.624178125 0.604440625 0.6060859375 0.5970390625 0.557565625 0.5855265625 0.5641453125
0 0.5216814859375 0.525359615625 0.56214091875 0.5425242234375001 0.6265082 0.5333288984375 0.6228300703125 0.4769309 0.46344442187499996 0.49470852968749995 0.36045677343750004 0.48612622656250004 0.2844420796875 0.42727614062499997 0.2709556015625 0.464670465625 0.31448014375 0.5216814859375 0.37333022968749996 0.5486544421875 0.41501570625 0.5504935078125001 0.45241003125 0.5492674625 0.477543921875 0.5486544421875 0.5216814859375 0.525359615625
0 0.5431372453125001 0.277698840625 0.4094985109375 0.284442078125 0.29118531875000003 0.24336962343750002 0.2936374046875 0.3040587734375 0.40520735781250006 0.3531005125 0.639994678125 0.378234403125 0.6448988515625 0.26298631875 0.5431372453125001 0.277698840625
