2.0 0.2742028237388475 0.37961415990733194 0.3071016737739556 0.3165565262575591 0.29226717352867126 0.35641250014305115 0.3301296830177307 0.35641250014305115 0.3301296830177307 0.29785624146461487
2.0 0.3109741270116364 0.4824934342188896 0.4085366212216721 0.42337494632230055 0.3955603539943695 0.3122726082801819 0.371013879776001 0.3103376626968384 0.36422479152679443 0.39645907282829285
2.0 0.3652556554318167 0.40609089012297217 0.411266689159703 0.34409982355581104 0.387275367975235 0.4046512246131897 0.4124543070793152 0.40625372529029846 0.4176684319972992 0.3243314027786255
2.0 0.3211967965271139 0.3776307659649345 0.348054354668372 0.31272404096158496 0.3262517750263214 0.37679022550582886 0.36990538239479065 0.37973982095718384 0.3755233585834503 0.29659783840179443
4.0 0.5012102418392433 0.3596459262175965 0.5910771299505109 0.30300832340976247 0.5622598528862 0.18175654113292694 0.5451052188873291 0.18252375721931458 0.5495483875274658 0.2818719148635864
4.0 0.5636102817205897 0.23310727241666873 0.61902537618929 0.17933368691620152 0.5998234152793884 0.26514530181884766 0.6159550547599792 0.26444557309150696 0.6115130186080933 0.16204288601875305
4.0 0.5866305796823678 0.21841242134566352 0.6378154076432949 0.16681653470133975 0.6258171796798706 0.2616000175476074 0.6460549831390381 0.2593916058540344 0.6339365243911743 0.14833968877792358
4.0 0.5786620757428086 0.7042164270247917 0.6704545931119171 0.5915671459504166 0.629590630531311 0.5453234314918518 0.610569179058075 0.5466370582580566 0.6188356876373291 0.6663304567337036
2.0 0.525914871069166 0.5330583718843642 0.5690598648668459 0.47938484095728384 0.5499927401542664 0.5428676009178162 0.5779919028282166 0.5407772064208984 0.5710328817367554 0.4475739002227783
2.0 0.3484526801129657 0.5303678791970516 0.3965483103424429 0.46715560450020044 0.3694763481616974 0.5121400952339172 0.3926325738430023 0.5144356489181519 0.3997527062892914 0.44261783361434937
6.0 0.3189742012955564 0.6945912972195454 0.3521240235834829 0.6108174055609092 0.3210682272911072 0.6404228210449219 0.358550101518631 0.650093674659729 0.368895947933197 0.6100005507469177
