2.0 0.6698703169822693 0.29785624891519547 0.29226720333099365 0.29785625636577606 0.29226717352867126 0.35641250014305115 0.3301296830177307 0.35641250014305115 0.3301296830177307 0.29785624146461487
2.0 0.6357752084732056 0.39645908027887344 0.38877153396606445 0.39839403331279755 0.3955603539943695 0.3122726082801819 0.371013879776001 0.3103376626968384 0.36422479152679443 0.39645907282829285
2.0 0.5823315680027008 0.3243313953280449 0.392489492893219 0.32272888720035553 0.387275367975235 0.4046512246131897 0.4124543070793152 0.40625372529029846 0.4176684319972992 0.3243314027786255
2.0 0.6244766414165497 0.29659784585237503 0.33186978101730347 0.29364822804927826 0.3262517750263214 0.37679022550582886 0.36990538239479065 0.37973982095718384 0.3755233585834503 0.29659783840179443
7.0 0.6831803619861603 0.18227719515562057 0.2965061068534851 0.1837834268808365 0.3046002984046936 0.29294243454933167 0.32491379976272583 0.29143622517585754 0.3168196380138397 0.18227718770503998
7.0 0.6847609281539917 0.1689281277358532 0.30912184715270996 0.1689281240105629 0.30912187695503235 0.29067811369895935 0.3152390718460083 0.29067811369895935 0.3152390718460083 0.1689281314611435
4.0 0.4504516124725342 0.2818719148635864 0.5667030811309814 0.2811046838760376 0.5622598528862 0.18175654113292694 0.5451052188873291 0.18252375721931458 0.5495483875274658 0.2818719148635864
4.0 0.38848698139190674 0.16204288601875305 0.5953813791275024 0.16274264454841614 0.5998234152793884 0.26514530181884766 0.6159550547599792 0.26444557309150696 0.6115130186080933 0.16204288601875305
4.0 0.3660634756088257 0.14833968877792358 0.6136987209320068 0.15054810047149658 0.6258171796798706 0.2616000175476074 0.6460549831390381 0.2593916058540344 0.6339365243911743 0.14833968877792358
4.0 0.3811643123626709 0.6663304716348648 0.6378575563430786 0.6650168597698212 0.629590630531311 0.5453234314918518 0.610569179058075 0.5466370582580566 0.6188356876373291 0.6663304567337036
2.0 0.42896711826324463 0.4475739151239395 0.5430338382720947 0.44966432452201843 0.5499927401542664 0.5428676009178162 0.5779919028282166 0.5407772064208984 0.5710328817367554 0.4475739002227783
2.0 0.6002472937107086 0.44261784106492996 0.37659651041030884 0.44032226502895355 0.3694763481616974 0.5121400952339172 0.3926325738430023 0.5144356489181519 0.3997527062892914 0.44261783361434937
7.0 0.6444187164306641 0.5320432186126709 0.3520827293395996 0.5317171812057495 0.34505313634872437 0.6071390509605408 0.3485516309738159 0.6074650883674622 0.35558128356933594 0.5320432186126709
7.0 0.6264390349388123 0.5863669365644455 0.3700453042984009 0.5856687128543854 0.36457812786102295 0.6131953001022339 0.3680937588214874 0.6138935089111328 0.37356093525886536 0.5863669514656067
7.0 0.6705639064311981 0.5437530875205994 0.3260499835014343 0.5432780981063843 0.31902188062667847 0.5933765769004822 0.322407990694046 0.5938515663146973 0.3294360935688019 0.5437530875205994
6.0 0.6380869448184967 0.5951304882764816 0.33908408880233765 0.5875767767429352 0.31995144486427307 0.6453930139541626 0.3427804410457611 0.6529467105865479 0.3619130551815033 0.5951305031776428
6.0 0.618927538394928 0.6008444577455521 0.35464251041412354 0.6019571721553802 0.35622161626815796 0.6394597291946411 0.38265150785446167 0.6383470296859741 0.381072461605072 0.6008444428443909
7.0 0.43288177251815796 0.6247796416282654 0.5720232725143433 0.6243852376937866 0.5658978223800659 0.5482101440429688 0.5609927773475647 0.5486044883728027 0.567118227481842 0.6247796416282654
7.0 0.40617746114730835 0.6082311719655991 0.5974663496017456 0.608010321855545 0.5964305400848389 0.590919554233551 0.5927867293357849 0.5911403298377991 0.5938225388526917 0.6082311868667603
2.0 0.4104388952255249 0.4493442177772522 0.567610502243042 0.45415496826171875 0.5784872770309448 0.5037807822227478 0.6004379391670227 0.49897006154060364 0.5895611047744751 0.4493442177772522
5.0 0.41437721252441406 0.4688674807548523 0.6325235366821289 0.5397138595581055 0.7517328858375549 0.4608010947704315 0.7048322558403015 0.38995540142059326 0.5856227874755859 0.4688674807548523
5.0 0.3548828363418579 0.2710910215973854 0.6632012128829956 0.335979625582695 0.7133966684341431 0.3219907283782959 0.6953125 0.25710228085517883 0.6451171636581421 0.2710910141468048
