2.0 0.39460251826285864 0.3220654302479407 0.3366319806929734 0.31758300208441836 0.29226717352867126 0.35641250014305115 0.3301296830177307 0.35641250014305115 0.3301296830177307 0.29785624146461487
2.0 0.4381173005862892 0.41772516188988884 0.44793062589946386 0.4246238634692543 0.3955603539943695 0.3122726082801819 0.371013879776001 0.3103376626968384 0.36422479152679443 0.39645907282829285
2.0 0.4912593588233197 0.34207527763755574 0.4469320404718992 0.34959208825354704 0.387275367975235 0.4046512246131897 0.4124543070793152 0.40625372529029846 0.4176684319972992 0.3243314027786255
2.0 0.44372829371054817 0.3175265482484068 0.37928384080594457 0.3162624850820853 0.3262517750263214 0.37679022550582886 0.36990538239479065 0.37973982095718384 0.3755233585834503 0.29659783840179443
7.0 0.3724916342481329 0.20800633114417863 0.333645352759875 0.2043661212098517 0.3046002984046936 0.29294243454933167 0.32491379976272583 0.29143622517585754 0.3168196380138397 0.18227718770503998
7.0 0.3698909578085672 0.1948359486194719 0.34633419810138694 0.19049570785694567 0.30912187695503235 0.29067811369895935 0.3152390718460083 0.29067811369895935 0.3152390718460083 0.1689281314611435
4.0 0.631402917546017 0.290271952801973 0.6330233211343868 0.32078142462712167 0.5622598528862 0.18175654113292694 0.5451052188873291 0.18252375721931458 0.5495483875274658 0.2818719148635864
4.0 0.6812445681838659 0.1665333888254603 0.6375108636322683 0.20506540467289208 0.5998234152793884 0.26514530181884766 0.6159550547599792 0.26444557309150696 0.6115130186080933 0.16204288601875305
4.0 0.6881817352100653 0.1512726680483683 0.6236365295798694 0.19425574379853214 0.6258171796798706 0.2616000175476074 0.6460549831390381 0.2593916058540344 0.6339365243911743 0.14833968877792358
4.0 0.6821148580294409 0.6569324497705598 0.635770283941118 0.6861351004588805 0.629590630531311 0.5453234314918518 0.610569179058075 0.5466370582580566 0.6188356876373291 0.6663304567337036
2.0 0.6657068385093902 0.45362091310055874 0.6185677628909216 0.48681609152791716 0.5499927401542664 0.5428676009178162 0.5779919028282166 0.5407772064208984 0.5710328817367554 0.4475739002227783
2.0 0.47969960378941834 0.4610895075809966 0.43751896930540557 0.46546880961502135 0.3694763481616974 0.5121400952339172 0.3926325738430023 0.5144356489181519 0.3997527062892914 0.44261783361434937
7.0 0.43775884044597585 0.5532825150992882 0.41701920416771 0.5546490166831848 0.34505313634872437 0.6071390509605408 0.3485516309738159 0.6074650883674622 0.35558128356933594 0.5320432186126709
7.0 0.46086050913147014 0.6060430243225418 0.4400776151277104 0.6096413779794392 0.36457812786102295 0.6131953001022339 0.3680937588214874 0.6138935089111328 0.37356093525886536 0.5863669514656067
7.0 0.41019421901326447 0.5668289538824629 0.389566554477339 0.5642694979609917 0.31902188062667847 0.5933765769004822 0.322407990694046 0.5938515663146973 0.3294360935688019 0.5437530875205994
6.0 0.45737420315453514 0.6299006504237356 0.39917349700503507 0.6214348944143457 0.3210682272911072 0.6404228210449219 0.358550101518631 0.650093674659729 0.368895947933197 0.6100005507469177
7.0 0.6635717561069991 0.5457160329030122 0.6428114460051391 0.5778920980645059 0.5697115063667297 0.6286057829856873 0.5732733011245728 0.6282100677490234 0.5634235143661499 0.539560854434967
