2.0 0.6898453207713635 0.31648767105311393 0.3214755587429944 0.3264572849942239 0.29226717352867126 0.35641250014305115 0.3301296830177307 0.35641250014305115 0.3301296830177307 0.29785624146461487
2.0 0.6457457454894657 0.4110404194908774 0.42785030483705894 0.4364271884879628 0.3955603539943695 0.3122726082801819 0.371013879776001 0.3103376626968384 0.36422479152679443 0.39645907282829285
2.0 0.6000397815439222 0.3337772943734241 0.423731208162241 0.36155104302173624 0.387275367975235 0.4046512246131897 0.4124543070793152 0.40625372529029846 0.4176684319972992 0.3243314027786255
2.0 0.6448245583538587 0.31054626457140444 0.36043147843449 0.32636321810512936 0.3262517750263214 0.37679022550582886 0.36990538239479065 0.37973982095718384 0.3755233585834503 0.29659783840179443
4.0 0.47325212158747637 0.27792016022997656 0.592712265631035 0.3381480265623277 0.5622598528862 0.18175654113292694 0.5451052188873291 0.18252375721931458 0.5495483875274658 0.2818719148635864
4.0 0.4239989117179631 0.1523306185618749 0.6090088180471354 0.2233821782678498 0.5998234152793884 0.26514530181884766 0.6159550547599792 0.26444557309150696 0.6115130186080933 0.16204288601875305
4.0 0.40311110796832017 0.1363841179820816 0.6259682929824195 0.21314529955895586 0.6258171796798706 0.2616000175476074 0.6460549831390381 0.2593916058540344 0.6339365243911743 0.14833968877792358
4.0 0.36461618107494487 0.6447423493659001 0.7031489418674619 0.7105153012681998 0.629590630531311 0.5453234314918518 0.610569179058075 0.5466370582580566 0.6188356876373291 0.6663304567337036
2.0 0.43476349297473493 0.4405158608164974 0.5865840077136646 0.5033603641342295 0.5499927401542664 0.5428676009178162 0.5779919028282166 0.5407772064208984 0.5710328817367554 0.4475739002227783
2.0 0.6056391626129566 0.45328170184174044 0.420072143871663 0.47687322675411825 0.3694763481616974 0.5121400952339172 0.3926325738430023 0.5144356489181519 0.3997527062892914 0.44261783361434937
6.0 0.6190380654197938 0.6229566423270626 0.3916622925985067 0.6313565685790876 0.3210682272911072 0.6404228210449219 0.358550101518631 0.650093674659729 0.368895947933197 0.6100005507469177
