2 0.3301296875 0.29785625 0.29226718749999997 0.29785625 0.29226718749999997 0.3564125 0.3301296875 0.3564125 0.3301296875 0.29785625
2 0.364224784375 0.39645905937500003 0.3887714828125 0.3983940125 0.3955603546875 0.3122725984375 0.3710138859375 0.310337653125 0.364224784375 0.39645905937500003
2 0.4176684234375 0.324331409375 0.3924894921875 0.32272890625 0.38727537968750003 0.404651225 0.41245431093749996 0.4062537203125 0.4176684234375 0.324331409375
2 0.375523346875 0.296597834375 0.3318697671875 0.29364821874999997 0.32625178906249996 0.3767902140625 0.36990536875 0.3797398171875 0.375523346875 0.296597834375
4 0.549548375 0.2818719015625 0.566703165625 0.28110468593750004 0.562259875 0.1817565375 0.5451052015625 0.18252375 0.549548375 0.2818719015625
4 0.6115129984375 0.1620428859375 0.5953813703125 0.162742640625 0.5998234250000001 0.2651453125 0.615955053125 0.2644455609375 0.6115129984375 0.1620428859375
4 0.633936534375 0.148339684375 0.6136986984374999 0.1505480984375 0.6258171531250001 0.261600003125 0.6460549875 0.25939159843750004 0.633936534375 0.148339684375
4 0.6188357109375 0.66633043125 0.6378575609375 0.665016825 0.629590625 0.5453234375 0.6105692 0.5466370296874999 0.6188357109375 0.66633043125
2 0.5710328890625 0.44757390468749997 0.54303375625 0.44966430625 0.5499927687499999 0.542867590625 0.5779918984375 0.540777203125 0.5710328890625 0.44757390468749997
2 0.399752696875 0.4426178375 0.3765964703125 0.44032225468749997 0.36947636093749997 0.5121400875 0.3926325859375 0.514435659375 0.399752696875 0.4426178375
6 0.3688959390625 0.61000055 0.33141404531249996 0.6003296828125 0.3210682359375 0.6404228234375 0.3585501140625 0.6500936515625 0.3688959390625 0.61000055
