2.0 0.7016603238596771 0.2137415102265467 0.3893816294260086 0.4274830204530934 0.29226717352867126 0.35641250014305115 0.3301296830177307 0.35641250014305115 0.3301296830177307 0.29785624146461487
2.0 0.6680098889226209 0.3116819690659379 0.5188359159497287 0.578627807667268 0.3955603539943695 0.3122726082801819 0.371013879776001 0.3103376626968384 0.36422479152679443 0.39645907282829285
2.0 0.6204533418105623 0.240910800238834 0.49170464267415204 0.481821600477668 0.387275367975235 0.4046512246131897 0.4124543070793152 0.40625372529029846 0.4176684319972992 0.3243314027786255
2.0 0.6598931576222201 0.21418860627434227 0.42414622947903635 0.42837721254868455 0.3262517750263214 0.37679022550582886 0.36990538239479065 0.37973982095718384 0.3755233585834503 0.29659783840179443
7.0 0.7165617028541238 0.1240186618226878 0.34722049426853074 0.2480373236453756 0.3046002984046936 0.29294243454933167 0.32491379976272583 0.29143622517585754 0.3168196380138397 0.18227718770503998
7.0 0.7183226326521819 0.11446342092963688 0.35283760474865666 0.22892684185927376 0.30912187695503235 0.29067811369895935 0.3152390718460083 0.29067811369895935 0.3152390718460083 0.1689281314611435
4.0 0.4999977224457227 0.22018006982087485 0.6353024577121911 0.4403601396417497 0.5622598528862 0.18175654113292694 0.5451052188873291 0.18252375721931458 0.5495483875274658 0.2818719148635864
4.0 0.44611775772200785 0.1265276365593683 0.6130515292993991 0.2530552731187366 0.5998234152793884 0.26514530181884766 0.6159550547599792 0.26444557309150696 0.6115130186080933 0.16204288601875305
4.0 0.4272434428479785 0.11708865765167664 0.6220762768505047 0.23417731530335328 0.6258171796798706 0.2616000175476074 0.6460549831390381 0.2593916058540344 0.6339365243911743 0.14833968877792358
4.0 0.4438525997961724 0.5468953061373092 0.8103713088205087 0.9062093877253817 0.629590630531311 0.5453234314918518 0.610569179058075 0.5466370582580566 0.6188356876373291 0.6663304567337036
2.0 0.47642217953100463 0.34845990474019356 0.6815756927672787 0.6959732696994972 0.5499927401542664 0.5428676009178162 0.5779919028282166 0.5407772064208984 0.5710328817367554 0.4475739002227783
2.0 0.6342409331727117 0.3572816621301327 0.5245569914366943 0.6176829088167901 0.3694763481616974 0.5121400952339172 0.3926325738430023 0.5144356489181519 0.3997527062892914 0.44261783361434937
7.0 0.6728640991357737 0.4548803354257484 0.5388925098782646 0.7036481871231187 0.34505313634872437 0.6071390509605408 0.3485516309738159 0.6074650883674622 0.35558128356933594 0.5320432186126709
7.0 0.6550656430324702 0.5104983305948639 0.5772177777955865 0.7677376466836527 0.36457812786102295 0.6131953001022339 0.3680937588214874 0.6138935089111328 0.37356093525886536 0.5863669514656067
7.0 0.6966690373990891 0.46932832797686896 0.5195914494999816 0.7050880862209203 0.31902188062667847 0.5933765769004822 0.322407990694046 0.5938515663146973 0.3294360935688019 0.5437530875205994
6.0 0.6588198307106843 0.5357179087263171 0.5475686183939256 0.767252537212244 0.3210682272911072 0.6404228210449219 0.358550101518631 0.650093674659729 0.368895947933197 0.6100005507469177
7.0 0.4813223855428945 0.4457556659377224 0.733530992495599 0.7977876786586189 0.5697115063667297 0.6286057829856873 0.5732733011245728 0.6282100677490234 0.5634235143661499 0.539560854434967
