1 0.2755856109375 0.6333948656249999 0.266970625 0.6337547140625001 0.2679265625 0.6566375 0.276541546875 0.6562776515625 0.2755856109375 0.6333948656249999
1 0.6041010874999999 0.71559700625 0.6152072468750001 0.7146302375 0.610836790625 0.6644308046875 0.5997307484375 0.66539756875 0.6041010874999999 0.71559700625
1 0.5774509375 0.6749015734375 0.5712849359375001 0.6740645093750001 0.5690246890624999 0.6907116796875 0.5751906906250001 0.6915487421875001 0.5774509375 0.6749015734375
1 0.67621000625 0.63329118125 0.6655120625000001 0.642693178125 0.6777687421875 0.65663750625 0.6884666703125 0.6472355265624999 0.67621000625 0.63329118125
1 0.5748689859375 0.579911734375 0.561132428125 0.5775512328125 0.5561182109375 0.60672756875 0.5698547656249999 0.6090880640624999 0.5748689859375 0.579911734375
1 0.5115485484375 0.5830520781249999 0.495468046875 0.5858952234375 0.5059906187500001 0.64540295625 0.5220711171875 0.6425598265625 0.5115485484375 0.5830520781249999
1 0.409386878125 0.646219203125 0.41976871562499996 0.6458146609375001 0.41855752968750004 0.614736259375 0.4081757546875 0.6151408015625 0.409386878125 0.646219203125
1 0.388147084375 0.6111170078125 0.37532678750000004 0.611781425 0.37690783906249997 0.6422850296875 0.389728134375 0.6416206140625 0.388147084375 0.6111170078125
5 0.351001103125 0.5706626296875 0.3707068671875 0.52371594375 0.3011718390625 0.4945312515625 0.281465978125 0.54147765 0.351001103125 0.5706626296875
5 0.5835252953125 0.4854396140625 0.6009596015625001 0.53630730625 0.6621366984375 0.5153409390625 0.6447022671875 0.46447349843749997 0.5835252953125 0.4854396140625
5 0.6665931625 0.6733150734375 0.6332030890625 0.6839843765625 0.6493889546875 0.7346311859375 0.682779 0.72396194375 0.6665931625 0.6733150734375
1 0.3774051390625 0.6913743703125 0.3806835796875 0.7143302453125 0.402554975 0.7112071046875 0.3992764890625 0.6882512828125 0.3774051390625 0.6913743703125
