1 0.2749375 0.5169140624999999 0.289525 0.5158578125 0.2936921875 0.5095140625 0.2921296875 0.48625625 0.289525 0.4704 0.2780625 0.45665625 0.2738953125 0.4439703125 0.267121875 0.4471421875 0.2697265625 0.5095140625 0.2749375 0.5169140624999999
7 0.37264375 0.371121875 0.3762140625 0.48841875 0.38116875 0.4739546875 0.38022187500000004 0.41725312499999995 0.37264375 0.371121875
1 0.609453125 0.5095140625 0.6047171875 0.517203125 0.60424375 0.5287359375 0.6108734375 0.5354625000000001 0.6108734375 0.525853125 0.609453125 0.5095140625
1 0.671496875 0.6392578125 0.67670625 0.6623234375 0.6828640625 0.6642453125000001 0.6909156249999999 0.6604015624999999 0.6928093750000001 0.646946875 0.6918624999999999 0.6229203125 0.6838109375 0.6036984375000001 0.673390625 0.59889375 0.6700765625 0.609465625 0.6681812500000001 0.6238812499999999 0.671496875 0.6392578125
6 0.7197484375000001 0.74590625 0.712871875 0.720446875 0.7064 0.7056640625 0.6987140625 0.6908828125 0.699928125 0.7163406250000001 0.7059953125 0.73769375 0.7132765625 0.75658125 0.7169171875 0.7754703125 0.7165125 0.7803984374999999 0.7084234375 0.7795765625 0.698309375 0.7639734375 0.6918375 0.749190625 0.685365625 0.7155203125 0.680915625 0.6990953125 0.6805109375 0.720446875 0.683746875 0.7434421875 0.68455625 0.7606875 0.688196875 0.777934375 0.6962875000000001 0.7935375 0.7023546875 0.805034375 0.710040625 0.8116046875 0.7217718750000001 0.81406875 0.727434375 0.8107843750000001 0.7343109375 0.79764375 0.7379515624999999 0.794359375 0.7302671875 0.7845046875 0.7254125 0.7721859375 0.7197484375000001 0.74590625
7 0.664959375 0.73865625 0.661090625 0.7027578125 0.6572234375 0.7055625 0.6594328125 0.721828125 0.6657875 0.7633375 0.6746296875 0.79194375 0.670209375 0.7672625 0.664959375 0.73865625
7 0.6384359374999999 0.7409 0.6376062499999999 0.7016359375000001 0.634290625 0.7005140625 0.634015625 0.71229375 0.6376062499999999 0.7571671875 0.6418305953125001 0.7920103187499999 0.6485886828125 0.8012088281249999 0.6384359374999999 0.7409
0 0.7024188578125 0.4574546921875 0.6635916843749999 0.46380823125 0.6134693343750001 0.468043921875 0.5697005203125001 0.46592607656249996 0.516754375 0.4503952078125 0.4560427953125 0.46169038437500004 0.3981550109375 0.4758093578125 0.392507421875 0.4758093578125 0.37980034687500003 0.4758093578125 0.348032659375 0.47157366562499997 0.3339136875 0.468043921875 0.319794715625 0.4623963328125 0.3162649734375 0.46380823125 0.2668485703125 0.452513053125 0.264730725 0.5202841171875 0.7271270578125 0.515342478125 0.7377162875 0.45110115625 0.7024188578125 0.4574546921875
6 0.6470868859375 0.788631275 0.6482132328125 0.7957648125000001 0.650841378125 0.800645653125 0.654595871875 0.800833378125 0.6602276109375 0.7891944484375 0.6564731187499999 0.7692956359374999 0.654595871875 0.76178665 0.6500904796875 0.7587830546875 0.6482132328125 0.7589707796875 0.6472746093749999 0.7606603015625 0.6448341890625 0.7640393453125001 0.6452096390625 0.7668552156249999 0.6453973640624999 0.7738010281250001 0.6455850875 0.7784941437499999 0.6461482625 0.7824363625 0.6470868859375 0.788631275
0 0.27708460625 0.667127046875 0.34659711875 0.6960905937499999 0.3987315046875 0.7067105625 0.423833246875 0.698021496875 0.42866050468749994 0.6458871125 0.298324540625 0.6082345 0.27708460625 0.667127046875
0 0.6816088203125 0.6951251421875 0.7192614328125 0.668092496875 0.7028487546875 0.6091999515625 0.6082345 0.63912895 0.6082345 0.6893324328125 0.6816088203125 0.6951251421875
