8 0.2195641421875 0.64909461875 0.1909970390625 0.642186509375 0.17225780625 0.7196680953125 0.2008248890625 0.726576146875 0.2195641421875 0.64909461875
8 0.2825364171875 0.663178940625 0.251212034375 0.6615299343750001 0.24683164999999999 0.7447271609375 0.2781560328125 0.746376153125 0.2825364171875 0.663178940625
8 0.309041809375 0.4532801609375 0.2954387328125 0.4543388359375 0.2982814421875 0.49086279218750006 0.31188451875 0.48980411874999996 0.309041809375 0.4532801609375
2 0.3526141984375 0.5001414468750001 0.30953059375 0.504047484375 0.3165400046875 0.5813546359374999 0.35962360625 0.577448621875 0.3526141984375 0.5001414468750001
2 0.39364192187499997 0.522306321875 0.3551426625 0.5187480734375 0.34800920468749996 0.5959230343749999 0.3865084609375 0.599481259375 0.39364192187499997 0.522306321875
2 0.3831755140625 0.6113252546875 0.42113236875000004 0.612375196875 0.4236370296875 0.5218265515625 0.385680771875 0.52077661875 0.3831755140625 0.6113252546875
1 0.44288114843750004 0.5981350234375 0.4524527328125 0.5979665921875 0.45166000625 0.552923915625 0.442088496875 0.5530923453125001 0.44288114843750004 0.5981350234375
2 0.5384535406250001 0.6235322765625 0.5679077625 0.623900884375 0.5690797359374999 0.5302413625 0.5396259999999999 0.5298727578125 0.5384535406250001 0.6235322765625
2 0.602782690625 0.539343615625 0.5675234812500001 0.5416454578125001 0.5730048156249999 0.6255991843750001 0.608264021875 0.623297359375 0.602782690625 0.539343615625
2 0.6364481468750001 0.527329465625 0.60425454375 0.5295192765625 0.6099783171875 0.613659565625 0.64217191875 0.6114697703124999 0.6364481468750001 0.527329465625
2 0.6459090296875 0.60734496875 0.6775784234375 0.6020029609375 0.665462865625 0.5301859656250001 0.6337938640624999 0.5355279390625001 0.6459090296875 0.60734496875
2 0.61098125625 0.7151876546875 0.6023277578124999 0.6516525296875 0.5693022062499999 0.656150040625 0.577955459375 0.71968494375 0.61098125625 0.7151876546875
2 0.37885834531249996 0.6378683406250001 0.342563690625 0.6339959625 0.33517045 0.70328139375 0.3714651 0.70715374375 0.37885834531249996 0.6378683406250001
5 0.6711558937500001 0.6851277296875 0.6664705843750001 0.6687318546875 0.6038087812499999 0.6866354671875 0.608493959375 0.70303123125 0.6711558937500001 0.6851277296875
5 0.24502515156250002 0.626388790625 0.2353394484375 0.670504821875 0.3289063546875 0.691044009375 0.338591571875 0.646928396875 0.24502515156250002 0.626388790625
