1 0.318040353125 0.40489194062499995 0.3110328015625 0.40426874843749994 0.307203125 0.4473296875 0.3142106765625 0.4479528765625 0.318040353125 0.40489194062499995
2 0.37742239375 0.4076741515625 0.3484159609375 0.4088548703125 0.3517867484375 0.49165924375000003 0.38079317968750004 0.49047852968749994 0.37742239375 0.4076741515625
7 0.3653038859375 0.4341756421875 0.3761812640625 0.4329671859375 0.3606678 0.2933367515625 0.34979060624999997 0.2945451984375 0.3653038859375 0.4341756421875
2 0.6142109375 0.4216375 0.569746875 0.4216375 0.569746875 0.494571875 0.6142109375 0.494571875 0.6142109375 0.4216375
8 0.612034078125 0.43528015 0.639427396875 0.43278863906250004 0.6290066328125 0.3182233234375 0.601613678125 0.3207148171875 0.612034078125 0.43528015
7 0.6015106171875 0.324820903125 0.595823415625 0.3246265625 0.5921453125 0.43225781249999995 0.5978325140625 0.432452153125 0.6015106171875 0.324820903125
7 0.582632275 0.34081250937499996 0.5763223749999999 0.3412280859375 0.5827843609375 0.4393390640625 0.589094259375 0.43892348906249995 0.582632275 0.34081250937499996
2 0.6380828734375 0.47098947031250005 0.6917155640625 0.4620538953125 0.6769856078125 0.373649625 0.6233535328124999 0.38258514843749997 0.6380828734375 0.47098947031250005
7 0.6871298515625 0.33221805625 0.6820749390625 0.3309999859375 0.66569375 0.398978125 0.670748659375 0.400196190625 0.6871298515625 0.33221805625
7 0.6590078125 0.29559375 0.6539937499999999 0.29559375 0.6539937499999999 0.3819828125 0.6590078125 0.3819828125 0.6590078125 0.29559375
2 0.6603394640625 0.5007687359374999 0.6090300140625 0.5108589593749999 0.6302084875 0.6185431109375 0.681517909375 0.6084529812499999 0.6603394640625 0.5007687359374999
2 0.6120839921875 0.5165463890625 0.5779477671875 0.5254170640625 0.6062649546875 0.634377096875 0.640401146875 0.625506509375 0.6120839921875 0.5165463890625
7 0.6752491046875 0.659608428125 0.6796547484375 0.6585562359375 0.6688531249999999 0.613334375 0.6644475187500001 0.6143865625 0.6752491046875 0.659608428125
7 0.642917571875 0.6822067390625 0.6532814234375001 0.6814328 0.6459188296875 0.58285398125 0.6355551703125 0.5836279140625 0.642917571875 0.6822067390625
7 0.6102793937500001 0.6207970578124999 0.6040515625 0.621846875 0.612963234375 0.674706984375 0.6191910640625 0.673657171875 0.6102793937500001 0.6207970578124999
7 0.3001873359375 0.5627976484375 0.295109365625 0.5601343703125 0.2745709234375 0.599290278125 0.2796488875 0.601953546875 0.3001873359375 0.5627976484375
6 0.2701051375 0.6588307062500001 0.2986139484375 0.648273165625 0.2859278625 0.6140211171875001 0.2574192359375 0.62457861875 0.2701051375 0.6588307062500001
