7 0.3653161125 0.33520641875 0.3610656109375 0.3349218734375 0.3566535265625 0.400826359375 0.360904028125 0.4011109046875 0.3653161125 0.33520641875
7 0.36962762968749996 0.36059550625000003 0.3665661078125 0.3609316796875 0.3707905984375 0.39940230468750004 0.3738521203125 0.39906613125 0.36962762968749996 0.36059550625000003
7 0.348994584375 0.450968728125 0.35358713124999996 0.4504586703125 0.34424375 0.36633593750000004 0.339651253125 0.36684599218749997 0.348994584375 0.450968728125
2 0.3991395625 0.4888920875 0.376724784375 0.48577968125000004 0.367673921875 0.550956553125 0.39008869687500003 0.55406894375 0.3991395625 0.4888920875
2 0.3905646984375 0.5568865765625 0.41903081562500005 0.5578594906250001 0.4212225 0.4937347984375 0.3927566734375 0.49276189062500003 0.3905646984375 0.5568865765625
2 0.4629761484375 0.503189246875 0.439731625 0.5027755703125 0.4384307859375 0.575863390625 0.461675309375 0.576277065625 0.4629761484375 0.503189246875
2 0.5257374109375 0.56971020625 0.5537250968749999 0.567783790625 0.548981496875 0.4988755359375 0.5209941265625 0.5008019406249999 0.5257374109375 0.56971020625
2 0.6321120875 0.5236757953125 0.6199645296875 0.4695256328125 0.5902102296875 0.47619998125 0.60235764375 0.5303500171875 0.6321120875 0.5236757953125
2 0.67894525625 0.43903744375000003 0.6401583203125 0.42237125000000003 0.6095794203125 0.493532484375 0.6483663046875 0.5101985859375 0.67894525625 0.43903744375000003
7 0.6069290234375 0.47613431874999995 0.6131089421875 0.47548600781249994 0.6011390624999999 0.3613921875 0.594959234375 0.36204049375 0.6069290234375 0.47613431874999995
7 0.6415717578125 0.4289528671875 0.6472180421875 0.42925164374999997 0.6533512671875 0.313350440625 0.6477050578125 0.31305166562500003 0.6415717578125 0.4289528671875
7 0.623650790625 0.4542046421875 0.63580921875 0.453255203125 0.6275796875 0.347875 0.615421415625 0.3488244328125 0.623650790625 0.4542046421875
7 0.6656748218749999 0.689057415625 0.672256484375 0.6864780328125 0.6455109375 0.6182421875 0.6389293625 0.6208215499999999 0.6656748218749999 0.689057415625
7 0.6645953875 0.6036559171875 0.6589554734374999 0.60647264375 0.6879849453125 0.6645911609375 0.6936248468749999 0.6617744515624999 0.6645953875 0.6036559171875
6 0.6853857359375 0.6100846203125 0.63464675625 0.6291055375 0.6643410671875001 0.7083057687500001 0.7150799640625001 0.6892850125 0.6853857359375 0.6100846203125
1 0.3454747859375 0.5748439234375 0.33404728125 0.5741959999999999 0.33219262656250004 0.6069033453125 0.34362013125 0.6075512671875 0.3454747859375 0.5748439234375
8 0.308698296875 0.568196409375 0.2835936046875 0.5554686765625 0.2477416828125 0.62617699375 0.27284631406250004 0.638904634375 0.308698296875 0.568196409375
