1 0.2732359375 0.4863953125 0.2668796875 0.474425 0.264609375 0.48363281249999995 0.2623390625 0.4983640625 0.2618859375 0.5167796874999999 0.264609375 0.5112546874999999 0.272328125 0.5011265625 0.2732359375 0.4863953125
6 0.232828125 0.351046875 0.2301046875 0.3851140625 0.23555156249999998 0.37222343750000003 0.2396390625 0.37130312499999996 0.24281718749999998 0.37222343750000003 0.244178125 0.38419375 0.2459953125 0.39432187500000004 0.2523515625 0.406290625 0.2564375 0.421021875 0.26006874999999996 0.41365625 0.264609375 0.39155937500000004 0.263246875 0.365778125 0.255075 0.34183906249999996 0.2400921875 0.34183906249999996 0.232828125 0.351046875
1 0.31500625000000004 0.5167796874999999 0.3177296875 0.504809375 0.31727656249999997 0.495603125 0.3131890625 0.48731562500000003 0.310465625 0.4992859375 0.3063796875 0.5121749999999999 0.305471875 0.525065625 0.3127359375 0.5204625 0.31500625000000004 0.5167796874999999
6 0.3714703125 0.3680375 0.378009375 0.3409859375 0.38170000000000004 0.33442343750000003 0.3862265625 0.335053125 0.38680781249999996 0.3511 0.38542343749999997 0.370553125 0.388525 0.35671718750000003 0.389765625 0.345396875 0.388525 0.3328203125 0.38542343749999997 0.32212968750000004 0.38046250000000004 0.3233875 0.37488125 0.33344843750000003 0.3720890625 0.34791249999999996 0.3714703125 0.3680375
1 0.38604375 0.5522984375 0.3906953125 0.5522984375 0.3931765625 0.5516687499999999 0.3965875 0.549153125 0.39999843749999997 0.546009375 0.40309999999999996 0.53531875 0.39751875000000003 0.522740625 0.391315625 0.520225 0.38945625 0.5290296875 0.3866640625 0.5416078125 0.38604375 0.5522984375
1 0.627384375 0.5615765625 0.6265390625 0.5495703125 0.625128125 0.5415656249999999 0.6209 0.544996875 0.6200546874999999 0.5592890625 0.6214640625000001 0.5735812499999999 0.6225921875 0.5787265625 0.6256921875 0.5787265625 0.629075 0.576440625 0.627384375 0.5615765625
1 0.6815109374999999 0.4832515625 0.6775640625 0.4941140625 0.675590625 0.51069375 0.673053125 0.5238437499999999 0.672771875 0.5381359375 0.675309375 0.5547156249999999 0.677846875 0.5701515625 0.6803828125 0.5730109375 0.683765625 0.5707234375 0.6882765625 0.5632906249999999 0.6905328125 0.555859375 0.6925046874999999 0.5438531249999999 0.693915625 0.5364203125 0.6984250000000001 0.523271875 0.7001171875 0.5101218750000001 0.7006812499999999 0.4941140625 0.6970156249999999 0.47925000000000006 0.6933515625 0.471246875 0.6877125000000001 0.4729609375 0.6815109374999999 0.4832515625
1 0.7438125 0.5267015625 0.750015625 0.5301328125 0.7505796874999999 0.5198421875 0.74916875 0.5101218750000001 0.747478125 0.5015468750000001 0.7426859375 0.5015468750000001 0.7401484375 0.5152671875 0.7438125 0.5267015625
8 0.22978486718750002 0.37912094375 0.233156971875 0.398390115625 0.233156971875 0.45427071249999995 0.236047346875 0.46679567187500004 0.2456819328125 0.471612965625 0.261579 0.46535048593750006 0.2601338125 0.45186206562500003 0.2519444140625 0.3954997390625 0.24230982812500002 0.3781574859375 0.2379742640625 0.37478538125 0.231711784375 0.37623056718750003 0.22978486718750002 0.37912094375
8 0.3757488390625 0.358406584375 0.366114253125 0.37044981718750003 0.3656325234375 0.385865153125 0.3670777125 0.41284199375 0.358406584375 0.49232732500000004 0.3574431265625 0.517377246875 0.3656325234375 0.5332743140625 0.3781574859375 0.525084915625 0.3873103421875 0.5106330375 0.3897189875 0.5029253687499999 0.3897189875 0.49040040781250005 0.3902007171875 0.48895522031249994 0.390682446875 0.489918678125 0.3882738 0.42103139218749996 0.38634688281249996 0.3444364359375 0.3757488390625 0.358406584375
