1 0.272328125 0.5011265625 0.2732359375 0.4863953125 0.2668796875 0.474425 0.264609375 0.48363281249999995 0.2623390625 0.4983640625 0.2618859375 0.5167796874999999 0.264609375 0.5112546874999999 0.272328125 0.5011265625
1 0.305471875 0.525065625 0.3127359375 0.5204625 0.31500625000000004 0.5167796874999999 0.3177296875 0.504809375 0.31727656249999997 0.495603125 0.3131890625 0.48731562500000003 0.310465625 0.4992859375 0.3063796875 0.5121749999999999 0.305471875 0.525065625
7 0.37395 0.462996875 0.3724 0.4799765625 0.3724 0.4957 0.372709375 0.5026171875000001 0.3773609375 0.49507031250000005 0.377671875 0.468028125 0.3786015625 0.4397296875 0.3786015625 0.415203125 0.3786015625 0.3931921875 0.3789125 0.3762125 0.3758109375 0.4082859375 0.37488125 0.43595625 0.37395 0.462996875
1 0.39751875000000003 0.522740625 0.391315625 0.520225 0.38945625 0.5290296875 0.3866640625 0.5416078125 0.38604375 0.5522984375 0.3906953125 0.5522984375 0.3931765625 0.5516687499999999 0.3965875 0.549153125 0.39999843749999997 0.546009375 0.40309999999999996 0.53531875 0.39751875000000003 0.522740625
1 0.6225921875 0.5787265625 0.6256921875 0.5787265625 0.629075 0.576440625 0.627384375 0.5615765625 0.6265390625 0.5495703125 0.625128125 0.5415656249999999 0.6209 0.544996875 0.6200546874999999 0.5592890625 0.6214640625000001 0.5735812499999999 0.6225921875 0.5787265625
7 0.640915625 0.51069375 0.6442984375 0.514696875 0.6482453125000001 0.5152671875 0.648528125 0.49125625 0.6493734375 0.468959375 0.64768125 0.4535234375 0.6457078125 0.43923125 0.6479640625 0.39292343750000003 0.6462718749999999 0.383203125 0.6426078125 0.458096875 0.6403515625 0.49011250000000006 0.640915625 0.51069375
1 0.677846875 0.5701515625 0.6803828125 0.5730109375 0.683765625 0.5707234375 0.6882765625 0.5632906249999999 0.6905328125 0.555859375 0.6925046874999999 0.5438531249999999 0.693915625 0.5364203125 0.6984250000000001 0.523271875 0.7001171875 0.5101218750000001 0.7006812499999999 0.4941140625 0.6970156249999999 0.47925000000000006 0.6933515625 0.471246875 0.6877125000000001 0.4729609375 0.6815109374999999 0.4832515625 0.6775640625 0.4941140625 0.675590625 0.51069375 0.673053125 0.5238437499999999 0.672771875 0.5381359375 0.675309375 0.5547156249999999 0.677846875 0.5701515625
1 0.7401484375 0.5152671875 0.7438125 0.5267015625 0.750015625 0.5301328125 0.7505796874999999 0.5198421875 0.74916875 0.5101218750000001 0.747478125 0.5015468750000001 0.7426859375 0.5015468750000001 0.7401484375 0.5152671875
8 0.246491259375 0.40367409062500004 0.24434785625000002 0.40081622031249997 0.239346584375 0.38224006718750003 0.23863211718750002 0.37866773125000003 0.2357742484375 0.3679507203125 0.2336308453125 0.3722375234375 0.2336308453125 0.38938474218749997 0.23291637812500002 0.40010175312499996 0.23291637812500002 0.42153577656249996 0.23148744375 0.4393974625 0.236488715625 0.4651182875 0.24792019375000002 0.46440382187499996 0.259351671875 0.46297488593749997 0.260066140625 0.450828940625 0.25649380312500003 0.4315383203125 0.2536359328125 0.417248971875 0.246491259375 0.40367409062500004
8 0.3815256 0.341515425 0.37509539375 0.350089034375 0.372951990625 0.36294944687499997 0.360091578125 0.47154849531250004 0.3629494484375 0.5051284625 0.37152305625 0.5194178125 0.38366900312499996 0.5065573984375 0.388670275 0.36294944687499997 0.3815256 0.341515425
