1 0.361028125 0.4530578125 0.361028125 0.42930156249999996 0.3584390625 0.421078125 0.3549890625 0.42381875 0.35067499999999996 0.434784375 0.35067499999999996 0.45945468749999996 0.3532640625 0.46493593750000006 0.358871875 0.46493593750000006 0.361028125 0.4530578125
2 0.3830265625 0.48046875 0.38820156250000004 0.463109375 0.390359375 0.44209375 0.3877703125 0.41102812499999997 0.3864765625 0.379046875 0.3843203125 0.370825 0.3713796875 0.3744796875 0.3679296875 0.3890984375 0.362753125 0.4082859375 0.361459375 0.4311296875 0.3584390625 0.4759015625 0.362753125 0.48777968749999995 0.3709484375 0.4978296875 0.3830265625 0.48046875
4 0.3869078125 0.35072187499999996 0.3886328125 0.3141734375 0.389928125 0.26300625 0.3804375 0.2620921875 0.3739671875 0.307778125 0.3683609375 0.364428125 0.3696546875 0.3744796875 0.38604531249999996 0.37539218750000003 0.3869078125 0.35072187499999996
2 0.6021453125 0.4740734375 0.5991265625 0.4558 0.59179375 0.425646875 0.5835984375 0.421078125 0.575834375 0.4247328125 0.56720625 0.42930156249999996 0.56548125 0.44209375 0.5697953124999999 0.463109375 0.5749703125 0.48412499999999997 0.580578125 0.4996578125 0.5913625 0.501484375 0.59610625 0.4905203125 0.6021453125 0.4740734375
2 0.6017140624999999 0.46859062500000004 0.607753125 0.4759015625 0.6176734374999999 0.47864218750000004 0.624575 0.4749875 0.6301828125 0.4640234375 0.6297515625 0.4457484375 0.6237125 0.41376875 0.6193984375 0.40189062499999995 0.6150859375 0.39915 0.6124968749999999 0.40006250000000004 0.608184375 0.4009765625 0.6012828125 0.4055453125 0.59696875 0.40919999999999995 0.5913625 0.4174234375 0.59265625 0.42930156249999996 0.59610625 0.449403125 0.6017140624999999 0.46859062500000004
2 0.6527640625 0.45130468749999997 0.6572140625 0.4409375 0.6581046875000001 0.42679999999999996 0.6541 0.3975828125 0.6474249999999999 0.37873437499999996 0.64030625 0.3655390625 0.6309609375 0.3655390625 0.6242875 0.36836718749999997 0.621171875 0.4079515625 0.6202828125 0.4381109375 0.6282921875 0.45224843750000004 0.6376359375 0.455075 0.6456453125 0.45224843750000004 0.6527640625 0.45130468749999997
4 0.625725 0.272221875 0.620253125 0.279303125 0.6229890625000001 0.3591265625 0.626940625 0.3655640625 0.639096875 0.3642765625 0.6421359375 0.3546203125 0.634234375 0.278015625 0.625725 0.272221875
1 0.6521656250000001 0.534865625 0.6564203125 0.540015625 0.657028125 0.534221875 0.6576359375 0.523278125 0.656115625 0.517484375 0.649734375 0.517484375 0.6521656250000001 0.534865625
1 0.700184375 0.501390625 0.6947140625 0.4885171875 0.691675 0.500746875 0.6962328125 0.512978125 0.7004875 0.520703125 0.7041359375 0.521990625 0.70291875 0.512978125 0.700184375 0.501390625
2 0.3647421875 0.531815625 0.361046875 0.5748875 0.36289531249999996 0.5895718750000001 0.3679765625 0.5954453125 0.37536875 0.5983828124999999 0.3822984375 0.5885921875 0.3915375 0.5768453124999999 0.39523437499999997 0.54845625 0.389228125 0.5288781250000001 0.37583125 0.5269203124999999 0.3647421875 0.531815625
2 0.32501250000000004 0.5768453124999999 0.332865625 0.58271875 0.33794843750000003 0.5846765625 0.349496875 0.581740625 0.35873750000000004 0.5748875 0.36289531249999996 0.56705625 0.367515625 0.5396468750000001 0.361509375 0.5288781250000001 0.3541171875 0.5249625 0.3471875 0.5239843750000001 0.34487812500000004 0.52006875 0.33702343749999997 0.51419375 0.328246875 0.5151734375 0.322703125 0.5230046875000001 0.3176203125 0.5376890624999999 0.313 0.558246875 0.31900625 0.56999375 0.32501250000000004 0.5768453124999999
5 0.682196184375 0.612825978125 0.6618868906250001 0.5659778265625001 0.6195312140625 0.5902343765625 0.6368910640625 0.6534278046875001 0.682196184375 0.612825978125
