7 0.3889140625 0.4329203125 0.3889140625 0.386190625 0.387775 0.36595625 0.3832171875 0.34716874999999997 0.3866359375 0.395825 0.3889140625 0.4329203125
7 0.40988281249999997 0.42762031250000004 0.41125 0.4608609375 0.41398437499999996 0.45700624999999995 0.4126171875 0.4189484375 0.41125 0.3938984375 0.40828749999999997 0.374146875 0.4087421875 0.416540625 0.407146875 0.44351874999999996 0.4053234375 0.4627875 0.40395624999999996 0.47483125 0.4066921875 0.4762765625 0.40988281249999997 0.42762031250000004
7 0.53913125 0.43593281250000004 0.5427171875 0.4370984375 0.5407859375 0.3788078125 0.53913125 0.43593281250000004
7 0.5680875000000001 0.451671875 0.568915625 0.4009578125 0.568915625 0.375309375 0.569190625 0.36947968750000004 0.5697421874999999 0.36015312499999996 0.5705703125 0.3415 0.5672609375000001 0.37414375 0.5650546875 0.399209375 0.5639515625 0.4370984375 0.5647796875 0.4499234375 0.5680875000000001 0.451671875
7 0.610296875 0.4212703125 0.6097453125000001 0.38804375 0.6086421875 0.360646875 0.6069875 0.395621875 0.605884375 0.4201046875 0.610296875 0.4212703125
7 0.6563515625 0.45041562500000004 0.6602125 0.45507968749999994 0.6604890625000001 0.41952187500000004 0.6618671875000001 0.40145156249999997 0.6557999999999999 0.36472812499999996 0.6585578125 0.40844531249999994 0.6571796875 0.43584375 0.6563515625 0.45041562500000004
7 0.646425 0.4428375 0.647803125 0.45507968749999994 0.6538703124999999 0.4509984375 0.647803125 0.430596875 0.6395296874999999 0.39678749999999996 0.6351171875 0.373471875 0.6331875 0.3612296875 0.6326359375 0.336746875 0.6312562500000001 0.3676421875 0.6331875 0.384546875 0.640909375 0.413109375 0.646425 0.4428375
2 0.5904421875 0.6357828125 0.5959578125 0.648025 0.6017484375000001 0.669009375 0.608090625 0.6760046875 0.61360625 0.6725078124999999 0.61995 0.6649296875 0.6218796875 0.6521046875 0.62243125 0.6282062500000001 0.6160890625000001 0.605471875 0.6130546875 0.59323125 0.6083671875000001 0.576909375 0.6042296875 0.572828125 0.5976125 0.57399375 0.5893390625 0.572828125 0.5849265625 0.57399375 0.5783078125000001 0.5885671875 0.5794109375 0.6089687500000001 0.583271875 0.622959375 0.5904421875 0.6357828125
2 0.5617609375 0.6591 0.5675515625 0.6637640625000001 0.57555 0.664346875 0.5813406249999999 0.6614312499999999 0.5874078125 0.6521046875 0.5868562500000001 0.63928125 0.5871328124999999 0.6235421875 0.5854781250000001 0.6124671875 0.5802375 0.5984765624999999 0.5752734375 0.5897328125 0.5716890625 0.5862359374999999 0.5631390625 0.5874015625 0.554315625 0.592646875 0.5515578125 0.6095515625 0.5507296875 0.6247078125 0.5548671875 0.64394375 0.557071875 0.6509390625 0.5617609375 0.6591
7 0.574446875 0.6999046875 0.5785828125 0.727884375 0.5838234375 0.7721859375 0.583546875 0.751784375 0.58244375 0.7307984375000001 0.5788593750000001 0.6981546875 0.574446875 0.6999046875
1 0.5460421875 0.6223765625000001 0.545490625 0.6334515625 0.549075 0.65035625 0.5493515625 0.657934375 0.5548671875 0.6684265625 0.5606578125 0.669009375 0.5617609375 0.65676875 0.5579 0.651521875 0.5529359375 0.6404468750000001 0.5504546875 0.6287890625 0.55128125 0.6165468749999999 0.5488000000000001 0.6165468749999999 0.5460421875 0.6223765625000001
7 0.25685156249999996 0.6063890625 0.2616171875 0.5928125 0.25927968749999997 0.5865109375 0.2535 0.6032515625 0.2459453125 0.6167578125000001 0.2377640625 0.618515625 0.22597968750000003 0.6173375 0.23854531250000002 0.5906890625 0.2460765625 0.5823015625 0.24939218749999997 0.5774828125 0.248978125 0.572665625 0.24151875 0.5796734375 0.23799687500000002 0.5862421875 0.23302343749999999 0.596753125 0.227015625 0.6112062500000001 0.21955624999999998 0.6190890625 0.23136562500000002 0.62434375 0.238203125 0.62303125 0.24504062499999998 0.6217171875 0.250634375 0.6160234375 0.25685156249999996 0.6063890625
5 0.3684895828125 0.5924479171875 0.3020833328125 0.5598958328125 0.26953125 0.6419270828125 0.2981770828125 0.6861979171875 0.3307291671875 0.6901041671875 0.3567708328125 0.6731770828125 0.3684895828125 0.5924479171875
5 0.6627604171875 0.5559895828125 0.6770833328125 0.609375 0.7252604171875 0.625 0.75390625 0.6002604171875 0.7395833328125 0.53125 0.6627604171875 0.5559895828125
5 0.5052083328125 0.5716145828125 0.5221354171875 0.5716145828125 0.5299479171875 0.5013020828125 0.4973958328125 0.5013020828125 0.5052083328125 0.5716145828125
6 0.5859375 0.7916666671875 0.6028645828125 0.7721354171875 0.5911458328125 0.7434895828125 0.5807291671875 0.7747395828125 0.5859375 0.7916666671875
6 0.6341145828125 0.7591145828125 0.6145833328125 0.79296875 0.6341145828125 0.8059895828125001 0.6341145828125 0.7591145828125
5 0.4075520828125 0.6744791671875 0.4192708328125 0.6575520828125 0.4231770828125 0.61328125 0.4036458328125 0.6171875 0.4075520828125 0.6744791671875
