7 0.38651232812499997 0.3469498484375 0.3832171875 0.34716874999999997 0.388914034375 0.43292031406250003 0.39220917499999997 0.43270141406249996 0.38651232812499997 0.3469498484375
7 0.5391737578125 0.4372158296875 0.5427172031249999 0.4370984375 0.5407859375 0.3788078125 0.5372425187500001 0.37892520625000004 0.5391737578125 0.4372158296875
7 0.563625396875 0.45157132187500004 0.568087515625 0.451671875 0.5705703125 0.3415 0.5661082546875 0.3413994484375 0.563625396875 0.45157132187500004
7 0.5949813546875 0.3830660671875 0.5850349171875 0.382789184375 0.5816899390625 0.5029436609375 0.591636378125 0.5032205421875 0.5949813546875 0.3830660671875
7 0.605904934375 0.421343215625 0.6102968828125 0.4212703125 0.609290340625 0.36063611562500003 0.6048984234375 0.36070901875 0.605904934375 0.421343215625
7 0.6616305625 0.364690596875 0.6557999999999999 0.36472812499999996 0.656381740625 0.45510434375 0.662212303125 0.45506681562500007 0.6616305625 0.364690596875
2 0.598100675 0.6786826125000001 0.6334254046875001 0.66921339375 0.6063570406250001 0.568249 0.571032971875 0.577718125 0.598100675 0.6786826125000001
2 0.5570645453124999 0.66710840625 0.59284355625 0.6617634 0.5813270875 0.58468444375 0.5455486015625 0.590029409375 0.5570645453124999 0.66710840625
7 0.6212162359375 0.7830139875000001 0.62784830625 0.7820702046875 0.612503125 0.67425625 0.6058712109375 0.6752000218750001 0.6212162359375 0.7830139875000001
7 0.5824007296875 0.7723421296875 0.5869506125 0.7718426203125001 0.5788593750000001 0.6981546875 0.5743095671875 0.69865419375 0.5824007296875 0.7723421296875
1 0.5527723703125 0.67106365 0.564677484375 0.6679621906250001 0.5511235359375 0.61594155625 0.5392185406250001 0.619043 0.5527723703125 0.67106365
7 0.26932562031249996 0.5840020234375001 0.24626548124999997 0.5711543015625 0.21955624999999998 0.6190890625 0.24261634375000002 0.6319367203125 0.26932562031249996 0.5840020234375001
5 0.3881693046875 0.5940527999999999 0.3020830625 0.559895725 0.25824998125 0.6703558593750001 0.344336009375 0.704512540625 0.3881693046875 0.5940527999999999
5 0.7395833328125 0.53125 0.661726590625 0.5521361921875 0.6842285375 0.63600730625 0.7620852171875 0.615121275 0.7395833328125 0.53125
5 0.4973958328125 0.501301940625 0.4973956359375 0.5716146171875 0.5299479078125 0.571614571875 0.5299479171875 0.5013020828125 0.4973958328125 0.501301940625
5 0.4231770828125 0.61328125 0.403471096875 0.6146246671875 0.4075520609375 0.67447916875 0.427258046875 0.673135759375 0.4231770828125 0.61328125
6 0.5741896734374999 0.7881808765625 0.5915783921875 0.7899194296875 0.596548925 0.7402133375 0.5791604078125 0.73847479375 0.5741896734374999 0.7881808765625
6 0.6354697203125 0.7771157890625 0.6196875000000001 0.77453125 0.6163456421875 0.7949341421875 0.6321278625 0.797518675 0.6354697203125 0.7771157890625
