1 0.2873453125 0.47490468750000003 0.29256875 0.47765 0.2966734375 0.47284531249999995 0.3022703125 0.4707859375 0.307121875 0.45705625000000005 0.317196875 0.450190625 0.31831718750000004 0.4412671875 0.31831718750000004 0.424790625 0.3119734375 0.41518125 0.30264375 0.412434375 0.29443437499999997 0.4199859375 0.29145 0.42822343749999997 0.28547968749999997 0.429596875 0.281746875 0.4385203125 0.279509375 0.4495046875 0.28137500000000004 0.46666718749999997 0.28510625 0.47009999999999996 0.2873453125 0.47490468750000003
1 0.3421984375 0.42135937500000004 0.341825 0.4447 0.34369062499999997 0.4515640625 0.3444375 0.47353125 0.36496093749999997 0.48176874999999997 0.3642140625 0.45980156250000004 0.3578703125 0.43989375 0.35301875 0.4344015625 0.34816875 0.43371562499999994 0.34555625 0.42341875 0.3421984375 0.42135937500000004
1 0.3287640625 0.47421875 0.33921250000000003 0.480396875 0.33921250000000003 0.47490468750000003 0.3332421875 0.4707859375 0.329884375 0.4625484375 0.331003125 0.450190625 0.3343625 0.44881875000000004 0.332496875 0.4241046875 0.3302578125 0.41518125 0.326153125 0.4131203125 0.3224203125 0.41792656250000004 0.31794375 0.425478125 0.31831718750000004 0.437834375 0.3186890625 0.4495046875 0.32167500000000004 0.4618609375 0.3287640625 0.47421875
2 0.5408203125 0.5248671875 0.5489625 0.534228125 0.558121875 0.5348515625 0.5666015625 0.5223703125 0.5682984375 0.513009375 0.5652453125 0.49553593749999997 0.563209375 0.474940625 0.5625312499999999 0.4655796875 0.5615140625 0.45933906249999995 0.55506875 0.46370781250000004 0.5516765625 0.47182031249999995 0.545909375 0.47306875000000004 0.5401421875 0.469325 0.5333578125 0.4699484375 0.5326796875 0.4849265625 0.5357328125 0.50676875 0.5408203125 0.5248671875
2 0.578475 0.5273640625 0.5852593749999999 0.53173125 0.5950968750000001 0.517378125 0.5954359375 0.4942875 0.5923828125 0.466828125 0.58695625 0.470571875 0.5794921875 0.4687 0.5764390625 0.4655796875 0.5727078125 0.46058750000000004 0.5659234375 0.45621875 0.5598171875 0.47119687499999996 0.560834375 0.4905421875 0.5638875 0.5098890625 0.5710124999999999 0.5229953125 0.578475 0.5273640625
1 0.5930609375 0.45122656250000004 0.5930609375 0.46433125000000003 0.5930609375 0.48991875 0.5961140625 0.5111375 0.6022203125 0.5117609375 0.611040625 0.517378125 0.6198609375 0.513009375 0.6218953125 0.5024 0.6212171875 0.4949109375 0.6185031249999999 0.48180625 0.6185031249999999 0.469325 0.6205390625 0.458090625 0.619521875 0.449353125 0.6181640625 0.4424890625 0.6144328125 0.4381203125 0.608665625 0.44311249999999996 0.6029 0.44436093750000005 0.597471875 0.44311249999999996 0.5930609375 0.45122656250000004
1 0.6473546875 0.4661046875 0.645825 0.460946875 0.6409828125 0.45860312499999994 0.6409828125 0.47079375 0.6417484375 0.482046875 0.6445515625 0.47829531249999996 0.6468453125 0.4759515625 0.6473546875 0.4661046875
1 0.6700375000000001 0.5720703125 0.6636656249999999 0.575821875 0.6600984375000001 0.5809796875 0.6618828125 0.5908265625 0.666215625 0.5992656249999999 0.6748796875 0.6053609375 0.68278125 0.5997343749999999 0.687878125 0.596453125 0.6906828125 0.5861375 0.6883890625 0.5650375000000001 0.6832906249999999 0.5476890625 0.678703125 0.5378421875 0.6748796875 0.5359671875 0.6759000000000001 0.5444078125 0.677684375 0.554721875 0.6751359375 0.5650375000000001 0.6700375000000001 0.5720703125
1 0.5971453125 0.6062984375 0.60096875 0.5997343749999999 0.5989296875 0.596453125 0.5933234374999999 0.5941078125 0.5887359375 0.5908265625 0.586696875 0.577696875 0.585421875 0.58566875 0.585421875 0.5936390625 0.5844031249999999 0.601140625 0.5864421875 0.6091125 0.588990625 0.6152078125 0.59306875 0.6123937500000001 0.5971453125 0.6062984375
1 0.587715625 0.5903578125 0.58720625 0.5814484375 0.5844031249999999 0.5762906250000001 0.5810890625 0.5800421874999999 0.5787953124999999 0.5842609375000001 0.576246875 0.5898875 0.5757375 0.5950453125 0.5765015625000001 0.601140625 0.5815984375000001 0.6058296875 0.5836375 0.61145625 0.5849125 0.5997343749999999 0.587715625 0.5903578125
1 0.379275 0.581953125 0.37656093749999997 0.5975546875 0.3735078125 0.62189375 0.3779171875 0.6200218750000001 0.381309375 0.6131578125 0.3826671875 0.6031718749999999 0.38504218749999997 0.5981796875 0.389790625 0.6013 0.39216562499999996 0.6013 0.39521875 0.598803125 0.39759375 0.5906906249999999 0.39895 0.583825 0.40030625000000003 0.5769609375 0.3948796875 0.5657281249999999 0.39080781249999996 0.5582390625 0.388434375 0.55449375 0.38368437499999997 0.5644796875 0.379275 0.581953125
1 0.35993906249999996 0.5700953125 0.3551890625 0.5644796875 0.350440625 0.5632312500000001 0.345690625 0.5757125000000001 0.3433171875 0.594434375 0.3490828125 0.611284375 0.3612953125 0.6300078124999999 0.371471875 0.624390625 0.3782578125 0.616278125 0.3802921875 0.5975546875 0.3796140625 0.5788328125 0.3796140625 0.5682234375 0.378596875 0.5532453125 0.373846875 0.544509375 0.365365625 0.5370203124999999 0.36570625 0.5507500000000001 0.3643484375 0.5644796875 0.35993906249999996 0.5700953125
0 0.6927083328125 0.5807291671875 0.5638020828125 0.6106770828125 0.4830729171875 0.62109375 0.4479166671875 0.6236979171875 0.38671875 0.6171875 0.3307291671875 0.5846354171875 0.3072916671875 0.5729166671875 0.2994791671875 0.5833333328125 0.41015625 0.6393229171875 0.4791666671875 0.625 0.5625 0.6158854171875 0.6627604171875 0.6106770828125 0.7005208328125 0.5924479171875 0.6927083328125 0.5807291671875
0 0.5377604171875 0.45703125 0.6041666671875 0.4479166671875 0.6705729171875 0.42578125 0.66015625 0.4244791671875 0.59765625 0.44140625 0.5286458328125 0.44921875 0.4934895828125 0.4544270828125 0.4361979171875 0.4427083328125 0.3880208328125 0.4296875 0.2916666671875 0.4166666671875 0.2747395828125 0.4309895828125 0.3828125 0.453125 0.4205729171875 0.46484375 0.4856770828125 0.4596354171875 0.5377604171875 0.45703125
