5 0.41855909843749994 0.3806964703125 0.44393554375 0.3815074390625 0.4454421046875 0.33436438125 0.42006578906250003 0.333553415625 0.41855909843749994 0.3806964703125
5 0.5849622296875 0.3724210390625 0.6310464359375 0.38355276250000003 0.6433497640625 0.3326197046875 0.5972658078124999 0.3214880140625 0.5849622296875 0.3724210390625
5 0.36992522031249997 0.661531790625 0.3215298171875 0.6460609921875 0.297325528125 0.7217656546875 0.3457208734375 0.7372363234375 0.36992522031249997 0.661531790625
5 0.717899203125 0.644972559375 0.6804464078125 0.6645605015625 0.70314593125 0.7079566421875 0.7405986578125 0.6883688 0.717899203125 0.644972559375
8 0.3891637734375 0.3473375140625 0.3658383625 0.3466515078125 0.3621603515625 0.471704175 0.3854857640625 0.47239017656250004 0.3891637734375 0.3473375140625
8 0.28065846250000004 0.47247938906250003 0.3180001234375 0.471312528125 0.314117984375 0.3470930203125 0.276776915625 0.34825987187499996 0.28065846250000004 0.47247938906250003
8 0.36690516562500003 0.3334103140625 0.33407187656250004 0.3336465125 0.3351562453125 0.484375 0.3679895328125 0.48413880468750004 0.36690516562500003 0.3334103140625
8 0.340625 0.33515625 0.31953125 0.33515625 0.31953125 0.48203125 0.340625 0.48203125 0.340625 0.33515625
8 0.3607341984375 0.291293334375 0.3286616484375 0.29146669062499997 0.32968749375 0.48125 0.3617600421875 0.4810766453125 0.3607341984375 0.291293334375
8 0.3126142015625 0.5524458328125 0.29331118125 0.5471818828125 0.28119584531249997 0.5916047640625 0.30049885781249996 0.5968686921875 0.3126142015625 0.5524458328125
8 0.34411126406250003 0.5744580609375001 0.32265618281249997 0.5601562046875 0.29380991875 0.603425753125 0.315264946875 0.6177275437499999 0.34411126406250003 0.5744580609375001
