7 0.325025 0.35165 0.324184375 0.3707328125 0.3275484375 0.3991 0.331753125 0.429015625 0.333715625 0.40683749999999996 0.32894999999999996 0.3779546875 0.325025 0.35165
7 0.33792187500000004 0.3480390625 0.335678125 0.3681546875 0.3410046875 0.37228125 0.3412859375 0.3547453125 0.3365203125 0.318125 0.33792187500000004 0.3480390625
7 0.351378125 0.3733125 0.3468921875 0.337725 0.3426875 0.34081875 0.34773437500000004 0.36041875 0.3480140625 0.383628125 0.3443703125 0.4156046875 0.3443703125 0.42179374999999997 0.3488546875 0.4279828125 0.3505375 0.4058046875 0.351378125 0.3733125
8 0.37629531250000003 0.4424890625 0.3844359375 0.43499999999999994 0.3820625 0.39880312500000004 0.379009375 0.36884843749999996 0.36951093749999997 0.3470046875 0.3647609375 0.35574218750000003 0.3654390625 0.3919390625 0.36374375 0.4300078125 0.3634046875 0.449978125 0.3708671875 0.4437375 0.37629531250000003 0.4424890625
6 0.419715625 0.369471875 0.4237875 0.38008125000000004 0.4237875 0.36884843749999996 0.42548281250000003 0.35574218750000003 0.429553125 0.35075 0.433625 0.3538703125 0.43701718749999996 0.369471875 0.4383734375 0.38132968749999996 0.444140625 0.37508906249999996 0.44481875000000004 0.3538703125 0.439390625 0.3407640625 0.43091093750000004 0.3339 0.424465625 0.3339 0.42005468749999997 0.34326093750000003 0.4193765625 0.35511875000000004 0.419715625 0.369471875
1 0.5197890625 0.487421875 0.513003125 0.4799328125 0.5119859375 0.4905421875 0.51334375 0.5017765625 0.5136828125 0.5329796875 0.5204671875 0.5292359375 0.52318125 0.504896875 0.5197890625 0.487421875
1 0.5241984375000001 0.49803125000000004 0.52589375 0.509265625 0.5279296875 0.5161296875 0.532 0.5223703125 0.5370890625 0.5286109375 0.5401421875 0.529859375 0.53810625 0.5167546875 0.535053125 0.50676875 0.533696875 0.4930390625 0.5326796875 0.4805578125 0.5303046874999999 0.47306875000000004 0.527590625 0.48555000000000004 0.5241984375000001 0.49803125000000004
7 0.587634375 0.4125328125 0.5903484375 0.35449375 0.5835625 0.39693125 0.5866156250000001 0.41939843750000005 0.587634375 0.4125328125
1 0.619521875 0.449353125 0.6181640625 0.4424890625 0.6144328125 0.4381203125 0.608665625 0.44311249999999996 0.6029 0.44436093750000005 0.597471875 0.44311249999999996 0.5930609375 0.45122656250000004 0.5930609375 0.46433125000000003 0.5930609375 0.48991875 0.5961140625 0.5111375 0.6022203125 0.5117609375 0.611040625 0.517378125 0.6198609375 0.513009375 0.6218953125 0.5024 0.6212171875 0.4949109375 0.6185031249999999 0.48180625 0.6185031249999999 0.469325 0.6205390625 0.458090625 0.619521875 0.449353125
6 0.6358046875000001 0.3638546875 0.6351265625 0.353246875 0.6300375 0.3451328125 0.62155625 0.33702031250000003 0.6144328125 0.3326515625 0.607309375 0.3239140625 0.5954359375 0.333275 0.5917046874999999 0.344509375 0.5950968750000001 0.365103125 0.597471875 0.37508906249999996 0.600525 0.36260781249999996 0.602559375 0.353246875 0.6059515625 0.35075 0.608665625 0.35075 0.6120578125 0.3601109375 0.61409375 0.3794578125 0.6174859374999999 0.369471875 0.6185031249999999 0.36198281250000003 0.6239312499999999 0.353246875 0.6310546875 0.36760000000000004 0.631734375 0.3807046875 0.6358046875000001 0.3638546875
1 0.645825 0.460946875 0.6409828125 0.45860312499999994 0.6409828125 0.47079375 0.6417484375 0.482046875 0.6445515625 0.47829531249999996 0.6468453125 0.4759515625 0.6473546875 0.4661046875 0.645825 0.460946875
1 0.6832906249999999 0.5476890625 0.678703125 0.5378421875 0.6748796875 0.5359671875 0.6759000000000001 0.5444078125 0.677684375 0.554721875 0.6751359375 0.5650375000000001 0.6700375000000001 0.5720703125 0.6636656249999999 0.575821875 0.6600984375000001 0.5809796875 0.6618828125 0.5908265625 0.666215625 0.5992656249999999 0.6748796875 0.6053609375 0.68278125 0.5997343749999999 0.687878125 0.596453125 0.6906828125 0.5861375 0.6883890625 0.5650375000000001 0.6832906249999999 0.5476890625
1 0.585421875 0.58566875 0.585421875 0.5936390625 0.5844031249999999 0.601140625 0.5864421875 0.6091125 0.588990625 0.6152078125 0.59306875 0.6123937500000001 0.5971453125 0.6062984375 0.60096875 0.5997343749999999 0.5989296875 0.596453125 0.5933234374999999 0.5941078125 0.5887359375 0.5908265625 0.586696875 0.577696875 0.585421875 0.58566875
1 0.576246875 0.5898875 0.5757375 0.5950453125 0.5765015625000001 0.601140625 0.5815984375000001 0.6058296875 0.5836375 0.61145625 0.5849125 0.5997343749999999 0.587715625 0.5903578125 0.58720625 0.5814484375 0.5844031249999999 0.5762906250000001 0.5810890625 0.5800421874999999 0.5787953124999999 0.5842609375000001 0.576246875 0.5898875
7 0.454471875 0.700028125 0.450265625 0.6757859374999999 0.44017343750000004 0.6267890625 0.4354078125 0.634525 0.4429765625 0.66908125 0.450546875 0.703121875 0.45783593749999996 0.738709375 0.45951718750000003 0.736646875 0.454471875 0.700028125
7 0.3986109375 0.6437375000000001 0.3931828125 0.674940625 0.38165 0.72361875 0.3979328125 0.6774375 0.4077703125 0.6462328125 0.40200312499999996 0.6318796875 0.3986109375 0.6437375000000001
1 0.39895 0.583825 0.40030625000000003 0.5769609375 0.3948796875 0.5657281249999999 0.39080781249999996 0.5582390625 0.388434375 0.55449375 0.38368437499999997 0.5644796875 0.379275 0.581953125 0.37656093749999997 0.5975546875 0.3735078125 0.62189375 0.3779171875 0.6200218750000001 0.381309375 0.6131578125 0.3826671875 0.6031718749999999 0.38504218749999997 0.5981796875 0.389790625 0.6013 0.39216562499999996 0.6013 0.39521875 0.598803125 0.39759375 0.5906906249999999 0.39895 0.583825
1 0.3796140625 0.5682234375 0.378596875 0.5532453125 0.373846875 0.544509375 0.365365625 0.5370203124999999 0.36570625 0.5507500000000001 0.3643484375 0.5644796875 0.35993906249999996 0.5700953125 0.3551890625 0.5644796875 0.350440625 0.5632312500000001 0.345690625 0.5757125000000001 0.3433171875 0.594434375 0.3490828125 0.611284375 0.3612953125 0.6300078124999999 0.371471875 0.624390625 0.3782578125 0.616278125 0.3802921875 0.5975546875 0.3796140625 0.5788328125 0.3796140625 0.5682234375
6 0.357853125 0.6964765625 0.3530109375 0.7030406250000001 0.3466390625 0.6992890625 0.346384375 0.6885046874999999 0.3476578125 0.677253125 0.3491875 0.6688125 0.3489328125 0.659903125 0.34689375 0.658028125 0.34281562499999996 0.6730328125 0.3384828125 0.6880359375 0.334659375 0.692725 0.3305828125 0.6917875 0.3247203125 0.6875671875 0.3237 0.6735015625 0.324465625 0.6622484375 0.324465625 0.6533390625 0.3252296875 0.64724375 0.319878125 0.656153125 0.3160546875 0.6631859375 0.31325156249999997 0.6744390625000001 0.308409375 0.6870984375 0.30815312499999997 0.6946015625 0.30891875 0.703509375 0.310446875 0.713825 0.3155453125 0.7208578125 0.324975 0.7292984375 0.3326203125 0.7330484375 0.3430703125 0.725546875 0.3512265625 0.71710625 0.3553046875 0.7072609375 0.357853125 0.6964765625
8 0.303828125 0.57773125 0.30722031250000004 0.5577609375 0.30315 0.554015625 0.2967046875 0.55276875 0.29059843750000003 0.54403125 0.28720625 0.5633781250000001 0.2885625 0.5808515625 0.292634375 0.592709375 0.2984 0.5895890625 0.303828125 0.57773125
8 0.30009687500000004 0.5902125 0.2973828125 0.6008218750000001 0.306203125 0.609559375 0.3180765625 0.60269375 0.32893125 0.5908375 0.3346984375 0.5845953125000001 0.3336796875 0.56525 0.3268953125 0.56525 0.321128125 0.5596328125000001 0.31298750000000003 0.5708656249999999 0.3048453125 0.5789796875000001 0.30009687500000004 0.5902125
8 0.318800184375 0.41405481718750003 0.3160471609375 0.39148001875 0.3110917171875 0.37275945625 0.30558566875 0.36229796406250003 0.30063022500000003 0.3562413109375 0.2945735734375 0.35018465781249997 0.290168734375 0.3490834484375 0.2824602671875 0.3672534078125 0.2824602671875 0.37716429375 0.2753024046875 0.438281428125 0.289067525 0.45865380624999996 0.292371153125 0.46305864375 0.306686878125 0.44874291875 0.3160471609375 0.4327753796875 0.318800184375 0.41405481718750003
8 0.32926167500000003 0.32155320781249996 0.3226544171875 0.346330425 0.32155320781249996 0.3656015921875 0.32430623281250004 0.45479957187500003 0.32926167500000003 0.47021650781249996 0.342476190625 0.45535017812499995 0.35018465781249997 0.4366296125 0.35844373125 0.4338765890625 0.36064615 0.39037880937499997 0.356791915625 0.35844373125 0.3446786109375 0.32430623281250004 0.32926167500000003 0.32155320781249996
2 0.5495036 0.5054552140624999 0.562167509375 0.5065564234375 0.5687747671875 0.50160098125 0.5709771859375 0.49499372187499996 0.5709771859375 0.483981628125 0.5709771859375 0.47021650781249996 0.569325371875 0.46140682968749996 0.5671229531249999 0.45479957187500003 0.5665723484375 0.45479957187500003 0.563819325 0.45479957187500003 0.562167509375 0.45479957187500003 0.552807228125 0.4603056203125 0.5484023890625 0.46415985312499997 0.543446946875 0.46856469218749996 0.53243485 0.4680140875 0.53243485 0.47737436874999994 0.533536059375 0.483431021875 0.53463726875 0.488386465625 0.540693921875 0.498297353125 0.5495036 0.5054552140624999
2 0.5676735578125001 0.480677996875 0.5704265828125 0.4878358609375 0.574280815625 0.497746746875 0.58033746875 0.5060058187500001 0.5891471453125 0.5109612625 0.595754403125 0.502702190625 0.5974062171875001 0.48122860312500004 0.595754403125 0.47131771718750004 0.5880459359375 0.45865380624999996 0.5852929109375 0.45920441093750003 0.57317960625 0.459755015625 0.5709771859375 0.460856225 0.5704265828125 0.4636092484375 0.569325371875 0.47021650781249996 0.5676735578125001 0.480677996875
