6 0.4439355430197338 0.3815074384332693 0.4185590978364644 0.3806964709029551 0.42006578942437045 0.3335534153763618 0.4454421046467587 0.3343643808317776
6 0.6310464356890861 0.38355276261493454 0.5849622296855159 0.37242103971216706 0.5972658084639306 0.3214880135866133 0.643349764597815 0.3326197048572898
6 0.3215298170184724 0.6460609923073765 0.3699252200793808 0.6615317912083651 0.3457208726791805 0.7372363234104709 0.2973255274902158 0.7217656540937033
6 0.680446408371381 0.6645605010856032 0.7178992035831016 0.6449725600068446 0.7405986584051334 0.68836880024232 0.7031459309013144 0.7079566422462392
8 0.36583836185855034 0.34665150720346133 0.38916377363352694 0.3473375141262656 0.38548576349694486 0.47239017625890994 0.36216035191557694 0.4717041747084959
8 0.3180001228361107 0.4713125282579768 0.2806584632032809 0.4724793884875954 0.27677691579810926 0.34825987128906105 0.31411798404690217 0.34709302043587714
8 0.33407187723162224 0.33364651236065307 0.3669051653804445 0.3334103146839731 0.36798953277298097 0.4841388045465649 0.33515624466258487 0.48437500003839584
8 0.31953125 0.33515625 0.340625 0.33515625 0.340625 0.48203125 0.31953125 0.48203125
8 0.3286616489667722 0.29146669077732534 0.3607341983226888 0.291293334283902 0.36176004269623263 0.48107664541439266 0.3296874933654408 0.48125000003586066
8 0.29331118180368776 0.5471818834112696 0.31261420184546296 0.5524458326427625 0.3004988571406102 0.5968686920937832 0.281195845425259 0.591604764007047
8 0.3226561821740006 0.5601562047874216 0.34411126346765286 0.574458061439657 0.315264947024275 0.6177275429712693 0.2938099191252377 0.6034257529896134
