2 0.3634515625 0.5223078125 0.3127953125 0.5223078125 0.3127953125 0.6235125 0.3634515625 0.6235125 0.3634515625 0.5223078125
2 0.42482263124999997 0.5187980296875 0.39149903125 0.520420571875 0.3961049640625 0.6150077171875 0.4294285609375 0.6133851875 0.42482263124999997 0.5187980296875
4 0.4164738453125 0.40480621875 0.397228725 0.40527725156249994 0.400148315625 0.5245567 0.41939343593749995 0.5240856734375 0.4164738453125 0.40480621875
2 0.5549487953125001 0.517087471875 0.528514071875 0.5180029968750001 0.5315307515625001 0.60509814375 0.557965475 0.6041826265625 0.5549487953125001 0.517087471875
4 0.5425340375000001 0.40168376875 0.5252734390625 0.403033421875 0.5343750015625 0.51942536875 0.5516355984375 0.518075725 0.5425340375000001 0.40168376875
2 0.552873815625 0.6141320390625 0.5864937953125 0.6136843562500001 0.585065375 0.5064424890625 0.5514460156250001 0.5068901671875 0.552873815625 0.6141320390625
2 0.6147339296875 0.5116699828125 0.581800209375 0.513474921875 0.5867582453125 0.6039331359375 0.6196919624999999 0.6021282109375 0.6147339296875 0.5116699828125
2 0.6105380546875 0.60245311875 0.650178890625 0.6018427828124999 0.6488034625 0.5125388421875 0.609163228125 0.5131491734375 0.6105380546875 0.60245311875
1 0.5783270578125 0.5191916734375 0.588482028125 0.5174255125 0.582858740625 0.4850956796875 0.5727038203125 0.4868618359375 0.5783270578125 0.5191916734375
2 0.6056144 0.7078693656249999 0.6425306 0.7043472015625001 0.6350600421875 0.62606119375 0.5981444234375 0.62958333125 0.6056144 0.7078693656249999
5 0.344550484375 0.6690232890625001 0.34776440000000003 0.6884391546875 0.4256517421875 0.675547809375 0.42243770156249993 0.6561321 0.344550484375 0.6690232890625001
5 0.687303434375 0.5424675703124999 0.6846503562499999 0.5262559671875 0.6475626421875 0.53232491875 0.6502156640625001 0.5485364734375 0.687303434375 0.5424675703124999
8 0.421875 0.6859375 0.3977572875 0.684972959375 0.391940384375 0.8303963796874999 0.4160580953125 0.8313609046874999 0.421875 0.6859375
