1 0.31832812499999996 0.5064124999999999 0.3129203125 0.5008843749999999 0.3057078125 0.5053062500000001 0.29969843749999997 0.5141515625 0.298496875 0.5285234375 0.30390625 0.5451078125000001 0.3081125 0.53736875 0.31171875 0.5351578124999999 0.31832812499999996 0.538475 0.3243390625 0.541790625 0.3225359375 0.5252078124999999 0.3207328125 0.5152578125 0.31832812499999996 0.5064124999999999
7 0.3740109375 0.43685625000000006 0.3685828125 0.49115000000000003 0.3658703125 0.5298437500000001 0.3658703125 0.5454453125 0.37265468749999997 0.544196875 0.37299375 0.49115000000000003 0.3740109375 0.43685625000000006
7 0.43541093750000004 0.472178125 0.4328 0.44952500000000006 0.42869531250000004 0.42137812500000005 0.42720156249999997 0.4440328125 0.42981406250000004 0.4948328125 0.4372765625 0.4927734375 0.43541093750000004 0.472178125
1 0.720125 0.501696875 0.7156484375 0.5119953125000001 0.7175140625 0.5229781250000001 0.7186328125 0.5298437500000001 0.724603125 0.5367078125 0.7294546875 0.536021875 0.7294546875 0.5243515624999999 0.7268421875 0.5133671875 0.724603125 0.5010109375 0.7231109375 0.4941453125 0.720125 0.501696875
1 0.7350515625 0.5216046875 0.7346781250000001 0.5119953125000001 0.730946875 0.5051296875 0.72908125 0.5119953125000001 0.7287078124999999 0.5250375 0.7302015625 0.5346484375 0.7346781250000001 0.531903125 0.7350515625 0.5216046875
1 0.63318125 0.6637078125 0.633928125 0.6520374999999999 0.6324359375 0.63968125 0.63056875 0.6300703125 0.6253453125 0.62251875 0.6227328125 0.6321296875 0.6201218749999999 0.641053125 0.6190015625 0.6534109375 0.6219875 0.666453125 0.62571875 0.67331875 0.63056875 0.67331875 0.63318125 0.6637078125
1 0.6115390625 0.6843015625 0.6115390625 0.6911671875 0.6130312499999999 0.6994046875000001 0.6182562500000001 0.7076421875000001 0.6223609375 0.7090156249999999 0.62049375 0.692540625 0.6182562500000001 0.6836156250000001 0.614896875 0.66439375 0.6119125000000001 0.6740046875 0.6115390625 0.6843015625
1 0.4525765625 0.726178125 0.45182968749999997 0.7124484375 0.44735312499999996 0.7165671875 0.4454859375 0.7254906250000001 0.4462328125 0.7309828125 0.4499640625 0.738534375 0.45294999999999996 0.738534375 0.4525765625 0.726178125
1 0.42832187499999996 0.713134375 0.42384374999999996 0.70695625 0.4216046875 0.7193125 0.4223515625 0.73235625 0.4268296875 0.7248046875 0.42832187499999996 0.713134375
0 0.6041666671875 0.70703125 0.6341145828125 0.6927083328125 0.7239583328125 0.6471354171875 0.71484375 0.6380208328125 0.5872395828125 0.6979166671875 0.54296875 0.7109375 0.5338541671875 0.7135416671875 0.4557291671875 0.7018229171875 0.3958333328125 0.6940104171875 0.3125 0.67578125 0.3020833328125 0.6901041671875 0.3815104171875 0.7096354171875 0.4427083328125 0.72265625 0.484375 0.7356770828125 0.5260416671875 0.7369791671875 0.5572916671875 0.73046875 0.6041666671875 0.70703125
0 0.7369791671875 0.4869791671875 0.7682291671875 0.4661458328125 0.7330729171875 0.4765625 0.6575520828125 0.5052083328125 0.6080729171875 0.515625 0.49609375 0.5403645828125 0.4127604171875 0.52734375 0.3541666671875 0.5169270828125 0.23307291718749998 0.5013020828125 0.2265625 0.5091145828125 0.4674479171875 0.55078125 0.53125 0.5481770828125 0.625 0.52734375 0.7369791671875 0.4869791671875
5 0.23177083281250002 0.69140625 0.30859375 0.6901041671875 0.3111979171875 0.6276041671875 0.23567708281250002 0.6223958328125 0.23177083281250002 0.69140625
