1 0.3115936734375 0.408399065625 0.2937538140625 0.4074095921875 0.2910307171875 0.45650340624999997 0.3088705765625 0.4574928765625 0.3115936734375 0.408399065625
1 0.3743706 0.4507295015625 0.38419805937499996 0.4518210625 0.38726787812499996 0.42418454843750003 0.3774404546875 0.42309298906250004 0.3743706 0.4507295015625
1 0.7247609374999999 0.377115625 0.715278125 0.377115625 0.715278125 0.4276859375 0.7247609374999999 0.4276859375 0.7247609374999999 0.377115625
1 0.619771246875 0.6455158359375 0.6398766109375 0.6462171890625 0.6419477828125 0.5868485265625 0.62184264375 0.5861471765624999 0.619771246875 0.6455158359375
1 0.5965331671875 0.6529607562499999 0.60450400625 0.6534921421875 0.6073712203125 0.6104884968750001 0.599400446875 0.6099571140625 0.5965331671875 0.6529607562499999
1 0.301595840625 0.5652256125 0.29322739375 0.5656666140625 0.2939987859375 0.5803031 0.302367234375 0.5798620984375 0.301595840625 0.5652256125
5 0.37667505156250003 0.6896272234375 0.41371211875 0.62092270625 0.331299246875 0.5765013984375 0.2942621296875 0.6452052859374999 0.37667505156250003 0.6896272234375
5 0.68699818125 0.3931583546875 0.6369133875 0.402553659375 0.6510416 0.47786459531250003 0.70112638125 0.4684693375 0.68699818125 0.3931583546875
9 0.412867025 0.2106320046875 0.373211021875 0.2446882703125 0.48546496718750004 0.37539605625 0.525120728125 0.34134005312500004 0.412867025 0.2106320046875
5 0.7001374625000001 0.6508651890625 0.7448016875000001 0.6450400734375 0.7315141234375 0.5431722328124999 0.6868507265625 0.5489972921875 0.7001374625000001 0.6508651890625
5 0.3200636015625 0.4781436171875 0.37002854375 0.48579547500000003 0.3828960234375 0.40177742031249997 0.3329316234375 0.394125603125 0.3200636015625 0.4781436171875
