1 0.30141249999999997 0.407834375 0.2972046875 0.41023750000000003 0.292396875 0.4318734375 0.291796875 0.442690625 0.29600312500000003 0.4559109375 0.3020125 0.45711250000000003 0.30561875 0.4523046875 0.309825 0.4402859375 0.309825 0.427065625 0.308021875 0.41504531250000004 0.30141249999999997 0.407834375
1 0.3849453125 0.44509375 0.386146875 0.4342765625 0.3807390625 0.423459375 0.37593125 0.4366796875 0.3747296875 0.4499015625 0.377734375 0.45110312500000005 0.3807390625 0.4474984375 0.3849453125 0.44509375
1 0.715278125 0.3924671875 0.715278125 0.40330468750000004 0.7166328125 0.41775312500000006 0.7216 0.4240734375 0.7247609374999999 0.4276859375 0.724309375 0.41143124999999997 0.7247609374999999 0.3969828125 0.7220515625 0.377115625 0.7175359375 0.384340625 0.715278125 0.3924671875
1 0.639425 0.634478125 0.639425 0.6218359375 0.6412312499999999 0.6073875 0.6398765625 0.5920359375 0.6353609375 0.58661875 0.6322 0.5938421875000001 0.6299421875 0.6028734375 0.62633125 0.60558125 0.6209125 0.61280625 0.625428125 0.6272546875 0.633103125 0.638090625 0.6398765625 0.6462171875 0.639425 0.634478125
1 0.6037546875 0.6534421874999999 0.605109375 0.6444124999999999 0.6060125000000001 0.6308671875 0.605109375 0.6200296875 0.601496875 0.610096875 0.5996921875 0.6218359375 0.5978859375 0.632671875 0.5983375 0.6444124999999999 0.6037546875 0.6534421874999999
1 0.293440625 0.5697125 0.2938625 0.5777171875 0.29512499999999997 0.58024375 0.299128125 0.5777171875 0.30207656250000003 0.574346875 0.3016546875 0.568028125 0.29870625 0.5655 0.29638906249999997 0.5655 0.293440625 0.5697125
5 0.3255208328125 0.6640625 0.37109375 0.640625 0.3802083328125 0.6028645828125 0.3151041671875 0.59375 0.3255208328125 0.6640625
5 0.3502604171875 0.4791666671875 0.37109375 0.4518229171875 0.37890625 0.4049479171875 0.3450520828125 0.4049479171875 0.3502604171875 0.4791666671875
5 0.6510416671875 0.4778645828125 0.6770833328125 0.4244791671875 0.6875 0.3958333328125 0.62890625 0.4075520828125 0.6510416671875 0.4778645828125
5 0.7122395828125 0.6315104171875 0.7408854171875 0.59375 0.7109375 0.5611979171875 0.6875 0.5807291671875 0.7122395828125 0.6315104171875
0 0.4322916671875 0.4388020828125 0.48046875 0.4453125 0.5338541671875 0.4674479171875 0.5703125 0.4427083328125 0.6106770828125 0.4270833328125 0.6666666671875 0.41796875 0.6927083328125 0.4049479171875 0.7161458328125 0.3971354171875 0.7552083328125 0.3763020828125 0.7526041671875 0.3671875 0.6966145828125 0.38671875 0.6380208328125 0.40625 0.6015625 0.3971354171875 0.5638020828125 0.41796875 0.49609375 0.41015625 0.4778645828125 0.4010416671875 0.4127604171875 0.4049479171875 0.359375 0.3984375 0.296875 0.4036458328125 0.2565104171875 0.3645833328125 0.2682291671875 0.3958333328125 0.28515625 0.4075520828125 0.3567708328125 0.421875 0.3984375 0.4348958328125 0.4322916671875 0.4388020828125
0 0.5078125 0.69140625 0.5546875 0.7083333328125 0.61328125 0.6901041671875 0.6471354171875 0.67578125 0.6731770828125 0.6640625 0.71484375 0.640625 0.7604166671875 0.6015625 0.7786458328125 0.5572916671875 0.74609375 0.58984375 0.7135416671875 0.62109375 0.6705729171875 0.6432291671875 0.6380208328125 0.6536458328125 0.6015625 0.6640625 0.5677083328125 0.6666666671875 0.5169270828125 0.6692708328125 0.4791666671875 0.671875 0.4270833328125 0.671875 0.3815104171875 0.6458333328125 0.2526041671875 0.5833333328125 0.24869791718749998 0.6041666671875 0.26171875 0.6263020828125 0.33203125 0.6640625 0.3645833328125 0.6796875 0.3971354171875 0.6861979171875 0.4388020828125 0.703125 0.4609375 0.7083333328125 0.5078125 0.69140625
