7 0.2933421875 0.40059531249999997 0.29390937500000003 0.3797671875 0.292209375 0.3625828125 0.2899421875 0.40372031249999996 0.2873921875 0.4183 0.2845578125 0.4417328125 0.282575 0.4490234375 0.2854078125 0.45579375000000005 0.289659375 0.42975624999999995 0.2933421875 0.40059531249999997
7 0.289659375 0.3724765625 0.2907921875 0.3438375 0.287959375 0.3610203125 0.2854078125 0.3854953125 0.28285781249999997 0.418821875 0.2803078125 0.4448578125 0.2794578125 0.4261109375 0.2791734375 0.39382656250000003 0.2800234375 0.3724765625 0.27605625 0.392784375 0.2749234375 0.417259375 0.27605625 0.4490234375 0.283990625 0.45110625000000004 0.28569218749999997 0.4292359375 0.287675 0.404240625 0.289659375 0.3724765625
2 0.2927765625 0.5344218749999999 0.2961765625 0.5417125 0.30184375 0.5469203125 0.310628125 0.5453578125 0.317996875 0.5443171875 0.324796875 0.5448375000000001 0.3332984375 0.5484828125 0.34009999999999996 0.545878125 0.3423671875 0.537546875 0.343784375 0.5281734375 0.3440671875 0.5099484375000001 0.3415171875 0.49745156250000006 0.3341484375 0.496409375 0.3219640625 0.491203125 0.3145953125 0.485475 0.3015609375 0.48599531249999994 0.29390937500000003 0.5130734375 0.2927765625 0.5344218749999999
7 0.3332984375 0.41986249999999997 0.3307484375 0.41101093750000006 0.3273484375 0.4016375 0.32394687499999997 0.3995546875 0.32848125 0.424028125 0.3264984375 0.4516265625 0.32508125 0.4672484375 0.330465625 0.4734984375 0.3332984375 0.4422546875 0.3332984375 0.41986249999999997
7 0.32338125 0.395909375 0.319696875 0.400075 0.317996875 0.42819375 0.3165796875 0.45995937500000006 0.32253125 0.4662078125 0.3253640625 0.42298749999999996 0.3264984375 0.40996875 0.3253640625 0.4032 0.32338125 0.395909375
7 0.3052453125 0.4266328125 0.302978125 0.40944843750000004 0.30354375 0.39747187500000003 0.3004265625 0.40632343750000005 0.30099375 0.43131875 0.30552812500000004 0.45527187500000005 0.3100625 0.47089375 0.3145953125 0.4604796875 0.3092125 0.4448578125 0.3052453125 0.4266328125
2 0.3749546875 0.501096875 0.3633359375 0.4984921875 0.35171874999999997 0.49432656250000007 0.34633437499999997 0.49901249999999997 0.34095 0.51359375 0.34009999999999996 0.5443171875 0.3469015625 0.557334375 0.361353125 0.5568140625 0.3732546875 0.557334375 0.3811890625 0.5495234375 0.38600625 0.5229671875 0.38090625 0.5052625 0.3749546875 0.501096875
7 0.358803125 0.46568750000000003 0.361353125 0.46256250000000004 0.3653203125 0.45943750000000005 0.3653203125 0.43704687499999995 0.3624859375 0.420384375 0.359653125 0.4047625 0.3556859375 0.39486875 0.3556859375 0.41153125 0.3565359375 0.440171875 0.35596875 0.4615203125 0.3565359375 0.4745390625 0.358803125 0.46568750000000003
2 0.6314109375 0.6255499999999999 0.635378125 0.6239874999999999 0.6390609375 0.6250296875 0.6532296875 0.6250296875 0.662015625 0.6187796875 0.6685328125 0.6151359375000001 0.667965625 0.5979515625 0.66258125 0.578684375 0.656346875 0.56983125 0.6518140625 0.5724359375 0.638778125 0.57451875 0.6294265625000001 0.57139375 0.6212093750000001 0.5776421875 0.6186578125 0.5906609375 0.622909375 0.6094078125 0.6254593749999999 0.6234671875 0.628009375 0.6260703125 0.6314109375 0.6255499999999999
7 0.676184375 0.702096875 0.6784515625 0.7093859375 0.6801515625000001 0.7026171875 0.6773171875 0.6911609375000001 0.6730671874999999 0.67345625 0.6691 0.6583546874999999 0.6668328125 0.6547109375 0.66258125 0.6599171875 0.6722171875 0.6885578125 0.676184375 0.702096875
7 0.6523796875000001 0.73750625 0.652946875 0.7093859375 0.6501125 0.69168125 0.6481296875 0.67345625 0.6469968749999999 0.6614796875 0.6407625 0.6599171875 0.6416125 0.677621875 0.6427453125 0.6895984375 0.6452953124999999 0.701575 0.6469968749999999 0.7161562499999999 0.649190625 0.7116765625 0.651246875 0.7265703125 0.6498296875 0.7453171875 0.6523796875000001 0.73750625
1 0.387990625 0.621384375 0.386290625 0.6302359375 0.38969062499999996 0.6291953125 0.3919578125 0.6271125 0.39592499999999997 0.6120109375 0.39082343750000004 0.6005546875000001 0.3894078125 0.6104484375 0.38770625000000003 0.6172187499999999 0.387990625 0.621384375
2 0.378071875 0.626590625 0.3857234375 0.6193015625 0.3882734375 0.6042 0.38600625 0.590140625 0.37835625 0.580246875 0.3678703125 0.5781640625 0.358803125 0.580246875 0.3528515625 0.5948265625 0.3511515625 0.6099281249999999 0.351434375 0.6286734375 0.35001875 0.6344015625 0.3556859375 0.6453375 0.36362031250000004 0.6442953124999999 0.3726875 0.6338812500000001 0.378071875 0.626590625
2 0.3111953125 0.6193015625 0.32423125 0.6260703125 0.333865625 0.6271125 0.33783281249999997 0.628153125 0.3449171875 0.6245078125 0.35086875 0.6177390625 0.3562515625 0.608365625 0.3599359375 0.5896203125 0.353134375 0.5651453125 0.3452 0.5651453125 0.337265625 0.5677484374999999 0.3279140625 0.5661875000000001 0.3165796875 0.5625421875 0.310628125 0.5661875000000001 0.30751093749999997 0.5823296874999999 0.304678125 0.6031578125 0.3060953125 0.6130515625 0.3111953125 0.6193015625
7 0.359653125 0.7166765625 0.361524578125 0.6978712078125 0.363903125 0.6901203125 0.3692125 0.6373288140625 0.35998699218749997 0.6419415671875 0.35518204062500003 0.686339321875 0.3562515625 0.69168125 0.35511875000000004 0.698971875 0.3528515625 0.711990625 0.35086875 0.727090625 0.35256875 0.73750625 0.3556859375 0.7328187500000001 0.359653125 0.7166765625
7 0.3307484375 0.6942859375 0.333865625 0.6739765625 0.329615625 0.679184375 0.3273484375 0.677621875 0.32593125 0.686475 0.3245140625 0.7031375 0.32139687499999997 0.7255296875 0.32508125 0.7255296875 0.32593125 0.7198015625 0.3281984375 0.7099078125 0.3307484375 0.6942859375
7 0.276340625 0.626590625 0.2749234375 0.6422125000000001 0.269821875 0.662521875 0.2650046875 0.680746875 0.2576375 0.7099078125 0.263021875 0.6984515625000001 0.2706734375 0.6812671875 0.27662343749999996 0.657834375 0.282575 0.6286734375 0.276340625 0.626590625
7 0.255653125 0.6245078125 0.24800312500000002 0.6359640625 0.240634375 0.6547109375 0.23610156249999997 0.669290625 0.22986718750000001 0.6843921875000001 0.23383437499999998 0.68335 0.238934375 0.6755390625000001 0.24261875000000002 0.6666875 0.251403125 0.647940625 0.2584875 0.63231875 0.264721875 0.6245078125 0.269821875 0.621384375 0.265571875 0.61565625 0.2650046875 0.607325 0.2618875 0.6146140625000001 0.255653125 0.6245078125
6 0.27741480625000003 0.7087147265625 0.2854252640625 0.7188331984375 0.3052406078125 0.7179899921875 0.3162022859375 0.7087147265625 0.32168312656250003 0.6960666343749999 0.3233695390625 0.6720352609375 0.3187319046875 0.663181596875 0.31072144687500003 0.6682408328125 0.3043974015625 0.6804673218749999 0.29723014999999997 0.6880561765625 0.2913277078125 0.6880561765625 0.2883764859375 0.677937703125 0.2904845015625 0.6724568625 0.294278928125 0.6661328171875 0.28584686718749996 0.6758296875 0.2828956453125 0.6821537328125 0.278679615625 0.6893209859375 0.2765716 0.69395861875 0.2748851875 0.7007042671875 0.27741480625000003 0.7087147265625
6 0.6638700125 0.7347799140625 0.6688528687499999 0.7378462890625 0.6772853984375 0.7374629921875 0.686484521875 0.7336300234375 0.6918506765625 0.7236643078125 0.693767159375 0.7152317796875 0.6910840828125 0.705649359375 0.6876344125 0.693767159375 0.6876344125 0.6918506765625 0.6845680375 0.6987500171875001 0.6799684765625 0.7029662828125 0.67191924375 0.6998999078125 0.6642533078125 0.6998999078125 0.6535209984375 0.710248921875 0.64815484375 0.719064746875 0.64738825 0.719064746875 0.6416387984374999 0.7171482625000001 0.6309064890625 0.730180353125 0.6312897859375 0.7359298046875 0.6408722046875 0.741295959375 0.650071328125 0.74014606875 0.658120559375 0.734013321875 0.6638700125 0.7347799140625
6 0.258542884375 0.723637515625 0.2636289734375 0.722507271875 0.2673022609375 0.7193991078125 0.269280184375 0.714595578125 0.2698453046875 0.7089443671875 0.2689976234375 0.705836203125 0.2673022609375 0.7066838828125 0.2658894578125 0.7120525328125 0.26419409531250004 0.7148781390625001 0.2613684890625 0.7140304578125 0.259390565625 0.7131827765625001 0.25797776250000004 0.7089443671875 0.257695203125 0.70527108125 0.2574126421875 0.70159779375 0.2568475203125 0.698489628125 0.2543044765625 0.7044233984375 0.2543044765625 0.7089443671875 0.254869596875 0.7148781390625001 0.25543471875 0.7188339859374999 0.2568475203125 0.7222247125 0.258542884375 0.723637515625
0 0.741157940625 0.476125721875 0.7717898046875 0.436837025 0.7664625234375 0.4062051609375 0.7478170421875 0.399546059375 0.7231783671875001 0.4408324859375 0.6992056046874999 0.4594779671875 0.657919178125 0.4754598109375 0.6392736953125 0.47945527187500003 0.61197138125 0.4841166421875 0.565357675 0.491441653125 0.5300644390625 0.5014303046874999 0.499432575 0.5020962140624999 0.4641393390625 0.4927734734375 0.46280751875000004 0.540719 0.5247371578125 0.5447144609375 0.6079759203124999 0.534725809375 0.6679078296875 0.5154144171875 0.741157940625 0.476125721875
0 0.3494488734375 0.47207174687500003 0.3041889296875 0.45049433125 0.2710333875 0.441547596875 0.232088784375 0.40155043749999997 0.2178792671875 0.43154830781250003 0.290505690625 0.495754275 0.38418325000000003 0.5094375140625 0.378920465625 0.46996663281249995 0.3494488734375 0.47207174687500003
0 0.445231546875 0.6888984578125 0.4736505828125 0.69837146875 0.501017059375 0.7010028609375001 0.5241733109375 0.7015291390625 0.5420667765625 0.6999503046875 0.5620653578125 0.6846882296875 0.5983785687500001 0.664163371875 0.6357443359375 0.65416408125 0.68100428125 0.6346917796875 0.73100073125 0.6073253015625 0.769945334375 0.580485103125 0.764156271875 0.5299623718750001 0.7131072656249999 0.587853 0.6552166390624999 0.614166921875 0.6067990234375 0.6410071203125 0.5357514359375 0.6615319796875 0.476808253125 0.6578480296875 0.412602284375 0.6436385125 0.36576350468749996 0.6241662109375 0.3089254359375 0.5973260125000001 0.24682458125 0.568380696875 0.19682813125 0.53785655 0.1978806875 0.571012090625 0.253139921875 0.6031150734375 0.2947159171875 0.6399545640625 0.34787003906249997 0.647848740625 0.3862883640625 0.6552166374999999 0.41154972812499996 0.6794254453125 0.445231546875 0.6888984578125
