2 0.3415171875 0.49745156250000006 0.3341484375 0.496409375 0.3219640625 0.491203125 0.3145953125 0.485475 0.3015609375 0.48599531249999994 0.29390937500000003 0.5130734375 0.2927765625 0.5344218749999999 0.2961765625 0.5417125 0.30184375 0.5469203125 0.310628125 0.5453578125 0.317996875 0.5443171875 0.324796875 0.5448375000000001 0.3332984375 0.5484828125 0.34009999999999996 0.545878125 0.3423671875 0.537546875 0.343784375 0.5281734375 0.3440671875 0.5099484375000001 0.3415171875 0.49745156250000006
2 0.3469015625 0.557334375 0.361353125 0.5568140625 0.3732546875 0.557334375 0.3811890625 0.5495234375 0.38600625 0.5229671875 0.38090625 0.5052625 0.3749546875 0.501096875 0.3633359375 0.4984921875 0.35171874999999997 0.49432656250000007 0.34633437499999997 0.49901249999999997 0.34095 0.51359375 0.34009999999999996 0.5443171875 0.3469015625 0.557334375
2 0.6294265625000001 0.57139375 0.6212093750000001 0.5776421875 0.6186578125 0.5906609375 0.622909375 0.6094078125 0.6254593749999999 0.6234671875 0.628009375 0.6260703125 0.6314109375 0.6255499999999999 0.635378125 0.6239874999999999 0.6390609375 0.6250296875 0.6532296875 0.6250296875 0.662015625 0.6187796875 0.6685328125 0.6151359375000001 0.667965625 0.5979515625 0.66258125 0.578684375 0.656346875 0.56983125 0.6518140625 0.5724359375 0.638778125 0.57451875 0.6294265625000001 0.57139375
6 0.6614484375 0.7047 0.6603140625 0.7151140625 0.6591812499999999 0.7281328125 0.6614484375 0.7333406250000001 0.6656984375 0.7421921874999999 0.6719328124999999 0.7505234375 0.678734375 0.75573125 0.68836875 0.7536484375 0.6943203125 0.7479203125 0.6988546875 0.7380265625 0.6988546875 0.7255296875 0.6985703125 0.7161562499999999 0.698003125 0.7073031249999999 0.695453125 0.6968890625 0.68921875 0.6849125 0.68241875 0.6755390625000001 0.6781671874999999 0.6703328125 0.6798671875 0.67814375 0.6815687500000001 0.6838703125000001 0.6835515625 0.6932437499999999 0.682984375 0.7057421875000001 0.679584375 0.713553125 0.6747671875 0.710428125 0.669665625 0.701575 0.6685328125 0.6927234375 0.6662656250000001 0.6880375 0.6648484375 0.6895984375 0.66258125 0.697409375 0.6614484375 0.7047
1 0.38969062499999996 0.6291953125 0.3919578125 0.6271125 0.39592499999999997 0.6120109375 0.39082343750000004 0.6005546875000001 0.3894078125 0.6104484375 0.38770625000000003 0.6172187499999999 0.387990625 0.621384375 0.386290625 0.6302359375 0.38969062499999996 0.6291953125
2 0.3511515625 0.6099281249999999 0.351434375 0.6286734375 0.35001875 0.6344015625 0.3556859375 0.6453375 0.36362031250000004 0.6442953124999999 0.3726875 0.6338812500000001 0.378071875 0.626590625 0.3857234375 0.6193015625 0.3882734375 0.6042 0.38600625 0.590140625 0.37835625 0.580246875 0.3678703125 0.5781640625 0.358803125 0.580246875 0.3528515625 0.5948265625 0.3511515625 0.6099281249999999
2 0.3279140625 0.5661875000000001 0.3165796875 0.5625421875 0.310628125 0.5661875000000001 0.30751093749999997 0.5823296874999999 0.304678125 0.6031578125 0.3060953125 0.6130515625 0.3111953125 0.6193015625 0.32423125 0.6260703125 0.333865625 0.6271125 0.33783281249999997 0.628153125 0.3449171875 0.6245078125 0.35086875 0.6177390625 0.3562515625 0.608365625 0.3599359375 0.5896203125 0.353134375 0.5651453125 0.3452 0.5651453125 0.337265625 0.5677484374999999 0.3279140625 0.5661875000000001
6 0.322246875 0.6541890625 0.317146875 0.6573140625 0.3103453125 0.66825 0.3058109375 0.6828296875000001 0.29901093749999996 0.6958484375 0.288809375 0.687515625 0.290225 0.67658125 0.29164218750000004 0.66825 0.29504375 0.6640828125 0.29674375 0.6583546874999999 0.28824218749999997 0.6646046875 0.281725 0.679184375 0.27520625 0.6968890625 0.27435624999999997 0.7192796875 0.2774734375 0.7265703125 0.287959375 0.7333406250000001 0.297309375 0.730215625 0.30269375 0.7234468749999999 0.3092125 0.7140734375 0.3157296875 0.7026171875 0.320546875 0.69168125 0.32423125 0.67814375 0.3253640625 0.6646046875 0.322246875 0.6541890625
0 0.3865979296875 0.478831953125 0.3480035515625 0.46836568281249996 0.30155946875 0.4526662734375 0.2688523671875 0.444162428125 0.23091213124999999 0.39444763437499997 0.21979171718749999 0.42192159843750004 0.23091213124999999 0.444162428125 0.281281065625 0.488644084375 0.3761316578125 0.51350148125 0.3865979296875 0.478831953125
0 0.6986236703125 0.48471923281249996 0.7411429015625 0.46444082968749995 0.7692710078125 0.43827514843750004 0.7529174578125 0.40425976406249997 0.7319849140625 0.4395834328125 0.6973153859375001 0.45920769375 0.6233973390624999 0.4892982265625 0.582840534375 0.4951855046875 0.53639645 0.4984562140625 0.465094971875 0.49976449843750004 0.46182426093749995 0.528546746875 0.534434025 0.5324715984374999 0.6024647937500001 0.5233136109375 0.6587210078125 0.5017269234375 0.6986236703125 0.48471923281249996
0 0.41353845624999996 0.685625128125 0.44848536875 0.6847930578125 0.4684550328125 0.6931137515625 0.50173780625 0.69977030625 0.524203678125 0.697274096875 0.5483336875 0.6897854734375 0.5757919765625 0.6806327109375 0.6040823328125 0.668983740625 0.62821234375 0.6548385624999999 0.6748082265625001 0.633204759375 0.6814647796875 0.6365330375 0.6939458203125 0.6173954421875 0.7388775640625 0.5990899171875 0.77946856875 0.57488735 0.7628271828125001 0.5515894078125 0.7095747453125 0.5857042515625001 0.6430091984375 0.6214832328125001 0.57228330625 0.651437728125 0.45496152968750003 0.658926353125 0.34845665625 0.6139946078125 0.272738346875 0.5857042515625001 0.19036348281249998 0.5291235375000001 0.2030249171875 0.5674712828125 0.254613215625 0.6057464718750001 0.292056334375 0.6357009671875 0.33282773125 0.6456857984375 0.35862188125 0.6548385624999999 0.391904653125 0.6631592546875 0.41353845624999996 0.685625128125
