2 0.291079909375 0.5778878171875 0.31797284375 0.54089938125 0.2558625 0.4957453125 0.228969646875 0.5327335125 0.291079909375 0.5778878171875
7 0.2833148984375 0.37131056406249996 0.2742484375 0.3717109375 0.279061421875 0.48069510624999995 0.2881278828125 0.48029473593749994 0.2833148984375 0.37131056406249996
7 0.2760229515625 0.3641456515625 0.271996871875 0.36410156250000003 0.271246875 0.4325859375 0.2752729546875 0.4326300265625 0.2760229515625 0.3641456515625
7 0.25901494999999997 0.3692352875 0.2566125 0.369428125 0.2618656046875 0.4348703140625 0.2642680546875 0.4346774765625 0.25901494999999997 0.3692352875
2 0.55402374375 0.5668669484375 0.5779457906250001 0.5693075484375 0.5868320234375 0.48221338124999996 0.5629103078125001 0.47977279843750004 0.55402374375 0.5668669484375
4 0.5807013546875 0.3662737125 0.5631416484375 0.36644227812499996 0.5642953046875 0.4866140625 0.5818550109375 0.48644549843749996 0.5807013546875 0.3662737125
7 0.6334608312500001 0.3978992046875 0.62920934375 0.39758281093750003 0.62320625 0.47824375 0.6274577359375 0.4785601421875 0.6334608312500001 0.3978992046875
2 0.662443025 0.6154952015624999 0.6067881984375 0.6246423562500001 0.6181802203125 0.6939469390624999 0.6738350328125 0.6847998484375 0.662443025 0.6154952015624999
7 0.6679048453124999 0.7935275734375 0.6742361984375 0.7925124578125 0.6571180562500001 0.6857638890625 0.6507868515624999 0.6867789937500001 0.6679048453124999 0.7935275734375
7 0.6410370484375 0.8142683921874999 0.6524738453125 0.81305776875 0.637791434375 0.6743784140625 0.626354984375 0.67558901875 0.6410370484375 0.8142683921874999
