7 0.34240312500000003 0.46224999999999994 0.34511250000000004 0.44563593749999997 0.34240312500000003 0.4365 0.33969375 0.41739375 0.33201875 0.3849984375 0.33247031250000003 0.40327343750000005 0.3374359375 0.4281921875 0.34240312500000003 0.46224999999999994
7 0.35323906250000003 0.41905625 0.355496875 0.404934375 0.3514328125 0.3484515625 0.349628125 0.39995156249999997 0.3482734375 0.439821875 0.35459375 0.431515625 0.35323906250000003 0.41905625
7 0.3586578125 0.3908140625 0.35504531250000004 0.44563593749999997 0.3568515625 0.45228124999999997 0.3586578125 0.3908140625
7 0.45347499999999996 0.40327343750000005 0.4489609375 0.422378125 0.4480578125 0.448959375 0.4453484375 0.482184375 0.45031406250000006 0.48467656249999996 0.45392656249999996 0.42154687500000004 0.45347499999999996 0.40327343750000005
1 0.6187296875 0.5029515625000001 0.61195625 0.49713593749999996 0.6087953125000001 0.508765625 0.60834375 0.52205625 0.6142140625 0.526209375 0.6151171875 0.517903125 0.618278125 0.5095953125 0.6187296875 0.5029515625000001
1 0.6263156249999999 0.5957546875 0.6291203125 0.58801875 0.6263156249999999 0.5797671875 0.6212703125 0.5725453125 0.6173453125 0.577703125 0.618746875 0.5833765625 0.6193078125 0.5916296875 0.6232328125000001 0.600396875 0.6263156249999999 0.5957546875
1 0.612859375 0.6107125 0.61790625 0.6045234374999999 0.6184671875000001 0.5942078125 0.6170640625 0.5833765625 0.6136999999999999 0.5771875 0.6114578125000001 0.575125 0.60809375 0.575125 0.6027671875 0.58801875 0.6047296875 0.597303125 0.608934375 0.6040078125 0.612859375 0.6107125
7 0.3540921875 0.716959375 0.3591390625 0.692203125 0.364465625 0.669509375 0.37063437499999996 0.6514578125 0.3776421875 0.6277328125 0.36530625 0.6256703124999999 0.3639046875 0.64526875 0.35549375 0.6854984375 0.3496078125 0.714896875 0.3540921875 0.716959375
7 0.24641562499999997 0.6332328125 0.2554515625 0.6097890625 0.2647203125 0.5906078124999999 0.2765359375 0.5756890625 0.28140156250000004 0.56460625 0.2790859375 0.5599171875 0.2677328125 0.57313125 0.25985468749999996 0.59018125 0.24896406249999997 0.619165625 0.24641562499999997 0.6332328125
7 0.2834875 0.612346875 0.2705125 0.6434624999999999 0.28395156250000003 0.6238546875 0.2895109375 0.6076578125000001 0.29391406249999996 0.5863453125 0.2971578125 0.576540625 0.29669375 0.5714265625 0.28881718749999996 0.5769671875 0.2871953125 0.5910328125000001 0.2834875 0.612346875
6 0.255684375 0.6417578125000001 0.25498906250000003 0.6579546875 0.259390625 0.6694640625 0.2695859375 0.6724484375 0.277 0.6660546875 0.2823296875 0.6558234374999999 0.2858046875 0.6434624999999999 0.2895109375 0.627690625 0.2841828125 0.6323796875000001 0.278621875 0.6438890625 0.2739875 0.6524140625 0.26796406250000004 0.6545453125 0.26379375 0.6434624999999999 0.26541562500000004 0.6336593749999999 0.2681953125 0.623428125 0.273525 0.61575625 0.2732921875 0.610640625 0.26749999999999996 0.6093625 0.2619390625 0.6136250000000001 0.25776875 0.6272656249999999 0.255684375 0.6417578125000001
8 0.2798080125 0.59547081875 0.2812140828125 0.5989859953125001 0.27699587187499997 0.608125453125 0.2678564125 0.6264043671875 0.2657473078125 0.63765293125 0.2657473078125 0.6489014937500001 0.26996551874999997 0.65311970625 0.2741837296875 0.6545257765625 0.29316568125 0.62991954375 0.3058203140625 0.587034396875 0.31214763125 0.571567621875 0.3107415609375 0.550476565625 0.3086324546875 0.544852284375 0.30441424375000004 0.5399310374999999 0.29949299687500003 0.5385249671875 0.2819171171875 0.5350097921875 0.2762928359375 0.5350097921875 0.27137158906250003 0.5434462140625 0.26012302656249997 0.5624281640625 0.2502805328125 0.5778949390625 0.243953215625 0.5940647484375 0.24184411093749997 0.6292165078124999 0.2474683921875 0.62991954375 0.24887446249999998 0.6207800875 0.2573108859375 0.6102345578125 0.27137158906250003 0.598282959375 0.2798080125 0.59547081875
5 0.703738240625 0.5631312 0.6974109234375 0.5603190578125 0.6917866421875 0.5589129875000001 0.6728046921875 0.5575069171875 0.67210165625 0.5694585171875 0.6735077265625 0.58422225625 0.6777259375 0.5863313625 0.6995200296874999 0.577191903125 0.70303520625 0.56875548125 0.703738240625 0.5631312
