7 0.33482054843750003 0.3845265875 0.32946490625 0.3854285296875 0.34240308750000004 0.46225000625 0.34775872812499997 0.4613480671875 0.33482054843750003 0.3845265875
7 0.3482734375 0.439821875 0.3543045875 0.440026778125 0.35740900625 0.34865460000000004 0.35137792343749996 0.3484496984375 0.3482734375 0.439821875
7 0.4452224953125 0.4843852234375 0.45031406562500004 0.48467656249999996 0.45496733906250003 0.40335882968750003 0.449875825 0.40306749062499997 0.4452224953125 0.4843852234375
1 0.6223856249999999 0.6006848015624999 0.6322822593749999 0.597321309375 0.6235926468749999 0.5717560374999999 0.6136960578124999 0.5751195203125 0.6223856249999999 0.6006848015624999
1 0.6058250359375 0.611623659375 0.620477478125 0.609725725 0.615864715625 0.5741184203125 0.6012123671875 0.57601635 0.6058250359375 0.611623659375
7 0.342050259375 0.713781509375 0.3540921875 0.716959375 0.3776423296875 0.62773285 0.36560061875 0.6245550140625 0.342050259375 0.713781509375
6 0.2738915359375 0.6693628234375 0.2851931890625 0.6504182453125 0.26311829531250003 0.6372508875 0.25181664375 0.6561954171875 0.2738915359375 0.6693628234375
5 0.670026059375 0.569534390625 0.692016846875 0.55634115 0.68508805 0.5447932109375 0.6630973015625 0.5579864359375 0.670026059375 0.569534390625
8 0.332478784375 0.522488975 0.307812059375 0.5132810859375 0.2552632203125 0.654038215625 0.2799298828125 0.6632459796875 0.332478784375 0.522488975
8 0.229621890625 0.64668540625 0.2604533953125 0.6573285890625 0.312439228125 0.5067492125 0.281608515625 0.49610617812499996 0.229621890625 0.64668540625
