4 0.32905156406249997 0.38148224375 0.347050084375 0.3818281265625 0.34928906249999997 0.26531875 0.33129075625 0.26497286875000003 0.32905156406249997 0.38148224375
4 0.41004826093749996 0.2789175625 0.3899432921875 0.27794970625 0.3841145734375 0.399023778125 0.4042195421875 0.3999916296875 0.41004826093749996 0.2789175625
4 0.573373728125 0.28073264062500003 0.5549760890625001 0.28158124687499997 0.560307721875 0.397166359375 0.578705359375 0.3963177578125 0.573373728125 0.28073264062500003
4 0.6351841625 0.26236459375 0.6154269125 0.26250419375 0.6162841109375 0.38381778906249997 0.6360413609375 0.3836781890625 0.6351841625 0.26236459375
5 0.3596976578125 0.7435197171875 0.392204965625 0.7451670203125 0.3966740265625 0.6569833671875001 0.3641673359375 0.6553360796875001 0.3596976578125 0.7435197171875
5 0.300757975 0.7295094375 0.3459993328125 0.73989874375 0.3662261640625 0.6518305546875001 0.3209856453125 0.6414413484375 0.300757975 0.7295094375
5 0.284146096875 0.681910921875 0.2999238890625 0.6843975421875 0.308686084375 0.628807596875 0.292908465625 0.626320990625 0.284146096875 0.681910921875
8 0.36598883125000004 0.6779227703124999 0.3834254390625 0.6795445859375 0.391625765625 0.5913901609375001 0.37418945625 0.589768359375 0.36598883125000004 0.6779227703124999
8 0.34765625 0.59296875 0.3265625 0.59296875 0.3265625 0.66484375 0.34765625 0.66484375 0.34765625 0.59296875
8 0.287217040625 0.6344413890625 0.3039062515625 0.6390625 0.31796875 0.58828125 0.3012796953125 0.5836601609375001 0.287217040625 0.6344413890625
8 0.2649263046875 0.644934925 0.2815815390625 0.648584975 0.29531250781249996 0.5859375015625 0.27865746874999997 0.5822874734375 0.2649263046875 0.644934925
8 0.368042078125 0.5810310125 0.3505832015625 0.5785643015625 0.3372753765625 0.6727434875 0.3547342484375 0.6752101749999999 0.368042078125 0.5810310125
