4 0.34928906249999997 0.26531875 0.3394359375 0.266265625 0.3291359375 0.3770921875 0.33361406250000003 0.38088125 0.34704999999999997 0.381828125 0.34928906249999997 0.26531875
4 0.4030296875 0.2785796875 0.395415625 0.28142187500000004 0.38959375 0.2852109375 0.38466875 0.38751250000000004 0.3873546875 0.3960375 0.40079062499999996 0.39982656250000004 0.40482031249999995 0.38751250000000004 0.4061640625 0.2833171875 0.4030296875 0.2785796875
4 0.5776875 0.37425156249999997 0.5754484375 0.32594218750000004 0.5714187500000001 0.2833171875 0.55843125 0.28142187500000004 0.5561921875 0.3079453125 0.5597749999999999 0.38561718749999996 0.564253125 0.396984375 0.571865625 0.3941421875 0.5763453125 0.388459375 0.5776875 0.37425156249999997
4 0.6359078125 0.364778125 0.63366875 0.320259375 0.6332203125 0.26910781250000004 0.6193375 0.2624765625 0.6157546875000001 0.3088921875 0.616203125 0.37235625 0.621128125 0.38277656250000003 0.6296375000000001 0.3837234375 0.6350125 0.378040625 0.6359078125 0.364778125
5 0.38853125 0.7370796875 0.39325625 0.724421875 0.3942015625 0.7057703125 0.3923109375 0.68845 0.3866421875 0.656475 0.38475156250000003 0.6671343750000001 0.3812875 0.675128125 0.3771921875 0.683121875 0.373096875 0.6811234374999999 0.3708921875 0.671796875 0.3690015625 0.6571421875000001 0.3649078125 0.6764593750000001 0.362703125 0.6971109375 0.3614421875 0.7091015625 0.3645921875 0.7337484375 0.3696328125 0.7424078125 0.3771921875 0.74440625 0.38853125 0.7370796875
5 0.35671718750000003 0.6518125 0.3519921875 0.6618046875 0.3447484375 0.6824546875 0.3381328125 0.6897828125000001 0.3349828125 0.68711875 0.3324640625 0.6811234374999999 0.32679375 0.6784578125 0.32553437500000004 0.6697984375 0.32553437500000004 0.6424859374999999 0.31324843750000003 0.675128125 0.3138796875 0.691115625 0.31482343749999997 0.7124312500000001 0.3201796875 0.724421875 0.3261640625 0.7304171875 0.3337234375 0.7370796875 0.33970781250000004 0.735746875 0.34726875 0.724421875 0.3523078125 0.7124312500000001 0.354828125 0.7011078125 0.3576625 0.6891171875000001 0.35829218749999997 0.675128125 0.3573484375 0.6618046875 0.35671718750000003 0.6518125
5 0.29466562500000004 0.644484375 0.29403437499999996 0.6264984375 0.2905703125 0.6411546875 0.2902546875 0.659140625 0.289940625 0.6771265625 0.2918296875 0.683121875 0.2952953125 0.6824546875 0.298759375 0.6724625 0.30379999999999996 0.65980625 0.30695 0.639821875 0.2997046875 0.6464828125000001 0.29466562500000004 0.644484375
8 0.38475156250000003 0.5931921874999999 0.374671875 0.5938578125 0.371521875 0.6251671875 0.3696328125 0.659140625 0.3712078125 0.6904484375 0.376246875 0.68711875 0.3812875 0.6784578125 0.38380625 0.6644687499999999 0.3882171875 0.6404875 0.3913671875 0.6085140625000001 0.39168125 0.6005203125 0.38475156250000003 0.5931921874999999
8 0.3671125 0.5851984375 0.362071875 0.587196875 0.3513625 0.59119375 0.351678125 0.60385 0.3491578125 0.6278312500000001 0.3444328125 0.643153125 0.337503125 0.6624703125 0.3387640625 0.6824546875 0.3419125 0.6857859375 0.3460078125 0.683121875 0.3519921875 0.6671343750000001 0.3576625 0.6451515624999999 0.3639625 0.6198375 0.3671125 0.5851984375
8 0.29403437499999996 0.64848125 0.298759375 0.6458171875 0.3028546875 0.639821875 0.3072640625 0.6278312500000001 0.3104140625 0.6178390625 0.31482343749999997 0.59119375 0.3015953125 0.594525 0.299075 0.6045171875 0.295609375 0.6258328125 0.29403437499999996 0.64848125
8 0.275765625 0.5938578125 0.2704109375 0.6191718749999999 0.2719859375 0.6451515624999999 0.2767109375 0.6584734375 0.2826953125 0.6551437499999999 0.2855296875 0.6371578125 0.28805000000000003 0.61650625 0.29214531250000003 0.5978546875 0.2871046875 0.5918593750000001 0.2786 0.5831999999999999 0.275765625 0.5938578125
8 0.32836875 0.67113125 0.3337234375 0.6784578125 0.3365578125 0.663803125 0.33970781250000004 0.64715 0.3384484375 0.6271656250000001 0.3403375 0.60385 0.3261640625 0.5978546875 0.32742343749999997 0.6225015625 0.3261640625 0.647815625 0.32836875 0.67113125
0 0.625904584375 0.5697772703124999 0.539162371875 0.5816830640624999 0.4660267828125 0.5799822375 0.41670277968749997 0.579131821875 0.3971432625 0.5748797531250001 0.3945920203125 0.6199516875 0.459223471875 0.618250859375 0.523004509375 0.6156996171875 0.5519185796875 0.6276054125 0.5867855468750001 0.62420375625 0.6191012734375 0.62420375625 0.625904584375 0.5697772703124999
0 0.7109459671875 0.4141515375 0.713497209375 0.3767333296875 0.66417320625 0.3886391234375 0.5986913406250001 0.395442434375 0.5417136140625 0.40649781406249996 0.42605733125 0.40734822812499993 0.2670299453125 0.3775837421875 0.26617953125 0.415852365625 0.3971432625 0.453270575 0.48558630156250004 0.4643259546875 0.677779828125 0.44476643749999994 0.7109459671875 0.4141515375
