1 0.2813346546875 0.5440022796874999 0.25930331562500003 0.565998253125 0.288384740625 0.5951234796875 0.31041599999999997 0.5731275859375 0.2813346546875 0.5440022796874999
1 0.3144046984375 0.5714943203125 0.30730155312499996 0.5658203046875 0.29546683906250004 0.5806343796875 0.302569975 0.586308384375 0.3144046984375 0.5714943203125
1 0.333260959375 0.6151604265625 0.3579102984375 0.6200834015625001 0.36526756875 0.5832492 0.34061839374999997 0.5783262437500001 0.333260959375 0.6151604265625
1 0.3926610578125 0.603234471875 0.3851078046875 0.5985937453125 0.3763957765625 0.6127718671875 0.383949025 0.6174125874999999 0.3926610578125 0.603234471875
1 0.40546875 0.6031453124999999 0.40037812500000003 0.6031453124999999 0.40037812500000003 0.6168015625 0.40546875 0.6168015625 0.40546875 0.6031453124999999
1 0.2889412234375 0.6300369625 0.301006609375 0.60892788125 0.25900840468749997 0.5849255234374999 0.2469430171875 0.6060345093749999 0.2889412234375 0.6300369625
1 0.33668136406250004 0.6597513640625 0.3473733421875 0.6295335234375 0.303665625 0.6140703125 0.2929735828125 0.6442880171875001 0.33668136406250004 0.6597513640625
1 0.35094566718750003 0.6389102546875 0.34220468125000003 0.6359187484375 0.334723584375 0.6577752484375 0.343464565625 0.6607667484374999 0.35094566718750003 0.6389102546875
1 0.372896065625 0.670568684375 0.379290625 0.6732437499999999 0.3872890671875 0.6541265640625 0.38089453125 0.6514515046875 0.372896065625 0.670568684375
1 0.38746947187499997 0.6725561046874999 0.3968303421875 0.6710609625 0.393834375 0.65230625 0.3844735390625 0.6538013890625 0.38746947187499997 0.6725561046874999
6 0.4070844765625 0.546232190625 0.427469796875 0.5417922609375 0.4200616640625 0.5077820328125 0.3996764546875 0.51222195 0.4070844765625 0.546232190625
1 0.47730094687499997 0.63253430625 0.4849443328125 0.631923353125 0.48337524062500004 0.6122956234375 0.4757318828125 0.6129065765624999 0.47730094687499997 0.63253430625
1 0.48856684531249994 0.6132411078125 0.48153281249999996 0.61404375 0.483335934375 0.62984375 0.4903699671875 0.629041109375 0.48856684531249994 0.6132411078125
1 0.5149944796875 0.6174533062500001 0.509341278125 0.6168898140625 0.5074222875000001 0.63613970625 0.5130754890625 0.636703196875 0.5149944796875 0.6174533062500001
1 0.5151859328125 0.6343578125 0.52239844375 0.6343578125 0.5223984328125 0.6163000000000001 0.515185946875 0.6163000000000001 0.5151859328125 0.6343578125
1 0.54131686875 0.627505653125 0.5457754218749999 0.627674946875 0.5464359375 0.61028125 0.5419773984375 0.6101119578125 0.54131686875 0.627505653125
1 0.5443496140625 0.6280144015625 0.551226415625 0.6296623546875 0.55592853125 0.6100430078125 0.5490517546875 0.60839505625 0.5443496140625 0.6280144015625
1 0.564846653125 0.62431904375 0.568071878125 0.6245765624999999 0.5692734374999999 0.6095296875 0.566048221875 0.60927216875 0.564846653125 0.62431904375
1 0.6072476328125 0.6440942296875 0.6275078781250001 0.6393751015625 0.618805096875 0.6020169671875 0.59854499375 0.606736078125 0.6072476328125 0.6440942296875
1 0.63566574375 0.6310169984375 0.6520125671875 0.6273604921875 0.64499375 0.5959859375 0.628647021875 0.5996424328125001 0.63566574375 0.6310169984375
1 0.6841177546874999 0.6006513640625 0.6882640734375001 0.5989953078125 0.6828546875 0.585453125 0.678708378125 0.587109178125 0.6841177546874999 0.6006513640625
1 0.6960765624999999 0.585453125 0.6900671875 0.585453125 0.6900671875 0.60200625 0.6960765624999999 0.60200625 0.6960765624999999 0.585453125
1 0.7206848234375001 0.5824840359375 0.7261881625 0.586878484375 0.7298252109375001 0.5823241328125001 0.724321875 0.5779296875 0.7206848234375001 0.5824840359375
1 0.7219171875 0.6275859374999999 0.70642758125 0.6388331921875 0.7193283015625 0.6565976859375 0.7348178875 0.64535045625 0.7219171875 0.6275859374999999
1 0.67504218125 0.672728125 0.6828546953125 0.672728125 0.68285468125 0.65391875 0.675042196875 0.65391875 0.67504218125 0.672728125
1 0.63459606875 0.6604595718749999 0.6466876703125 0.6785694359375001 0.6600761296875 0.669631415625 0.647984534375 0.6515215796875 0.63459606875 0.6604595718749999
1 0.6317152203124999 0.6787357984375 0.6365812609375 0.6779953109375 0.6341765625 0.6621953125 0.6293105375 0.6629358 0.6317152203124999 0.6787357984375
7 0.6602751515625 0.5749624046874999 0.6628605875 0.5745192296875 0.657084484375 0.54082535625 0.6544990640624999 0.5412685296874999 0.6602751515625 0.5749624046874999
7 0.6614271031250001 0.5292729625 0.6578592109375 0.5299132921874999 0.6658653765625 0.5745192328125001 0.6694332671875001 0.5738789046874999 0.6614271031250001 0.5292729625
7 0.6818609015625 0.54149303125 0.6766826671875 0.5402644171875 0.66826923125 0.575721153125 0.673447465625 0.5769497640625 0.6818609015625 0.54149303125
