1 0.2813346546875 0.5440022796874999 0.25930331562500003 0.565998253125 0.288384740625 0.5951234796875 0.31041599999999997 0.5731275859375 0.2813346546875 0.5440022796874999
1 0.333260959375 0.6151604265625 0.3579102984375 0.6200834015625001 0.36526756875 0.5832492 0.34061839374999997 0.5783262437500001 0.333260959375 0.6151604265625
1 0.2889412234375 0.6300369625 0.301006609375 0.60892788125 0.25900840468749997 0.5849255234374999 0.2469430171875 0.6060345093749999 0.2889412234375 0.6300369625
1 0.33668136406250004 0.6597513640625 0.3473733421875 0.6295335234375 0.303665625 0.6140703125 0.2929735828125 0.6442880171875001 0.33668136406250004 0.6597513640625
1 0.35094566718750003 0.6389102546875 0.34220468125000003 0.6359187484375 0.334723584375 0.6577752484375 0.343464565625 0.6607667484374999 0.35094566718750003 0.6389102546875
1 0.38746947187499997 0.6725561046874999 0.3968303421875 0.6710609625 0.393834375 0.65230625 0.3844735390625 0.6538013890625 0.38746947187499997 0.6725561046874999
1 0.47730094687499997 0.63253430625 0.4849443328125 0.631923353125 0.48337524062500004 0.6122956234375 0.4757318828125 0.6129065765624999 0.47730094687499997 0.63253430625
1 0.48856684531249994 0.6132411078125 0.48153281249999996 0.61404375 0.483335934375 0.62984375 0.4903699671875 0.629041109375 0.48856684531249994 0.6132411078125
1 0.5149944796875 0.6174533062500001 0.509341278125 0.6168898140625 0.5074222875000001 0.63613970625 0.5130754890625 0.636703196875 0.5149944796875 0.6174533062500001
1 0.5151859328125 0.6343578125 0.52239844375 0.6343578125 0.5223984328125 0.6163000000000001 0.515185946875 0.6163000000000001 0.5151859328125 0.6343578125
1 0.5443496140625 0.6280144015625 0.551226415625 0.6296623546875 0.55592853125 0.6100430078125 0.5490517546875 0.60839505625 0.5443496140625 0.6280144015625
1 0.564846653125 0.62431904375 0.568071878125 0.6245765624999999 0.5692734374999999 0.6095296875 0.566048221875 0.60927216875 0.564846653125 0.62431904375
1 0.63459606875 0.6604595718749999 0.6466876703125 0.6785694359375001 0.6600761296875 0.669631415625 0.647984534375 0.6515215796875 0.63459606875 0.6604595718749999
1 0.6317152203124999 0.6787357984375 0.6365812609375 0.6779953109375 0.6341765625 0.6621953125 0.6293105375 0.6629358 0.6317152203124999 0.6787357984375
8 0.40937495625000003 0.61015625 0.43437506875 0.61015625 0.43437487812500003 0.5296875 0.40937511249999997 0.5296875 0.40937495625000003 0.61015625
