1 0.2898484375 0.5913109375000001 0.2949390625 0.5885796875 0.30002968750000003 0.578565625 0.30584687499999996 0.5685515624999999 0.298575 0.5630890625 0.291303125 0.5630890625 0.286940625 0.5548953125 0.2774875 0.553075 0.27021562499999996 0.5558062500000001 0.2622171875 0.5630890625 0.272396875 0.570371875 0.273125 0.578565625 0.27821406249999997 0.5849375 0.2854859375 0.5922203125000001 0.2898484375 0.5913109375000001
1 0.34147812499999997 0.6168015625 0.345840625 0.6168015625 0.35093125000000003 0.6131593750000001 0.35602187500000004 0.610428125 0.360384375 0.607696875 0.3618390625 0.6004140625 0.36329218750000003 0.5922203125000001 0.358203125 0.5849375 0.35093125000000003 0.5803859375 0.34147812499999997 0.5803859375 0.3400234375 0.58766875 0.337115625 0.5958625 0.33566093750000003 0.6031453124999999 0.3349328125 0.6122484375 0.34147812499999997 0.6168015625
1 0.2876671875 0.6067875 0.282578125 0.610428125 0.2803953125 0.604965625 0.274578125 0.5976828125 0.2622171875 0.586759375 0.2564 0.5894890625 0.2600359375 0.599503125 0.265125 0.6131593750000001 0.2738515625 0.6149796875 0.2789421875 0.6222624999999999 0.2833046875 0.626815625 0.291303125 0.6259046875000001 0.29712031250000004 0.6149796875 0.2956671875 0.6058765625 0.2898484375 0.6031453124999999 0.2876671875 0.6067875
1 0.30075625 0.6259046875000001 0.29712031250000004 0.6340984375 0.2993015625 0.6395609375 0.3022109375 0.6441125000000001 0.3073015625 0.6450218750000001 0.3116640625 0.6441125000000001 0.3167546875 0.6486640625 0.31820781249999996 0.653215625 0.32475312500000003 0.653215625 0.3276609375 0.650484375 0.332025 0.64684375 0.339296875 0.6422921875000001 0.3451140625 0.63591875 0.337115625 0.6259046875000001 0.3334796875 0.62499375 0.3276609375 0.624084375 0.3189359375 0.621353125 0.3160265625 0.618621875 0.303665625 0.6140703125 0.30075625 0.6259046875000001
1 0.3378421875 0.6486640625 0.3400234375 0.6595890625 0.3429328125 0.6568578125 0.3472953125 0.649575 0.34656875 0.6422921875000001 0.3422046875 0.63591875 0.3378421875 0.6486640625
1 0.396015625 0.6659609375 0.393834375 0.65230625 0.385834375 0.6623203125 0.38874375 0.6705125 0.3945609375 0.6714234375 0.396015625 0.6659609375
8 0.42219375000000003 0.5457921875 0.42219375000000003 0.5348671875 0.4185578125 0.5294046875 0.41564843749999997 0.53395625 0.41346718750000006 0.5439703125 0.41274062499999997 0.5585375 0.41346718750000006 0.573103125 0.4120125 0.5858484374999999 0.42364687500000003 0.58220625 0.4301921875 0.5894890625 0.429465625 0.58220625 0.4251015625 0.5685515624999999 0.42219375000000003 0.5539859375 0.42219375000000003 0.5457921875
1 0.48393593749999997 0.619309375 0.4803296875 0.6125390625 0.47672499999999995 0.619309375 0.47672499999999995 0.6253296875000001 0.4797296875 0.6305953125 0.482734375 0.6321 0.48453749999999995 0.6268343749999999 0.48393593749999997 0.619309375
1 0.486940625 0.61404375 0.48153281249999996 0.61404375 0.4833359375 0.62984375 0.48934531249999996 0.6283390625 0.48934531249999996 0.6200625 0.486940625 0.61404375
1 0.5109796875 0.617053125 0.508575 0.6245765624999999 0.507975 0.6305953125 0.51218125 0.6366140625 0.5139843749999999 0.6275859374999999 0.5109796875 0.617053125
1 0.5223984374999999 0.6245765624999999 0.5187921875 0.6163000000000001 0.5151859375 0.629090625 0.5169890625 0.6343578125 0.5223984374999999 0.6305953125 0.5223984374999999 0.6245765624999999
1 0.5542484375 0.617053125 0.55064375 0.6087765625 0.5464359375 0.619309375 0.548840625 0.629090625 0.5524453125 0.6245765624999999 0.5542484375 0.617053125
1 0.5692734374999999 0.6095296875 0.5656671875 0.61404375 0.5656671875 0.6185578125 0.568071875 0.6245765624999999 0.5692734374999999 0.6095296875
7 0.6588171875 0.5395578125 0.6564125 0.544071875 0.6564125 0.5531015625 0.6558125 0.560625 0.6564125 0.569653125 0.66061875 0.5809390624999999 0.6588171875 0.5395578125
7 0.66783125 0.5508437500000001 0.6654265625 0.538053125 0.663625 0.5312828125 0.66001875 0.5245109375 0.6612203125 0.5342921875 0.6630234374999999 0.5433203125 0.664225 0.563634375 0.6672296875 0.5741671875 0.66783125 0.563634375 0.66783125 0.5508437500000001
7 0.673840625 0.5433203125 0.6714375 0.5794343750000001 0.6732390625 0.5839484374999999 0.67564375 0.5719109375 0.6786484374999999 0.5613765625 0.6768453125 0.5470828125 0.6762453125000001 0.53880625 0.673840625 0.5433203125
1 0.6546093749999999 0.66144375 0.6492015624999999 0.6629484375 0.64439375 0.65391875 0.6401875 0.6682140624999999 0.6437921875 0.6742328125 0.6498015625 0.676490625 0.6588171875 0.6704718749999999 0.6546093749999999 0.66144375
1 0.6341765625 0.6621953125 0.630571875 0.6712234375 0.632975 0.6757375 0.63658125 0.6779953125 0.6341765625 0.6621953125
