1 0.43797991875 0.4597382578125 0.4288050796875 0.45936650625000003 0.42727185156249997 0.49720411249999996 0.43644668906249995 0.4975758609375 0.43797991875 0.4597382578125
6 0.672916515625 0.281148490625 0.6251484078125 0.289841515625 0.6428913296875 0.38733560312500004 0.6906594265625 0.3786426203125 0.672916515625 0.281148490625
1 0.732669503125 0.568573690625 0.7467504468749999 0.5635782484375 0.732660640625 0.5238662749999999 0.7185797859374999 0.5288616984375001 0.732669503125 0.568573690625
1 0.721505175 0.5253783796875 0.7117951046875 0.526909453125 0.72073551875 0.58360434375 0.7304455875 0.582073278125 0.721505175 0.5253783796875
6 0.6432878125 0.648766478125 0.6823856375 0.6565530140625 0.6948903109375 0.5937709640625 0.65579295 0.585984475 0.6432878125 0.648766478125
1 0.3175751046875 0.5519875187500001 0.3146161078125 0.578589703125 0.3549615796875 0.583076834375 0.3579204734375 0.5564747421875 0.3175751046875 0.5519875187500001
5 0.3722702515625 0.48265143281249995 0.371264146875 0.46404118437499997 0.31258954375000003 0.4672129546875 0.31359556718750004 0.4858231234375 0.3722702515625 0.48265143281249995
8 0.64921875 0.58671875 0.6293752718750001 0.5927172390625 0.649743271875 0.6600883328125 0.6695867328125 0.6540898828125 0.64921875 0.58671875
8 0.663782971875 0.6310672281249999 0.6848599937500001 0.6234037046875 0.6694857765625 0.5811250046875001 0.6484089156249999 0.588788496875 0.663782971875 0.6310672281249999
8 0.641318809375 0.47835220312500004 0.679869828125 0.4734310375 0.660720628125 0.323432003125 0.622170290625 0.32835312656250004 0.641318809375 0.47835220312500004
8 0.6957749390625 0.334135740625 0.6706828953125 0.330685765625 0.65234375 0.4640625 0.6774357890625 0.467512446875 0.6957749390625 0.334135740625
