2 0.3292395890625 0.5883609 0.33276221875 0.6249730875 0.3717620625 0.621221025 0.368239315625 0.5846089703125 0.3292395890625 0.5883609
2 0.32021291875 0.556458328125 0.353279909375 0.5838997609375001 0.3786137015625 0.553375215625 0.345546846875 0.5259338734375001 0.32021291875 0.556458328125
1 0.31577066875000004 0.5572515640625 0.32595755625 0.5577603015625 0.327171875 0.533446875 0.316985028125 0.5329381375 0.31577066875000004 0.5572515640625
1 0.26954297031249996 0.567305875 0.2567715765625 0.539254728125 0.2378112234375 0.5478863921875 0.250582559375 0.5759374890625 0.26954297031249996 0.567305875
1 0.3793203125 0.6288921875 0.3990132859375 0.6167963875 0.3868024375 0.5969184640625 0.3671095296875 0.6090142375 0.3793203125 0.6288921875
1 0.604968346875 0.5929952046875 0.61605003125 0.59285 0.6156765625 0.564353125 0.6045949328125 0.5644983296875 0.604968346875 0.5929952046875
1 0.4769452703125 0.582570425 0.4801390625 0.5940484374999999 0.48847855312500005 0.5917281875 0.48528475625 0.5802501828125 0.4769452703125 0.582570425
7 0.6361332328125 0.7205516671875001 0.642003275 0.718751515625 0.6240921875 0.6603546875 0.6182222140625 0.6621548265625 0.6361332328125 0.7205516671875001
7 0.685631453125 0.5333458624999999 0.6901390875 0.5332859375 0.68939375 0.4772265625 0.6848861546875 0.47728648749999997 0.685631453125 0.5333458624999999
7 0.71309523125 0.48176335625 0.7110359078124999 0.4814312453125 0.7032 0.530015625 0.7052593234375 0.5303477359375 0.71309523125 0.48176335625
7 0.24504816875 0.65211305 0.252928125 0.658190625 0.2962345734375 0.602047846875 0.2883546875 0.5959703125 0.24504816875 0.65211305
7 0.3116906578125 0.6100188734375 0.3038906375 0.60644935625 0.2761203125 0.667125 0.2839203203125 0.6706944953125 0.3116906578125 0.6100188734375
7 0.3371689515625 0.621311365625 0.33015305625 0.6170296453125 0.2944557359375 0.6755148 0.301471609375 0.679796490625 0.3371689515625 0.621311365625
7 0.3572142625 0.6280851390625 0.3483117546875 0.624530053125 0.3201384875 0.695071240625 0.32904098125000003 0.6986262984375 0.3572142625 0.6280851390625
7 0.36000310468749996 0.4614028109375 0.353599978125 0.4609984359375 0.349234265625 0.53012283125 0.3556373921875 0.5305272046875 0.36000310468749996 0.4614028109375
