2 0.33259531249999996 0.604871875 0.3330171875 0.6101453125 0.3330171875 0.616471875 0.338075 0.6217453125 0.3431328125 0.6217453125 0.3498765625 0.6233265625 0.3545125 0.6212171875 0.36041249999999997 0.6196359375 0.36294218749999996 0.6217453125 0.3663125 0.6217453125 0.37095 0.61278125 0.3692640625 0.5953796875 0.36041249999999997 0.5916890625 0.3528265625 0.5890531250000001 0.33849687500000003 0.5874703125 0.33006718749999997 0.5969625 0.330909375 0.603290625 0.33259531249999996 0.604871875
2 0.34271093750000003 0.53105 0.33723281250000003 0.5379046875 0.3338609375 0.5400140625 0.331753125 0.5426515625 0.33133124999999997 0.5579421875 0.3334390625 0.567434375 0.338075 0.56954375 0.345240625 0.5716515625 0.350296875 0.571125 0.35366875000000003 0.5758703125 0.36125625 0.5742890625 0.37263437499999996 0.5605796875 0.3679984375 0.54686875 0.363784375 0.54106875 0.3553546875 0.53526875 0.34271093750000003 0.53105
1 0.31972187500000004 0.55085625 0.3217078125 0.55334375 0.3231984375 0.555209375 0.3246875 0.557696875 0.326178125 0.55334375 0.32568125000000003 0.5427734375 0.327171875 0.533446875 0.3231984375 0.53406875 0.31972187500000004 0.534690625 0.318728125 0.5390421875 0.316740625 0.5446390625 0.3162453125 0.5477484375 0.317553125 0.5489171875000001 0.31972187500000004 0.55085625
1 0.246125 0.5441015625000001 0.24386718749999997 0.55145 0.24431875 0.5604953125 0.246125 0.566146875 0.250640625 0.566146875 0.256509375 0.5684078125 0.2605734375 0.5695390625 0.26463749999999997 0.5695390625 0.2664421875 0.5650171875 0.2664421875 0.5604953125 0.26508750000000003 0.55766875 0.2596703125 0.5587984374999999 0.25605781250000004 0.557103125 0.25515468750000003 0.5542765625 0.258315625 0.5503203125 0.2574125 0.545796875 0.2572625 0.5451125 0.25605781250000004 0.5395796875000001 0.246125 0.5441015625000001
1 0.392415625 0.617021875 0.3960265625 0.6119343749999999 0.39151250000000004 0.6045859375 0.38609375 0.60119375 0.3811265625 0.602325 0.3761609375 0.6034546875 0.3743546875 0.6187171874999999 0.3770640625 0.6243703125 0.3793203125 0.6288921875 0.38248125 0.6260656250000001 0.3838359375 0.622675 0.3892546875 0.622675 0.392415625 0.617021875
1 0.61605 0.59285 0.6156765625 0.5764984375 0.6156765625 0.564353125 0.6111984374999999 0.5685578125 0.60709375 0.5732296875 0.6067218750000001 0.5779 0.60485625 0.5844406249999999 0.6056015625 0.5886453125 0.60709375 0.5919156250000001 0.611571875 0.59285 0.614184375 0.59285 0.61605 0.59285
1 0.47914687499999997 0.5865859375 0.4801390625 0.5940484374999999 0.48460937499999995 0.5928046874999999 0.4880859375 0.5903171875 0.48659687500000004 0.5859640625 0.48262343750000003 0.580990625 0.47914687499999997 0.5865859375
7 0.6364062500000001 0.708940625 0.642003125 0.7187515624999999 0.629315625 0.6790421875 0.6240921875 0.6603546875 0.6203609375 0.668296875 0.622971875 0.677640625 0.6267046875 0.6865171875 0.6319281250000001 0.69679375 0.6364062500000001 0.708940625
7 0.68939375 0.4772265625 0.68678125 0.4833 0.6852890625 0.4945109375 0.6852890625 0.5075921875 0.6864078124999999 0.5188046875000001 0.6901390625 0.5332859375 0.68939375 0.4772265625
7 0.7032 0.530015625 0.70693125 0.517403125 0.708796875 0.5075921875 0.7106625 0.496846875 0.7110359374999999 0.48143125 0.7032 0.530015625
7 0.2562421875 0.645746875 0.2513984375 0.6565953125 0.252928125 0.658190625 0.2595546875 0.6460656250000001 0.2682203125 0.6313875 0.280709375 0.6173484375 0.292178125 0.604903125 0.296 0.6023515625 0.2883546875 0.5959703125 0.283003125 0.6045843750000001 0.2756109375 0.6132 0.2705140625 0.6214953125 0.2651625 0.6301109375 0.26159374999999996 0.63713125 0.2562421875 0.645746875
7 0.27968906250000003 0.6597859374999999 0.2761203125 0.667125 0.2842765625 0.6601046875 0.28911875 0.6546796875 0.29370625 0.6473421874999999 0.29752968750000003 0.640959375 0.3010984375 0.6329828125 0.30415625 0.6246875000000001 0.31027343749999997 0.6093703125000001 0.3031375 0.6080953124999999 0.297784375 0.627878125 0.294471875 0.6374500000000001 0.2901390625 0.6467031249999999 0.28580625 0.6537234375 0.27968906250000003 0.6597859374999999
7 0.3263296875 0.6256437499999999 0.32148750000000004 0.6336203125 0.31537031249999997 0.6419171875 0.30950937500000003 0.6508515625 0.3056859375 0.6572328125 0.302371875 0.664890625 0.3003328125 0.670315625 0.30007812500000003 0.676378125 0.3010984375 0.6795687499999999 0.30262656250000003 0.6731874999999999 0.30441093750000003 0.6684015624999999 0.30695937500000003 0.6623390625 0.3123125 0.6556375 0.320978125 0.6451078125 0.32556562499999997 0.6403218749999999 0.330153125 0.6317062499999999 0.333465625 0.6272390624999999 0.3314265625 0.6199 0.330153125 0.6170296875 0.3263296875 0.6256437499999999
7 0.34213125 0.64989375 0.341621875 0.6585093750000001 0.3395828125 0.663934375 0.336525 0.670634375 0.3327015625 0.6786109375 0.32811406249999997 0.6865890625 0.3212328125 0.69233125 0.32046874999999997 0.695203125 0.32735 0.69169375 0.3321921875 0.6843546875000001 0.336525 0.676059375 0.3408578125 0.6690390625 0.345190625 0.6543609375 0.34875781250000004 0.6454265625 0.35258124999999996 0.6380874999999999 0.35589375 0.6275578125 0.345190625 0.6323453125 0.3431515625 0.64319375 0.34213125 0.64989375
7 0.3372890625 0.5308765625 0.3441703125 0.5267296875 0.3400921875 0.510775 0.338053125 0.4967359375 0.3349953125 0.48046249999999996 0.3316828125 0.4759953125 0.33321093749999997 0.48620625000000006 0.33321093749999997 0.495140625 0.33525 0.508221875 0.336525 0.5213046875 0.3372890625 0.5308765625
7 0.3536 0.4734421875 0.354365625 0.483653125 0.3541109375 0.495778125 0.3533453125 0.504075 0.35130625000000004 0.51651875 0.3492671875 0.5296015625 0.355384375 0.5305578125 0.35818906250000004 0.5334296875 0.361246875 0.53534375 0.3625203125 0.5222625 0.364815625 0.510775 0.3665984375 0.4973734375 0.366853125 0.48780156249999995 0.36557968750000003 0.47918593749999994 0.3637953125 0.4753578125 0.363540625 0.483015625 0.36303125 0.49195 0.36175625 0.50439375 0.36022656249999996 0.5088609374999999 0.358953125 0.5168375000000001 0.3574234375 0.520346875 0.3579328125 0.49418281249999996 0.3586984375 0.4782296875 0.3564046875 0.4635515625 0.3536 0.46099843749999997 0.3536 0.4734421875
0 0.7643229171875 0.5885416671875 0.76171875 0.58203125 0.63671875 0.6393229171875 0.6158854171875 0.64453125 0.59765625 0.64453125 0.4752604171875 0.6419270828125 0.4166666671875 0.6276041671875 0.3541666671875 0.6184895828125 0.23177083281250002 0.5533854171875 0.23958333281250002 0.5703125 0.24088541718749998 0.5703125 0.3046875 0.6067708328125 0.3606770828125 0.6263020828125 0.4518229171875 0.6497395828125 0.5520833328125 0.6484375 0.6236979171875 0.6497395828125 0.7643229171875 0.5885416671875
0 0.5299479171875 0.5690104171875 0.58984375 0.5651041671875 0.703125 0.5442708328125 0.70703125 0.5247395828125 0.6809895828125 0.5377604171875 0.6236979171875 0.55078125 0.57421875 0.5611979171875 0.5130208328125 0.5638020828125 0.4375 0.5442708328125 0.3932291671875 0.5403645828125 0.359375 0.53125 0.2903645828125 0.5104166671875 0.296875 0.5208333328125 0.390625 0.546875 0.4244791671875 0.55078125 0.47265625 0.56640625 0.5299479171875 0.5690104171875
