7 0.25469884062500003 0.600429071875 0.2603042515625 0.6003107328125 0.258232071875 0.502167959375 0.2526267546875 0.502286296875 0.25469884062500003 0.600429071875
7 0.25960857656249997 0.59602556875 0.264993765625 0.5965171046875 0.2735681046875 0.50258654375 0.268183 0.5020950109375 0.25960857656249997 0.59602556875
7 0.267177328125 0.6002077671875 0.27157031875 0.6004109375 0.273899421875 0.55005558125 0.26950647031249997 0.5498524109375 0.267177328125 0.6002077671875
2 0.288911428125 0.592234115625 0.235090075 0.60107466875 0.24765724687500001 0.6775745140625 0.30147858437499997 0.6687340265625 0.288911428125 0.592234115625
2 0.3418229015625 0.600728275 0.2882578890625 0.6002478390625 0.28741069375 0.6946920624999999 0.34097570625 0.69517249375 0.3418229015625 0.600728275
2 0.37064480624999996 0.627276153125 0.332676821875 0.6262913828125 0.3303561078125 0.715755034375 0.368324090625 0.7167397953125 0.37064480624999996 0.627276153125
2 0.41246248437500005 0.6477597671875001 0.3700027 0.6426480296875 0.36004627031249997 0.72533795 0.40250604687499997 0.7304496406250001 0.41246248437500005 0.6477597671875001
7 0.3923470265625 0.552322675 0.381418734375 0.552115625 0.37957968750000004 0.6491718750000001 0.3905079796875 0.6493789234375 0.3923470265625 0.552322675
2 0.4397239625 0.6657675937499999 0.4091495703125 0.66188239375 0.3995431828125 0.7374683453124999 0.4301175703125 0.741353515625 0.4397239625 0.6657675937499999
2 0.42890225312499997 0.7474402437500001 0.4564637421875 0.750649078125 0.46589849843750003 0.66962253125 0.43833749062500005 0.666413725 0.42890225312499997 0.7474402437500001
2 0.4600876546875 0.7674869234374999 0.5034866828125 0.764572646875 0.49649702968750004 0.6605074859375 0.45309898125 0.6634217312499999 0.4600876546875 0.7674869234374999
2 0.549791665625 0.6751283078125 0.5020330578125 0.675588809375 0.5029116421875 0.766693078125 0.55067025 0.7662325828125 0.549791665625 0.6751283078125
2 0.58095513125 0.672884746875 0.5498026765625 0.67026095625 0.5426134578124999 0.7556061828125 0.5737659093749999 0.7582299484374999 0.58095513125 0.672884746875
2 0.6044311625 0.661395796875 0.573493646875 0.6605716968750001 0.570867678125 0.75913834375 0.60180519375 0.7599624359375 0.6044311625 0.661395796875
2 0.62455840625 0.6709520343750001 0.5944796718750001 0.6761557375 0.6101208390624999 0.766551825 0.640199559375 0.7613481734375 0.62455840625 0.6709520343750001
2 0.6378367140625001 0.77072401875 0.6743685953125 0.7645392046875 0.6581460031249999 0.6687348953125001 0.6216148875 0.6749196421875 0.6378367140625001 0.77072401875
2 0.7191117031250001 0.648971171875 0.6601488546875001 0.650683971875 0.663580509375 0.7688007156250001 0.7225433578125 0.7670879375 0.7191117031250001 0.648971171875
4 0.704155459375 0.9102029593750001 0.73198728125 0.9092447234375 0.728080478125 0.7958093203125001 0.7002494640625 0.7967675421875 0.704155459375 0.9102029593750001
4 0.647145421875 0.9453844515625001 0.674437034375 0.9441986859375 0.6685950218750001 0.8097805515625 0.6413043828125 0.8109662953125 0.647145421875 0.9453844515625001
4 0.6311550015625 0.8143345343749999 0.6108698828125 0.8152425875 0.6164833984375 0.9406153828124999 0.636768515625 0.9397073453125 0.6311550015625 0.8143345343749999
4 0.57462183125 0.8011551375 0.5486016453125 0.8017948234375 0.5516481484375 0.9256889203125 0.5776683328125001 0.9250492453125 0.57462183125 0.8011551375
4 0.4837606765625 0.8007993109375 0.45319797812499996 0.8005826218750001 0.45230253437499995 0.9268513859375 0.48286523125 0.9270680734375001 0.4837606765625 0.8007993109375
4 0.4328956828125 0.7993163437499999 0.40095553125 0.7970696968750001 0.3907273140625 0.94245041875 0.4226674609375 0.9446970218749999 0.4328956828125 0.7993163437499999
4 0.3470896203125 0.9478553765625 0.38219032343750003 0.9494245546875 0.3888084453125 0.8014037703125 0.35370910312500004 0.7998346234375 0.3470896203125 0.9478553765625
4 0.322662875 0.7592619609375 0.28883506875 0.7548520828124999 0.271182234375 0.890238759375 0.3050100265625 0.8946485609374999 0.322662875 0.7592619609375
