7 0.2919045578125 0.41300612656249996 0.2876149203125 0.4133261703125 0.2931218671875 0.48713281249999996 0.2974115046875 0.48681277031250003 0.2919045578125 0.41300612656249996
7 0.298193621875 0.4921164171875 0.3060593828125 0.49265625 0.31243125 0.39981875 0.304565590625 0.3992789203125 0.298193621875 0.4921164171875
7 0.3757799421875 0.4026320640625 0.37275318125 0.40261457500000003 0.372325 0.4767140625 0.3753517609375 0.4767315515625 0.3757799421875 0.4026320640625
2 0.391440625 0.5339171875 0.35805312499999997 0.5339171875 0.35805312499999997 0.595340625 0.391440625 0.595340625 0.391440625 0.5339171875
7 0.39895490312500004 0.5453678531249999 0.4078062765625 0.545615625 0.4106907140625 0.44257824531249995 0.40183947499999995 0.442330475 0.39895490312500004 0.5453678531249999
7 0.60843424375 0.5595257921875 0.6162765671875 0.5603671875 0.6285495671875 0.4459842375 0.62070738125 0.44514284843749996 0.60843424375 0.5595257921875
1 0.6441990078125001 0.534762746875 0.6230800953125 0.5356135390625 0.625291928125 0.5905118828125 0.646410840625 0.58966109375 0.6441990078125001 0.534762746875
7 0.6793095703125 0.5116130812499999 0.6860771484375 0.511534271875 0.685046875 0.4230703125 0.6782793828125 0.42314912031249996 0.6793095703125 0.5116130812499999
7 0.688198103125 0.4149961859375 0.684121875 0.41512656249999996 0.6868984218749999 0.5019296875 0.69097465 0.5017993125 0.688198103125 0.4149961859375
1 0.7034107359374999 0.6212921765625 0.69508409375 0.6218582046875001 0.6972227765625 0.6533158140624999 0.70554941875 0.6527497890625 0.7034107359374999 0.6212921765625
7 0.3915466203125 0.6880812015625 0.383946103125 0.6868749296875001 0.36278125 0.8202093749999999 0.3703817625 0.8214156265625 0.3915466203125 0.6880812015625
1 0.2939016890625 0.6084080968750001 0.2847213546875 0.6061619484375 0.2769682625 0.6378462515625001 0.28614859375 0.64009239375 0.2939016890625 0.6084080968750001
7 0.33811925625 0.49728112031249994 0.346754878125 0.496995190625 0.34375 0.40625 0.3351144890625 0.406535928125 0.33811925625 0.49728112031249994
7 0.330988940625 0.493631396875 0.33473559218750004 0.4927884578125 0.32210038124999996 0.436632 0.318353759375 0.43747493437499996 0.330988940625 0.493631396875
