1 0.2616765015625 0.5791734374999999 0.2929672546875 0.5791734374999999 0.2929671078125 0.5129578125 0.2616767015625 0.5129578125 0.2616765015625 0.5791734374999999
7 0.378725675 0.3868613703125 0.3724726390625 0.38745549218750003 0.3844655875 0.513671878125 0.390718621875 0.5130777625 0.378725675 0.3868613703125
7 0.38953441875 0.39325676875000004 0.384465625 0.39349218750000003 0.3887843484375 0.4864734390625 0.39385314375 0.48623802187500004 0.38953441875 0.39325676875000004
1 0.599748365625 0.5698055203125 0.6055812671874999 0.569965625 0.6068140625 0.52505625 0.6009812046875 0.5248961453125001 0.599748365625 0.5698055203125
1 0.6166828125 0.5409390625 0.606421875 0.5409390625 0.606421875 0.5746156250000001 0.6166828125 0.5746156250000001 0.6166828125 0.5409390625
7 0.6479928734375 0.5475224 0.6570093859374999 0.5478328125 0.66061031875 0.4432441609375 0.6515939515625 0.4429337515625 0.6479928734375 0.5475224
7 0.7423356812499999 0.7886191671875 0.7586571515625 0.785876028125 0.7403 0.676671875 0.72397891875 0.6794149796875 0.7423356812499999 0.7886191671875
2 0.6982933171875 0.60350195 0.6522485078125 0.6043359109375 0.653463828125 0.671428303125 0.6995086374999999 0.670594346875 0.6982933171875 0.60350195
1 0.6427374593749999 0.670346875 0.6519891015625 0.670346875 0.6519890562499999 0.61744375 0.6427375093750001 0.61744375 0.6427374593749999 0.670346875
7 0.6794176703125 0.8078682593750001 0.7095619156249999 0.8033267734375 0.68936563125 0.6693005328125 0.6592223046875 0.673841946875 0.6794176703125 0.8078682593750001
1 0.620434325 0.629040328125 0.6129607953125 0.62930119375 0.6144538515625 0.6720701984375 0.6219273796875 0.6718093328125 0.620434325 0.629040328125
1 0.6268426390624999 0.62352645625 0.6207172953125 0.623924346875 0.622970728125 0.6586106140625 0.629096071875 0.658212725 0.6268426390624999 0.62352645625
1 0.3912981640625 0.66009654375 0.4000336546875 0.6593851749999999 0.397355659375 0.6265043921875 0.38862022500000004 0.6272157578125 0.3912981640625 0.66009654375
1 0.3813753890625 0.650836609375 0.3867781359375 0.6510390625 0.3878907484375 0.6213507453125 0.3824880328125 0.6211482921875 0.3813753890625 0.650836609375
7 0.2391927015625 0.78238728125 0.2620633578125 0.793285484375 0.3175790390625 0.6768005031250001 0.294708928125 0.665902453125 0.2391927015625 0.78238728125
9 0.2523549859375 0.48041078125 0.2720803375 0.31866637343750004 0.2263953359375 0.3130953734375 0.2066695953125 0.47483931718749994 0.2523549859375 0.48041078125
5 0.27762148125 0.6528626734375 0.2784221578125 0.6380506625 0.2369616203125 0.635809696875 0.2361608875 0.650621646875 0.27762148125 0.6528626734375
5 0.35239642656250003 0.664987746875 0.3517564453125 0.65155046875 0.32913925 0.6526275125 0.3297792 0.6660647609375 0.35239642656250003 0.664987746875
6 0.3043113234375 0.7341177375 0.2540315875 0.7292528234375 0.2468995578125 0.8029506718749999 0.2971792875 0.80781554375 0.3043113234375 0.7341177375
6 0.6771046265625 0.42633877968749995 0.7146671328124999 0.4621105765625 0.7689137625 0.40515129375000003 0.7313514578125 0.369379678125 0.6771046265625 0.42633877968749995
6 0.7628123812500001 0.731692271875 0.720286284375 0.7374902140625 0.7333603734375 0.8333671015625 0.7758864562500001 0.827569228125 0.7628123812500001 0.731692271875
6 0.672659746875 0.8415709296875 0.6851128328125 0.7947551171875 0.631360425 0.78045975625 0.6189071359375 0.827275246875 0.672659746875 0.8415709296875
8 0.7070592609374999 0.55662369375 0.7392872546875 0.5599008875 0.755292715625 0.402511128125 0.7230654421875 0.39923397031249996 0.7070592609374999 0.55662369375
