1 0.2968251796875 0.5143400109375 0.271244396875 0.51629166875 0.2777322828125 0.6013219375000001 0.3033130625 0.5993702937500001 0.2968251796875 0.5143400109375
7 0.608821078125 0.8008443546875 0.6173432890624999 0.8009022375000001 0.6179245703125 0.715323140625 0.6094025265624999 0.7152652578125 0.608821078125 0.8008443546875
7 0.645385334375 0.7917893515625 0.6495063125 0.7908765484375 0.640025 0.7480796875 0.6359040640625 0.7489924859375 0.645385334375 0.7917893515625
7 0.3792947203125 0.7245973375 0.3722765609375 0.7244046875000001 0.3712925984375 0.76024418125 0.37831075625 0.7604368296875 0.3792947203125 0.7245973375
7 0.3758897375 0.7605319546875 0.37469217499999996 0.7603374984375 0.370471875 0.7863234375 0.3716694375 0.7865178937499999 0.3758897375 0.7605319546875
7 0.3485918671875 0.7722899484375 0.35195937499999996 0.7726656249999999 0.35602344218750004 0.7362421875 0.3526559625 0.7358665140625 0.3485918671875 0.7722899484375
7 0.35714162968749996 0.701596103125 0.3486954125 0.6988746156250001 0.3236982765625 0.7764414984375 0.332144484375 0.7791629609374999 0.35714162968749996 0.701596103125
5 0.7341592343750001 0.552059840625 0.7122394546875 0.5104164250000001 0.65776796875 0.5390859625 0.6796875 0.5807291671875 0.7341592343750001 0.552059840625
6 0.6479672484375001 0.8359936265625001 0.6724996359375 0.8309363937500001 0.66040493125 0.772278153125 0.63587289375 0.7773353484375 0.6479672484375001 0.8359936265625001
6 0.60527746875 0.8581942031249999 0.6296815296875 0.8581942031249999 0.62968134375 0.7790180015625 0.6052777640625 0.7790180015625 0.60527746875 0.8581942031249999
6 0.250945709375 0.7918644593749999 0.2523677671875 0.763141828125 0.2261103796875 0.76184205625 0.22468823750000003 0.7905645984375 0.250945709375 0.7918644593749999
