8 0.23755937500000002 0.48066875 0.23822031250000003 0.51533125 0.23822031250000003 0.543328125 0.241525 0.5553265625 0.24681406250000001 0.564659375 0.2613578125 0.568659375 0.2686296875 0.56199375 0.2798671875 0.55399375 0.2765625 0.5313296875 0.2725953125 0.495334375 0.2699515625 0.47133593749999997 0.2653234375 0.44200625000000004 0.25606874999999996 0.4193421875 0.2494578125 0.42467499999999997 0.24417031250000001 0.45267187499999995 0.23755937500000002 0.48066875
1 0.27325625 0.5179984375 0.2725953125 0.5339968749999999 0.2759 0.55799375 0.2765625 0.585990625 0.277884375 0.6006546875 0.28647812500000003 0.6006546875 0.2838328125 0.5873234375 0.2878 0.5766578124999999 0.2957328125 0.5753250000000001 0.300359375 0.560659375 0.2957328125 0.5446609375 0.2930890625 0.51933125 0.2838328125 0.51533125 0.27325625 0.5179984375
6 0.400840625 0.420675 0.395553125 0.4300078125 0.3988578125 0.44733906250000005 0.4015015625 0.43800625000000004 0.4061296875 0.44200625000000004 0.4120796875 0.4540046875 0.4120796875 0.439340625 0.41009531250000003 0.4273421875 0.406790625 0.418009375 0.400840625 0.420675
2 0.6467546875 0.66998125 0.6441109375 0.6526500000000001 0.6315515625 0.6459828125 0.6242796875 0.6433171875 0.616346875 0.6393171875 0.6097359375 0.6433171875 0.6057703125 0.6579828125 0.6051078125 0.680646875 0.607753125 0.6993109375000001 0.613040625 0.70464375 0.6222953125 0.70864375 0.630228125 0.707309375 0.64080625 0.6966453125000001 0.64609375 0.6859796874999999 0.6467546875 0.66998125
6 0.667115625 0.79451875 0.6644062500000001 0.7835921875 0.6612453125 0.7726656249999999 0.654021875 0.7690234375 0.6562781249999999 0.7881453125 0.6553765625 0.8027140625 0.6495062500000001 0.8045359375000001 0.6440875 0.79451875 0.6404765625 0.7854140625 0.6413796875 0.80635625 0.6445390625 0.8191046875 0.6513125 0.8300328125 0.65718125 0.831853125 0.663503125 0.8309421875 0.66801875 0.8209265625000001 0.66801875 0.8090890625 0.667115625 0.79451875
6 0.61609375 0.8418703125 0.6210609375 0.8537078125 0.6269312499999999 0.8518859375 0.630090625 0.8409593750000001 0.63099375 0.8254796875 0.6323484374999999 0.81273125 0.631896875 0.7972515625 0.631896875 0.7772187500000001 0.6341546874999999 0.760828125 0.6305421875 0.748990625 0.628284375 0.7344203125 0.6228671875 0.7325999999999999 0.6210609375 0.742615625 0.620609375 0.7553640625 0.6215124999999999 0.7763078125 0.622415625 0.7936093750000001 0.6215124999999999 0.805446875 0.6192546875 0.8172843750000001 0.610225 0.8090890625 0.61203125 0.81819375 0.613384375 0.8327640625000001 0.61609375 0.8418703125
7 0.6142875 0.7152984375 0.611128125 0.7152984375 0.609321875 0.7271359375 0.610225 0.7453484375 0.61203125 0.7580953125 0.611128125 0.7735765625 0.6115796875 0.7872343749999999 0.61609375 0.80089375 0.6174484375 0.7854140625 0.6165453125 0.7599171874999999 0.6165453125 0.7325999999999999 0.6179 0.718940625 0.6142875 0.7152984375
7 0.6495062500000001 0.7908765625 0.640025 0.7480796875 0.637315625 0.7553640625 0.6495062500000001 0.7908765625
7 0.3722765625 0.7244046875000001 0.3718265625 0.7407953125 0.37408281250000003 0.7499015625000001 0.3746921875 0.7603375 0.37905 0.7335109375 0.3722765625 0.7244046875000001
7 0.3746921875 0.7603375 0.370471875 0.7863234375 0.3731796875 0.7772187500000001 0.37498593750000003 0.76538125 0.3746921875 0.7603375
7 0.3375109375 0.7480796875 0.34744375 0.7316890625 0.35286249999999997 0.7071031249999999 0.3487984375 0.6989078125 0.34428281250000003 0.7125671875 0.3384140625 0.730778125 0.3338984375 0.7480796875 0.3289328125 0.7781281250000001 0.3375109375 0.7480796875
2 0.3835175671875 0.6941405265625 0.3913980640625 0.686260028125 0.40190539531249997 0.6659020765625 0.3992785625 0.6488276625 0.3848309828125 0.6488276625 0.3526522828125 0.6465291843750001 0.34345836875 0.6704990328125 0.346741909375 0.6869167375 0.35002545 0.705304565625 0.361846196875 0.705304565625 0.372353528125 0.7000509 0.3835175671875 0.6941405265625
5 0.692170403125 0.5391574 0.7007076078125001 0.53062019375 0.70399115 0.5286500703125 0.6974240671875 0.5201128640625 0.6869167375 0.5214262796875 0.6704990328125 0.5260232375 0.6685289078125 0.531276903125 0.6718124484375 0.549008021875 0.6849466125 0.5450677734375 0.692170403125 0.5391574
