8 0.24154410781250002 0.5710360421875 0.2813393203125 0.5662625796875 0.2636058078125 0.4184381015625 0.2238114921875 0.423211509375 0.24154410781250002 0.5710360421875
6 0.4082622546875 0.41772878437500005 0.39373976875 0.420497740625 0.40054804062500005 0.4562033859375 0.41507052499999997 0.4534344359375 0.4082622546875 0.41772878437500005
2 0.6476243109375 0.6402313421875 0.6063244906249999 0.639024259375 0.6043047953125 0.7081179390625 0.645604615625 0.7093250140625 0.6476243109375 0.6402313421875
6 0.6430144109375 0.8327310671875001 0.66938299375 0.8310969625 0.665491203125 0.768312659375 0.6391230265625001 0.76994675 0.6430144109375 0.8327310671875001
6 0.6086870671875 0.8532772796874999 0.6309106875 0.8540505218750001 0.6351221312499999 0.7330264015625 0.6128991671875 0.7322531703124999 0.6086870671875 0.8532772796874999
7 0.608821078125 0.8008443546875 0.6173432890624999 0.8009022375000001 0.6179245703125 0.715323140625 0.6094025265624999 0.7152652578125 0.608821078125 0.8008443546875
7 0.645385334375 0.7917893515625 0.6495063125 0.7908765484375 0.640025 0.7480796875 0.6359040640625 0.7489924859375 0.645385334375 0.7917893515625
7 0.3792947203125 0.7245973375 0.3722765609375 0.7244046875000001 0.3712925984375 0.76024418125 0.37831075625 0.7604368296875 0.3792947203125 0.7245973375
7 0.3758897375 0.7605319546875 0.37469217499999996 0.7603374984375 0.370471875 0.7863234375 0.3716694375 0.7865178937499999 0.3758897375 0.7605319546875
7 0.3485918671875 0.7722899484375 0.35195937499999996 0.7726656249999999 0.35602344218750004 0.7362421875 0.3526559625 0.7358665140625 0.3485918671875 0.7722899484375
7 0.35714162968749996 0.701596103125 0.3486954125 0.6988746156250001 0.3236982765625 0.7764414984375 0.332144484375 0.7791629609374999 0.35714162968749996 0.701596103125
2 0.3998420015625 0.70776019375 0.40273868593750006 0.648997825 0.34465951875 0.6461352406249999 0.3417625015625 0.70489725625 0.3998420015625 0.70776019375
5 0.70693783125 0.539172925 0.7008739296875001 0.5175182 0.665748621875 0.5273533625 0.6718124484375 0.5490080234375 0.70693783125 0.539172925
8 0.3279055671875 0.4275166796875 0.2977256515625 0.425894246875 0.28765392031250003 0.61323080625 0.317833834375 0.614853215625 0.3279055671875 0.4275166796875
8 0.29225115156250003 0.40938661249999997 0.2648046546875 0.41117944375000004 0.277390103125 0.603836409375 0.30483659687500003 0.6020436046875 0.29225115156250003 0.40938661249999997
8 0.309375 0.41875 0.28046875 0.41875 0.28046875 0.60078125 0.309375 0.60078125 0.309375 0.41875
