1 0.2838328125 0.5873234375 0.2878 0.5766578124999999 0.2957328125 0.5753250000000001 0.300359375 0.560659375 0.2957328125 0.5446609375 0.2930890625 0.51933125 0.2838328125 0.51533125 0.27325625 0.5179984375 0.2725953125 0.5339968749999999 0.2759 0.55799375 0.2765625 0.585990625 0.277884375 0.6006546875 0.28647812500000003 0.6006546875 0.2838328125 0.5873234375
7 0.6115796875 0.7872343749999999 0.61609375 0.80089375 0.6174484375 0.7854140625 0.6165453125 0.7599171874999999 0.6165453125 0.7325999999999999 0.6179 0.718940625 0.6142875 0.7152984375 0.611128125 0.7152984375 0.609321875 0.7271359375 0.610225 0.7453484375 0.61203125 0.7580953125 0.611128125 0.7735765625 0.6115796875 0.7872343749999999
7 0.6495062500000001 0.7908765625 0.640025 0.7480796875 0.637315625 0.7553640625 0.6495062500000001 0.7908765625
7 0.3718265625 0.7407953125 0.37408281250000003 0.7499015625000001 0.3746921875 0.7603375 0.37905 0.7335109375 0.3722765625 0.7244046875000001 0.3718265625 0.7407953125
7 0.3731796875 0.7772187500000001 0.37498593750000003 0.76538125 0.3746921875 0.7603375 0.370471875 0.7863234375 0.3731796875 0.7772187500000001
7 0.3560234375 0.7362421875 0.3524109375 0.7380625000000001 0.35105624999999996 0.7580953125 0.35195937499999996 0.7726656249999999 0.3560234375 0.7362421875
7 0.3338984375 0.7480796875 0.3289328125 0.7781281250000001 0.3375109375 0.7480796875 0.34744375 0.7316890625 0.35286249999999997 0.7071031249999999 0.3487984375 0.6989078125 0.34428281250000003 0.7125671875 0.3384140625 0.730778125 0.3338984375 0.7480796875
0 0.6471354171875 0.7317708328125 0.6705729171875 0.73046875 0.7513020828125 0.66015625 0.75 0.64453125 0.6575520828125 0.6953125 0.61328125 0.69921875 0.5768229171875 0.6940104171875 0.4283854171875 0.6888020828125 0.3958333328125 0.7096354171875 0.3619791671875 0.7200520828125 0.23177083281250002 0.65234375 0.23828125 0.6848958328125 0.3515625 0.7565104171875 0.3645833328125 0.7604166671875 0.44921875 0.7005208328125 0.5377604171875 0.6979166671875 0.60546875 0.7265625 0.6471354171875 0.7317708328125
6 0.6067708328125 0.76953125 0.5924479171875 0.8190104171874999 0.6106770828125 0.8619791671874999 0.66015625 0.8463541671874999 0.6731770828125 0.7825520828125 0.6067708328125 0.76953125
0 0.40625 0.5234375 0.44140625 0.51953125 0.5130208328125 0.515625 0.55078125 0.5260416671875 0.6640625 0.5520833328125 0.6666666671875 0.5286458328125 0.640625 0.5286458328125 0.5846354171875 0.5234375 0.51171875 0.5078125 0.4348958328125 0.5143229171875 0.3424479171875 0.52734375 0.24348958281250002 0.50390625 0.25390625 0.5364583328125 0.3020833328125 0.53515625 0.3255208328125 0.53515625 0.3776041671875 0.5286458328125 0.40625 0.5234375
5 0.6796875 0.5807291671875 0.71875 0.5533854171875 0.7122395828125 0.5104166671875 0.6627604171875 0.5364583328125 0.6796875 0.5807291671875
