7 0.3821303328125 0.399044296875 0.376307940625 0.3991014828125 0.3775473171875 0.5252832296875 0.38336970937500003 0.5252260453125001 0.3821303328125 0.399044296875
1 0.49197866250000005 0.604219334375 0.49685940781250004 0.6040857265625 0.4960325375 0.5738836078125 0.49115181718749995 0.574017215625 0.49197866250000005 0.604219334375
1 0.6764108625 0.71665755625 0.6838367640625 0.715384228125 0.6768171875 0.674453125 0.6693913484375 0.6757264468749999 0.6764108625 0.71665755625
1 0.6036176265625001 0.7040765546875 0.6208767187500001 0.7034889265625 0.6185464109375001 0.635058784375 0.601287559375 0.6356464093749999 0.6036176265625001 0.7040765546875
1 0.565896153125 0.7151954703125 0.5786404593750001 0.713196421875 0.571394046875 0.6670064671875 0.5586498640625 0.66900550625 0.565896153125 0.7151954703125
1 0.5508159609375001 0.7236273765625 0.5644280953125 0.72161411875 0.5571315375 0.6722881546874999 0.5435195453125 0.6743014031250001 0.5508159609375001 0.7236273765625
7 0.681266740625 0.72622909375 0.6735020203125 0.7291120671875 0.6995185562499999 0.799170384375 0.7072832640625 0.7962874375 0.681266740625 0.72622909375
7 0.6572530750000001 0.8296391765625 0.6702145875000001 0.82762960625 0.6493043984375 0.6927870671874999 0.6363432796875 0.69479660625 0.6572530750000001 0.8296391765625
6 0.66397064375 0.764584040625 0.6410365109375 0.7708026046875001 0.6596186109375 0.8393203124999999 0.6825527234375001 0.833101803125 0.66397064375 0.764584040625
1 0.388100940625 0.6596268578125 0.376645203125 0.6550047671875 0.36125909218749996 0.6931336531250001 0.37271481875 0.6977557234375 0.388100940625 0.6596268578125
1 0.39777118125 0.6646029546875 0.3846980828125 0.66255215 0.37825849218749996 0.7035963296875 0.3913315890625 0.705647125 0.39777118125 0.6646029546875
9 0.28860773281249996 0.26613689687500003 0.2191073140625 0.27657644531250003 0.24419690312500003 0.44360224062500003 0.3136972984375 0.43316278906249994 0.28860773281249996 0.26613689687500003
9 0.2917825890625 0.6146782953125001 0.19013914062499998 0.578657428125 0.1472230625 0.699742915625 0.2488662984375 0.7357633234375001 0.2917825890625 0.6146782953125001
6 0.20807343281250001 0.5319064703125 0.16336056875 0.5402892109375 0.1831520359375 0.64584443125 0.22786487656249999 0.637461771875 0.20807343281250001 0.5319064703125
6 0.6970187671875 0.8080035359375 0.7605712109375 0.83676405625 0.802175740625 0.7448459875 0.7386246328125 0.7160858218749999 0.6970187671875 0.8080035359375
8 0.326356734375 0.657303115625 0.29426723906249996 0.6502337796875 0.25804212656250003 0.81464294375 0.290131578125 0.8217121468749999 0.326356734375 0.657303115625
8 0.2921702390625 0.6586024765625 0.2601561203125 0.6554687375 0.24831704375000002 0.7763977640624999 0.2803311578125 0.7795314609374999 0.2921702390625 0.6586024765625
