7 0.375641253125 0.528053071875 0.38047972343750003 0.5185960625 0.3817046875 0.481096875 0.3808796875 0.45515 0.379640625 0.4292015625 0.379640625 0.39906874999999997 0.3767515625 0.44426718750000005 0.37799062499999997 0.460171875 0.375641253125 0.528053071875
1 0.6809453125 0.707096875 0.68011875 0.6937046875 0.6768171875 0.674453125 0.6718640625 0.6761265625 0.6710390625 0.6853343749999999 0.6743406249999999 0.7003999999999999 0.6784687500000001 0.7163046875 0.6809453125 0.707096875
1 0.632240625 0.6752890625 0.6285265625 0.6719421875 0.62605 0.6711046875 0.6293515625 0.6870078125 0.6347171875 0.6987265625 0.63636875 0.684496875 0.632240625 0.6752890625
1 0.6132546875 0.7037484375 0.619859375 0.6987265625 0.619859375 0.68951875 0.619859375 0.6736156249999999 0.6190328125 0.6493421875000001 0.6169687500000001 0.6351125 0.6087140625 0.6418078125 0.6021109375 0.6526890625 0.6025234375 0.6719421875 0.6066515625 0.6937046875 0.6132546875 0.7037484375
1 0.567028125 0.71379375 0.569503125 0.7146296875 0.57404375 0.7087703125 0.5761078125 0.6970531249999999 0.57321875 0.6786375 0.5666140625 0.6677562499999999 0.562075 0.6769640625 0.5633125 0.6987265625 0.567028125 0.71379375
7 0.6879609375 0.7656890625 0.6933265625 0.7774078125 0.69951875 0.7991703125 0.6925015625000001 0.7564828125 0.6846593750000001 0.7380671875 0.6809453125 0.7263484375 0.67888125 0.7296968749999999 0.6743406249999999 0.7313703125 0.6813578125 0.7497859375 0.6879609375 0.7656890625
7 0.6499890625 0.7230000000000001 0.6495765625 0.6945421875 0.6433859375 0.6937046875 0.642971875 0.7204890625 0.6466875 0.7615046875 0.653703125 0.7849406250000001 0.6702140625 0.8276296875 0.6574187499999999 0.7874531250000001 0.652878125 0.7665265625 0.6512265625 0.7481109375 0.6499890625 0.7230000000000001
1 0.38335625 0.6577124999999999 0.37799062499999997 0.661059375 0.374275 0.6652453125 0.37014843750000004 0.6711046875 0.3664328125 0.6803125 0.3709734375 0.6970531249999999 0.378403125 0.683659375 0.38376875 0.66859375 0.38335625 0.6577124999999999
8 0.24972066874999999 0.7932303625 0.273223790625 0.818692078125 0.30749917656250003 0.7390426078125001 0.31360156250000004 0.7054234375 0.32061875 0.6819859375 0.3193796875 0.6635718749999999 0.31153749999999997 0.6552015625000001 0.306171875 0.6694296875 0.284709375 0.6761265625 0.272328125 0.6769640625 0.2665484375 0.686171875 0.2595328125 0.7096078125 0.24972066874999999 0.7932303625
1 0.2467827796875 0.6342578578125 0.24351845625 0.627076346875 0.2392748375 0.6215269984375 0.22523825 0.618589109375 0.2242589546875 0.625117753125 0.2265439796875 0.6244648890625 0.23111403125000002 0.6362164499999999 0.23405192187499999 0.6427450953125 0.2386219734375 0.6489473078125 0.24417132187499999 0.649273740625 0.2467827796875 0.64209223125 0.2467827796875 0.6342578578125
6 0.19847080625 0.585619453125 0.205652315625 0.5885573421875 0.2151188515625 0.5957388515625001 0.219688903125 0.59932960625 0.21479241875000002 0.5702771375 0.2079373421875 0.553302659375 0.20042939999999998 0.5477533125 0.193574321875 0.5484061765625 0.18508708437500002 0.5526497953125 0.17823200781249998 0.559504871875 0.1733355234375 0.5748471875 0.16745974375 0.6016146328125 0.1710504984375 0.6107547359375001 0.1765998453125 0.61793624375 0.1925950265625 0.6274027796875 0.193247890625 0.6274027796875 0.19226859375 0.6153247875 0.1841077875 0.600308903125 0.18508708437500002 0.5865987484375 0.19847080625 0.585619453125
1 0.5571614859375 0.7169234484375 0.5588326375 0.7109073078125 0.5608380171875 0.7005461765625001 0.5588326375 0.6951984953125 0.557829946875 0.6901850453125 0.5571614859375 0.6858400546875 0.5554903359375001 0.6821635234375 0.554153415625 0.679155453125 0.55181380625 0.6748104625 0.550811115625 0.6728050828125001 0.55014265625 0.680826603125 0.5531507265625 0.693193115625 0.554487646875 0.7012146375 0.5561587968749999 0.7092361578124999 0.5564930265625 0.7152522984374999 0.5564930265625 0.7202657484375 0.5571614859375 0.7169234484375
6 0.694840003125 0.8386000031249999 0.699632003125 0.8372308609375001 0.70134343125 0.8358617171875 0.70373943125 0.8310697171875001 0.705450859375 0.824908575 0.70134343125 0.8177205750000001 0.697236003125 0.8119017171875 0.693470859375 0.804029146875 0.686625146875 0.7937605750000001 0.6790948593749999 0.789653146875 0.6712222890625 0.788284003125 0.6657457171875001 0.782465146875 0.66300743125 0.7742502890625 0.6585577171875 0.7721965749999999 0.671906859375 0.8173782890625001 0.66540343125 0.8173782890625001 0.6544502890625 0.7937605750000001 0.649316003125 0.7807537171875001 0.6462354312499999 0.7821228609374999 0.6602691453125 0.8214857171875 0.6681417171875 0.8355194328125 0.6770411453125 0.8375731468750001 0.68696743125 0.8358617171875 0.6903902890625 0.8386000031249999 0.694840003125 0.8386000031249999
6 0.7492909921875001 0.8117644468749999 0.7598333875 0.8086407734375 0.7703757828125 0.8012220515624999 0.7727185375000001 0.7969270015625 0.7746708328125 0.789508278125 0.7777945046875 0.78208955625 0.79341286875 0.7660807328125 0.80122205 0.7524146640625 0.8000506734374999 0.7414818109375 0.7777945046875 0.7489005328125 0.776623128125 0.7574906328125001 0.768033028125 0.7574906328125001 0.750852828125 0.7481196140625 0.7403104328125 0.7504623687499999 0.737967678125 0.76061430625 0.7422627281249999 0.7660807328125 0.7500719109375 0.768813946875 0.7582715515625 0.7707662421875 0.763737978125 0.777404046875 0.7574906328125001 0.7922414921875001 0.7485100734375 0.797317459375 0.73484400625 0.7883369015625 0.730939415625 0.7750612921875 0.72195885625 0.760223846875 0.7098546234375 0.76061430625 0.7024359015625 0.763737978125 0.7028263609375001 0.7652998140625 0.704388196875 0.7785754234375 0.7196161015625 0.7945842468750001 0.7243016109375 0.8027838875000001 0.7340630875 0.8082503140625 0.7410913515625001 0.81059306875 0.7492909921875001 0.8117644468749999
0 0.34026073437500004 0.7115846171875 0.289227525 0.6886542953125 0.25277524375 0.6354976171875 0.256941234375 0.6959502843750001 0.29026900312500004 0.7178383359375 0.316306346875 0.7470224562500001 0.395459934375 0.759529890625 0.4433686296875 0.7522339 0.5089826875 0.737641840625 0.5818872500000001 0.731388121875 0.632920459375 0.7230497796875001 0.690202615625 0.7084577984375 0.724571940625 0.6771891328125 0.7557702374999999 0.638484746875 0.746443371875 0.6104825890625001 0.7089495343750001 0.6427935687499999 0.6714556953125 0.6896965671874999 0.606883115625 0.6917811125 0.5527254734375 0.6928234671875 0.4839869015625 0.7011617296875 0.40170888125 0.7022040031250001 0.34026073437500004 0.7115846171875
0 0.5298125625 0.4927039546875 0.4600325140625 0.49687312656250004 0.3996258453125 0.49895771250000004 0.3475511578125 0.4916616828125 0.27985406562500004 0.45830842968749996 0.3267212828125 0.4916616828125 0.3829619609375 0.5104228734375 0.4100407828125 0.5250149328125 0.45065905468749995 0.5208457625 0.5058582546875 0.5145920453125 0.5516839953125 0.5072960156249999 0.5818872500000001 0.5041691562499999 0.6391694859375 0.4885348234375 0.6870781015625 0.47602734843750005 0.7346353921875 0.43776041718750003 0.7422773015625 0.43120893593750004 0.703742065625 0.46039301562499996 0.664165271875 0.4666467328125 0.620422565625 0.472900490625 0.5298125625 0.4927039546875
