1 0.1391041203125 0.491138534375 0.16163897968750002 0.49175319218749997 0.16301657812499998 0.4412484796875 0.14048188125 0.44063382500000003 0.1391041203125 0.491138534375
1 0.18606279375 0.43793347968749996 0.16540453593749999 0.43617773125000003 0.1605441046875 0.49336224843750004 0.1812023625 0.49511798906250004 0.18606279375 0.43793347968749996
2 0.31937919375 0.4723114171875 0.28290538593750003 0.4737649140625 0.2862092515625 0.5566651140625 0.32268305937499997 0.5552116265625 0.31937919375 0.4723114171875
2 0.3186081578125 0.5521443515625 0.3483583625 0.5535520640625 0.3520209859375 0.47614987031249995 0.32227113749999997 0.4747421671875 0.3186081578125 0.5521443515625
2 0.390263065625 0.4735653109375 0.350201028125 0.47265697968750003 0.3481623265625 0.56256715625 0.388224365625 0.5634754796875 0.390263065625 0.4735653109375
2 0.3903432171875 0.47922275000000003 0.3935289328125 0.5660458375 0.430908871875 0.564674196875 0.427722909375 0.47785136250000004 0.3903432171875 0.47922275000000003
2 0.462863125 0.48082042031250005 0.4306556796875 0.48047337656250005 0.4297222140625 0.5670965609375 0.46192965937499997 0.567443603125 0.462863125 0.48082042031250005
7 0.3346820625 0.32945825 0.327524334375 0.3296024390625 0.3296578 0.43550625 0.336815528125 0.4353620625 0.3346820625 0.32945825
7 0.2963172796875 0.44314887187499996 0.30295955937499996 0.44236806250000005 0.2852916296875 0.292075790625 0.2786494640625 0.29285659218750004 0.2963172796875 0.44314887187499996
7 0.3651211875 0.47784541875000003 0.37571096875 0.4782000015625 0.3807868390625 0.32661263749999997 0.3701972515625 0.3262580578125 0.3651211875 0.47784541875000003
7 0.4321869328125 0.33594044843750004 0.4190211171875 0.334732959375 0.40558281249999995 0.48125 0.4187486265625 0.482457478125 0.4321869328125 0.33594044843750004
2 0.466154228125 0.56159245 0.4985237359375 0.5594301578125 0.49254204531249995 0.4698948921875 0.4601729921875 0.47205716718749996 0.466154228125 0.56159245
7 0.4781660921875 0.4413697046875 0.4835828125 0.44160625 0.48897656562499997 0.3180984375 0.48355992499999995 0.31786189375 0.4781660921875 0.4413697046875
7 0.516612890625 0.36188164375 0.512561396875 0.361898359375 0.5129812484375 0.4636609375 0.5170327421875001 0.4636442234375 0.516612890625 0.36188164375
2 0.49415835937499997 0.5533764437500001 0.5306676921875 0.550894290625 0.525702765625 0.477875471875 0.489193853125 0.4803576109375 0.49415835937499997 0.5533764437500001
7 0.5777550484375 0.4726666171875 0.582609228125 0.4726034515625 0.5812484375 0.3680375 0.5763943234375 0.368100665625 0.5777550484375 0.4726666171875
7 0.598171921875 0.351042865625 0.5934830828125001 0.350961925 0.5920687499999999 0.43289062500000003 0.5967575875 0.43297156406250004 0.598171921875 0.351042865625
7 0.59577908125 0.4477995359375 0.598509375 0.44803906250000003 0.6043108859374999 0.3819129796875 0.601580615625 0.381673453125 0.59577908125 0.4477995359375
1 0.6565473421875 0.4726045484375 0.6613671937500001 0.4712359359375 0.656839040625 0.455290184375 0.6520192 0.45665879531250003 0.6565473421875 0.4726045484375
1 0.6101050609375 0.6423366578125 0.632412296875 0.6433055249999999 0.63520023125 0.579120203125 0.612893265625 0.5781513406250001 0.6101050609375 0.6423366578125
7 0.6151108640625 0.7526530874999999 0.6199084484374999 0.7516171671875 0.6054640625000001 0.6847328125 0.600666546875 0.6857687265625 0.6151108640625 0.7526530874999999
7 0.5769628 0.753652428125 0.5887189796875 0.7528999859375001 0.58167799375 0.6429108984374999 0.5699220859375 0.6436633328125 0.5769628 0.753652428125
1 0.5511063546875 0.6448961343749999 0.6053632640625 0.6440519828125 0.60424591875 0.5722674624999999 0.54998973125 0.5731116093749999 0.5511063546875 0.6448961343749999
1 0.5063259125 0.6535559156249999 0.5192080515625 0.6519634828124999 0.5132852265625 0.6040566640625 0.50040320625 0.6056490906249999 0.5063259125 0.6535559156249999
2 0.28007855937500004 0.5719490921875 0.24217900781249999 0.5683100875 0.236696221875 0.625406196875 0.27459577031250004 0.6290451828125 0.28007855937500004 0.5719490921875
7 0.25361823125 0.6614455343750001 0.246351959375 0.6601369265625 0.2258890625 0.7737437500000001 0.23315533125000001 0.7750523406250001 0.25361823125 0.6614455343750001
7 0.22245508281249998 0.6272291437499999 0.208059209375 0.6250452875 0.1893350453125 0.74845705625 0.2037309109375 0.750640884375 0.22245508281249998 0.6272291437499999
7 0.22359748437500002 0.63210603125 0.2128591046875 0.6300858859375 0.190571875 0.748540625 0.2013102484375 0.75056074375 0.22359748437500002 0.63210603125
7 0.204817428125 0.6289962640625 0.1939999234375 0.625045284375 0.15560238906249999 0.73016080625 0.1664198703125 0.7341117406250001 0.204817428125 0.6289962640625
2 0.17714510781249998 0.6109212671875001 0.23238151875000002 0.6271032109375 0.2499885890625 0.5670076500000001 0.1947527640625 0.5508257984375 0.17714510781249998 0.6109212671875001
1 0.1230610078125 0.5743287671874999 0.1338312984375 0.5770874546875 0.1413971421875 0.54755215 0.13062690625 0.54479346875 0.1230610078125 0.5743287671874999
1 0.1120275421875 0.5811507140625001 0.12068143906249999 0.5827987140625 0.1283009234375 0.5427914078125 0.119647084375 0.541143415625 0.1120275421875 0.5811507140625001
1 0.1014519609375 0.5256812390625 0.0700512265625 0.5235448921875 0.067381721875 0.5627786890625 0.09878245625 0.5649150296875 0.1014519609375 0.5256812390625
