1 0.2756875 0.5631671875 0.2766828125 0.5551203124999999 0.28414843749999996 0.5541140625 0.2901203125 0.5500906249999999 0.2896234375 0.537015625 0.2826546875 0.5239390625 0.2746921875 0.519915625 0.2672265625 0.518909375 0.2672265625 0.5329921875 0.26623125000000003 0.5450625 0.26573437499999997 0.5631671875 0.268221875 0.57423125 0.2746921875 0.5732265625 0.2756875 0.5631671875
1 0.32694999999999996 0.54204375 0.32844375000000003 0.5329921875 0.3224703125 0.5279625 0.3189875 0.5390265624999999 0.3130140625 0.5541140625 0.3199828125 0.553109375 0.324959375 0.552103125 0.32694999999999996 0.54204375
1 0.35780781250000004 0.56115625 0.35979843749999996 0.566184375 0.36477499999999996 0.5571328125 0.364278125 0.54405625 0.361290625 0.5329921875 0.357309375 0.5390265624999999 0.354821875 0.5480796875 0.35780781250000004 0.56115625
1 0.377715625 0.5410390625 0.3752265625 0.52896875 0.3692546875 0.5249453125 0.3677609375 0.5380203125 0.36626875000000003 0.551096875 0.37124531250000004 0.5500906249999999 0.375725 0.5470734375 0.377715625 0.5410390625
1 0.5170703125 0.599378125 0.5130890625 0.58931875 0.5110984375000001 0.6174828125 0.51756875 0.615471875 0.5170703125 0.599378125
2 0.35323906250000003 0.6807171875 0.3540625 0.69734375 0.361465625 0.69568125 0.37010312500000003 0.69568125 0.378740625 0.69069375 0.3836765625 0.6898625 0.39313750000000003 0.6798859375 0.39930781249999997 0.6724046875 0.3960171875 0.6466359374999999 0.38655625 0.6399843749999999 0.3750390625 0.638321875 0.36269999999999997 0.6441421875 0.3577640625 0.6607671875000001 0.35323906250000003 0.6807171875
1 0.2541109375 0.6591046875 0.2479421875 0.6491296875 0.243828125 0.68736875 0.250409375 0.6832109375 0.252878125 0.6732359375 0.2541109375 0.6591046875
5 0.28515625 0.7265625 0.3294270828125 0.7291666671875 0.3567708328125 0.65234375 0.3125 0.6510416671875 0.28515625 0.7265625
5 0.6614583328125 0.7708333328125 0.69921875 0.7356770828125 0.6861979171875 0.68359375 0.6614583328125 0.69140625 0.6614583328125 0.7708333328125
5 0.6692708328125 0.5260416671875 0.6015625 0.5182291671875 0.5989583328125 0.58203125 0.6575520828125 0.5833333328125 0.6692708328125 0.5260416671875
0 0.5247395828125 0.5481770828125 0.5989583328125 0.5481770828125 0.6588541671875 0.54296875 0.7356770828125 0.5416666671875 0.7434895828125 0.5260416671875 0.6861979171875 0.53515625 0.625 0.52734375 0.5559895828125 0.5260416671875 0.4869791671875 0.5182291671875 0.4114583328125 0.5143229171875 0.2669270828125 0.4947916671875 0.2734375 0.5169270828125 0.3307291671875 0.5182291671875 0.4049479171875 0.5286458328125 0.5078125 0.5494791671875 0.5247395828125 0.5481770828125
0 0.4557291671875 0.72265625 0.3619791671875 0.7018229171875 0.27734375 0.671875 0.23307291718749998 0.6588541671875 0.24479166718749998 0.6875 0.3190104171875 0.7330729171875 0.4557291671875 0.72265625
0 0.4557291671875 0.72265625 0.5143229171875 0.73828125 0.6263020828125 0.73828125 0.6888020828125 0.76171875 0.7486979171875 0.7265625 0.7526041671875 0.7135416671875 0.6380208328125 0.7213541671875 0.55078125 0.72265625 0.4557291671875 0.72265625
