1 0.290958190625 0.51956061875 0.266949215625 0.5189017640625 0.2654328265625 0.5741547125 0.289441803125 0.574813565625 0.290958190625 0.51956061875
1 0.3323913984375 0.5315495796875 0.3224702921875 0.5279624921875 0.3130140625 0.5541140625 0.322935165625 0.557701140625 0.3323913984375 0.5315495796875
1 0.3555159734375 0.5663470828125 0.365111284375 0.56598251875 0.3638540109375 0.5328947937499999 0.3542587546875 0.53325935625 0.3555159734375 0.5663470828125
1 0.3794197515625 0.5261051609375 0.3692529625 0.524945115625 0.36626875000000003 0.551096875 0.3764355390625 0.5522569171875 0.3794197515625 0.5261051609375
7 0.49019530937500005 0.5500906249999999 0.50213909375 0.5500906249999999 0.5021390375 0.43441875 0.49019546406250003 0.43441875 0.49019530937500005 0.5500906249999999
7 0.545793540625 0.44482829687500003 0.5359232828125 0.443923934375 0.5245359374999999 0.568196875 0.53440619375 0.569101228125 0.545793540625 0.44482829687500003
1 0.5193857859375 0.58976375 0.5130890578125 0.58931875 0.5110984375000001 0.6174828125 0.517395165625 0.6179278109374999 0.5193857859375 0.58976375
6 0.5479780890625 0.411198734375 0.5296378796875 0.4115111140625 0.5305078109375 0.4625828125 0.5488480203125 0.46227043281249997 0.5479780890625 0.411198734375
7 0.744806478125 0.437055503125 0.7394686421875 0.436321859375 0.725071875 0.5410625 0.730409709375 0.5417961375 0.744806478125 0.437055503125
7 0.718490575 0.5585203125 0.727128225 0.5585203125 0.7271281218750001 0.4155390625 0.71849065 0.4155390625 0.718490575 0.5585203125
7 0.3556775578125 0.77534441875 0.3524171171875 0.774653109375 0.34131093749999997 0.8270234375 0.3445713765625 0.8277147421875 0.3556775578125 0.77534441875
1 0.25538550781249997 0.6499303890625 0.24794217187499998 0.6491296859375 0.243828125 0.68736875 0.2512714609375 0.68816945 0.25538550781249997 0.6499303890625
7 0.2774333296875 0.6938431796875 0.25883286562499996 0.689647615625 0.2355580625 0.7928165859375 0.254158509375 0.7970121 0.2774333296875 0.6938431796875
5 0.3094360953125 0.6701486812499999 0.315345396875 0.6860563187500001 0.350901140625 0.67284994375 0.3449918109375 0.65694236875 0.3094360953125 0.6701486812499999
5 0.6625732078125 0.6962670171875 0.6620206609375 0.7139438515625 0.686007825 0.71469348125 0.6865603250000001 0.6970166921875001 0.6625732078125 0.6962670171875
5 0.6055048203125 0.55255628125 0.6058114796875 0.571880475 0.6659024625 0.5709268062499999 0.6655957046875 0.5516027140624999 0.6055048203125 0.55255628125
6 0.335524659375 0.8146863953124999 0.3326280046875 0.8436453984375 0.34966280156249996 0.8453489203125001 0.35255938750000004 0.8163899812500001 0.335524659375 0.8146863953124999
6 0.2429096859375 0.7922843921875 0.2288302609375 0.7936920546875 0.23142285 0.8196179875 0.2455022734375 0.818210328125 0.2429096859375 0.7922843921875
