2 0.1805301953125 0.4545507140625 0.1301819578125 0.45797426874999997 0.1380320921875 0.5734127171875001 0.18838032656249998 0.56998919375 0.1805301953125 0.4545507140625
2 0.24070959687500001 0.49558656875 0.186759859375 0.49206285781250003 0.1809820609375 0.58051628125 0.2349317953125 0.5840399671875 0.24070959687500001 0.49558656875
2 0.263797553125 0.5089162734375 0.23664249062499998 0.5062775984375001 0.229629296875 0.5784453265625 0.25678435624999996 0.5810839859375 0.263797553125 0.5089162734375
2 0.28982226093749996 0.4962322171875 0.2573225796875 0.4969393703125 0.2592805421875 0.5869165890625 0.2917802234375 0.586209440625 0.28982226093749996 0.4962322171875
2 0.3246953125 0.5 0.2909 0.5 0.2909 0.5817125 0.3246953125 0.5817125 0.3246953125 0.5
2 0.35315479375000003 0.5866156515625 0.353154646875 0.5179765062499999 0.3246953203125 0.5179766140625001 0.324695303125 0.5866155953125001 0.35315479375000003 0.5866156515625
2 0.38905352031249996 0.50728756875 0.3502833171875 0.5095074859375 0.354439771875 0.582092403125 0.393209975 0.5798724984375 0.38905352031249996 0.50728756875
2 0.42614204375 0.5034081375 0.3919151171875 0.5027432015625 0.39035382812499997 0.583101984375 0.42458075468749995 0.5837669171875 0.42614204375 0.5034081375
2 0.460304846875 0.4975859546875 0.43070707500000005 0.49585992812499996 0.42608125 0.5751765625 0.45567902031249996 0.5769025765625 0.460304846875 0.4975859546875
2 0.45183012187499993 0.586291684375 0.487931996875 0.5874818640624999 0.49053552656250005 0.5085082328125 0.45443412656250004 0.5073180609375 0.45183012187499993 0.586291684375
2 0.5141281249999999 0.5032687499999999 0.4883375 0.5032687499999999 0.4883375 0.5817125 0.5141281249999999 0.5817125 0.5141281249999999 0.5032687499999999
2 0.513582009375 0.5861298578125 0.544522496875 0.5837246765625 0.5382239249999999 0.5027092546875 0.5072838515625 0.5051144187500001 0.513582009375 0.5861298578125
2 0.5421129609374999 0.597645171875 0.5971123828125 0.5935631906250001 0.58996124375 0.4972258734375 0.5349627046875 0.501307821875 0.5421129609374999 0.597645171875
2 0.5965776984375 0.5910886875 0.649962975 0.5873416484375 0.6444170031249999 0.5083394203125 0.5910324328125001 0.512086434375 0.5965776984375 0.5910886875
1 0.4990757796875 0.658026165625 0.5081938046875 0.65700468125 0.5038296875 0.6180546875 0.49471173124999995 0.6190761671875 0.4990757796875 0.658026165625
1 0.48725537812499997 0.618989059375 0.4740053046875 0.6223819453125 0.48390665781250003 0.6610444484375 0.49715672499999997 0.6576515765625001 0.48725537812499997 0.618989059375
5 0.6603246734375 0.60189473125 0.539987403125 0.63096571875 0.556742509375 0.7003133078125 0.67707970625 0.671242528125 0.6603246734375 0.60189473125
5 0.1292845640625 0.6198899734375 0.12629804218750001 0.6813975109375 0.2900735875 0.689346825 0.29305905625 0.6278402953125 0.1292845640625 0.6198899734375
6 0.3766140765625 0.736796603125 0.318326921875 0.7295968234375 0.3038338984375 0.8469063046875001 0.3621210359375 0.8541059828125 0.3766140765625 0.736796603125
6 0.23314213593750002 0.3557641109375 0.1824502375 0.35441890468750004 0.18023234531250001 0.437992771875 0.23092424218750002 0.43933797031250005 0.23314213593750002 0.3557641109375
6 0.6224651078125001 0.3675619484375 0.594511828125 0.3841869703125 0.62059086875 0.4280340984375 0.6485441093750001 0.41140912656250006 0.6224651078125001 0.3675619484375
