2 0.13348437500000002 0.5065375000000001 0.137040625 0.5588328125 0.14771406250000002 0.5702734375 0.16016406249999998 0.5719078125 0.17439375 0.5686390625 0.1832875 0.54739375 0.1841765625 0.508171875 0.17706249999999998 0.47712031250000003 0.16105468750000002 0.455875 0.139709375 0.4705828125 0.13348437500000002 0.5065375000000001
2 0.20818906250000002 0.49346249999999997 0.1886234375 0.49509687500000005 0.1850671875 0.5179765625 0.1823984375 0.5588328125 0.18595625 0.5735421875 0.19929687499999998 0.5817125 0.2170828125 0.580078125 0.2286453125 0.5751765625 0.2375390625 0.544125 0.2348703125 0.5179765625 0.2241984375 0.5 0.20818906250000002 0.49346249999999997
2 0.25799375 0.5555656250000001 0.259771875 0.5294171875 0.25176875 0.5114390625 0.23931718750000003 0.5065375000000001 0.2348703125 0.5245140625 0.2304234375 0.5702734375 0.24643281250000001 0.580078125 0.25799375 0.5686390625 0.25799375 0.5555656250000001
2 0.28912187500000003 0.5212453125 0.2811171875 0.5065375000000001 0.2668875 0.49673125 0.25799375 0.501634375 0.25799375 0.5277828125 0.2588828125 0.5686390625 0.2668875 0.580078125 0.2731125 0.5866156250000001 0.280228125 0.58498125 0.28912187500000003 0.5784453125 0.2909 0.5670046875 0.2909 0.545759375 0.28912187500000003 0.5212453125
2 0.301571875 0.5817125 0.32113749999999996 0.5751765625 0.3246953125 0.5506624999999999 0.32113749999999996 0.5179765625 0.313134375 0.5 0.301571875 0.501634375 0.2944578125 0.5163421875 0.2909 0.53431875 0.2909 0.5719078125 0.301571875 0.5817125
2 0.3264734375 0.5751765625 0.3291421875 0.5833468749999999 0.3398140625 0.5866156250000001 0.3531546875 0.5768109375 0.3531546875 0.5375875 0.3487078125 0.5179765625 0.3380359375 0.5179765625 0.3264734375 0.5310515625 0.3246953125 0.5506624999999999 0.3264734375 0.5751765625
2 0.38961875 0.580078125 0.39228593749999996 0.5637359375 0.38872968750000003 0.5294171875 0.38339218750000004 0.508171875 0.373609375 0.508171875 0.3629375 0.50980625 0.35493281250000003 0.5277828125 0.35226562499999997 0.544125 0.35404375 0.5751765625 0.38961875 0.580078125
2 0.3985125 0.5114390625 0.391396875 0.5294171875 0.391396875 0.5506624999999999 0.3905078125 0.5751765625 0.402959375 0.5833468749999999 0.41274218749999997 0.5833468749999999 0.42430312499999995 0.5784453125 0.4251921875 0.552296875 0.4251921875 0.5179765625 0.4189671875 0.5032687499999999 0.40651562500000005 0.5032687499999999 0.3985125 0.5114390625
2 0.4536515625 0.5163421875 0.44564843749999994 0.49673125 0.4340859375 0.50980625 0.42874999999999996 0.5294171875 0.42786093750000004 0.552296875 0.42608125 0.5751765625 0.45276249999999996 0.5735421875 0.457209375 0.5506624999999999 0.4536515625 0.5163421875
2 0.4589875 0.5179765625 0.4536515625 0.5310515625 0.4536515625 0.55393125 0.45276249999999996 0.5768109375 0.46165625 0.5866156250000001 0.47232812500000004 0.5866156250000001 0.4883375 0.5751765625 0.4883375 0.549028125 0.49011562499999994 0.5212453125 0.48033281250000004 0.508171875 0.46788125 0.5114390625 0.4589875 0.5179765625
2 0.4883375 0.53431875 0.4883375 0.5621015625 0.49367343750000003 0.5751765625 0.5034562499999999 0.5817125 0.511459375 0.5735421875 0.5141281249999999 0.545759375 0.511459375 0.5147078125 0.5061234375 0.5032687499999999 0.499009375 0.5065375000000001 0.49189375 0.5130734375 0.4883375 0.53431875
2 0.523021875 0.504903125 0.5141281249999999 0.5130734375 0.5096812500000001 0.535953125 0.5132390625000001 0.5686390625 0.5283578125 0.58498125 0.540809375 0.5833468749999999 0.5434765625 0.5702734375 0.540809375 0.5506624999999999 0.53991875 0.5310515625 0.5390296875 0.5130734375 0.5310265625 0.5032687499999999 0.523021875 0.504903125
2 0.5541484375 0.5065375000000001 0.5416984375 0.5228796874999999 0.538140625 0.544125 0.5434765625 0.5735421875 0.5585953124999999 0.596421875 0.56926875 0.58825 0.5790515625 0.589884375 0.59328125 0.5817125 0.5941703125 0.55393125 0.5915015625 0.5179765625 0.5746046875 0.49836562500000003 0.5541484375 0.5065375000000001
2 0.59328125 0.544125 0.5959484374999999 0.5670046875 0.6137359375 0.589884375 0.6261875 0.58498125 0.6404171875 0.5784453125 0.6484203125 0.5653703125 0.6448640625000001 0.5147078125 0.62351875 0.50980625 0.602175 0.5179765625 0.59328125 0.5326859374999999 0.59328125 0.544125
1 0.499778125 0.65013125 0.50819375 0.6570046875 0.5060125 0.6466937500000001 0.5044531250000001 0.6335203125 0.5038296875 0.6180546875 0.4991546875 0.6226375 0.497284375 0.6318015625 0.496971875 0.6392484375 0.499778125 0.65013125
1 0.47702343750000004 0.632946875 0.47920468749999995 0.642684375 0.48169843749999997 0.652421875 0.4907375 0.6592953125000001 0.4929203125 0.6535671875 0.49229687499999997 0.638675 0.4879328125 0.6255015625 0.4841921875 0.6197734374999999 0.47733437500000003 0.62721875 0.47702343750000004 0.632946875
5 0.6165820078124999 0.6909062296874999 0.6165820078124999 0.644058078125 0.5218749640625 0.6546875015625 0.5228475703125001 0.7002759562499999 0.6165820078124999 0.6909062296874999
5 0.2885114796875 0.7033990578125 0.28382470937500004 0.637811753125 0.1683593390625 0.6292968765625 0.16821888125 0.7018374171875 0.2885114796875 0.7033990578125
