2 0.1805301953125 0.4545507140625 0.1301819578125 0.45797426874999997 0.1380320921875 0.5734127171875001 0.18838032656249998 0.56998919375 0.1805301953125 0.4545507140625
2 0.24070959687500001 0.49558656875 0.186759859375 0.49206285781250003 0.1809820609375 0.58051628125 0.2349317953125 0.5840399671875 0.24070959687500001 0.49558656875
2 0.263797553125 0.5089162734375 0.23664249062499998 0.5062775984375001 0.229629296875 0.5784453265625 0.25678435624999996 0.5810839859375 0.263797553125 0.5089162734375
2 0.28982226093749996 0.4962322171875 0.2573225796875 0.4969393703125 0.2592805421875 0.5869165890625 0.2917802234375 0.586209440625 0.28982226093749996 0.4962322171875
2 0.3246953125 0.5 0.2909 0.5 0.2909 0.5817125 0.3246953125 0.5817125 0.3246953125 0.5
2 0.35315479375000003 0.5866156515625 0.353154646875 0.5179765062499999 0.3246953203125 0.5179766140625001 0.324695303125 0.5866155953125001 0.35315479375000003 0.5866156515625
2 0.38905352031249996 0.50728756875 0.3502833171875 0.5095074859375 0.354439771875 0.582092403125 0.393209975 0.5798724984375 0.38905352031249996 0.50728756875
2 0.42614204375 0.5034081375 0.3919151171875 0.5027432015625 0.39035382812499997 0.583101984375 0.42458075468749995 0.5837669171875 0.42614204375 0.5034081375
2 0.460304846875 0.4975859546875 0.43070707500000005 0.49585992812499996 0.42608125 0.5751765625 0.45567902031249996 0.5769025765625 0.460304846875 0.4975859546875
2 0.45183012187499993 0.586291684375 0.487931996875 0.5874818640624999 0.49053552656250005 0.5085082328125 0.45443412656250004 0.5073180609375 0.45183012187499993 0.586291684375
2 0.5141281249999999 0.5032687499999999 0.4883375 0.5032687499999999 0.4883375 0.5817125 0.5141281249999999 0.5817125 0.5141281249999999 0.5032687499999999
2 0.513582009375 0.5861298578125 0.544522496875 0.5837246765625 0.5382239249999999 0.5027092546875 0.5072838515625 0.5051144187500001 0.513582009375 0.5861298578125
2 0.5421129609374999 0.597645171875 0.5971123828125 0.5935631906250001 0.58996124375 0.4972258734375 0.5349627046875 0.501307821875 0.5421129609374999 0.597645171875
2 0.5965776984375 0.5910886875 0.649962975 0.5873416484375 0.6444170031249999 0.5083394203125 0.5910324328125001 0.512086434375 0.5965776984375 0.5910886875
1 0.4990757796875 0.658026165625 0.5081938046875 0.65700468125 0.5038296875 0.6180546875 0.49471173124999995 0.6190761671875 0.4990757796875 0.658026165625
1 0.48725537812499997 0.618989059375 0.4740053046875 0.6223819453125 0.48390665781250003 0.6610444484375 0.49715672499999997 0.6576515765625001 0.48725537812499997 0.618989059375
5 0.6582029015625 0.6634362421875 0.650301321875 0.598086146875 0.5045681921875 0.6157041765625 0.512468746875 0.6810533421875 0.6582029015625 0.6634362421875
5 0.30758138437500004 0.6844153078125 0.31606759375000004 0.608031890625 0.12998383593750001 0.5873596 0.12149641874999999 0.6637416171875 0.30758138437500004 0.6844153078125
