1 0.2875671875 0.5485 0.29019375 0.5401296875 0.2939453125 0.5294765625 0.2946953125 0.516540625 0.29169375 0.5058874999999999 0.287190625 0.4998 0.2819375 0.5036046875 0.275559375 0.5066484375 0.275934375 0.522628125 0.275184375 0.5363249999999999 0.275934375 0.5507828124999999 0.2804375 0.5545875 0.28381406249999996 0.5538265625000001 0.2875671875 0.5485
1 0.33221875 0.53328125 0.33334375 0.522628125 0.329215625 0.513496875 0.3254640625 0.52719375 0.32358750000000003 0.5363249999999999 0.327340625 0.5340421875 0.3303421875 0.5355640625 0.33221875 0.53328125
1 0.3723671875 0.52719375 0.37086562500000003 0.5203453125 0.368990625 0.511975 0.3678640625 0.5081703125 0.3656125 0.5142578125 0.3633609375 0.528715625 0.36636406250000003 0.5401296875 0.3716171875 0.5393687500000001 0.3731171875 0.5370859375 0.3723671875 0.52719375
1 0.3787453125 0.531759375 0.38287343749999997 0.5279546875000001 0.3855 0.52415 0.386625 0.5188234375 0.38475000000000004 0.510453125 0.380621875 0.5081703125 0.3779953125 0.516540625 0.37611875 0.5325203125 0.3787453125 0.531759375
1 0.5198296874999999 0.60024375 0.52395625 0.5979609375 0.5265828124999999 0.5949171875 0.5265828124999999 0.585025 0.5254578125 0.5789375 0.5213296875 0.5766546875 0.518328125 0.585025 0.5190796875 0.5964390625 0.5198296874999999 0.60024375
1 0.7034609374999999 0.5699046875 0.7052546875 0.5802984375 0.7098671875 0.5782203124999999 0.7101234375 0.569384375 0.7096109375 0.5589890625 0.7070484375 0.5553515625000001 0.7042296875 0.5584703125 0.7034609374999999 0.5699046875
2 0.4036203125 0.6385546875 0.40174374999999996 0.62561875 0.39423906249999996 0.621053125 0.3833578125 0.6218140625 0.37210156250000004 0.6233359375 0.36572343749999997 0.6400765625 0.363096875 0.6636656249999999 0.363846875 0.6766015624999999 0.3679734375 0.6766015624999999 0.37885625 0.6720359375 0.3901125 0.66823125 0.3983671875 0.6613828125000001 0.406246875 0.64996875 0.4036203125 0.6385546875
1 0.2557140625 0.6434656249999999 0.25434999999999997 0.655225 0.25230312499999996 0.6711359375 0.254009375 0.6732109375 0.25742031249999997 0.67044375 0.26321875 0.6642187500000001 0.2645828125 0.656609375 0.26287812499999996 0.641390625 0.2581015625 0.6317062499999999 0.2557140625 0.6434656249999999
5 0.6556380234375 0.5503617765625 0.6603246734375 0.503513625 0.6214843390625 0.4984375015625 0.6212686578125 0.5472385531249999 0.6556380234375 0.5503617765625
7 0.5415944109375 0.41294048437499997 0.5218749640625 0.5804687515625 0.5181608015625 0.615949140625 0.547843396875 0.6143876781250001 0.5556546 0.5456769125 0.5525300468750001 0.43011817656250007 0.5415944109375 0.41294048437499997
7 0.3636718390625 0.6820312515625 0.33850313125 0.8158345734375001 0.3556877546875 0.8189578546874999 0.39943053906250003 0.6674821546875 0.39943053906250003 0.628442028125 0.37755914687500003 0.628442028125 0.3636718390625 0.6820312515625
5 0.33850313125 0.739316021875 0.3556877546875 0.6909062296874999 0.3128905890625 0.6800781265625 0.30257155 0.7330695781250001 0.33850313125 0.739316021875
7 0.7150030953125001 0.4066941 0.7113280890625 0.5785156265625 0.7446858093750001 0.5769090140625 0.749372340625 0.533184084375 0.7478102437499999 0.45198061093749997 0.733749934375 0.386393246875 0.7150030953125001 0.4066941
