1 0.33052759374999996 0.5500613859375 0.33776238125 0.5484338921874999 0.33151875 0.52068125 0.32428399375 0.522308740625 0.33052759374999996 0.5500613859375
1 0.3397280734375 0.5833578125 0.36230473750000003 0.5833578125 0.362304653125 0.5320078125000001 0.3397281859375 0.5320078125000001 0.3397280734375 0.5833578125
1 0.3749652375 0.5519596828125 0.36447295625 0.5498201875000001 0.35852668125 0.5789784625000001 0.3690189609375 0.5811179531249999 0.3749652375 0.5519596828125
1 0.41151324687499996 0.5931268609375 0.4191569734375 0.593905784375 0.4224911921875 0.561189615625 0.4148475109375 0.56041069375 0.41151324687499996 0.5931268609375
1 0.581153815625 0.5815931234375 0.5999690859375 0.578866925 0.590963778125 0.5167220265625 0.572148703125 0.5194482125000001 0.581153815625 0.5815931234375
1 0.6383942390625 0.5443640453125 0.645459440625 0.5439065546874999 0.643961553125 0.5207763171875001 0.636896378125 0.5212338062499999 0.6383942390625 0.5443640453125
1 0.649149065625 0.518376384375 0.643266684375 0.5192895796875 0.6472467390625 0.544925053125 0.65312911875 0.5440118593750001 0.649149065625 0.518376384375
1 0.644050846875 0.6061614843750001 0.6377417999999999 0.60734790625 0.64237660625 0.6319916171875 0.648685653125 0.6308051984375 0.644050846875 0.6061614843750001
1 0.629243975 0.6431609890625001 0.6381845171875 0.6433226515625 0.6388231859375 0.6080048031249999 0.629882703125 0.607843140625 0.629243975 0.6431609890625001
1 0.3041935421875 0.6510811359375 0.3169637390625 0.6536629421875 0.3235768265625 0.6209570046875 0.310806709375 0.6183752078125 0.3041935421875 0.6510811359375
7 0.3193976640625 0.7098719796874999 0.3150795875 0.7081812109375 0.2954680234375 0.758259346875 0.2997860953125 0.75995010625 0.3193976640625 0.7098719796874999
6 0.278872153125 0.77806234375 0.31481477343750003 0.7859263203125 0.3318370625 0.708137225 0.2958950703125 0.7002733203125 0.278872153125 0.77806234375
7 0.343411740625 0.68044526875 0.3381695078125 0.67968748125 0.32477678593750003 0.7723214281249999 0.33001901718750004 0.7730792078125 0.343411740625 0.68044526875
7 0.354660640625 0.67771405 0.34709806875 0.676339259375 0.33147321406249997 0.7622767859375 0.33903578125 0.7636515625 0.354660640625 0.67771405
