1 0.3364453125 0.5425796875 0.33151875 0.52068125 0.3282359375 0.5274765625 0.327825 0.5380484375 0.33357187499999996 0.5493765625 0.3364453125 0.5425796875
1 0.35819999999999996 0.5803359375 0.3623046875 0.569009375 0.3623046875 0.5531515625 0.3614828125 0.535784375 0.35450624999999997 0.5320078125000001 0.3479375 0.5433343749999999 0.3409609375 0.541825 0.339728125 0.5599484375 0.34424375 0.5765609375 0.3504015625 0.5833578125 0.35819999999999996 0.5803359375
1 0.37010312500000003 0.556171875 0.3659984375 0.55013125 0.362715625 0.5584374999999999 0.3602515625 0.5705203125 0.3614828125 0.57958125 0.3655875 0.578071875 0.371334375 0.5697640625 0.37010312500000003 0.556171875
1 0.419359375 0.5682546875 0.4177171875 0.5607031250000001 0.4132015625 0.5765609375 0.4119703125 0.5931734375 0.41648593749999996 0.5916640625 0.4197703125 0.5878875 0.4210015625 0.5758062500000001 0.419359375 0.5682546875
1 0.5913453125 0.5297421875 0.589703125 0.5169046875000001 0.587240625 0.52445625 0.581903125 0.526721875 0.5794406249999999 0.5388046875 0.5777984375 0.5471109375000001 0.5777984375 0.5584374999999999 0.5798515625 0.564478125 0.5868296875000001 0.5637234375 0.588471875 0.571275 0.5913453125 0.577315625 0.5950390624999999 0.57958125 0.598321875 0.5675 0.5958593750000001 0.5546625 0.5950390624999999 0.5448453125 0.5913453125 0.5297421875
1 0.6442234375 0.53291875 0.6442234375 0.5248203124999999 0.6407484375 0.520984375 0.6386625 0.5260984375 0.6377359375 0.5341984375 0.640284375 0.540165625 0.6439921875 0.5440015625 0.6453828125000001 0.5427234375000001 0.6442234375 0.53291875
1 0.6477 0.5448546875 0.64839375 0.542296875 0.6497843750000001 0.535903125 0.6509437499999999 0.5299359375 0.6497843750000001 0.523115625 0.6460781250000001 0.5188531249999999 0.64445625 0.5269515625000001 0.6456140625 0.531640625 0.646309375 0.5388875 0.6477 0.5448546875
1 0.646540625 0.62626875 0.646309375 0.6181703125 0.643528125 0.6117765625 0.6391265625 0.6070875 0.6388953125 0.61348125 0.6409796875 0.6245640625 0.6439921875 0.6271203125 0.6456140625 0.6313828125 0.646540625 0.62626875
1 0.63796875 0.6433187499999999 0.63843125 0.6296781250000001 0.6386625 0.616890625 0.6377359375 0.6096453125 0.6351875 0.6079390625000001 0.6317125 0.6122015625 0.6296265625 0.62200625 0.63194375 0.6326625 0.6361140625 0.63905625 0.63796875 0.6433187499999999
1 0.3073359375 0.63905625 0.31034843749999996 0.646303125 0.3142875 0.653121875 0.3177625 0.6497124999999999 0.319615625 0.640334375 0.32146875 0.6313828125 0.322628125 0.623284375 0.318225 0.6198750000000001 0.3117375 0.6241375 0.3082625 0.6309578124999999 0.3073359375 0.63905625
7 0.3534875 0.67053125 0.3403109375 0.6653734375 0.3234890625 0.7809046875 0.331059375 0.752021875 0.3363859375 0.7288125 0.344796875 0.67465625 0.34535781249999997 0.6906453124999999 0.33975 0.7277812499999999 0.3276953125 0.7809046875 0.331059375 0.7700734375 0.3386296875 0.744284375 0.3433953125 0.73190625 0.3461984375 0.716434375 0.35040312500000004 0.6906453124999999 0.3534875 0.67053125
6 0.32096718750000003 0.71695 0.31592031249999997 0.73190625 0.3119953125 0.7458328125 0.305828125 0.7571796875000001 0.29629531249999996 0.7633687499999999 0.2926515625 0.755115625 0.29489375 0.740675 0.30610781249999997 0.7025078125 0.299659375 0.7159171875 0.2943328125 0.7272640625 0.28900625 0.740675 0.2853609375 0.7484109375 0.2848015625 0.7674937500000001 0.28900625 0.7762625 0.2965765625 0.7819359375 0.30526718750000004 0.773684375 0.311715625 0.7793578125 0.3170421875 0.7757468750000001 0.321528125 0.7546 0.32573281249999997 0.7360328125 0.323209375 0.7241703125 0.32096718750000003 0.71695
