1 0.282473371875 0.5868483 0.2703812484375 0.5863005296875 0.26865372656250003 0.6244316484375 0.28074585 0.6249794171875 0.282473371875 0.5868483
1 0.3929590671875 0.5927773390625 0.385740625 0.5929953125 0.386643746875 0.6229 0.393862190625 0.6226820281250001 0.3929590671875 0.5927773390625
6 0.61513509375 0.5208613171875001 0.6383763796874999 0.5231176015625 0.64269569375 0.47862846093750006 0.6194545640625 0.476372184375 0.61513509375 0.5208613171875001
7 0.6902361906250001 0.506693621875 0.6831108234375 0.5044140265625 0.66070925 0.5744288484375 0.6678346109375 0.5767084296875 0.6902361906250001 0.506693621875
7 0.649313046875 0.5689460515625 0.655840625 0.5695890625 0.6632312515625001 0.49456875 0.6567037515624999 0.49392574375000003 0.649313046875 0.5689460515625
1 0.6861339625 0.58526281875 0.6770695421874999 0.5856320296875 0.6782687484375 0.6150703125 0.6873331687500001 0.614701103125 0.6861339625 0.58526281875
8 0.753353175 0.53408464375 0.71452938125 0.53685919375 0.7193961625 0.604952678125 0.758219953125 0.6021781453124999 0.753353175 0.53408464375
8 0.7248671843750001 0.7370314078125 0.7681787296875 0.723846990625 0.7472087484375 0.6549708609375 0.7038978203124999 0.6681551765625 0.7248671843750001 0.7370314078125
1 0.6661463624999999 0.688855809375 0.6563623609375 0.6893882359375 0.65788891875 0.7174364125 0.66767291875 0.7169039875000001 0.6661463624999999 0.688855809375
1 0.6026532015625 0.7064879656249999 0.611239071875 0.7069703125 0.612705759375 0.6808665265625 0.6041199359375 0.68038418125 0.6026532015625 0.7064879656249999
7 0.38198906093749996 0.8319258328125001 0.3910680734375 0.8328059265625001 0.4019886453125 0.72017045625 0.3929098703125 0.7192903734375 0.38198906093749996 0.8319258328125001
1 0.3597945921875 0.7415908640625 0.38237968125 0.7446151249999999 0.3917011375 0.675012584375 0.3691163859375 0.671988346875 0.3597945921875 0.7415908640625
1 0.357616115625 0.6828565921874999 0.3386499953125 0.680725 0.3319118375 0.7406696234375 0.3508779546875 0.7428012015625 0.357616115625 0.6828565921874999
1 0.3382725765625 0.6818457015625 0.3209301328125 0.6804996984375 0.31774386718750003 0.72154673125 0.3350863109375 0.7228927296875 0.3382725765625 0.6818457015625
5 0.6685036109375 0.682077546875 0.612926115625 0.6796874984375 0.60970555625 0.7545659703125 0.66528305 0.756955996875 0.6685036109375 0.682077546875
8 0.4109313140625 0.682345278125 0.38984372968750003 0.6812499984375 0.38106055625 0.8503250640625 0.4021481390625 0.8514203203124999 0.4109313140625 0.682345278125
8 0.344498434375 0.5422161062499999 0.3254388625 0.534490034375 0.30078125 0.5953125 0.3198407984375 0.603038528125 0.344498434375 0.5422161062499999
8 0.324307015625 0.5693118421875 0.334358465625 0.588694915625 0.3562500046875 0.5773437593749999 0.34619855 0.5579607265625001 0.324307015625 0.5693118421875
8 0.6396397625 0.49470817499999997 0.6132368890625 0.4940942125 0.6109375 0.59296875 0.6373403734374999 0.5935827078125 0.6396397625 0.49470817499999997
8 0.2928008703125 0.6665008875 0.25108767187500003 0.6551262328125 0.22377373125000002 0.7552772437499999 0.26548688125000003 0.7666517703125 0.2928008703125 0.6665008875
