1 0.2715078125 0.6245609375 0.275571875 0.6237296875 0.277378125 0.6212375 0.27963593750000004 0.617084375 0.2814421875 0.609609375 0.2805390625 0.5996406249999999 0.27828125 0.5896734375 0.2715078125 0.5863515625 0.2697015625 0.601303125 0.2687984375 0.6212375 0.2715078125 0.6245609375
1 0.3907078125 0.5979796875 0.385740625 0.5929953125 0.38664375 0.601303125 0.38664375 0.6112703125000001 0.38664375 0.6229 0.38980468749999997 0.6187453125 0.3934171875 0.607946875 0.3907078125 0.5979796875
6 0.6186296875 0.5054093749999999 0.6223296875 0.5008703125 0.62788125 0.49689843749999996 0.6321984375 0.49349375 0.6349750000000001 0.4991671875 0.6359 0.5122171875 0.6371328125 0.522996875 0.6396 0.5105140625 0.6411421875000001 0.49462968749999997 0.6383671875 0.48214687500000003 0.6321984375 0.477609375 0.6254140625 0.477609375 0.6180125000000001 0.491225 0.6186296875 0.5054093749999999
1 0.6848953125 0.58975 0.67954375 0.5855312500000001 0.6775046875 0.5963140625000001 0.6780140625 0.6052234375000001 0.67826875 0.6150703125 0.683365625 0.61038125 0.6866796875000001 0.598659375 0.6848953125 0.58975
1 0.6665453125 0.6961859375 0.6606828124999999 0.689153125 0.6566046875 0.693840625 0.6573703125 0.7079078125 0.6606828124999999 0.717284375 0.6634859375 0.712128125 0.666034375 0.7036875 0.6665453125 0.6961859375
1 0.6099640625 0.6807125 0.6066515625 0.6858703125 0.6033375000000001 0.694309375 0.605121875 0.70228125 0.6089453125000001 0.7055625 0.6112390624999999 0.7069703125 0.612003125 0.693371875 0.6099640625 0.6807125
1 0.3647703125 0.7044390625 0.36545 0.7212890625 0.3701984375 0.7343953125 0.37596562499999997 0.74375625 0.3824109375 0.74438125 0.3847859375 0.7200421875 0.388178125 0.70131875 0.3874984375 0.6838453125 0.38308906249999997 0.6738593749999999 0.37596562499999997 0.6794765625 0.3701984375 0.6944546875000001 0.3647703125 0.7044390625
1 0.33865 0.680725 0.336615625 0.6988234375 0.3352578125 0.7200421875 0.3376328125 0.737515625 0.3427203125 0.7418843749999999 0.3488265625 0.7300265625 0.35086249999999997 0.7131765624999999 0.3556109375 0.7006953125 0.35493281250000003 0.6894625 0.3484875 0.6819734375000001 0.3450953125 0.682596875 0.33865 0.680725
1 0.330509375 0.7225374999999999 0.3339015625 0.7175453125 0.3369546875 0.6988234375 0.3369546875 0.686965625 0.331865625 0.6813484375 0.3267765625 0.68509375 0.31999218749999997 0.6925828125 0.3193140625 0.70131875 0.32270625000000003 0.716296875 0.330509375 0.7225374999999999
5 0.6276041671875 0.734375 0.6640625 0.73046875 0.6588541671875 0.6861979171875 0.625 0.6966145828125 0.6276041671875 0.734375
0 0.7299440109375 0.6907931171875 0.708063190625 0.6970485921875 0.6752420203125 0.7126873703125 0.6596128796875 0.714251284375 0.6252286984375 0.7298900625 0.606473778125 0.7267622953124999 0.6078124640625 0.7484375015625 0.6424208484375 0.7642953875 0.683056590625 0.7330178296875001 0.7283811203125 0.720506759375 0.753387721875 0.7048679812499999 0.7424472515625 0.6923569703125 0.7299440109375 0.6907931171875
0 0.372036671875 0.7126873703125 0.3392155 0.7173790515625 0.3079572203125 0.7173790515625 0.29232807968749996 0.7111235171875 0.27982471875 0.703304128125 0.2579438984375 0.6907931171875 0.2425780890625 0.6976562515625 0.27982471875 0.7267622953124999 0.311083 0.7424010734375 0.3751624515625 0.7517843171874999 0.4048578421875 0.7298900625 0.39548038281250003 0.7126873703125 0.372036671875 0.7126873703125
0 0.368910890625 0.5907049109375 0.36578499062500003 0.5688106562499999 0.34546718125 0.5609912671874999 0.2938909703125 0.5766300453125 0.2718749640625 0.5746093765625 0.2610697984375 0.5860132890624999 0.2860764 0.6000882125 0.312645890625 0.6032159218750001 0.32514925 0.5953965328125 0.368910890625 0.5907049109375
