1 0.282473371875 0.5868483 0.2703812484375 0.5863005296875 0.26865372656250003 0.6244316484375 0.28074585 0.6249794171875 0.282473371875 0.5868483
1 0.3929590671875 0.5927773390625 0.385740625 0.5929953125 0.386643746875 0.6229 0.393862190625 0.6226820281250001 0.3929590671875 0.5927773390625
1 0.6861339625 0.58526281875 0.6770695421874999 0.5856320296875 0.6782687484375 0.6150703125 0.6873331687500001 0.614701103125 0.6861339625 0.58526281875
1 0.6661463624999999 0.688855809375 0.6563623609375 0.6893882359375 0.65788891875 0.7174364125 0.66767291875 0.7169039875000001 0.6661463624999999 0.688855809375
1 0.6026532015625 0.7064879656249999 0.611239071875 0.7069703125 0.612705759375 0.6808665265625 0.6041199359375 0.68038418125 0.6026532015625 0.7064879656249999
1 0.3597945921875 0.7415908640625 0.38237968125 0.7446151249999999 0.3917011375 0.675012584375 0.3691163859375 0.671988346875 0.3597945921875 0.7415908640625
1 0.357616115625 0.6828565921874999 0.3386499953125 0.680725 0.3319118375 0.7406696234375 0.3508779546875 0.7428012015625 0.357616115625 0.6828565921874999
1 0.3382725765625 0.6818457015625 0.3209301328125 0.6804996984375 0.31774386718750003 0.72154673125 0.3350863109375 0.7228927296875 0.3382725765625 0.6818457015625
5 0.650498759375 0.7150431890625 0.6490523078125 0.697689384375 0.6094960234375 0.7009858890625 0.6109423953124999 0.71833961875 0.650498759375 0.7150431890625
8 0.298676909375 0.59681348125 0.31728818125 0.6033051406250001 0.3382847015625 0.5431149921875 0.319673615625 0.53662336875 0.298676909375 0.59681348125
8 0.3528847 0.5589546703125 0.3286958921875 0.5637919390625 0.33362369531249997 0.588431009375 0.3578125 0.58359375 0.3528847 0.5589546703125
8 0.22914200624999997 0.759727053125 0.272896021875 0.765692603125 0.28790878750000004 0.6555950593750001 0.2441558078125 0.6496295812499999 0.22914200624999997 0.759727053125
8 0.382619584375 0.85049785625 0.406864359375 0.8512798140625 0.41259988124999997 0.6734659187500001 0.38835610468750004 0.672683978125 0.382619584375 0.85049785625
8 0.7165784609375 0.7312944765625 0.7589075859375 0.7248818890625001 0.745645578125 0.6373550640625 0.7033172265625 0.6437675921875 0.7165784609375 0.7312944765625
8 0.75859375 0.5296875 0.72109375 0.5296875 0.72109375 0.60234375 0.75859375 0.60234375 0.75859375 0.5296875
8 0.61328125 0.5875 0.6359289296874999 0.587944034375 0.6377726015625 0.49390851874999997 0.6151252640625 0.4934644890625 0.61328125 0.5875
