1 0.2911150515625 0.486478096875 0.2999632578125 0.48679844375 0.30085975625 0.462037865625 0.29201157968749997 0.46171751875 0.2911150515625 0.486478096875
1 0.348702846875 0.4787427109375 0.3402703125 0.4791921875 0.341685934375 0.5057484375 0.3501184703125 0.5052989625000001 0.348702846875 0.4787427109375
1 0.60109884375 0.511437253125 0.62326971875 0.5122996921875 0.625179396875 0.4632088703125 0.6030086828125001 0.462346434375 0.60109884375 0.511437253125
1 0.6379662609375 0.45965361875 0.6231442953124999 0.4600899171875 0.6246138609375 0.5100107 0.6394358265625 0.5095744046874999 0.6379662609375 0.45965361875
1 0.6735203125 0.464090625 0.6678531249999999 0.464090625 0.6678531249999999 0.488565625 0.6735203125 0.488565625 0.6735203125 0.464090625
1 0.7126470921875 0.45167437968749996 0.72855009375 0.46270460468749997 0.752726653125 0.4278496703125 0.736823715625 0.41681947656249996 0.7126470921875 0.45167437968749996
1 0.6619363546875 0.5839959203125 0.67055635625 0.58477751875 0.6724111953125 0.564323009375 0.6637912234375001 0.5635414125 0.6619363546875 0.5839959203125
1 0.652300203125 0.5848412765625 0.662066871875 0.5863907453125 0.6656577312499999 0.5637588890624999 0.6558911015625 0.5622094234375 0.652300203125 0.5848412765625
1 0.36847874375 0.5846961625 0.358635415625 0.5850779562499999 0.3593593484375 0.6037402203125 0.3692026765625 0.6033584265624999 0.36847874375 0.5846961625
1 0.3273228125 0.6277236312500001 0.354512109375 0.6311222062499999 0.3628076734375 0.5647622734375 0.33561870781250003 0.5613637203125 0.3273228125 0.6277236312500001
1 0.316135203125 0.5725569078125 0.307181846875 0.5716972218749999 0.304837646875 0.5961088046875 0.3137910046875 0.5969684890625 0.316135203125 0.5725569078125
