7 0.45719737812499994 0.371732278125 0.4501089421875 0.37184565625 0.452279684375 0.507553125 0.45936812031249996 0.507439746875 0.45719737812499994 0.371732278125
1 0.5319859375 0.507553125 0.512840625 0.507553125 0.512840625 0.53915625 0.5319859375 0.53915625 0.5319859375 0.507553125
7 0.60418578125 0.35165977812500004 0.5981031203125 0.35157656249999997 0.5966401625 0.458505515625 0.6027228250000001 0.45858873125 0.60418578125 0.35165977812500004
7 0.5965799078125 0.3511767109375 0.5896643796875 0.3510407125 0.5876953125 0.4511640625 0.5946108406249999 0.451300059375 0.5965799078125 0.3511767109375
1 0.712553196875 0.5293462046874999 0.743042475 0.5537332796875 0.7794912625 0.5081677921875001 0.749002165625 0.483780828125 0.712553196875 0.5293462046874999
1 0.602868990625 0.6179467546875 0.62320470625 0.6164723109375 0.619492346875 0.565277609375 0.59915681875 0.5667520453125 0.602868990625 0.6179467546875
7 0.5047636468750001 0.7521247734375 0.50916640625 0.7517562812499999 0.49918822343749997 0.6325555406250001 0.49478557187499994 0.6329240296875 0.5047636468750001 0.7521247734375
1 0.3888439890625 0.578614353125 0.3542714109375 0.5729716890625001 0.34635156718750004 0.6214913515625 0.380924140625 0.627133990625 0.3888439890625 0.578614353125
2 0.290412696875 0.6028794453125 0.313958803125 0.571396884375 0.2595797296875 0.5307302953125 0.2360336953125 0.5622126734374999 0.290412696875 0.6028794453125
1 0.24942007031250002 0.5667235828125 0.24272268125 0.5758302328125 0.259100075 0.587873571875 0.2657974453125 0.5787669375 0.24942007031250002 0.5667235828125
1 0.192731628125 0.5590489468750001 0.20467749999999998 0.5594311265624999 0.206158690625 0.51313605625 0.1942129078125 0.5127538765625 0.192731628125 0.5590489468750001
5 0.31386573281249996 0.48135650625000004 0.3084286015625 0.4508278703125 0.23962983750000003 0.4630800125 0.2450667953125 0.49360849375000004 0.31386573281249996 0.48135650625000004
5 0.6921896984375 0.4909295578125 0.7046335874999999 0.4520445140625 0.6430097703125 0.43232505000000004 0.6305657890624999 0.4712099171875 0.6921896984375 0.4909295578125
6 0.3320629796875 0.807320978125 0.3621107328125 0.80026363125 0.350950475 0.7527567000000001 0.320903059375 0.75981400625 0.3320629796875 0.807320978125
6 0.6385171046875 0.7629005906249999 0.6400131124999999 0.7525661171875 0.6252926750000001 0.7504355687500001 0.6237966515625 0.760770025 0.6385171046875 0.7629005906249999
8 0.6776386750000001 0.599124028125 0.6514409375 0.6026303296875 0.666953959375 0.7185228125 0.6931516875 0.715016553125 0.6776386750000001 0.599124028125
8 0.6515625 0.6 0.6271611984375001 0.6044730031250001 0.6488801171875 0.7229395390625 0.6732814046875 0.7184665890625 0.6515625 0.6
