1 0.3559420203125 0.558816878125 0.3445625 0.56130625 0.35201404062499997 0.5953656296875 0.363393559375 0.592876265625 0.3559420203125 0.558816878125
1 0.40746724375000004 0.5797990421875 0.42358682031250006 0.5787912000000001 0.421215625 0.5408703125 0.40509615312499997 0.54187815 0.40746724375000004 0.5797990421875
1 0.3978978546875 0.5652428609375 0.38821249999999996 0.5658484374999999 0.39034218125 0.59990625 0.4000275359375 0.5993006750000001 0.3978978546875 0.5652428609375
1 0.37030060468750003 0.5988972421875001 0.3800678359375 0.6027120125 0.39136356562499997 0.5737937484375 0.3815963828125 0.5699789890625 0.37030060468750003 0.5988972421875001
1 0.49099657499999994 0.5727281046875 0.4960168234375 0.572300309375 0.49379062500000004 0.546178125 0.48877039843750003 0.54660591875 0.49099657499999994 0.5727281046875
1 0.504985340625 0.5389074546875 0.500246871875 0.5387640625000001 0.4992233671875 0.5725832937499999 0.503961834375 0.5727266859375 0.504985340625 0.5389074546875
1 0.608642390625 0.601642275 0.617146409375 0.60050279375 0.6139129234375 0.576373825 0.6054089421875 0.577513303125 0.608642390625 0.601642275
1 0.58892489375 0.59929325 0.6006094281250001 0.6003362734375 0.603553125 0.5673625 0.5918686609375 0.5663194796875 0.58892489375 0.59929325
1 0.6171753421874999 0.5746218578125 0.6095125 0.574778125 0.6100093734375001 0.599140625 0.6176722156250001 0.5989843578125 0.6171753421874999 0.5746218578125
1 0.64011221875 0.602248940625 0.644279696875 0.60231875 0.6447765624999999 0.572659375 0.6406091078125 0.572589565625 0.64011221875 0.602248940625
1 0.655581009375 0.5690898171875001 0.6507359328125 0.5684218750000001 0.647707584375 0.5903864828125001 0.6525526609375001 0.5910544234375 0.655581009375 0.5690898171875001
1 0.3903934875 0.6529415515625 0.3755212765625 0.6532448078125 0.37657812343749997 0.7050671875 0.391450334375 0.7047639328125 0.3903934875 0.6529415515625
1 0.376783475 0.6543355078124999 0.370214790625 0.6538953953125 0.3682250796875 0.683587809375 0.374793765625 0.6840279218750001 0.376783475 0.6543355078124999
