1 0.41732995781250004 0.4971017 0.40879061875 0.49568749843750004 0.4031945390625 0.529475509375 0.4117338765625 0.53088970625 0.41732995781250004 0.4971017
1 0.5526044531250001 0.4998931796875 0.538102528125 0.4968588890625 0.52889776875 0.5408480671875 0.543399690625 0.543882346875 0.5526044531250001 0.4998931796875
2 0.5460748171875001 0.5699549515625 0.5792777250000001 0.5707584625 0.5811800640625 0.4921490171875 0.547977584375 0.49134551249999997 0.5460748171875001 0.5699549515625
2 0.5803485796875 0.5720878421875 0.6025687750000001 0.5713328109375 0.5996467234375 0.48534991875 0.5774268375 0.48610494375 0.5803485796875 0.5720878421875
2 0.60567950625 0.5786726609375 0.6502639343750001 0.5737095421875 0.639089490625 0.4733401875 0.594505784375 0.478303265625 0.60567950625 0.5786726609375
1 0.59656588125 0.47051469843750005 0.6030703125 0.4956875 0.636374871875 0.48708241875 0.6298703999999999 0.46190967968749996 0.59656588125 0.47051469843750005
8 0.7210098687500001 0.6419287453125 0.7409539828125 0.6281837765625 0.7075451890625 0.57971288125 0.6876012296875 0.593457775 0.7210098687500001 0.6419287453125
2 0.6913196234375001 0.5704592546875 0.6411099359375 0.56499581875 0.6321309671875001 0.6475047140625 0.6823406484375 0.6529681078125 0.6913196234375001 0.5704592546875
2 0.631525159375 0.59399435625 0.58453395 0.6021303203125 0.601973803125 0.7028457875 0.648964990625 0.6947099078125001 0.631525159375 0.59399435625
2 0.573344003125 0.6983472140625 0.6021460484375 0.6934961734375 0.5862884625 0.5993592046875 0.5574869484375 0.6042102 0.573344003125 0.6983472140625
1 0.55828325 0.6012645546875001 0.5462399546875 0.602837496875 0.5550151421875 0.6700170062499999 0.567058434375 0.668444075 0.55828325 0.6012645546875001
2 0.4334461046875 0.592321846875 0.3929812109375 0.5902595515625 0.38816640156250004 0.6847211234375 0.42863129375 0.6867834 0.4334461046875 0.592321846875
5 0.376435915625 0.73018479375 0.4164983578125 0.6432231859375 0.2357421515625 0.5599609390625 0.1956793046875 0.646920784375 0.376435915625 0.73018479375
5 0.6069039125 0.46901347812500005 0.6474609375 0.5390625 0.7311473609375 0.49061252812499995 0.6905903296875 0.42056398437500003 0.6069039125 0.46901347812500005
5 0.26565072968750003 0.3784319859375 0.22550717812499999 0.4508431203125 0.347655878125 0.518555359375 0.3877986234375 0.44614491718749993 0.26565072968750003 0.3784319859375
6 0.6165946203125 0.6868357328125 0.572323940625 0.6858520984375 0.5690896000000001 0.8313965484375 0.6133602781249999 0.8323801671875 0.6165946203125 0.6868357328125
6 0.6503906781250001 0.4414062578125 0.650390565625 0.3828124234375 0.605468765625 0.3828125375 0.6054687140625 0.4414062078125 0.6503906781250001 0.4414062578125
8 0.416551725 0.3694720359375 0.38434165 0.368290090625 0.37890625 0.51640625 0.41111632499999995 0.5175881828125 0.416551725 0.3694720359375
