1 0.22133640781250002 0.5344734875 0.2435107484375 0.542765203125 0.26324545312500003 0.48999326249999997 0.24107128906250003 0.481701584375 0.22133640781250002 0.5344734875
2 0.632349340625 0.55367094375 0.60192214375 0.5589915171875 0.6108063671874999 0.6097933 0.6412335578125 0.6044727515625 0.632349340625 0.55367094375
2 0.6830294343750001 0.590155678125 0.726698828125 0.58382523125 0.719771875 0.536046875 0.6761028375 0.542377296875 0.6830294343750001 0.590155678125
1 0.721156684375 0.6170118203125 0.7320084859375 0.61479831875 0.7275617750000001 0.59300065 0.716710015625 0.595214146875 0.721156684375 0.6170118203125
1 0.7138031984375 0.6233046359375 0.7211786390625 0.6225614921875 0.719134184375 0.602273471875 0.711758771875 0.6030166140625 0.7138031984375 0.6233046359375
1 0.6183339609375 0.6565469046875 0.62384419375 0.6546976046874999 0.616992034375 0.6342833375 0.6114818234375 0.6361326328125 0.6183339609375 0.6565469046875
2 0.357182484375 0.595849296875 0.3092453234375 0.5893301828124999 0.3018778640625 0.6434993234374999 0.34981501875 0.650018403125 0.357182484375 0.595849296875
1 0.2878472609375 0.647954625 0.2965169890625 0.6497763671875 0.3010953125 0.627990625 0.2924256203125 0.6261688875 0.2878472609375 0.647954625
1 0.24828185625 0.632159090625 0.25682419843750004 0.6329081265625 0.2592944234375 0.604739653125 0.2507521265625 0.6039906187499999 0.24828185625 0.632159090625
1 0.252509128125 0.5874814578125 0.2473015953125 0.5870951015625 0.24592475781249998 0.60565095625 0.25113229062500003 0.6060373109375 0.252509128125 0.5874814578125
