1 0.232015625 0.5370671875 0.237875 0.5406578125 0.24295468750000002 0.538503125 0.247253125 0.5327578125 0.250378125 0.5227015625 0.2535046875 0.5148015625 0.25584843749999997 0.5097734375 0.2570203125 0.5040281249999999 0.2546765625 0.48678906250000004 0.24764375 0.48822656249999996 0.24217343750000003 0.4925359375 0.235921875 0.5025906250000001 0.23084218750000002 0.5090546875 0.22888906250000002 0.5241390625 0.232015625 0.5370671875
2 0.6287453125 0.602759375 0.63355625 0.59501875 0.6367640625 0.5858046875 0.6361640625 0.575484375 0.6337578125000001 0.5655328125 0.63095 0.5581625 0.6277421875 0.5544765625 0.6239328125 0.5552140624999999 0.614709375 0.5592671874999999 0.606890625 0.5651640625 0.6052859374999999 0.5729046875 0.6062890624999999 0.5839624999999999 0.6098984375 0.6046015625 0.61350625 0.6082875 0.6215265624999999 0.60791875 0.6287453125 0.602759375
7 0.60829375 0.47560156249999996 0.6111015625 0.4803921875 0.609696875 0.4409546875 0.60829375 0.47560156249999996
2 0.71856875 0.5729046875 0.7231796875 0.5603734375 0.721375 0.5471046875 0.719771875 0.536046875 0.7159625000000001 0.5434187500000001 0.707140625 0.5419453125 0.7003234375 0.54268125 0.6927046875 0.54305 0.6828796875 0.550421875 0.67866875 0.5544765625 0.682078125 0.58359375 0.6927046875 0.588753125 0.702328125 0.5872796874999999 0.712153125 0.5854359375 0.71856875 0.5729046875
7 0.70874375 0.5108921875 0.713375 0.5169734375 0.7180078125 0.48616093749999995 0.7199921875 0.4610234375 0.7202124999999999 0.44399531249999996 0.7153609375000001 0.48170156249999996 0.7127140625 0.499540625 0.70874375 0.5108921875
7 0.701025 0.4614296875 0.70631875 0.43994218749999997 0.7085234375 0.43021093749999995 0.6997015625 0.44967187500000005 0.6959515625 0.47278125 0.693084375 0.5003515625 0.69330625 0.5121078125 0.6977171875 0.508865625 0.6970546875 0.48007968749999996 0.701025 0.4614296875
1 0.7177859375 0.5960328125000001 0.7184484375 0.6037359375 0.720875 0.6098171875 0.7246234375 0.6163046875 0.7263875 0.61265625 0.7299171875 0.604546875 0.72859375 0.598059375 0.7246234375 0.5936 0.721315625 0.5944109375 0.7177859375 0.5960328125000001
1 0.719771875 0.6086015625 0.716684375 0.6025203125 0.712934375 0.607790625 0.712934375 0.6146828125 0.7138171875 0.6211703125 0.7188890625 0.6227921875 0.720875 0.6195484375 0.719771875 0.6086015625
1 0.6153828125 0.6458734374999999 0.6168890625000001 0.6522421875 0.618696875 0.6558421875 0.6212578125 0.655565625 0.6224624999999999 0.65058125 0.6197515625000001 0.6436578125 0.61809375 0.6375656249999999 0.6162859375 0.6345203125000001 0.61523125 0.6406125 0.6153828125 0.6458734374999999
2 0.30305 0.6348812500000001 0.3042625 0.638003125 0.30814375 0.6406796875 0.315421875 0.6438015625 0.3236703125 0.6451390625 0.33361718749999997 0.647815625 0.34380781250000003 0.64870625 0.35059999999999997 0.644246875 0.3518125 0.6348812500000001 0.35326875 0.62105625 0.35302656250000003 0.613475 0.3515703125 0.604109375 0.34914375 0.59965 0.339196875 0.6005421875 0.33313281250000004 0.59608125 0.326096875 0.591621875 0.3173625 0.5942984375 0.3096 0.59965 0.30571875 0.615259375 0.30305 0.6348812500000001
7 0.32989375 0.6816015625 0.328253125 0.690984375 0.325884375 0.7084078125 0.318228125 0.733871875 0.3216921875 0.7208046875 0.3246078125 0.7040515625 0.32715937500000003 0.6859578125 0.32715937500000003 0.6769109375 0.32424375 0.674565625 0.32351406250000003 0.6846171875 0.3216921875 0.70338125 0.3184109375 0.72415625 0.31330625 0.7479453125 0.3180453125 0.74124375 0.32296718750000003 0.7318625 0.32715937500000003 0.715109375 0.3309875 0.700365625 0.333903125 0.683946875 0.32989375 0.6816015625
7 0.2885171875 0.7415796875 0.2908875 0.7352125 0.2952625 0.7254953125 0.29945468750000004 0.7130984375 0.3045578125 0.6980203125 0.3080203125 0.6802625 0.3034640625 0.6755703125 0.3018234375 0.678921875 0.29927187499999997 0.6933296875 0.2952625 0.7100828124999999 0.290340625 0.727171875 0.2845078125 0.7449296875 0.2885171875 0.7415796875
1 0.297996875 0.6427343750000001 0.3010953125 0.627990625 0.29544375 0.6313421875 0.2907046875 0.6343578125 0.2888828125 0.6430687500000001 0.294896875 0.6494359375000001 0.297996875 0.6427343750000001
1 0.2509703125 0.6112375 0.24914687500000002 0.6222953125 0.2493296875 0.63100625 0.25042343749999996 0.632346875 0.2533390625 0.6320125 0.2571671875 0.628996875 0.258078125 0.618609375 0.2571671875 0.610903125 0.25315781249999997 0.6042015625 0.2509703125 0.6112375
1 0.246778125 0.59415 0.24623124999999998 0.6015203125 0.248965625 0.6058765625 0.2515171875 0.60085 0.2520640625 0.5874484375 0.2487828125 0.58811875 0.246778125 0.59415
