7 0.3915625 0.49660312500000003 0.3927859375 0.459078125 0.394315625 0.43384687499999997 0.39553906250000004 0.40990937499999996 0.3930921875 0.38467656250000004 0.3903390625 0.349740625 0.38972656250000004 0.412496875 0.388196875 0.45066875 0.38605625 0.47978125 0.388503125 0.49725 0.3915625 0.49660312500000003
7 0.3823859375 0.40343906250000006 0.3869734375 0.3995578125 0.3848328125 0.3607390625 0.3823859375 0.40343906250000006
7 0.59126875 0.401403125 0.5925281250000001 0.3707609375 0.59441875 0.3427828125 0.5887484374999999 0.37675625 0.5874890625 0.39674062499999996 0.59126875 0.401403125
7 0.5752046875 0.40873125000000005 0.5799296875 0.40340156250000003 0.5796140624999999 0.3700953125 0.581503125 0.3507765625 0.5827640625 0.3294609375 0.577409375 0.3581046875 0.57551875 0.388746875 0.5752046875 0.40873125000000005
7 0.7257687500000001 0.65786875 0.722934375 0.665196875 0.7263984375 0.6785187500000001 0.7313859375 0.705059375 0.730178125 0.6871796875 0.7257687500000001 0.65786875
7 0.6863953125 0.6998359375 0.6778906250000001 0.6725234375 0.67033125 0.6318890625 0.666865625 0.6385515625 0.6725359375 0.665196875 0.6823 0.7025 0.693640625 0.729146875 0.6863953125 0.6998359375
7 0.659621875 0.7151578125 0.656471875 0.693840625 0.6523765625 0.6671953125 0.6504859374999999 0.628559375 0.6416671875 0.6245625 0.6410375 0.6338874999999999 0.6416671875 0.653871875 0.64670625 0.6845140625 0.6555265625 0.709828125 0.6693859375 0.7477984375 0.6674953125 0.7391390624999999 0.659621875 0.7151578125
7 0.6473359375000001 0.75379375 0.6306421875 0.6838484375 0.6287515625 0.6978375 0.6473359375000001 0.75379375
7 0.3918796875 0.71049375 0.3921953125 0.7551265625 0.3950296875 0.7151578125 0.3918796875 0.71049375
7 0.3361265625 0.693175 0.32667812500000004 0.7484640625 0.33549687499999997 0.717821875 0.33833281249999997 0.7031671875 0.340221875 0.6831828125 0.3414828125 0.6512078125 0.3361265625 0.6465453125 0.3361265625 0.665196875 0.3361265625 0.693175
7 0.3039984375 0.753128125 0.30966875 0.7271484375 0.3134484375 0.6925078124999999 0.310928125 0.6811843750000001 0.3084078125 0.7044984375000001 0.306203125 0.72515 0.301478125 0.7577906249999999 0.3039984375 0.753128125
7 0.262734375 0.6805171875 0.267459375 0.6711921875 0.27344375 0.65786875 0.277225 0.64188125 0.2725 0.637884375 0.2687203125 0.6465453125 0.26430937499999996 0.6605328125 0.258325 0.6785187500000001 0.239425 0.7025 0.252025 0.6965046874999999 0.25706562499999996 0.689178125 0.262734375 0.6805171875
7 0.23784999999999998 0.661865625 0.2277703125 0.6965046874999999 0.24100000000000002 0.6671953125 0.23784999999999998 0.661865625
