2 0.3264984375 0.44250937500000004 0.33798125 0.4513546875 0.341634375 0.4458265625 0.34424375 0.45798750000000005 0.352071875 0.462409375 0.35833593750000003 0.4513546875 0.3614671875 0.4292421875 0.3599015625 0.40381406249999996 0.3552046875 0.3783859375 0.352071875 0.358484375 0.35155 0.34521718749999997 0.341634375 0.34742812500000003 0.336415625 0.35295624999999997 0.3322390625 0.37949062499999997 0.3275421875 0.399390625 0.32232343750000003 0.42260937500000006 0.3264984375 0.44250937500000004
7 0.30510000000000004 0.34742812500000003 0.313971875 0.3463234375 0.3176265625 0.2899375 0.316059375 0.253453125 0.31345 0.22913125 0.3113625 0.28109375000000003 0.306665625 0.3253171875 0.30510000000000004 0.34742812500000003
4 0.3552046875 0.305415625 0.349984375 0.2611921875 0.338503125 0.26008749999999997 0.33589375 0.2733546875 0.3327609375 0.3087328125 0.3322390625 0.3551671875 0.353115625 0.3540625 0.3536375 0.34300625 0.3552046875 0.305415625
2 0.5973734375 0.42371406250000004 0.5937203125 0.3927578125 0.5874578125000001 0.368434375 0.5770187499999999 0.3706453125 0.57493125 0.39828593749999996 0.57284375 0.42703125000000003 0.5801499999999999 0.45798750000000005 0.582759375 0.47236093749999997 0.5900671875 0.46904375 0.5963296875 0.46130468750000003 0.6010265625 0.4491421875 0.5973734375 0.42371406250000004
2 0.6027890625000001 0.3663546875 0.5990203125 0.3960046875 0.600096875 0.4290765625 0.6006359375 0.45530625 0.6097890625 0.4644296875 0.6178656250000001 0.46557031249999997 0.62755625 0.451884375 0.629171875 0.419953125 0.6205578125 0.38916249999999997 0.6157109375 0.3617921875 0.6027890625000001 0.3663546875
4 0.5634859375 0.256875 0.5715625 0.3674953125 0.592021875 0.358371875 0.5742546875000001 0.24775156250000002 0.5634859375 0.256875
4 0.5974062499999999 0.23178593749999998 0.596328125 0.30363125 0.5974062499999999 0.3595125 0.6200187500000001 0.3629328125 0.618403125 0.33442343750000003 0.6157109375 0.289946875 0.6087125 0.22950468750000003 0.5974062499999999 0.23178593749999998
2 0.6609375 0.3663546875 0.6534 0.375478125 0.6377859375 0.388021875 0.625403125 0.392584375 0.625403125 0.4165328125 0.629171875 0.4382 0.6334796875 0.44162187499999994 0.6464015625 0.4382 0.65663125 0.4302171875 0.668475 0.4108296875 0.6679375000000001 0.3971453125 0.6609375 0.3663546875
7 0.6465078125 0.354178125 0.6501546874999999 0.372203125 0.6562328125 0.3271421875 0.65896875 0.3020359375 0.65896875 0.25311249999999996 0.6559296875 0.3071859375 0.6525859374999999 0.3367984375 0.6465078125 0.354178125
7 0.6395171875 0.361259375 0.640125 0.3425921875 0.6361749999999999 0.293025 0.639821875 0.3258546875 0.641340625 0.3052546875 0.6325265625000001 0.251825 0.6325265625000001 0.27821875 0.6334390625 0.3091171875 0.6367828125 0.354178125 0.6395171875 0.361259375
1 0.7019859375 0.45282656250000003 0.7049546875 0.455728125 0.7051828125 0.44412031250000006 0.7044984375000001 0.43638281250000005 0.7008453125 0.432996875 0.699703125 0.44508749999999997 0.7019859375 0.45282656250000003
2 0.6449015625000001 0.4625 0.6302890624999999 0.47410625 0.6209265625 0.48184531249999996 0.6286906250000001 0.516184375 0.632571875 0.5166671875 0.6373671875 0.5166671875 0.646728125 0.5147328124999999 0.656090625 0.5021578124999999 0.6652250000000001 0.491034375 0.6595156249999999 0.454278125 0.655634375 0.4547609375 0.6449015625000001 0.4625
7 0.6595156249999999 0.6066265625 0.6528937499999999 0.578090625 0.6512953125000001 0.5819593750000001 0.6661374999999999 0.630325 0.6595156249999999 0.6066265625
7 0.6727593749999999 0.5606796875 0.6814359375000001 0.58389375 0.6919390625 0.605175 0.6807515625 0.5713203124999999 0.6727593749999999 0.55100625 0.6727593749999999 0.5606796875
7 0.639878125 0.648703125 0.63234375 0.6143640625 0.6316578125000001 0.6245203125 0.6330281249999999 0.633709375 0.639878125 0.6583765625 0.6465 0.6951328125 0.6442171875 0.6699828125 0.639878125 0.648703125
1 0.5946984375000001 0.5296578125 0.5971859375 0.5355109375 0.600225 0.5331703125 0.5999484374999999 0.5208796875 0.5988421875000001 0.5115171875 0.594975 0.51093125 0.5922125 0.5173687499999999 0.5946984375000001 0.5296578125
1 0.6270249999999999 0.52205 0.6239859375 0.5290734375 0.6209453125 0.530828125 0.6220515625 0.5396078125 0.6289578125 0.5413625 0.6270249999999999 0.52205
2 0.4156625 0.5788156250000001 0.420359375 0.5799859374999999 0.426990625 0.5682828125 0.435003125 0.55248125 0.43804218749999996 0.5232218750000001 0.43224062500000004 0.513271875 0.4220171875 0.5115171875 0.41372968749999994 0.5226359375 0.410690625 0.5700375 0.4156625 0.5788156250000001
7 0.3756015625 0.6894218750000001 0.38499531249999996 0.6537234375 0.3930078125 0.6115875 0.3888625 0.5992984375 0.3830609375 0.6402640625 0.3742203125 0.6783015625 0.36455000000000004 0.7192671875000001 0.3756015625 0.6894218750000001
2 0.3460375 0.58759375 0.359853125 0.5911062499999999 0.36316875 0.5887640625 0.366759375 0.575890625 0.373390625 0.563015625 0.38167968750000003 0.5483859375 0.3858234375 0.532584375 0.3919015625 0.5097609375000001 0.3869296875 0.49044999999999994 0.378640625 0.48635312500000005 0.3722859375 0.49279062500000004 0.36593125 0.48108593749999995 0.3590234375 0.4740640625 0.3501828125 0.479915625 0.3427234375 0.508590625 0.3416171875 0.5331703125 0.3454859375 0.5600890625 0.343275 0.5811578125 0.3460375 0.58759375
4 0.337196875 0.6706937500000001 0.34990625 0.6783015625 0.3628921875 0.5952015625 0.36095781250000003 0.5887640625 0.350734375 0.582328125 0.343275 0.58466875 0.33913125 0.5957874999999999 0.33802656249999996 0.6373375 0.337196875 0.6706937500000001
7 0.423194546875 0.6306155578125 0.4228465234375 0.6295714921875 0.42006235 0.6271353375000001 0.419018284375 0.630963578125 0.41693015312500004 0.66646180625 0.4224985015625 0.683514875 0.42389058906250004 0.63618390625 0.423194546875 0.6306155578125
