1 0.2759 0.536865625 0.2772234375 0.5210671875 0.2772234375 0.5079 0.2798671875 0.49605 0.28185 0.47761718750000004 0.2759 0.48419999999999996 0.2712734375 0.4894671875 0.2666453125 0.4947328125 0.2666453125 0.5158 0.265984375 0.5316 0.265984375 0.5460828125 0.271934375 0.548715625 0.2759 0.536865625
1 0.2838328125 0.4894671875 0.2838328125 0.5105328124999999 0.28185 0.5210671875 0.28647812500000003 0.5250171875 0.291765625 0.5197499999999999 0.29375 0.5105328124999999 0.2924265625 0.4947328125 0.295071875 0.48419999999999996 0.291765625 0.47498281249999996 0.2838328125 0.4894671875
1 0.3198859375 0.5350828125 0.32266249999999996 0.5234125 0.32297031249999997 0.515428125 0.3217375 0.5049859375 0.3208109375 0.49700156250000005 0.31834531250000003 0.49884375 0.31556875 0.5025296875 0.3134109375 0.5062140625 0.31155937499999997 0.5142 0.3103265625 0.5191140625 0.31248593750000003 0.5277125 0.315878125 0.533240625 0.3198859375 0.5350828125
7 0.329721875 0.49717031250000004 0.3320390625 0.5105953125 0.333934375 0.5194046875 0.3349875 0.519825 0.3373046875 0.5168874999999999 0.3383578125 0.5105953125 0.33561874999999997 0.5059796875 0.3335125 0.49675 0.3295109375 0.48290625 0.325509375 0.45689531250000004 0.32719375 0.4703203125 0.32719375 0.484584375 0.329721875 0.49717031250000004
7 0.3383578125 0.4552171875 0.34278125 0.5089171875 0.34257031250000003 0.49297500000000005 0.3419375 0.47703281249999996 0.34109531249999997 0.46235 0.3389890625 0.447246875 0.3373046875 0.44095312499999995 0.3383578125 0.4552171875
7 0.35204843750000003 0.4401140625 0.35078437500000004 0.4329828125 0.3548546875 0.4796 0.354996875 0.4753546875 0.354996875 0.4648671875 0.35331250000000003 0.453959375 0.35204843750000003 0.4401140625
7 0.3541546875 0.5043015625 0.354365625 0.5160484375000001 0.35836718749999996 0.519825 0.3548546875 0.4796 0.3545765625 0.48794062499999996 0.3541546875 0.5043015625
1 0.6185906250000001 0.6304203125 0.613840625 0.62906875 0.61180625 0.6331234375 0.6107890625 0.638528125 0.6121453125 0.6479874999999999 0.61418125 0.65474375 0.6175734375 0.658121875 0.6206265625 0.658121875 0.620965625 0.6493390625 0.6206265625 0.6392046875 0.6185906250000001 0.6304203125
1 0.6202859375 0.5979890625000001 0.6216437499999999 0.6074484375 0.6250359375000001 0.6142046875 0.6304640625 0.61555625 0.63385625 0.6148796875 0.6352125 0.606096875 0.6311421875 0.6006921875 0.6263921875 0.5973140625 0.6202859375 0.5979890625000001
1 0.716134375 0.6034171875000001 0.717815625 0.6017421875 0.718096875 0.5928078125 0.7172562499999999 0.586665625 0.7144515625000001 0.58443125 0.712209375 0.5872234375 0.7110875 0.5939234375 0.712209375 0.6000656249999999 0.716134375 0.6034171875000001
1 0.7183765625 0.58778125 0.7206203125 0.591690625 0.7234234374999999 0.595040625 0.723984375 0.5922484375 0.7265078125 0.5883406250000001 0.7248249999999999 0.5816390625000001 0.7228625 0.58108125 0.7194984375 0.5805234375 0.7164140625 0.58275625 0.7183765625 0.58778125
1 0.6048328125 0.524125 0.60175 0.5191 0.59950625 0.534734375 0.6011890625 0.53696875 0.6037125 0.5336171875 0.6048328125 0.524125
5 0.3111979171875 0.72265625 0.36328125 0.703125 0.3854166671875 0.6354166671875 0.3346354171875 0.6315104171875 0.3111979171875 0.72265625
5 0.3684895828125 0.6002604171875 0.3854166671875 0.56640625 0.39453125 0.5299479171875 0.3684895828125 0.5260416671875 0.3684895828125 0.6002604171875
5 0.6770833328125 0.5247395828125 0.6940104171875 0.4583333328125 0.6979166671875 0.44921875 0.6536458328125 0.4895833328125 0.6770833328125 0.5247395828125
0 0.7122395828125 0.6419270828125 0.76171875 0.6080729171875 0.7734375 0.5755208328125 0.75390625 0.5651041671875 0.6888020828125 0.62890625 0.6393229171875 0.6549479171875 0.6080729171875 0.6783854171875 0.5533854171875 0.6927083328125 0.515625 0.6927083328125 0.4036458328125 0.6888020828125 0.30078125 0.6640625 0.2760416671875 0.6380208328125 0.2643229171875 0.6380208328125 0.3177083328125 0.69140625 0.3671875 0.71484375 0.4049479171875 0.6979166671875 0.4921875 0.7200520828125 0.625 0.6940104171875 0.7122395828125 0.6419270828125
0 0.7083333328125 0.4505208328125 0.7278645828125 0.4348958328125 0.72265625 0.4296875 0.6901041671875 0.4375 0.6380208328125 0.4739583328125 0.58203125 0.515625 0.51953125 0.5247395828125 0.4427083328125 0.5234375 0.266716809375 0.48224799375 0.24609375 0.5065104171875 0.359375 0.5208333328125 0.390625 0.5286458328125 0.48046875 0.5442708328125 0.5638020828125 0.53515625 0.58984375 0.5182291671875 0.6315104171875 0.49609375 0.7083333328125 0.4505208328125
