1 0.253593275 0.552362709375 0.262495828125 0.5550034765625 0.2700379921875 0.5295795625 0.261135475 0.5269388015625001 0.253593275 0.552362709375
1 0.300375 0.5480421875 0.2933296875 0.5480421875 0.2933296875 0.574484375 0.300375 0.574484375 0.300375 0.5480421875
1 0.309164459375 0.5752139140625 0.3112359390625 0.557756234375 0.3021359375 0.5566765625000001 0.3000644453125 0.5741342281249999 0.309164459375 0.5752139140625
1 0.3655183453125 0.55579365 0.352980221875 0.554087671875 0.3478988828125 0.5914293984375 0.36043700625 0.593135371875 0.3655183453125 0.55579365
1 0.6657620265624999 0.6026973546875001 0.6817747140625 0.6012456609375 0.67629408125 0.5407994625 0.6602815609375 0.54225115 0.6657620265624999 0.6026973546875001
1 0.7326075671875001 0.644605959375 0.72455625 0.6451765625 0.7259600671875 0.6649821234375 0.734011384375 0.6644115203125 0.7326075671875001 0.644605959375
1 0.7103712890625 0.6950374421875 0.7254442671875 0.69479320625 0.7245152984375001 0.6374750859375 0.709442496875 0.63771931875 0.7103712890625 0.6950374421875
1 0.6618893875 0.688739621875 0.6709535046874999 0.68725975625 0.66610149375 0.6575456734375 0.65703743125 0.659025534375 0.6618893875 0.688739621875
1 0.6742279859375 0.66105028125 0.6709372921875 0.6614635765625 0.6737280015625 0.6836804062499999 0.67701869375 0.6832671125 0.6742279859375 0.66105028125
1 0.3862211125 0.6771494609375 0.3569649046875 0.6840438734375 0.36395670625 0.713708996875 0.3932129078125 0.70681460625 0.3862211125 0.6771494609375
1 0.366713465625 0.6657000531249999 0.358649996875 0.6635067765625 0.3495077953125 0.697112915625 0.3575712609375 0.6993061843749999 0.366713465625 0.6657000531249999
1 0.3322948640625 0.64551785 0.3123362125 0.6449029515625 0.3106484375 0.6996781249999999 0.3306070890625 0.7002930203125 0.3322948640625 0.64551785
1 0.2749016109375 0.6201095 0.2657450578125 0.6176192578124999 0.256974128125 0.6498658109375001 0.266130678125 0.652356046875 0.2749016109375 0.6201095
7 0.36185750625 0.8176267062499999 0.3694196625 0.8180803593749999 0.37611607187499996 0.7064732140625 0.3685541109375 0.7060195671875 0.36185750625 0.8176267062499999
