7 0.47086249999999996 0.5127296875 0.474275 0.5102140625 0.4764453125 0.4410375 0.4764453125 0.42091406249999996 0.474275 0.40896406250000006 0.47179374999999996 0.4762546875 0.47117343749999996 0.503296875 0.47086249999999996 0.5127296875
7 0.5527296875000001 0.4397796875 0.5493187500000001 0.48631718749999997 0.5468375 0.5202765625 0.5443578125 0.5422859375 0.5486984374999999 0.53725625 0.5518 0.4944921875 0.5524203125 0.46807968750000006 0.5536609375 0.43600625 0.5527296875000001 0.4397796875
7 0.5980046875 0.51713125 0.601415625 0.47248124999999996 0.6020359375 0.4341203125 0.5976953125 0.49008906249999995 0.5955234375 0.50706875 0.5980046875 0.51713125
7 0.5933531249999999 0.5051828125 0.5939734375 0.4705953125 0.59304375 0.430975 0.5896312499999999 0.48128593750000004 0.5896312499999999 0.5102140625 0.5933531249999999 0.5051828125
7 0.61723125 0.5133578125 0.6206421875 0.5234203125 0.6274640625 0.453615625 0.61723125 0.5133578125
8 0.61720171875 0.4766215734375 0.6116484375 0.5133578125 0.6097890625 0.5290796875 0.613509375 0.5441734375 0.6190921875 0.5517203125 0.62374375 0.5598953125 0.6259140624999999 0.548575 0.6246734375 0.5322250000000001 0.6323995734375 0.4854869875 0.626911459375 0.441159915625 0.61720171875 0.4766215734375
7 0.6994453125 0.5399609375 0.7019484375 0.5399609375 0.705221875 0.5130171875 0.706378125 0.4860734375 0.7071484375 0.4708453125 0.70368125 0.507940625 0.7015640624999999 0.5255124999999999 0.6994453125 0.5399609375
7 0.689625 0.48412187500000003 0.6884703125 0.49817968749999997 0.6877 0.5223890625000001 0.6880859375 0.542303125 0.6900109375000001 0.536446875 0.6890484375 0.51145625 0.689625 0.48412187500000003
1 0.40965937500000005 0.657425 0.4167078125 0.6585687499999999 0.42488281250000004 0.6545671875 0.42685625 0.6408453125 0.42319218750000004 0.6288390625 0.419809375 0.6208359375 0.4152984375 0.6311265625 0.41219687499999996 0.6431328125 0.40965937500000005 0.657425
7 0.3955663546875 0.6573071671874999 0.38400625 0.7243140625 0.37865000000000004 0.7500421875 0.37836875000000003 0.762046875 0.3806234375 0.7557578125 0.3842875 0.740321875 0.3968328421875 0.680948271875 0.3955663546875 0.6573071671874999
2 0.3730125 0.636271875 0.37808593749999997 0.627125 0.385134375 0.6076859375 0.3893625 0.5888203125 0.390771875 0.5853906249999999 0.38682500000000003 0.5762421875 0.3752671875 0.5728125000000001 0.3620171875 0.5710968750000001 0.348203125 0.5710968750000001 0.3431296875 0.5779578125 0.3369265625 0.6008265625 0.334390625 0.6202640625 0.3366453125 0.627696875 0.34538437499999997 0.633984375 0.36060781249999996 0.6408453125 0.3730125 0.636271875
7 0.3484859375 0.6505640625 0.3541234375 0.6391296875 0.34933125 0.6305546875 0.34594843750000004 0.6465625 0.34059218750000003 0.6648578125 0.334390625 0.6888687499999999 0.3256515625 0.7334625 0.3332625 0.710021875 0.3380546875 0.691728125 0.3445390625 0.667715625 0.3484859375 0.6505640625
7 0.3659640625 0.6740046875 0.3541234375 0.7334625 0.3645546875 0.6934421875 0.3687828125 0.6722890625 0.369065625 0.6517078125 0.3701921875 0.6345562499999999 0.3659640625 0.6357 0.3659640625 0.6522796875 0.3659640625 0.6740046875
7 0.3597625 0.6311265625 0.3617359375 0.6431328125 0.3620171875 0.6642859375 0.355815625 0.7191687499999999 0.36060781249999996 0.701446875 0.3622984375 0.6911562499999999 0.363990625 0.6734328125 0.3645546875 0.6562812499999999 0.36427187499999997 0.637415625 0.3597625 0.6311265625
1 0.3301609375 0.5911078125 0.327625 0.5888203125 0.3205765625 0.5865328125 0.3124015625 0.5819593750000001 0.3109921875 0.5882484375 0.31324687500000004 0.592821875 0.316065625 0.5939656249999999 0.31803906249999997 0.6048281249999999 0.3140921875 0.6076859375 0.30901875 0.6105453125 0.3118375 0.6162625 0.316065625 0.6185484375 0.3202953125 0.6162625 0.323959375 0.6134031249999999 0.326496875 0.6116890625 0.329315625 0.6105453125 0.33298125 0.6013984375 0.3341078125 0.5939656249999999 0.3301609375 0.5911078125
6 0.34743981874999996 0.748072125 0.34786198125 0.737940221875 0.34997279375 0.7248531828125 0.3516614453125 0.72358669375 0.34786198125 0.707544515625 0.34617333125 0.712188303125 0.33730791718750003 0.72358669375 0.332241965625 0.7434283374999999 0.33941872968750003 0.7590483531250001 0.34997279375 0.7696024171875 0.3558830703125 0.755671053125 0.34743981874999996 0.748072125
5 0.40274311875 0.542901103125 0.4078090703125 0.5403681265625 0.4090755578125 0.5382573125000001 0.41203069687499994 0.5310805484375 0.40443177031250005 0.5302362234375 0.40063230625 0.5310805484375 0.39514419218749997 0.533613525 0.3934555421875 0.5391016375000001 0.3947220296875 0.542901103125 0.40274311875 0.542901103125
5 0.6594179796875 0.652663378125 0.67123853125 0.6459087765625 0.67039420625 0.642531475 0.6564628406249999 0.64168715 0.6224787515625 0.6448533703125 0.6079141421875 0.6475974265625 0.61298009375 0.6535077031250001 0.6222676703125 0.656885003125 0.6395763375 0.656885003125 0.6594179796875 0.652663378125
0 0.6752750234375 0.58727884375 0.6752750234375 0.5346724328125 0.637015815625 0.5260641109375 0.601626046875 0.516499309375 0.53658539375 0.5231946703125 0.4887613828125 0.5203252296875001 0.414155928125 0.4973697046875 0.3433763921875 0.46197993750000005 0.27929221875 0.43902441249999996 0.277379259375 0.43902441249999996 0.2754662984375 0.4849354625 0.3806791203125 0.5346724328125 0.5308465124999999 0.5796270031249999 0.6752750234375 0.58727884375
