7 0.5569457359375 0.4362745046875 0.5530419328125 0.4359556984375 0.5443578125 0.5422859375 0.548261615625 0.5426047406250001 0.5569457359375 0.4362745046875
7 0.589112590625 0.5102047609375 0.5932617328124999 0.51027916875 0.594683471875 0.43100440625 0.590534378125 0.4309299984375 0.589112590625 0.5102047609375
7 0.709887984375 0.47115061718750006 0.707148396875 0.4708453078125 0.6994453125 0.5399609375 0.7021848984375 0.5402662453125 0.709887984375 0.47115061718750006
7 0.7016053046875 0.4511002609375 0.6964345796875 0.45080202812500003 0.691359375 0.5387890625 0.6965301 0.53908729375 0.7016053046875 0.4511002609375
1 0.430533584375 0.622739721875 0.41626718125 0.6202071203124999 0.40965937500000005 0.657425 0.423925775 0.6599575921875 0.430533584375 0.622739721875
7 0.4009656515625 0.6582919281249999 0.395566190625 0.6573071359375 0.3765216046875 0.7617099828125 0.3819210625 0.7626947640624999 0.4009656515625 0.6582919281249999
2 0.3932693640625 0.5776950421875 0.3466319515625 0.56504605625 0.3284381453125 0.6321203109375 0.375075525 0.644769215625 0.3932693640625 0.5776950421875
7 0.355889940625 0.6322348546875001 0.3493311625 0.630554665625 0.32313068125 0.732816721875 0.3296894515625 0.7344968921875 0.355889940625 0.6322348546875001
7 0.3733071078125 0.6349334625 0.3661615828125 0.6340681499999999 0.3541234375 0.7334625 0.3612689609375 0.734327803125 0.3733071078125 0.6349334625
7 0.3658748796875 0.6314005375 0.35976246562499997 0.6311265609375 0.355815625 0.7191687499999999 0.36192803906250004 0.7194427234375 0.3658748796875 0.6314005375
1 0.3066167046875 0.617116459375 0.330060484375 0.6206693484375 0.3353992796875 0.585444675 0.3119556515625 0.581891796875 0.3066167046875 0.617116459375
6 0.33592896875 0.77144998125 0.35758450625 0.7686010421875 0.3495218703125 0.70732614375 0.32786663125 0.7101750625000001 0.33592896875 0.77144998125
5 0.695913325 0.677076996875 0.6884973234375 0.6243518578125 0.59881213125 0.636964753125 0.6062276 0.6896894078125 0.695913325 0.677076996875
5 0.3828079140625 0.5732155046875 0.4110578421875 0.5745192375 0.4149947296875 0.48921637812499996 0.3867451921875 0.487912653125 0.3828079140625 0.5732155046875
8 0.6408536781249999 0.4140992984375 0.61673165625 0.4129130609375 0.609375 0.5625 0.6334970203125 0.563686225 0.6408536781249999 0.4140992984375
