7 0.47064959218749997 0.5127230078125 0.47419280468749997 0.5128341640625 0.4774484359375 0.40906361875 0.473905275 0.4089524640625 0.47064959218749997 0.5127230078125
7 0.5569457359375 0.4362745046875 0.5530419328125 0.4359556984375 0.5443578125 0.5422859375 0.548261615625 0.5426047406250001 0.5569457359375 0.4362745046875
7 0.5947735828125 0.516884434375 0.5980046875 0.51713125 0.6043327078125 0.43429575781249996 0.6011016421875001 0.43404894374999997 0.5947735828125 0.516884434375
7 0.589112590625 0.5102047609375 0.5932617328124999 0.51027916875 0.594683471875 0.43100440625 0.590534378125 0.4309299984375 0.589112590625 0.5102047609375
7 0.6162894171875 0.5229949546875 0.6206421875 0.5234203125 0.6274640828125 0.45361562656250004 0.623111359375 0.45319027187499994 0.6162894171875 0.5229949546875
7 0.709887984375 0.47115061718750006 0.707148396875 0.4708453078125 0.6994453125 0.5399609375 0.7021848984375 0.5402662453125 0.709887984375 0.47115061718750006
7 0.7016053046875 0.4511002609375 0.6964345796875 0.45080202812500003 0.691359375 0.5387890625 0.6965301 0.53908729375 0.7016053046875 0.4511002609375
7 0.6878468921875001 0.5423048875 0.6900540375 0.542288609375 0.689625 0.48412187500000003 0.687417875 0.48413815312499997 0.6878468921875001 0.5423048875
1 0.430533584375 0.622739721875 0.41626718125 0.6202071203124999 0.40965937500000005 0.657425 0.423925775 0.6599575921875 0.430533584375 0.622739721875
7 0.3877478484375 0.7250928828125 0.38400623437500003 0.7243140593749999 0.3762429046875 0.761604378125 0.3799845171875 0.7623831984375 0.3877478484375 0.7250928828125
2 0.3932693640625 0.5776950421875 0.3466319515625 0.56504605625 0.3284381453125 0.6321203109375 0.375075525 0.644769215625 0.3932693640625 0.5776950421875
7 0.355889940625 0.6322348546875001 0.3493311625 0.630554665625 0.32313068125 0.732816721875 0.3296894515625 0.7344968921875 0.355889940625 0.6322348546875001
7 0.3733071078125 0.6349334625 0.3661615828125 0.6340681499999999 0.3541234375 0.7334625 0.3612689609375 0.734327803125 0.3733071078125 0.6349334625
7 0.3658748796875 0.6314005375 0.35976246562499997 0.6311265609375 0.355815625 0.7191687499999999 0.36192803906250004 0.7194427234375 0.3658748796875 0.6314005375
6 0.32496490625 0.7714825624999999 0.3577177125 0.7780889359375001 0.37010790312499997 0.7166706406250001 0.33735555 0.7100643140625 0.32496490625 0.7714825624999999
1 0.3066167046875 0.617116459375 0.330060484375 0.6206693484375 0.3353992796875 0.585444675 0.3119556515625 0.581891796875 0.3066167046875 0.617116459375
5 0.6739950765625 0.669514859375 0.6591272703125 0.638721640625 0.6059417625 0.664397596875 0.6208093531250001 0.69519063125 0.6739950765625 0.669514859375
