7 0.474275 0.5102140625 0.4764453125 0.4410375 0.4764453125 0.42091406249999996 0.474275 0.40896406250000006 0.47179374999999996 0.4762546875 0.47117343749999996 0.503296875 0.47086249999999996 0.5127296875 0.474275 0.5102140625
7 0.5468375 0.5202765625 0.5443578125 0.5422859375 0.5486984374999999 0.53725625 0.5518 0.4944921875 0.5524203125 0.46807968750000006 0.5536609375 0.43600625 0.5527296875000001 0.4397796875 0.5493187500000001 0.48631718749999997 0.5468375 0.5202765625
7 0.5896312499999999 0.5102140625 0.5933531249999999 0.5051828125 0.5939734375 0.4705953125 0.59304375 0.430975 0.5896312499999999 0.48128593750000004 0.5896312499999999 0.5102140625
7 0.61723125 0.5133578125 0.6206421875 0.5234203125 0.6274640625 0.453615625 0.61723125 0.5133578125
7 0.7019484375 0.5399609375 0.705221875 0.5130171875 0.706378125 0.4860734375 0.7071484375 0.4708453125 0.70368125 0.507940625 0.7015640624999999 0.5255124999999999 0.6994453125 0.5399609375 0.7019484375 0.5399609375
7 0.6986749999999999 0.45093125 0.696365625 0.46459687499999996 0.6965578125 0.4794359375 0.6934765625 0.502084375 0.6928984375 0.5255124999999999 0.691359375 0.5387890625 0.69675 0.5352750000000001 0.6965578125 0.49935 0.6984828125 0.4809984375 0.6996374999999999 0.46733125 0.6986749999999999 0.45093125
1 0.42488281250000004 0.6545671875 0.42685625 0.6408453125 0.42319218750000004 0.6288390625 0.419809375 0.6208359375 0.4152984375 0.6311265625 0.41219687499999996 0.6431328125 0.40965937500000005 0.657425 0.4167078125 0.6585687499999999 0.42488281250000004 0.6545671875
7 0.38400625 0.7243140625 0.37865000000000004 0.7500421875 0.37836875000000003 0.762046875 0.3806234375 0.7557578125 0.3842875 0.740321875 0.387671875 0.7254578125 0.38400625 0.7243140625
2 0.3431296875 0.5779578125 0.3369265625 0.6008265625 0.334390625 0.6202640625 0.3366453125 0.627696875 0.34538437499999997 0.633984375 0.36060781249999996 0.6408453125 0.3730125 0.636271875 0.37808593749999997 0.627125 0.385134375 0.6076859375 0.3893625 0.5888203125 0.390771875 0.5853906249999999 0.38682500000000003 0.5762421875 0.3752671875 0.5728125000000001 0.3620171875 0.5710968750000001 0.348203125 0.5710968750000001 0.3431296875 0.5779578125
7 0.34059218750000003 0.6648578125 0.334390625 0.6888687499999999 0.3256515625 0.7334625 0.3332625 0.710021875 0.3380546875 0.691728125 0.3445390625 0.667715625 0.3484859375 0.6505640625 0.3541234375 0.6391296875 0.34933125 0.6305546875 0.34594843750000004 0.6465625 0.34059218750000003 0.6648578125
7 0.355815625 0.7191687499999999 0.36060781249999996 0.701446875 0.3622984375 0.6911562499999999 0.363990625 0.6734328125 0.3645546875 0.6562812499999999 0.36427187499999997 0.637415625 0.3597625 0.6311265625 0.3617359375 0.6431328125 0.3620171875 0.6642859375 0.355815625 0.7191687499999999
6 0.3510234375 0.7471828125 0.34594843750000004 0.7477546875 0.34341093749999996 0.730603125 0.3484859375 0.712309375 0.3445390625 0.7151671875 0.340028125 0.72145625 0.3341078125 0.7346046875 0.33044375000000004 0.744325 0.3301609375 0.7563296875 0.334390625 0.7666203125 0.34059218750000003 0.7723375 0.34904999999999997 0.776340625 0.36060781249999996 0.7637625 0.36314531250000004 0.751184375 0.3620171875 0.7380359375000001 0.358353125 0.731175 0.355815625 0.74318125 0.3510234375 0.7471828125
1 0.3202953125 0.6162625 0.323959375 0.6134031249999999 0.326496875 0.6116890625 0.329315625 0.6105453125 0.33298125 0.6013984375 0.3341078125 0.5939656249999999 0.3301609375 0.5911078125 0.327625 0.5888203125 0.3205765625 0.5865328125 0.3124015625 0.5819593750000001 0.3109921875 0.5882484375 0.31324687500000004 0.592821875 0.316065625 0.5939656249999999 0.31803906249999997 0.6048281249999999 0.3140921875 0.6076859375 0.30901875 0.6105453125 0.3118375 0.6162625 0.316065625 0.6185484375 0.3202953125 0.6162625
5 0.659161853125 0.6598557078125 0.6626311265625 0.6459786171874999 0.6556925796875 0.643897053125 0.638346215625 0.648754034375 0.6182244328125 0.6584679984374999 0.6064289046875 0.66540654375 0.6244691234374999 0.6820590546874999 0.630713815625 0.6820590546874999 0.6494478890625001 0.6813652 0.6570802890625 0.6695696718749999 0.659161853125 0.6598557078125
0 0.716057928125 0.521778646875 0.638346215625 0.513452390625 0.548838975 0.5148401 0.5196970828125 0.5176155171875 0.41561889531249996 0.4961060265625 0.35109041875 0.464188715625 0.2844803796875 0.42672056718749996 0.2761541234375 0.495412171875 0.40451722187500005 0.5307987562500001 0.59532723125 0.56687919375 0.7195272015625 0.5738177390625 0.716057928125 0.521778646875
