8 0.2706390625 0.41038593749999996 0.260459375 0.42380781250000005 0.2495515625 0.42977499999999996 0.2502796875 0.45363749999999997 0.2539140625 0.4715359375 0.2597328125 0.48346718749999995 0.264821875 0.492415625 0.26773125000000003 0.5013640625 0.2728203125 0.49838125 0.274275 0.4879421875 0.279365625 0.47451875 0.2822734375 0.4625859375 0.2851828125 0.447671875 0.2866375 0.43275781249999995 0.28881875 0.42082499999999995 0.291728125 0.41038593749999996 0.291728125 0.39845312499999996 0.29390937500000003 0.38801406250000003 0.2895453125 0.36415000000000003 0.2830015625 0.3775734375 0.2779109375 0.390996875 0.2706390625 0.41038593749999996
7 0.3869578125 0.4578390625 0.38424843750000004 0.4708046875 0.38334531250000003 0.485621875 0.3797328125 0.5087734375 0.37928125 0.5356296875 0.3770234375 0.5532265625 0.3887640625 0.5393343749999999 0.3887640625 0.517109375 0.3896671875 0.49303125000000003 0.39102031249999997 0.47265625 0.39102031249999997 0.45320937499999997 0.39011874999999996 0.4328359375 0.3869578125 0.4411703125 0.3869578125 0.4578390625
7 0.41269375 0.47821406250000004 0.4113390625 0.5050703125 0.40908125 0.52544375 0.40682343750000005 0.5560046875 0.415403125 0.555078125 0.4158546875 0.506921875 0.4176609375 0.4633953125 0.415403125 0.43190937500000004 0.41269375 0.47821406250000004
7 0.42262656249999997 0.5569296875 0.42578750000000004 0.5300734375 0.428496875 0.49673437500000006 0.428496875 0.4624703125 0.4244328125 0.43376093750000005 0.4244328125 0.4671 0.42398125000000003 0.48654843750000004 0.42127187499999996 0.5097 0.41856406249999994 0.5319265625 0.4158546875 0.5523 0.42262656249999997 0.5569296875
7 0.679578125 0.73166875 0.6736921875 0.74086875 0.68098125 0.7586953125 0.6879890625 0.7799703124999999 0.695559375 0.807571875 0.7003250000000001 0.8271218749999999 0.70425 0.8334484375000001 0.6997640625 0.808146875 0.6921953125 0.7805453124999999 0.685465625 0.7558203125 0.679578125 0.73166875
7 0.677896875 0.8305734375 0.6843453125 0.8455234375 0.69079375 0.8512734375000001 0.6882703125 0.8449484375 0.683503125 0.8340234375 0.675934375 0.819071875 0.6736921875 0.8064218750000001 0.6703265625 0.7891703125 0.6686453125 0.7661703125 0.66724375 0.74489375 0.6624765625 0.7512187499999999 0.662196875 0.7667453125 0.6647203125 0.7880203125 0.6708875 0.814471875 0.677896875 0.8305734375
7 0.32689375 0.7638703125 0.329978125 0.75006875 0.325771875 0.73741875 0.324090625 0.74776875 0.3187640625 0.7673203125 0.310353125 0.7897453125 0.3039046875 0.815621875 0.3078296875 0.811596875 0.31511875 0.796646875 0.321846875 0.7839953125 0.32689375 0.7638703125
7 0.2884859375 0.7799703124999999 0.2873640625 0.795496875 0.29128906250000003 0.7839953125 0.29493281250000003 0.7724953125 0.298578125 0.7644453125 0.3008203125 0.7581203125 0.29745625000000003 0.7546703124999999 0.2932515625 0.7644453125 0.2884859375 0.7799703124999999
9 0.780080075 0.47801521406249997 0.7912676656250001 0.4485206578125 0.7770289140625 0.41800904531249994 0.7587219468749999 0.3793610203125 0.743466140625 0.353934678125 0.73227855 0.33461065625 0.7221080125 0.34274708593750003 0.7302444421875001 0.3976679875 0.738380871875 0.4495377109375 0.7393979265625 0.48310048281249995 0.753636678125 0.5024245031250001 0.76482426875 0.5146291484375001 0.780080075 0.47801521406249997
9 0.2125641640625 0.733295665625 0.23188818437499997 0.7139716453125 0.2430757765625 0.680408871875 0.252229259375 0.645829046875 0.24104166875000002 0.630573240625 0.21459833437500003 0.608198121875 0.199342465625 0.6376926171874999 0.19527425 0.6773577125 0.18306960625 0.7160057531249999 0.1800184453125 0.7414320953125 0.2013765734375 0.755670846875 0.2125641640625 0.733295665625
9 0.7841482890625 0.7668584375 0.8105916859375 0.73431271875 0.8299157062500001 0.7088863765625 0.8278816000000001 0.67939185 0.8156769546874999 0.6661701515625 0.7770289140625 0.6722724734375001 0.7465173015625 0.6814259578125 0.7587219468749999 0.7180398609374999 0.753636678125 0.7678754921875 0.7699095375 0.7821142437499999 0.7841482890625 0.7668584375
