7 0.3952359640625 0.4331478015625 0.38438236875 0.4324863375 0.3770234375 0.5532265625 0.38787703281249997 0.5538880203125001 0.3952359640625 0.4331478015625
7 0.42387816718750004 0.43249527499999996 0.41540304843750003 0.4319093703125 0.40682343750000005 0.5560046875 0.41529855624999995 0.5565905875 0.42387816718750004 0.43249527499999996
7 0.43300900625 0.4343815078125 0.4244327390625 0.43376093281249994 0.415556678125 0.55641811875 0.4241329453125 0.5570386875 0.43300900625 0.4343815078125
7 0.51122715625 0.43213375625 0.5031139875 0.43180411406249997 0.49667500000000003 0.59026875 0.5047881671875001 0.5905983890625001 0.51122715625 0.43213375625
7 0.698526896875 0.83495874375 0.7062998875 0.8329074796875 0.679578125 0.73166875 0.6718053203125 0.7337199875 0.698526896875 0.83495874375
7 0.6792870921875 0.8538202703125 0.690794221875 0.8512733328125 0.66724375 0.74489375 0.6557369125 0.7474406546875 0.6792870921875 0.8538202703125
7 0.3347884796875 0.74007513125 0.32577178125 0.737418721875 0.3028221875 0.8153029625 0.31183887499999996 0.8179593453124999 0.3347884796875 0.74007513125
7 0.28265190625000003 0.7937954203124999 0.2873640625 0.795496875 0.3015716671875 0.7561563046875001 0.296859553125 0.7544548578125 0.28265190625000003 0.7937954203124999
9 0.7765634421875001 0.32915558125 0.7212727203125 0.33596636874999997 0.74360376875 0.5172430875 0.798894475 0.51043238125 0.7765634421875001 0.32915558125
9 0.1702898984375 0.7474431765625 0.22172795625 0.7610572125 0.2590742328125 0.61996965 0.20763765312500002 0.6063558203125 0.1702898984375 0.7474431765625
9 0.826717909375 0.66526104375 0.745735225 0.6719291234375 0.7549109203125 0.7833492078125001 0.8358935953125 0.776681209375 0.826717909375 0.66526104375
8 0.23317548906250002 0.498829634375 0.278642471875 0.505775559375 0.30245357500000003 0.34991885 0.2569875078125 0.3429729953125 0.23317548906250002 0.498829634375
