6 0.2039152390625 0.44250310156249995 0.2340608875 0.44305006875 0.2349804046875 0.39236923125 0.20483495000000002 0.391822265625 0.2039152390625 0.44250310156249995
7 0.3471416484375 0.4013838859375 0.34152499999999997 0.40140000000000003 0.3418046859375 0.4988796875 0.347421334375 0.49886357343750004 0.3471416484375 0.4013838859375
1 0.6410299968750001 0.58145428125 0.6465140921875 0.580979684375 0.6430687500000001 0.5411718750000001 0.6375846921874999 0.5416464703125 0.6410299968750001 0.58145428125
7 0.6546785140625 0.5245546484375 0.664641225 0.52474790625 0.6663523796875 0.4365387328125 0.6563897984375 0.4363454765625 0.6546785140625 0.5245546484375
7 0.671850440625 0.4242854703125 0.6654703125 0.4243359375 0.6662343703125 0.5209234375 0.6726144984375 0.5208729703125 0.671850440625 0.4242854703125
7 0.6843992437499999 0.44455628750000004 0.6741359140625 0.4440281234375 0.669730984375 0.5296192359375 0.6799943125000001 0.530147396875 0.6843992437499999 0.44455628750000004
1 0.6922374687499999 0.55709686875 0.69792450625 0.556582065625 0.696109859375 0.5365375796875 0.6904228421874999 0.53705238125 0.6922374687499999 0.55709686875
1 0.7304497046875 0.5432834468750001 0.738038871875 0.542214759375 0.734074665625 0.5140659046875 0.7264855328125 0.5151345890625 0.7304497046875 0.5432834468750001
7 0.34090066406249997 0.6750120671875 0.33273592343749997 0.6738963874999999 0.319615625 0.7698984375 0.32778036250000003 0.7710141046875 0.34090066406249997 0.6750120671875
7 0.3315792421875 0.688928934375 0.3256998 0.6883613453125 0.318596875 0.7619265625 0.3244763171875 0.7624941468750001 0.3315792421875 0.688928934375
6 0.2907961671875 0.8135464421874999 0.33348641562500003 0.8026440078125001 0.314048075 0.7265457671875 0.27135858125 0.7374481 0.2907961671875 0.8135464421874999
1 0.290284840625 0.6584979 0.29601958906250003 0.658971859375 0.29820625 0.6325171875 0.29247153125 0.6320432296875 0.290284840625 0.6584979
8 0.213499271875 0.547911159375 0.24298138281249998 0.5443735484375 0.22672635937500002 0.40891790937500005 0.19724483125 0.412455484375 0.213499271875 0.547911159375
