8 0.207228125 0.4897609375 0.2124515625 0.49525312499999996 0.212825 0.507609375 0.2120796875 0.5192796875 0.21767656249999998 0.5343828125 0.22439375 0.5446796875000001 0.23334843749999998 0.5487984375 0.234840625 0.541246875 0.23409531249999999 0.519965625 0.23820000000000002 0.5048640625 0.23446875 0.489075 0.23446875 0.47603125 0.22999062499999998 0.4396484375 0.22700468749999997 0.4197390625 0.22178124999999999 0.40875625 0.2150640625 0.41562031250000003 0.2139453125 0.431409375 0.2124515625 0.448571875 0.20872031249999998 0.46779374999999995 0.207228125 0.4897609375
7 0.34152499999999997 0.40140000000000003 0.3426453125 0.4524609375 0.3418046875 0.46845 0.3418046875 0.4988796875 0.3474125 0.49578437500000005 0.34657031250000003 0.4447234375 0.34152499999999997 0.40140000000000003
1 0.6449828125 0.5809796875 0.6465140625 0.5809796875 0.6447921875 0.5697062500000001 0.6447921875 0.5616046875 0.6434515625 0.5535015624999999 0.643259375 0.5450468749999999 0.6430687500000001 0.5411718750000001 0.6398125 0.5446953125 0.6398125 0.550684375 0.6388546875000001 0.5563203125 0.6398125 0.562309375 0.6409625 0.5718203125 0.6428765624999999 0.5771046875 0.6449828125 0.5809796875
7 0.664196875 0.44824843750000004 0.6662343749999999 0.44262187500000005 0.665725 0.4365265625 0.6624125000000001 0.4407453125 0.658334375 0.45481249999999995 0.6562953125 0.4609078125 0.65553125 0.4806 0.657825 0.50310625 0.66011875 0.5204546875 0.6608828124999999 0.524675 0.6647062499999999 0.52139375 0.6613921875 0.5045140625 0.6588437500000001 0.4857578125 0.6575703125000001 0.466534375 0.6598640625 0.4585640625 0.664196875 0.44824843750000004
7 0.6677640625000001 0.49091562499999997 0.6662343749999999 0.5068578125000001 0.6662343749999999 0.5209234375 0.6713328125 0.5204546875 0.6723515625 0.5087328125 0.6723515625 0.487634375 0.6718421875 0.46840937499999996 0.6685296875 0.44496562500000003 0.6654703125 0.4243359375 0.667 0.45668749999999997 0.6677640625000001 0.47450468749999997 0.6677640625000001 0.49091562499999997
7 0.6782140625 0.4852890625 0.6746453125 0.5092015625 0.672096875 0.5181109375 0.6700578125 0.52326875 0.67388125 0.5298328125 0.6787234375 0.5087328125 0.6820375000000001 0.49044687500000006 0.6820375000000001 0.4730984375 0.6782140625 0.45481249999999995 0.6741359375 0.444028125 0.677959375 0.465596875 0.6792328125 0.47731874999999996 0.6782140625 0.4852890625
7 0.328790625 0.7487984375 0.3331234375 0.73191875 0.33592656249999997 0.70988125 0.338221875 0.6864375 0.33873125000000004 0.6747156249999999 0.33082968749999997 0.6878453125 0.32955625 0.7145703125 0.3275171875 0.7277 0.3262421875 0.7441093750000001 0.32420312500000004 0.7572390625 0.319615625 0.7698984375 0.3252234375 0.763803125 0.328790625 0.7487984375
7 0.290815625 0.7586453125 0.2971875 0.7347328125 0.293875 0.73004375 0.290815625 0.7586453125
6 0.2653710796875 0.7584787937499999 0.266014403125 0.7623387375 0.273090965625 0.7645903703125 0.27630758437499997 0.7610520890625 0.2811325140625 0.753975528125 0.28499245625 0.7475422890625001 0.28756575156249997 0.7414307124999999 0.28756575156249997 0.7372491078125 0.2862791046875 0.732745840625 0.2820974984375 0.7288858968749999 0.273090965625 0.72759925 0.269231021875 0.7301725453125 0.2676227125 0.740144065625 0.2653710796875 0.7462556421875 0.265692740625 0.7494722609375 0.2653710796875 0.7584787937499999
6 0.29110403281249997 0.77906515625 0.2994672421875 0.780995128125 0.303970509375 0.7835684234375 0.3078304515625 0.7858200578125001 0.3145853515625 0.7861417187499999 0.3235918859375 0.7858200578125001 0.3280951515625 0.7826034374999999 0.3252001953125 0.7748835515625 0.32294856250000004 0.773596903125 0.3171586484375 0.773918565625 0.3152286765625 0.773596903125 0.3171586484375 0.7613737515625 0.317801971875 0.7507589078125 0.3145853515625 0.7478639515625 0.310725409375 0.7475422890625001 0.3042921703125 0.7494722609375 0.3010755515625 0.750115584375 0.3013972140625 0.7507589078125 0.29882391875000003 0.755262175 0.289495721875 0.760730428125 0.28531411875 0.7655553562499999 0.28467079375000004 0.7681286515625 0.2856357796875 0.773596903125 0.29110403281249997 0.77906515625
