1 0.462856475 0.659843290625 0.45613437343749996 0.6589484375 0.45413893281249995 0.673936084375 0.460861034375 0.6748309375 0.462856475 0.659843290625
1 0.46601349843750006 0.6783154921875 0.47558321406250004 0.679953175 0.4792422078125 0.6585748546875 0.4696725328125 0.656937175 0.46601349843750006 0.6783154921875
1 0.47747811875 0.68001875 0.4844562609375 0.68001875 0.48445624687500005 0.6610046875 0.4774781328125 0.6610046875 0.47747811875 0.68001875
1 0.5295863140625 0.68237593125 0.5385840375 0.6806654765625 0.5349437499999999 0.66151875 0.5259460609375 0.6632292015625 0.5295863140625 0.68237593125
1 0.542095921875 0.6610213015624999 0.5357033171875 0.661558378125 0.5369953109375001 0.676934375 0.5433879171875 0.6763972984375 0.542095921875 0.6610213015624999
1 0.6348005140625 0.6984155125 0.6297609359375 0.688754684375 0.6248359375 0.6913234375 0.6298755093749999 0.7009842609375 0.6348005140625 0.6984155125
1 0.6369034546875 0.6912691921875 0.6442581296875 0.695186978125 0.6485455609375 0.6871395390624999 0.641190896875 0.68322175625 0.6369034546875 0.6912691921875
1 0.652270990625 0.6925280500000001 0.658082815625 0.69389375 0.6601359375 0.6851578125 0.6543241234375 0.6837921125 0.652270990625 0.6925280500000001
1 0.688782475 0.6787261484375 0.67559990625 0.6712070046874999 0.6658828125 0.6882406249999999 0.6790653703125 0.695759753125 0.688782475 0.6787261484375
1 0.646445821875 0.6315162125 0.6412546875 0.6332546875 0.6465906171875 0.649185940625 0.6517817499999999 0.64744746875 0.646445821875 0.6315162125
1 0.6775958859375 0.622216540625 0.6845905546875 0.61927640625 0.6790171875000001 0.6060187499999999 0.672022534375 0.60895888125 0.6775958859375 0.622216540625
1 0.71902629375 0.615714334375 0.723346878125 0.6019078 0.710539109375 0.5979002125 0.7062185140625 0.6117067296875 0.71902629375 0.615714334375
1 0.6854898296874999 0.6675665234375 0.6784725265625 0.6731700625 0.68414904375 0.680277765625 0.6911663406249999 0.67467423125 0.6854898296874999 0.6675665234375
7 0.278126675 0.7183340734375 0.28359375 0.72265625 0.3160789859375 0.6815721328125 0.31061195 0.67724998125 0.278126675 0.7183340734375
7 0.323049771875 0.689675328125 0.31701543593750003 0.6865274734375 0.29435128593750004 0.729967328125 0.3003856109375 0.733115165625 0.323049771875 0.689675328125
