1 0.32475312500000003 0.62255 0.319259375 0.6348046875 0.31651250000000003 0.6559734374999999 0.319259375 0.681596875 0.32365468750000004 0.6949671875 0.33189531250000004 0.6938515625 0.3379375 0.6760265624999999 0.346178125 0.654859375 0.35167187499999997 0.63591875 0.345628125 0.6192078125 0.335740625 0.606953125 0.32475312500000003 0.62255
7 0.3658796875 0.6030968750000001 0.3702375 0.6030968750000001 0.3643421875 0.573471875 0.3658796875 0.6030968750000001
1 0.602940625 0.633240625 0.603196875 0.6529906249999999 0.6034546875 0.6581875 0.6096046875 0.6623453125000001 0.6147296875 0.6680625 0.6149859375 0.6550703125 0.6142171875 0.639478125 0.6149859375 0.624925 0.6088359375 0.6244046875 0.6052484375 0.624925 0.602940625 0.633240625
1 0.744921875 0.6108921875 0.740821875 0.5942609375 0.7354390625 0.5812671875000001 0.7295453125 0.573471875 0.72749375 0.586984375 0.726725 0.6072546875 0.7303140625 0.6259640625 0.7308265625 0.6451953125000001 0.7369765625 0.64155625 0.743896875 0.629603125 0.744921875 0.62180625 0.744921875 0.6108921875
1 0.72493125 0.58490625 0.7221124999999999 0.5791890625 0.7192937500000001 0.5807484374999999 0.7151921875 0.590103125 0.7139109375 0.60465625 0.71724375 0.6176484375 0.7241625 0.6311625000000001 0.72749375 0.6311625000000001 0.7282640625 0.626484375 0.7272375 0.6192078125 0.7262125 0.6108921875 0.7241625 0.6041359374999999 0.72236875 0.5978984374999999 0.72493125 0.58490625
1 0.71955 0.718996875 0.7221124999999999 0.7299109374999999 0.7272375 0.7283515625 0.7280078125 0.7215953125000001 0.72749375 0.712240625 0.724675 0.706003125 0.7210875 0.71068125 0.71955 0.718996875
1 0.6849515625 0.732509375 0.6795703125 0.725753125 0.6798265625 0.7356281250000001 0.6818765625000001 0.7403062499999999 0.6849515625 0.732509375
1 0.3264125 0.7792859375 0.33128281249999997 0.7683718749999999 0.3341015625 0.761615625 0.3369203125 0.7527796875 0.3353828125 0.7434234375 0.3302578125 0.7345890625 0.32513125 0.7382265625 0.320775 0.7444640625 0.31795625 0.7543390624999999 0.3192375 0.76733125 0.31846874999999997 0.7876015625 0.32154375 0.7855218749999999 0.3264125 0.7792859375
0 0.7312896265625 0.7149661968750001 0.63879019375 0.7465248265625 0.405909271875 0.7650247125 0.2633513234375 0.728024940625 0.2502925796875 0.7759069984375 0.2557337234375 0.7759069984375 0.35911544218749997 0.813995 0.4712029875 0.8216125999999999 0.63117259375 0.7954951140625 0.7051721390625 0.7889657421875 0.74434836875 0.7595835703125 0.7312896265625 0.7149661968750001
0 0.756318884375 0.56696710625 0.65402539375 0.601790421875 0.5430260765625 0.601790421875 0.41787978593749997 0.6148491640625 0.26226309531249997 0.6039668781249999 0.2600866375 0.6518489375 0.3993799 0.65729008125 0.6366137375 0.6485842515625 0.7726423140625001 0.6137609359375 0.756318884375 0.56696710625
5 0.4037328140625 0.7574071124999999 0.4037328140625 0.750877740625 0.392850528125 0.74434836875 0.36564481249999997 0.74434836875 0.364556584375 0.7574071124999999 0.3689094984375 0.7672011703125 0.3884976140625 0.7748187703125 0.39720344218750003 0.769377628125 0.4037328140625 0.7574071124999999
5 0.6670841375000001 0.7454365968750001 0.6757899671875001 0.7389072265625 0.67252528125 0.7236720265625001 0.6496724796875 0.7269367124999999 0.6431431078125 0.7323778546875 0.6409666515625 0.737818996875 0.6431431078125 0.7497895125 0.6562018515625 0.753054196875 0.6670841375000001 0.7454365968750001
