7 0.2944546875 0.49990468750000006 0.297846875 0.48617499999999997 0.2910625 0.46370781250000004 0.2886875 0.4381203125 0.2863140625 0.411909375 0.286653125 0.4655796875 0.2910625 0.48679843749999996 0.2944546875 0.49990468750000006
7 0.306328125 0.49179218750000003 0.3066671875 0.44872968750000003 0.3053109375 0.429384375 0.30734531249999997 0.41440625000000003 0.3036140625 0.39942812499999997 0.303953125 0.41440625000000003 0.3012390625 0.4256390625 0.3012390625 0.449978125 0.3012390625 0.48742343750000006 0.306328125 0.49179218750000003
7 0.313790625 0.48555000000000004 0.313790625 0.46495625 0.303953125 0.425015625 0.307684375 0.4474828125 0.3097203125 0.47182031249999995 0.30734531249999997 0.49553593749999997 0.3103984375 0.5123859375 0.31175625 0.5024 0.313790625 0.48555000000000004
7 0.3331265625 0.411909375 0.3361796875 0.46058750000000004 0.3371984375 0.4849265625 0.3361796875 0.49865624999999997 0.34228593749999997 0.4974078125 0.338215625 0.44935468749999996 0.3331265625 0.411909375
7 0.372478125 0.5186265624999999 0.369425 0.47556562500000005 0.3623 0.41128593750000003 0.3589078125 0.41814999999999997 0.36467499999999997 0.542965625 0.37553125 0.5460859375 0.372478125 0.5186265624999999
7 0.668284375 0.5148828125 0.6740515625 0.47806249999999995 0.675746875 0.4424890625 0.6733734375 0.40941406249999995 0.6713375 0.45122656250000004 0.66760625 0.47369374999999997 0.6625171875 0.49615937499999996 0.65776875 0.5117625 0.65675 0.5248671875 0.6655703125 0.5267390625 0.668284375 0.5148828125
7 0.6543765625 0.41939843750000005 0.6506453125 0.4131578125 0.6536984375 0.47494218750000006 0.6526796874999999 0.5017765625 0.6536984375 0.5223718749999999 0.6604828125 0.5286125 0.6618390625 0.5042734375 0.66285625 0.492415625 0.658446875 0.4474828125 0.6543765625 0.41939843750000005
1 0.7686953125 0.5804109375000001 0.7748015625 0.585403125 0.778534375 0.5860265625000001 0.77819375 0.5716734375 0.773784375 0.5566953125 0.772428125 0.542965625 0.764625 0.5273640625 0.7605546875 0.5361015625000001 0.7561453124999999 0.5473343749999999 0.7558046875 0.55794375 0.7558046875 0.5648078125 0.7598765625 0.572921875 0.765303125 0.5754171875 0.7686953125 0.5804109375000001
2 0.72765 0.5985078125000001 0.725275 0.58290625 0.72154375 0.5698015625 0.7157765625 0.5691765625 0.7028859375 0.5754171875 0.6906734375 0.5816578125 0.680496875 0.5860265625000001 0.67269375 0.585403125 0.6693015625000001 0.605996875 0.669640625 0.6153578125 0.6747296875 0.622846875 0.6825328125000001 0.6297125 0.6893171875 0.6284640625 0.692709375 0.6328328125 0.6981359375 0.6403218749999999 0.7005109375 0.6528031249999999 0.7052609375000001 0.6559234375 0.7106874999999999 0.6577953125 0.713740625 0.6521796875 0.71170625 0.63845 0.7134015625 0.6347046875 0.7181515625 0.64219375 0.7239171875 0.6496828125 0.7286671874999999 0.6471859375 0.7293453125 0.6378250000000001 0.7218828125 0.6203515625 0.7273109375 0.6091171875 0.72765 0.5985078125000001
7 0.7636078125 0.690871875 0.7517343750000001 0.67215 0.7408796875 0.656546875 0.7310421875 0.6403218749999999 0.7279890625000001 0.6503062500000001 0.7323984375 0.6584203125 0.74495 0.67589375 0.75851875 0.69336875 0.773784375 0.703353125 0.7836218749999999 0.703978125 0.77310625 0.6977359375 0.7636078125 0.690871875
7 0.6808359375 0.687128125 0.6764265625 0.690871875 0.6964406249999999 0.7426703125 0.698815625 0.7407984375 0.6808359375 0.687128125
7 0.65539375 0.7077218750000001 0.6533578125 0.6921203125 0.64318125 0.69336875 0.6516625 0.7227 0.6625171875 0.7464140625 0.6852453125 0.77325 0.6611609374999999 0.7345578125000001 0.65539375 0.7077218750000001
2 0.35517656249999996 0.6415703125000001 0.35517656249999996 0.654675 0.359246875 0.6640359375 0.367728125 0.661540625 0.3789234375 0.6602921875 0.38706406250000003 0.6515546875 0.38808125000000004 0.6453140625 0.3891 0.632209375 0.383671875 0.6240953124999999 0.3765484375 0.622846875 0.36603281249999997 0.623471875 0.357890625 0.6278406249999999 0.35517656249999996 0.6415703125000001
2 0.3483921875 0.6577953125 0.3575515625 0.6465625 0.3595875 0.6284640625 0.35483750000000003 0.6159828125 0.3460171875 0.6122375 0.3361796875 0.610990625 0.3219328125 0.6097421875 0.3103984375 0.6084937499999999 0.302596875 0.6253437500000001 0.3009 0.6453140625 0.3005609375 0.6521796875 0.3066671875 0.6503062500000001 0.32362812500000004 0.657171875 0.33244843749999997 0.6584203125 0.3483921875 0.6577953125
7 0.36467499999999997 0.720203125 0.359246875 0.7139624999999999 0.354159375 0.7564 0.34500000000000003 0.7969640625000001 0.3582296875 0.76014375 0.36467499999999997 0.720203125
7 0.3263421875 0.71021875 0.322271875 0.7389249999999999 0.31005937499999997 0.7744984374999999 0.3005609375 0.791971875 0.319896875 0.766384375 0.33210937500000004 0.7301890625 0.3361796875 0.70148125 0.338215625 0.6634125 0.32905625 0.671525 0.3263421875 0.71021875
7 0.286653125 0.753903125 0.29479375 0.7358046875 0.30565000000000003 0.7070984375 0.314809375 0.686503125 0.322271875 0.6702765625 0.31175625 0.6584203125 0.3005609375 0.6971125 0.2930984375 0.7227 0.2825828125 0.749534375 0.2741015625 0.7651375 0.27003125 0.76888125 0.27749375 0.7657609375 0.286653125 0.753903125
2 0.29624590156249997 0.6055097593750001 0.2833552765625 0.6042613218749999 0.2735177765625 0.598644134375 0.2623240265625 0.593026946875 0.2524865265625 0.602387884375 0.2518068390625 0.619862884375 0.25452090156249996 0.629847259375 0.26368027656250004 0.639209759375 0.2826771515625 0.646697259375 0.2942115265625 0.647322259375 0.2999787140625 0.641081634375 0.3026912140625 0.631095696875 0.30303027656250003 0.622983196875 0.3009959015625 0.6129972593749999 0.29624590156249997 0.6055097593750001
7 0.2717265625 0.6858796875000001 0.2649421875 0.71021875 0.2544265625 0.7358046875 0.24085625 0.76076875 0.2625671875 0.72706875 0.2710484375 0.7008578125 0.276815625 0.6815109374999999 0.28224218749999996 0.6584203125 0.2741015625 0.65966875 0.2717265625 0.6858796875000001
7 0.248659375 0.6702765625 0.2361078125 0.7046015625 0.2177890625 0.7420453124999999 0.2330546875 0.7258203125 0.24323125 0.699609375 0.252390625 0.6808859375 0.259853125 0.6646609375 0.26765625000000004 0.6534265625 0.2595140625 0.6478109375 0.248659375 0.6702765625
6 0.7068099125 0.7850577249999999 0.7111092421875 0.778178796875 0.7132589078125 0.7712998671875 0.7141187734375001 0.763131140625 0.705950046875 0.7532426812499999 0.69649151875 0.7442140875 0.6883227921875 0.7390548906250001 0.67972413125 0.7377650921875001 0.688752725 0.7532426812499999 0.6900425234374999 0.766140671875 0.687462925 0.7747393328125 0.6810139296875 0.7708699343750001 0.6749948671875 0.77001006875 0.6685458718749999 0.7704400031249999 0.6642465421875 0.7717298015625 0.6672560734374999 0.7854876578125001 0.6711254703125 0.7936563859375 0.678864265625 0.79709585 0.6883227921875 0.7936563859375 0.699930984375 0.7897869875 0.7068099125 0.7850577249999999
0 0.7238174828124999 0.599279675 0.6652940765625 0.6325209703125 0.6287754718749999 0.6400119656250001 0.6306482203125 0.6695077625 0.662953140625 0.663889515625 0.69198075 0.6540575828125 0.738799475 0.619411728125 0.7814045140625 0.5842976828124999 0.7753180796875 0.5590155718750001 0.7238174828124999 0.599279675
0 0.4400960125 0.674657821875 0.3942136609375 0.66997595 0.375486171875 0.6610803921875 0.317430953125 0.6484393359375 0.2509483640625 0.6072388578125001 0.24392555468750002 0.6325209703125 0.29542615156249996 0.6769987578125 0.353013184375 0.6774669453125 0.38016804375 0.6896398140625 0.41715483593749997 0.6990035578125 0.4522688796875 0.7022808687500001 0.4400960125 0.674657821875
0 0.23830730781249998 0.48223286249999997 0.23315724843750002 0.5103240984374999 0.3324129453125 0.54216083125 0.3230492 0.515005971875 0.28887153125 0.5042376640625 0.23830730781249998 0.48223286249999997
0 0.444777884375 0.5393517078125 0.40451378125000004 0.5342016468749999 0.40966384062500005 0.570720253125 0.42605039375000003 0.5777430625 0.4803601140625 0.5782112484375 0.490192046875 0.5299879625 0.444777884375 0.5393517078125
