7 0.2840421875 0.35258124999999996 0.29008124999999996 0.3507546875 0.29353281249999996 0.2986734375 0.2952578125 0.2520734375 0.2862 0.3005 0.2827484375 0.3279125 0.2810234375 0.35166875000000003 0.2840421875 0.35258124999999996
7 0.3015609375 0.31526875 0.30209687500000004 0.30051875 0.30129375 0.26704531249999997 0.29915156249999997 0.3061921875 0.2962046875 0.3198078125 0.2921875 0.3351265625 0.2900453125 0.3413671875 0.2921875 0.3538484375 0.298615625 0.333990625 0.3015609375 0.31526875
7 0.284153125 0.3476078125 0.2787953125 0.29995 0.2761171875 0.256265625 0.27585000000000004 0.3186734375 0.280403125 0.356684375 0.284153125 0.3476078125
7 0.3360578125 0.35498281249999997 0.334878125 0.3406296875 0.33340625 0.33002031249999997 0.3328171875 0.3150421875 0.3342890625 0.298815625 0.33399531250000003 0.281965625 0.3322265625 0.277596875 0.3295765625 0.294446875 0.3278078125 0.341253125 0.32515625 0.37308125 0.3289859375 0.3630953125 0.32928125 0.37994531249999997 0.328103125 0.3930515625 0.3263359375 0.39866875 0.330459375 0.404909375 0.33340625 0.3868109375 0.3357625 0.3693359375 0.3360578125 0.35498281249999997
7 0.3166125 0.40241249999999995 0.32103281250000004 0.39492343750000003 0.31484531250000003 0.36434375 0.311015625 0.33875625 0.31013125 0.3194109375 0.3095421875 0.3630953125 0.3136671875 0.3930515625 0.3166125 0.40241249999999995
7 0.36096093749999997 0.39770625000000004 0.366734375 0.39770625000000004 0.365215625 0.314021875 0.36096093749999997 0.39770625000000004
7 0.3612640625 0.39384375 0.36004843750000004 0.3178828125 0.35579375 0.41058125 0.358225 0.4035 0.3612640625 0.39384375
1 0.41688125 0.46079218749999995 0.4184015625 0.4640109375 0.42083281250000004 0.4459859375 0.4220484375 0.4356859375 0.4211359375 0.4253875 0.416578125 0.43439843749999996 0.414753125 0.4421234375 0.41323437500000004 0.45242343749999997 0.41688125 0.46079218749999995
1 0.43937187499999997 0.4504921875 0.43542031249999996 0.43826093750000006 0.4320765625 0.426675 0.42751875000000006 0.42474375000000003 0.42356718750000005 0.4350421875 0.42174375 0.45564218749999996 0.4211359375 0.4704484375 0.42417499999999997 0.4794609375 0.4256953125 0.4794609375 0.43146874999999996 0.47495468750000003 0.433596875 0.46594218749999994 0.43937187499999997 0.4504921875
7 0.4363328125 0.282478125 0.4363328125 0.3449203125 0.436028125 0.38096874999999997 0.43329218750000004 0.4150875 0.43906718749999996 0.41830625 0.43937187499999997 0.3674515625 0.4399796875 0.3249640625 0.439675 0.297284375 0.4363328125 0.282478125
1 0.5357140625000001 0.4138 0.53085 0.41637500000000005 0.5250765625 0.41895 0.5193015625 0.42731874999999997 0.521125 0.43439843749999996 0.5217328125 0.4440546875 0.5241640624999999 0.44984843750000003 0.5278109375 0.4517796875 0.53419375 0.4472734375 0.5375375 0.4356859375 0.538753125 0.4202375 0.5357140625000001 0.4138
7 0.5012953125 0.402121875 0.49684531249999997 0.3361484375 0.49239531249999996 0.287309375 0.4932046875 0.3661359375 0.4944171875 0.40555 0.5012953125 0.402121875
7 0.5170703125 0.2975921875 0.51909375 0.339575 0.5251609375 0.3421453125 0.521925 0.3018765625 0.5170703125 0.2975921875
2 0.6275031249999999 0.43468125 0.624671875 0.3995515625 0.6186046875 0.38584375 0.6076828125 0.3789890625 0.5991875 0.3807015625 0.588265625 0.38584375 0.58745625 0.3995515625 0.5915015625 0.4166875 0.59756875 0.4261125 0.6032328125 0.4372515625 0.61213125 0.4432484375 0.6222453125 0.44153593750000003 0.6275031249999999 0.43468125
1 0.6574375 0.392696875 0.6635046874999999 0.39698125 0.666740625 0.38155937500000003 0.668359375 0.34728593750000003 0.6675500000000001 0.31472812499999997 0.66026875 0.3284375 0.650965625 0.3361484375 0.6481343749999999 0.352428125 0.6489421875 0.3738484375 0.6574375 0.392696875
7 0.6092859374999999 0.3229 0.6076140624999999 0.281121875 0.6076140624999999 0.2485484375 0.6039359375 0.291034375 0.6046046875 0.320775 0.6092859374999999 0.3229
7 0.6039359375 0.31581875 0.600259375 0.26058593750000003 0.59791875 0.31511093749999997 0.6039359375 0.31581875
2 0.6350265625 0.5445359375 0.6443875 0.5324984374999999 0.643384375 0.517628125 0.6380359375 0.48576406250000004 0.6306812500000001 0.479390625 0.6229921875 0.48222343749999996 0.612628125 0.4878875 0.6072796874999999 0.4836390625 0.5952437500000001 0.4942609375 0.5868859375000001 0.50205 0.5882234375000001 0.517628125 0.5922359375 0.536746875 0.5972500000000001 0.5409953125 0.6052734375 0.54949375 0.6206515625 0.553034375 0.6350265625 0.5445359375
7 0.6169749999999999 0.5516171875 0.613296875 0.54949375 0.6156375 0.5686125 0.6193140625 0.6089734375 0.626334375 0.63800625 0.6363640625 0.662790625 0.643384375 0.6734125 0.6417125 0.6649140625000001 0.6363640625 0.65004375 0.6300125000000001 0.624553125 0.626 0.596228125 0.6253328125000001 0.5516171875 0.6199828125 0.5502015625000001 0.6303468750000001 0.64013125 0.6219890625 0.6026015625000001 0.6169749999999999 0.5516171875
7 0.6677890625 0.6514609375 0.6540828125 0.6040171875 0.6530796875 0.6160546874999999 0.6677890625 0.6514609375
8 0.3153750171875 0.3238131453125 0.311155953125 0.3153750171875 0.30904642187500003 0.31326548593750003 0.3058821234375 0.3153750171875 0.304299975 0.341744165625 0.305354740625 0.39975629218750003 0.3222309953125 0.41399563281249996 0.328559590625 0.391318165625 0.3248679109375 0.3765514421875 0.320648846875 0.354928740625 0.31801193125 0.3364703359375 0.3153750171875 0.3238131453125
8 0.32592267656249996 0.2658010171875 0.3211762296875 0.3285595921875 0.326450059375 0.387626484375 0.328032209375 0.40292059062499996 0.3327786546875 0.405030121875 0.33910724999999997 0.40133844218750003 0.341744165625 0.2932249328125 0.33910724999999997 0.274766528125 0.335942953125 0.265273634375 0.330141740625 0.264746253125 0.32592267656249996 0.2658010171875
