7 0.47646183593749997 0.4194518484375 0.46901438906250004 0.41953289062500004 0.4705502359375 0.560661346875 0.4779976828125 0.56058030625 0.47646183593749997 0.4194518484375
7 0.5171967140625 0.47599986093749996 0.52034375625 0.4760703125 0.5214809859375 0.42527307812500004 0.518333965625 0.425202628125 0.5171967140625 0.47599986093749996
7 0.639145390625 0.42648603124999995 0.635290625 0.4266140625 0.6375750203125 0.4953882140625 0.6414297859375 0.4952601828125 0.639145390625 0.42648603124999995
7 0.6886467046875 0.4334611703125 0.6832146453125 0.4332552359375 0.6811128125 0.48869293437500005 0.686544871875 0.48889886875000005 0.6886467046875 0.4334611703125
7 0.7078934515624999 0.46577171406250006 0.7019449734375 0.464453653125 0.6822157828125001 0.5534856593749999 0.6881642578125 0.5548037109374999 0.7078934515624999 0.46577171406250006
7 0.667368815625 0.5667074265625 0.6759462515625 0.5670651484375 0.6805583359375 0.45648451406249996 0.671981046875 0.456126796875 0.667368815625 0.5667074265625
7 0.2725823984375 0.7152560921875 0.26338568281249997 0.7090201390625 0.224396875 0.7665109375 0.2335935515625 0.772746840625 0.2725823984375 0.7152560921875
7 0.210216015625 0.734822365625 0.21674174375000002 0.7409356109375 0.2644665421875 0.6899984234375001 0.257940865625 0.6838852234374999 0.210216015625 0.734822365625
7 0.37708705 0.8468217890625 0.3831116375 0.8467375921875 0.3814828125 0.7302187499999999 0.3754583921875 0.730302946875 0.37708705 0.8468217890625
7 0.62096239375 0.853897825 0.628122003125 0.8538609375 0.627478125 0.728940625 0.620318725 0.7289775140625 0.62096239375 0.853897825
7 0.7203582015625 0.708650996875 0.7110345687499999 0.7113576125 0.741360665625 0.8158055687499999 0.750684284375 0.8130989874999999 0.7203582015625 0.708650996875
7 0.718397815625 0.8277757109375001 0.727324090625 0.8260283921875 0.708059375 0.7276328125 0.6991333078124999 0.729380109375 0.718397815625 0.8277757109375001
5 0.24682413906249998 0.464321796875 0.23040078125000002 0.559944909375 0.394175921875 0.58806943125 0.4105978390625 0.49244760468750004 0.24682413906249998 0.464321796875
5 0.7033756515625 0.601980246875 0.7661690921875 0.58802736875 0.7464488640625 0.49928977343750003 0.6836563484375 0.5132425453125 0.7033756515625 0.601980246875
5 0.3702719234375 0.749272659375 0.36064278125000004 0.669505228125 0.2837245828125 0.6787891109374999 0.29335298593750003 0.7585558640625 0.3702719234375 0.749272659375
5 0.6957295125 0.6724718109375 0.641637 0.6691264109375 0.6363176703125 0.755122840625 0.6904101796875 0.7584682078125 0.6957295125 0.6724718109375
5 0.5909090906250001 0.6299715906250001 0.6357927703125 0.626381240625 0.6278296234375 0.5268475687499999 0.582946709375 0.5304378875 0.5909090906250001 0.6299715906250001
