1 0.2253921875 0.6015890625 0.22690000000000002 0.593271875 0.2238828125 0.5856484375 0.22312812499999998 0.5794109375 0.2238828125 0.5724796875 0.2204890625 0.5655484375000001 0.221996875 0.5489140625 0.2178484375 0.5371328125 0.2137 0.5308937499999999 0.21068281249999998 0.5274296875 0.21633906249999998 0.553765625 0.2178484375 0.5752515625 0.218603125 0.5925796875 0.214453125 0.6064406250000001 0.21332187500000002 0.6140640625 0.21709375 0.6119859375 0.22162031249999997 0.6119859375 0.2253921875 0.6015890625
1 0.261978125 0.763078125 0.2612234375 0.78664375 0.2661265625 0.7810984375000001 0.26989843750000003 0.7797125 0.2748015625 0.7713953124999999 0.2763109375 0.7672375 0.2759328125 0.753375 0.2732921875 0.7429781249999999 0.27140624999999996 0.733275 0.26273124999999997 0.7201078125 0.2548109375 0.704165625 0.256696875 0.7145625 0.256696875 0.7277312499999999 0.26046874999999997 0.7429781249999999 0.261978125 0.763078125
1 0.6131125 0.680115625 0.6131125 0.6728 0.611940625 0.6689265625 0.6067890625000001 0.6706484374999999 0.6058515625 0.6766734375000001 0.6053828125 0.686571875 0.6058515625 0.692596875 0.6081937500000001 0.698621875 0.6098328125 0.702925 0.61170625 0.6977609375 0.611940625 0.686140625 0.6131125 0.680115625
2 0.55995 0.689584375 0.562759375 0.701634375 0.5653359375 0.710240625 0.5679125 0.719709375 0.5693171875 0.731328125 0.57189375 0.73864375 0.5789187499999999 0.737353125 0.5829 0.727025 0.5852421875 0.7136843749999999 0.5875843749999999 0.6990515625 0.5882875000000001 0.686571875 0.5866484375 0.67323125 0.5829 0.6585984375 0.580090625 0.6542953125000001 0.574703125 0.6512828125000001 0.5704875 0.6512828125000001 0.5660390625 0.6530046875 0.5594812499999999 0.66118125 0.558309375 0.6689265625 0.55995 0.689584375
1 0.5878187500000001 0.7003421875 0.5861796874999999 0.710671875 0.584071875 0.7218609375 0.5824328125 0.72960625 0.5784515625 0.7334796875 0.5742359375 0.7352015625 0.578684375 0.740365625 0.5847734375 0.7364921875 0.5882875000000001 0.728315625 0.5878187500000001 0.7188484374999999 0.5878187500000001 0.7003421875
2 0.5344218749999999 0.6693578125 0.53465625 0.6857109375 0.53816875 0.7007734375 0.53816875 0.71153125 0.539809375 0.7218609375 0.5423843749999999 0.72960625 0.5451953125 0.73305 0.55058125 0.7321890625 0.5555 0.7231515625 0.55854375 0.7154046875 0.5613546875 0.7067984375 0.5620578125 0.6969000000000001 0.5618234375 0.686571875 0.55995 0.671078125 0.5550312500000001 0.659459375 0.55105 0.653434375 0.5414484374999999 0.6542953125000001 0.533953125 0.6590296875 0.5344218749999999 0.6693578125
2 0.5255234375 0.7412265625 0.531378125 0.7420875 0.5332515625 0.7377828125 0.535828125 0.7304671875000001 0.5362953125 0.7171265625000001 0.5379343750000001 0.70895 0.5367640625 0.698621875 0.535828125 0.680546875 0.530440625 0.65816875 0.51076875 0.6629015625 0.5128765625 0.6736609375 0.5128765625 0.6930265624999999 0.51475 0.714975 0.5210734375 0.7334796875 0.5255234375 0.7412265625
2 0.4915640625 0.71454375 0.494140625 0.728315625 0.49929218750000004 0.7438078124999999 0.5046796875 0.7528453125000001 0.510534375 0.754996875 0.5131109375 0.745959375 0.5152187500000001 0.7265937499999999 0.514046875 0.710240625 0.5126421875 0.695178125 0.51076875 0.683128125 0.5063187499999999 0.665053125 0.485240625 0.665053125 0.48594375 0.6728 0.48688125 0.683128125 0.4882859375 0.6977609375 0.4915640625 0.71454375
2 0.46229062499999996 0.7067984375 0.46509999999999996 0.7227203125 0.470253125 0.7395046875 0.47634218749999996 0.749403125 0.4829 0.7519843749999999 0.48781718749999997 0.7498328125 0.490159375 0.7395046875 0.4908625 0.7244421875 0.4871140625 0.6904453125 0.485709375 0.678825 0.481025 0.6637625 0.4615875 0.6676359374999999 0.460884375 0.6719390625 0.46064999999999995 0.678825 0.4615875 0.6900140625 0.46229062499999996 0.7067984375
2 0.4428515625 0.7321890625 0.44847187499999996 0.745959375 0.45596718750000004 0.74466875 0.4601828125 0.7321890625 0.46182187499999994 0.7218609375 0.460884375 0.7067984375 0.46135312500000003 0.692165625 0.460884375 0.680115625 0.456903125 0.6706484374999999 0.43676250000000005 0.666775 0.43535781250000005 0.67624375 0.4360609375 0.6878625 0.43980781249999995 0.7033546875 0.44191562500000003 0.7158359375 0.4428515625 0.7321890625
2 0.4196671875 0.748971875 0.42809687500000004 0.7468203124999999 0.43278125 0.74165625 0.4377 0.7321890625 0.43980781249999995 0.7184171874999999 0.4395734375 0.7063671874999999 0.4384015625 0.6934578124999999 0.4341859375 0.6818375 0.42669218750000004 0.66720625 0.41685625000000004 0.6663453125000001 0.41006406249999994 0.6715093750000001 0.40444375 0.6839890625 0.40280468750000004 0.6960390624999999 0.4030390625 0.710240625 0.403740625 0.7265937499999999 0.40819062500000003 0.7481125 0.4110015625 0.7515546875 0.4196671875 0.748971875
5 0.3744347125 0.8002185234375 0.366623509375 0.717453528125 0.3246093390625 0.7250000015625 0.330691928125 0.8017802234375001 0.3744347125 0.8002185234375
5 0.6806338484375 0.60189473125 0.6915694859375 0.5269377000000001 0.6527343390625 0.5335937515625 0.646264484375 0.5956482875 0.6806338484375 0.60189473125
5 0.3088205359375 0.6112643375 0.30569610156250004 0.5378688875 0.2718749640625 0.5453125015625 0.2713267375 0.6112643375 0.3088205359375 0.6112643375
5 0.608054878125 0.5744365124999999 0.608054878125 0.536958034375 0.587225003125 0.528629415625 0.5879193734375 0.5751306031250001 0.608054878125 0.5744365124999999
0 0.3761489265625 0.7340672234375 0.250475359375 0.74586605 0.179653753125 0.7021410875 0.1789930390625 0.7258680562500001 0.25811297031249997 0.7847326531250001 0.3761489265625 0.7597469828125 0.68790273125 0.76113505625 0.67609915625 0.7243506125 0.537233271875 0.727820846875 0.3761489265625 0.7340672234375
