1 0.24511752343749998 0.5768443390625 0.2598226703125 0.5765480296875001 0.259014078125 0.5364256890625 0.24430902968749998 0.5367219984375 0.24511752343749998 0.5768443390625
7 0.5655597171875 0.5982597468749999 0.5728392640625 0.5982976125 0.5737640625 0.42050312500000003 0.5664847281250001 0.42046525937499996 0.5655597171875 0.5982597468749999
7 0.6494433374999999 0.464205575 0.644259759375 0.46453915468750007 0.6502937359375001 0.5582953140625 0.6554773140625 0.5579617359375 0.6494433374999999 0.464205575
7 0.6622343749999999 0.442965625 0.6577578125 0.442965625 0.6577578125 0.5301484375000001 0.6622343749999999 0.5301484375000001 0.6622343749999999 0.442965625
7 0.6783491640625 0.4796520859375 0.6719374640625 0.47866249375000003 0.6616646828125 0.545216053125 0.6680763828125 0.5462056390625001 0.6783491640625 0.4796520859375
1 0.669325 0.5679046875 0.6812285703125001 0.56295661875 0.6752953125000001 0.548684375 0.6633917703125001 0.5536324359375 0.669325 0.5679046875
1 0.548394165625 0.72740071875 0.5552663109375 0.72693345625 0.5531631375 0.6960066375 0.5462910375 0.6964738984375 0.548394165625 0.72740071875
1 0.440977990625 0.69518249375 0.43214517656250007 0.6947457640625 0.4299000859375 0.7401455234375 0.43873290000000004 0.74058225 0.440977990625 0.69518249375
5 0.7659960124999999 0.7022595968750001 0.7348179218750001 0.6234486078125 0.5393624359375 0.700759840625 0.5705384437500001 0.77956906875 0.7659960124999999 0.7022595968750001
5 0.42784079999999997 0.6960055328125 0.336767284375 0.6526438828125001 0.3016205828125 0.726452553125 0.3926938609375 0.7698138218749999 0.42784079999999997 0.6960055328125
5 0.26149445312499997 0.5270087703125 0.2451923078125 0.6045673078125 0.41105727343750004 0.6394250671874999 0.42735809687500004 0.5618676687499999 0.26149445312499997 0.5270087703125
5 0.6490384609375 0.556490384375 0.5742529921874999 0.5630883453125 0.581730715625 0.64783654375 0.656516178125 0.641238634375 0.6490384609375 0.556490384375
5 0.685096153125 0.60576923125 0.75460744375 0.5567067031249999 0.7242945328125 0.5137642203125 0.6547836796875 0.56282653125 0.685096153125 0.60576923125
5 0.20101554375 0.6286681296875 0.20596567812500002 0.700442375 0.2785237484375 0.6954383453124999 0.2735731265625 0.623664625 0.20101554375 0.6286681296875
