1 0.25096250000000003 0.5767265625 0.25970468750000003 0.5706953125 0.258065625 0.556625 0.2591578125 0.5435578125 0.254240625 0.536521875 0.2471390625 0.5435578125 0.2471390625 0.5546140625 0.24495312500000002 0.5686859375 0.25096250000000003 0.5767265625
7 0.566540625 0.5093828125 0.5660890625 0.5426078125 0.5656375 0.583309375 0.5660890625 0.5982624999999999 0.5728609375 0.5941078125 0.5706046875 0.5185203125 0.5715078124999999 0.4661890625 0.5737640625 0.42050312500000003 0.566540625 0.5093828125
7 0.6577578125 0.442965625 0.6577578125 0.5301484375000001 0.6622343749999999 0.526715625 0.6577578125 0.442965625
1 0.6696984375 0.5514296875 0.6696984375 0.5562359375 0.668578125 0.5631 0.669325 0.5679046875 0.67566875 0.5637859375 0.6801468749999999 0.5603546875000001 0.6771609375 0.5576078125 0.6752953125000001 0.548684375 0.6726828125 0.55074375 0.6696984375 0.5514296875
1 0.5484234375 0.720990625 0.5517828125 0.7271703125 0.5547671875 0.7237375 0.554021875 0.708634375 0.553275 0.6976515625 0.5491703125 0.696278125 0.5465578125 0.700396875 0.547678125 0.71069375 0.5484234375 0.720990625
1 0.4305078125 0.72785625 0.43125468749999996 0.7402124999999999 0.43685156249999996 0.7326609375 0.4398375 0.7182453125 0.44020937499999996 0.7058890625 0.435359375 0.6949046875 0.4331203125 0.70245625 0.43125468749999996 0.712753125 0.4305078125 0.72785625
0 0.4007960609375 0.7061145265625 0.2685963125 0.6484082875 0.2591534734375 0.6830320296875 0.257055065625 0.6851304390624999 0.3367945953125 0.7270986125000001 0.4175833296875 0.7501811078125 0.57181636875 0.7449350875 0.5508322828125001 0.708212934375 0.4857816125 0.7229017953125 0.4007960609375 0.7061145265625
0 0.6368670390625 0.5969972734375 0.6851304390624999 0.584406821875 0.68617964375 0.5371926265625 0.5697179609374999 0.5655211421875 0.518306946875 0.5886036390625 0.463748321875 0.567619553125 0.377713565625 0.5508322828125001 0.3304993703125 0.5277497875 0.20669325624999998 0.5214545609375 0.20984086875000002 0.5655211421875 0.4007960609375 0.6074893171875 0.4742403640625 0.628473403125 0.561324325 0.6169321562500001 0.6368670390625 0.5969972734375
5 0.38820560937500004 0.591751253125 0.368270725 0.5865052296875 0.35148345625 0.5823084125 0.3284009609375 0.5865052296875 0.30007244375000003 0.5781115953125 0.2780391515625 0.580210003125 0.27908835625 0.5907020468749999 0.41023889999999996 0.6158829531250001 0.404992878125 0.5833576171875 0.38820560937500004 0.591751253125
5 0.38086117812500003 0.711360546875 0.3934516296875 0.7092621390625 0.39974685625 0.705065321875 0.40289446875 0.697720890625 0.37351674687499997 0.687228846875 0.346237434375 0.687228846875 0.3268271546875 0.687228846875 0.3556802734375 0.708212934375 0.370369134375 0.711360546875 0.38086117812500003 0.711360546875
5 0.628473403125 0.587554434375 0.6200797687499999 0.5865052296875 0.6064401125 0.5907020468749999 0.594898865625 0.594898865625 0.5865052296875 0.6011940906250001 0.5823084125 0.604341703125 0.59280045625 0.6158829531250001 0.5990956828125 0.6158829531250001 0.6242765859375 0.6106369296875 0.632670221875 0.5959480687500001 0.628473403125 0.587554434375
5 0.66519555625 0.7071637296875 0.6819828265625001 0.688278053125 0.6746383953125 0.6767368031250001 0.6526051046875 0.66834316875 0.6190305640625 0.6693923734375 0.5802100046875001 0.6914256640625001 0.5655211437500001 0.7019177078125 0.563422734375 0.7197541828125 0.5665703468750001 0.7208033875 0.5959480687500001 0.7155573640624999 0.6368670390625 0.7145081609374999 0.66519555625 0.7071637296875
