1 0.31157097500000003 0.59947415625 0.318040215625 0.59897160625 0.3146637859375 0.5555121734374999 0.3081945953125 0.556014721875 0.31157097500000003 0.59947415625
1 0.6972342578124999 0.64585363125 0.6915342203125 0.646773378125 0.6945266515624999 0.665316246875 0.7002266890625 0.6643965015625 0.6972342578124999 0.64585363125
1 0.6918172375 0.6469593062500001 0.686095196875 0.6465141437499999 0.6850416765625 0.660054121875 0.69076371875 0.6604992843749999 0.6918172375 0.6469593062500001
1 0.6418424296875 0.653721815625 0.63711875 0.654578125 0.640422796875 0.6728019015625 0.645146475 0.6719455937500001 0.6418424296875 0.653721815625
1 0.6368589015625 0.67240820625 0.6402632171875 0.6718632484375 0.6365734062499999 0.6488163890624999 0.63316910625 0.6493613468749999 0.6368589015625 0.67240820625
1 0.6008785484375 0.6818215921874999 0.6061112750000001 0.679212984375 0.600628125 0.668215625 0.595395409375 0.6708242296875 0.6008785484375 0.6818215921874999
1 0.35266079375000003 0.6600107140625 0.34239671562499996 0.6588937421875001 0.339563109375 0.6849287578125 0.34982718749999997 0.6860457265625 0.35266079375000003 0.6600107140625
1 0.337311090625 0.667424575 0.3289176078125 0.668255721875 0.330823709375 0.6875021703125 0.3392171921875 0.6866710265625 0.337311090625 0.667424575
1 0.285354534375 0.6578082937499999 0.2807356296875 0.6580179562499999 0.28185231875 0.6826155546875 0.286471225 0.6824058921875 0.285354534375 0.6578082937499999
1 0.2752186046875 0.6828532859374999 0.28050411875000003 0.6833130281249999 0.282834503125 0.6565248375 0.27754901875 0.656065096875 0.2752186046875 0.6828532859374999
5 0.6974431812499999 0.5142045453125 0.6401650812499999 0.5217198468750001 0.649813103125 0.595245790625 0.70709119375 0.5877305374999999 0.6974431812499999 0.5142045453125
