1 0.3159046875 0.5991375 0.31719375 0.5880765625000001 0.3159046875 0.571484375 0.314615625 0.5643734375 0.3124671875 0.5556828125 0.3094578125 0.5675343749999999 0.31031718750000004 0.5833359375 0.3124671875 0.5928171875 0.3159046875 0.5991375
1 0.6955953125 0.649765625 0.6932671874999999 0.64649375 0.6925828125 0.649765625 0.6929921875 0.6558078125 0.6940890625 0.6626046875 0.6957312499999999 0.665121875 0.696690625 0.662353125 0.6983343750000001 0.6590796875 0.69888125 0.656059375 0.6975125 0.6520312500000001 0.6955953125 0.649765625
1 0.691253125 0.654209375 0.6902515625000001 0.6468375 0.6880453125 0.6468375 0.685840625 0.6497859375 0.6854390625 0.654946875 0.688646875 0.6586328124999999 0.6904515625000001 0.660475 0.691253125 0.654209375
1 0.638321875 0.6575265625 0.6389234375 0.6626875 0.639725 0.668953125 0.6413296875000001 0.6726375 0.64213125 0.6707953125 0.6429328125 0.6663718750000001 0.6427328125 0.6586328124999999 0.6413296875000001 0.6538406250000001 0.63711875 0.654578125 0.638321875 0.6575265625
1 0.6347125 0.6590015625000001 0.636115625 0.6634234375 0.6365171875 0.668584375 0.6377203125 0.6722703125 0.6389234375 0.6674781249999999 0.638321875 0.6597375000000001 0.63731875 0.6534718749999999 0.6351140625 0.64905 0.6339109374999999 0.6538406250000001 0.6347125 0.6590015625000001
1 0.600628125 0.680746875 0.603034375 0.680746875 0.6038359375 0.6774296875 0.6028328125 0.6726375 0.600628125 0.668215625 0.598421875 0.6707953125 0.59721875 0.67448125 0.5988234375 0.6774296875 0.600628125 0.680746875
1 0.35120625 0.673375 0.3502046875 0.6656359375 0.347396875 0.6612125 0.3433875 0.6590015625000001 0.3415828125 0.6663718750000001 0.3413828125 0.6726375 0.339978125 0.681115625 0.34178281250000003 0.6851703125 0.34418906250000003 0.6848015625 0.347396875 0.682221875 0.3502046875 0.6781671874999999 0.35120625 0.673375
1 0.3367703125 0.6674781249999999 0.3327609375 0.668953125 0.329753125 0.6766921875 0.3301546875 0.680746875 0.3333625 0.68590625 0.33576875 0.6870125 0.33857499999999996 0.6836953125 0.338375 0.6781671874999999 0.3377734375 0.6737437500000001 0.337371875 0.6707953125 0.3367703125 0.6674781249999999
1 0.28243593749999996 0.6825890625000001 0.2838390625 0.6785359375 0.28584375 0.67300625 0.28584375 0.668584375 0.2854421875 0.66195 0.2834375 0.6578953125 0.28103125 0.6645296875 0.28143281249999996 0.673375 0.28243593749999996 0.6825890625000001
1 0.2764203125 0.6829578125 0.279228125 0.680746875 0.28143281249999996 0.6726375 0.282234375 0.6634234375 0.2816328125 0.6564203125 0.279628125 0.66084375 0.2766203125 0.666740625 0.27601875 0.67485 0.2764203125 0.6829578125
7 0.3597106625 0.425251171875 0.3555446875 0.43774401249999995 0.353878321875 0.5293581765625001 0.3530450765625 0.576830975 0.3522916484375 0.609583334375 0.3780409265625 0.6276352125 0.3822069015625 0.6051480609375 0.38137371875000003 0.5260267390625 0.37304176875 0.4369111375 0.3597106625 0.425251171875
7 0.5455131703125 0.4893810921875 0.5421803781250001 0.43857685625 0.5330152453125 0.44107541718750004 0.5271828421875 0.5018739328125 0.5263496609375 0.5401853609375 0.525516478125 0.5793295374999999 0.52312498125 0.6241666671874999 0.5346816109375 0.633465178125 0.5505123281250001 0.633465178125 0.549679146875 0.6076466218750001 0.549679146875 0.5385195781250001 0.5455131703125 0.4893810921875
5 0.6904891125 0.5501795765625 0.6813239171875 0.5110353375 0.6564583140625 0.525208334375 0.6554949484375 0.566836696875 0.6904891125 0.5501795765625
7 0.4047032046875 0.4635625375 0.3922052796875 0.4227526109375 0.387206121875 0.5102024921874999 0.38970566875 0.6268023046875 0.4155347015625 0.62180518125 0.4138683375 0.5959866578125 0.41470151875 0.541851015625 0.4047032046875 0.4635625375
