1 0.20657968750000003 0.47396562500000006 0.203103125 0.4821890625 0.20061874999999998 0.502290625 0.2035984375 0.51325625 0.21055312499999998 0.525134375 0.215021875 0.5205656249999999 0.215021875 0.5041187500000001 0.21551874999999998 0.492240625 0.2184984375 0.48584531249999996 0.2199890625 0.4794484375 0.22197499999999998 0.46848437499999995 0.2130359375 0.46665625000000005 0.20657968750000003 0.47396562500000006
2 0.350534375 0.5197578125 0.34355625 0.51220625 0.3382203125 0.5091859375000001 0.32836875 0.5129609375 0.321390625 0.5152265625 0.318928125 0.5174921875 0.3172859375 0.5318390625 0.31564375 0.5597796875000001 0.3296 0.58016875 0.343965625 0.5741265624999999 0.350534375 0.568840625 0.3546390625 0.5507187499999999 0.3562796875 0.531084375 0.350534375 0.5197578125
7 0.3468390625 0.445 0.3464296875 0.42461093749999995 0.34109218750000003 0.3951609375 0.34355625 0.42461093749999995 0.342325 0.4563265625 0.3468390625 0.4608578125 0.3468390625 0.445
2 0.444940625 0.5461875 0.44412031250000006 0.5220234375 0.44124687500000004 0.5039 0.42934374999999997 0.49936875000000003 0.422365625 0.5023890625 0.4153875 0.514471875 0.4170296875 0.52881875 0.4174390625 0.548453125 0.41826093750000004 0.5741265624999999 0.42154375 0.602821875 0.4338578125 0.6050875 0.44247812499999994 0.6058421875 0.448225 0.599046875 0.447403125 0.581678125 0.447403125 0.5643109374999999 0.444940625 0.5461875
4 0.43550000000000005 0.46236718750000005 0.4313953125 0.43669375 0.42729062500000003 0.41252812499999997 0.4219546875 0.395915625 0.4174390625 0.389875 0.405946875 0.3951609375 0.41005156249999997 0.421590625 0.412925 0.451040625 0.414565625 0.47520468749999994 0.4170296875 0.5114515625 0.42523906250000004 0.5008796875 0.43344843749999995 0.501634375 0.440015625 0.5031453124999999 0.43550000000000005 0.46236718750000005
1 0.447403125 0.594515625 0.45109843749999995 0.599046875 0.45684375 0.5952703125000001 0.46094843750000003 0.5846984375 0.463821875 0.5763921875 0.4584859375 0.561290625 0.4547921875 0.5529828125 0.448225 0.5507187499999999 0.447403125 0.5680859375 0.447403125 0.5831890625 0.447403125 0.594515625
1 0.48845 0.5620453125 0.4851671875 0.55449375 0.4798296875 0.5567593750000001 0.47572656249999995 0.5552484375 0.4708 0.5575140625 0.46833749999999996 0.5680859375 0.46874843750000006 0.581678125 0.46833749999999996 0.589984375 0.47449375 0.599046875 0.4781890625 0.6035765625 0.48229375 0.6065984375 0.4851671875 0.607353125 0.4876296875 0.60055625 0.48803906250000006 0.58771875 0.48721875 0.5733718750000001 0.48845 0.5620453125
1 0.4987125 0.5914953125 0.49748125 0.58016875 0.49501718749999996 0.5726171875 0.489271875 0.568840625 0.4876296875 0.5854546875 0.48968125 0.59678125 0.49214375 0.6020671875 0.4962484375 0.599046875 0.4987125 0.5914953125
2 0.52744375 0.518246875 0.5266234375 0.53335 0.5290859375 0.552228125 0.52744375 0.5665765625 0.5303171875 0.5846984375 0.5336015625 0.6050875 0.5401687500000001 0.6065984375 0.5492 0.6058421875 0.5569984375 0.598290625 0.5512515625 0.514471875 0.5467359375 0.5046546875 0.5389375000000001 0.5069203124999999 0.530728125 0.509940625 0.52744375 0.518246875
4 0.5323703125 0.5106953125 0.5381171874999999 0.5054093749999999 0.542221875 0.5054093749999999 0.550840625 0.509940625 0.5471468749999999 0.48804218749999995 0.5463265625 0.46161250000000004 0.544684375 0.43820312499999997 0.5430421875 0.41328437500000004 0.5393484374999999 0.3928953125 0.53524375 0.3808125 0.5262125 0.38232343750000003 0.5216984375 0.3951609375 0.523340625 0.421590625 0.527034375 0.4480203125 0.5286765625000001 0.4872875 0.5286765625000001 0.5159812500000001 0.5323703125 0.5106953125
1 0.6169265625 0.56733125 0.6169265625 0.559025 0.615284375 0.5492078125 0.6099484375 0.55449375 0.60584375 0.5658203125 0.6095375 0.5748828125000001 0.6136421875 0.5831890625 0.6173359375 0.5794125 0.6169265625 0.56733125
1 0.695325 0.65568125 0.6945046875 0.6670078125 0.69901875 0.6760703125 0.7051765624999999 0.6806015624999999 0.7105125 0.6798453125 0.7109234375 0.6738046875 0.70805 0.662478125 0.7047656250000001 0.6488859375 0.7039453124999999 0.6375578125 0.7006609375 0.6398234375 0.69655625 0.647375 0.695325 0.65568125
2 0.370646875 0.69796875 0.3751609375 0.6994796875 0.3809078125 0.6994796875 0.385834375 0.695703125 0.3891171875 0.6934375 0.39404374999999997 0.68135625 0.39773749999999997 0.6722937499999999 0.3985578125 0.6609671875 0.4002 0.6503953124999999 0.3997890625 0.6420890625 0.395684375 0.6368031249999999 0.3915796875 0.63000625 0.38378125 0.6277421875 0.37803437500000003 0.632271875 0.3722890625 0.6458640625000001 0.36982499999999996 0.6587015625 0.36572031250000003 0.675315625 0.3653109375 0.6889078125 0.370646875 0.69796875
7 0.293871875 0.6713796875 0.2898625 0.6844281249999999 0.2843125 0.69804375 0.2809203125 0.7116609375 0.27320937500000003 0.7485375000000001 0.277528125 0.7366234375 0.2806109375 0.7230078125 0.2867796875 0.7037171875 0.2954140625 0.6844281249999999 0.3000390625 0.6719468749999999 0.30250625000000003 0.6685421875 0.29880625 0.6623015624999999 0.293871875 0.6713796875
7 0.3040484375 0.6702453125 0.30065624999999996 0.67308125 0.2981890625 0.6810234375 0.29603125 0.6929375 0.2923296875 0.7088234375 0.2877046875 0.7218734375 0.27906875000000003 0.7326515625 0.2852375 0.7292484375 0.2914046875 0.7224406250000001 0.2954140625 0.714496875 0.29880625 0.704853125 0.3003484375 0.6929375 0.301890625 0.68329375 0.3040484375 0.6702453125
7 0.31854375 0.6725140625 0.31145 0.6713796875 0.3129921875 0.69350625 0.3120671875 0.7162 0.3102171875 0.73095 0.30775 0.7502390625 0.3034328125 0.7632890625 0.29664687500000003 0.77406875 0.30219843750000003 0.7757703125 0.307440625 0.764990625 0.3133 0.7508078125 0.316384375 0.732084375 0.31823437499999996 0.7076890625 0.3179265625 0.6878328125000001 0.31854375 0.6725140625
6 0.28600781249999996 0.7992468749999999 0.289946875 0.8026562500000001 0.29550624999999997 0.803509375 0.299678125 0.7996734375 0.3057015625 0.7966890624999999 0.30825 0.79370625 0.31103125 0.7873125 0.3135796875 0.7826234375000001 0.315896875 0.771540625 0.31682343749999997 0.765146875 0.316128125 0.7561953124999999 0.3156640625 0.7523593749999999 0.311725 0.7617359375 0.3091765625 0.7723921875 0.306396875 0.7783609375 0.3013 0.7817703125000001 0.2989828125 0.78091875 0.2959703125 0.7775078125 0.2945796875 0.771540625 0.2945796875 0.7634421875 0.29643437499999997 0.7574734375000001 0.2989828125 0.7523593749999999 0.3013 0.745965625 0.3008359375 0.7361609375 0.2975921875 0.73019375 0.2945796875 0.7280625 0.290640625 0.731046875 0.28878750000000003 0.735309375 0.287396875 0.73871875 0.2846171875 0.7438343749999999 0.28206875 0.7485234375 0.2799828125 0.75150625 0.277203125 0.7532109375 0.274421875 0.7553421874999999 0.27025156250000004 0.7540640625 0.26747187499999997 0.74724375 0.26909375 0.7412765625 0.2697890625 0.73871875 0.2688609375 0.7348828125 0.2656171875 0.7361609375 0.26144687499999997 0.739571875 0.25704531249999996 0.7429812499999999 0.2558859375 0.7540640625 0.254728125 0.7617359375 0.25634999999999997 0.7685562499999999 0.2602890625 0.7762296875 0.26399531249999997 0.77708125 0.2718734375 0.775803125 0.2758125 0.77281875 0.2829953125 0.7732453125000001 0.2829953125 0.7834749999999999 0.28253125 0.7911484375 0.28600781249999996 0.7992468749999999
6 0.22252187499999998 0.74085 0.21997343749999998 0.7370140625 0.21812031250000002 0.7476703125 0.2167296875 0.7527859375 0.2137171875 0.7570484375000001 0.21116875 0.7574734375000001 0.209084375 0.7553421874999999 0.20769375 0.7506546875 0.2056078125 0.74724375 0.2053765625 0.741703125 0.2051453125 0.7357359375 0.206534375 0.733178125 0.206071875 0.72593125 0.20166875 0.7318984375 0.200975 0.7361609375 0.2007421875 0.7399984374999999 0.20120624999999998 0.7468171875 0.200046875 0.7527859375 0.20120624999999998 0.7574734375000001 0.202828125 0.7617359375 0.2056078125 0.7668515625000001 0.21395 0.7719671875 0.21719375 0.7711140624999999 0.22066875000000002 0.763015625 0.2229859375 0.75576875 0.22391250000000001 0.7476703125 0.22252187499999998 0.74085
6 0.21696093749999998 0.76003125 0.2164984375 0.771540625 0.2197421875 0.7804921874999999 0.2262296875 0.78305 0.23572968749999998 0.7847546875 0.2394359375 0.7787875 0.2445328125 0.766425 0.244996875 0.7574734375000001 0.24221718750000001 0.7485234375 0.24013125 0.7429812499999999 0.2368875 0.7489484375 0.2361921875 0.7549171875 0.2331796875 0.7596046875 0.2304 0.7647203124999999 0.226925 0.7655734375 0.22414375 0.7608843750000001 0.225303125 0.7527859375 0.226925 0.74724375 0.22831406250000003 0.7370140625 0.22831406250000003 0.7336046875 0.2248390625 0.7391453125 0.2215953125 0.745965625 0.2183515625 0.7553421874999999 0.21696093749999998 0.76003125
7 0.228546875 0.671796875 0.22414375 0.6854375 0.219046875 0.7041921875 0.216034375 0.716553125 0.21255937500000002 0.7336046875 0.21255937500000002 0.7446859375 0.21812031250000002 0.7233734375 0.22275312500000002 0.7050453125 0.2310953125 0.6794703125 0.2392046875 0.6645515625 0.24337499999999998 0.6556 0.2361921875 0.6509109375000001 0.228546875 0.671796875
7 0.24963125000000003 0.6666828125 0.2475453125 0.6798968750000001 0.24383906249999998 0.692684375 0.24036249999999998 0.7110125 0.2361921875 0.73019375 0.2313265625 0.745965625 0.23596093749999997 0.74085 0.241984375 0.7238 0.24963125000000003 0.701634375 0.25380156249999997 0.682028125 0.254959375 0.6666828125 0.25009375 0.6619937499999999 0.24963125000000003 0.6666828125
7 0.37585156249999996 0.7538390625 0.3707625 0.761328125 0.3680484375 0.7794265625000001 0.36552656250000004 0.790390625 0.37585156249999996 0.7538390625
7 0.357871875 0.8174953125 0.36335 0.7980968749999999 0.35888906249999997 0.80938125 0.357871875 0.8174953125
