4 0.2993812115150831 0.3112147649766028 0.32740925759071615 0.3118721378800249 0.3240994338409564 0.4529854259206522 0.2960713879379 0.45232805845983937
4 0.39264260030188325 0.34723731536199126 0.41837884715494056 0.34914657447041103 0.40789616130052764 0.49044300624257026 0.3821599161940412 0.4885337644757811
4 0.4112291703105484 0.34183134846744945 0.43606422200969064 0.3419487238188688 0.4354119679330779 0.47995032798350845 0.4105769162372326 0.47983295365104206
4 0.4378477857941334 0.35737341301845404 0.4612272453364312 0.3566980683609069 0.46521245008557344 0.4946529801785616 0.44183299081760197 0.4953283187486519
4 0.5355713177104917 0.4980737401096121 0.5135283791718166 0.4983113186650416 0.5122266997447014 0.3775289981440919 0.5342692787262422 0.3772914215426417
4 0.5864263086170922 0.485134777819048 0.5646618693513119 0.48435408574834904 0.5688442692242006 0.3677676608766316 0.5906083734327012 0.3685483468659155
4 0.6205175083647418 0.49438351574401396 0.5983813333090211 0.4932883699372666 0.6045484354046948 0.36864437842509373 0.6266842428137807 0.36973951503526725
4 0.6884031851276404 0.45905887744831464 0.6651538912517481 0.4612588723424467 0.6537301751752693 0.3405385897104343 0.6769791214774159 0.33833861157173456
4 0.6566892996883098 0.7843413658485537 0.6347972226069487 0.7869886035213892 0.6203735189018289 0.6677249764678802 0.6422650256999987 0.6650777734510337
4 0.5880635725415004 0.7778638416064628 0.5669746430977511 0.7790374616684757 0.560482675043545 0.6623961470226586 0.5815710701817807 0.661222541771382
4 0.4153805591967057 0.7857679212398982 0.3925352462167666 0.7844010509774672 0.3996990524775583 0.6646941075248077 0.42254376177743325 0.6660609596767956
4 0.32505965681957605 0.6735363580770589 0.34890555871299966 0.6742255927397216 0.34544747895006367 0.7938481588118845 0.3216015774240759 0.793158933368512
6 0.45884633400225994 0.7256551500039146 0.48253083542920194 0.722272224271509 0.4895031942935475 0.7710788427215056 0.46581869691794964 0.7744617494258802
