2 0.3591859375 0.5144203125 0.36285 0.5299203125 0.37099375 0.5316421874999999 0.3807640625 0.521309375 0.38687187500000003 0.5109765625 0.39135 0.4989203125 0.392571875 0.46361406250000003 0.39175625 0.44983593749999995 0.38320781249999997 0.44380781249999995 0.37017968749999997 0.44553125 0.36814375 0.4541421875 0.3648859375 0.46103125 0.36000156250000004 0.47308593749999994 0.3591859375 0.4928921875 0.3591859375 0.5144203125
2 0.4340984375 0.5325046875 0.44427656249999997 0.5126984375 0.4459046875 0.49203125 0.44020468749999997 0.46619687499999996 0.4349125 0.4618921875 0.42717656249999997 0.45328125 0.41944218749999995 0.44553125 0.4149640625 0.45758593750000004 0.4096703125 0.482559375 0.4096703125 0.5092531250000001 0.41048437499999996 0.517865625 0.41048437499999996 0.5281984375000001 0.4141484375 0.5393921875000001 0.4235125 0.5436984375 0.4340984375 0.5325046875
2 0.412928125 0.4885859375 0.40845000000000004 0.47394687500000005 0.401528125 0.46103125 0.3942 0.4601703125 0.38727812500000003 0.4791140625 0.3836140625 0.5118375000000001 0.384428125 0.5221703125 0.390128125 0.5325046875 0.395421875 0.5359484375 0.40112031249999996 0.53078125 0.40926406249999997 0.5187265625 0.412928125 0.505809375 0.412928125 0.4885859375
8 0.59040625 0.37982031250000003 0.5870515625 0.3620875 0.579925 0.35588125000000004 0.5753125 0.3709546875 0.566928125 0.4028734375 0.562315625 0.4534109375 0.5698624999999999 0.448978125 0.5832796874999999 0.449865625 0.5916640625 0.448978125 0.5937609375 0.44188593750000005 0.593340625 0.424153125 0.5895671874999999 0.39666718749999996 0.59040625 0.37982031250000003
8 0.6122078125 0.40730625 0.6075953125 0.3860265625 0.60046875 0.3709546875 0.5920828124999999 0.3762734375 0.5916640625 0.39489375 0.5941796874999999 0.4401125 0.5950171875 0.4507515625 0.60046875 0.4667109375 0.609271875 0.4702578125 0.619753125 0.4640515625 0.619753125 0.45873125000000003 0.6172375 0.435678125 0.6122078125 0.40730625
8 0.28393437499999996 0.616553125 0.288965625 0.61300625 0.2960921875 0.5961609375 0.29776875 0.5864078125 0.2981890625 0.568675 0.3036390625 0.5403015625 0.29567343749999997 0.5411890625 0.28393437499999996 0.5456218749999999 0.2696796875 0.5429625 0.2692609375 0.5473953125000001 0.27345312499999996 0.5801999999999999 0.2772265625 0.6023671875 0.28393437499999996 0.616553125
5 0.3966077296875 0.5832868859375 0.39797534375 0.575765015625 0.3836154078125 0.573713596875 0.3589983765625 0.573713596875 0.3097643140625 0.5846544984375 0.32617566875000004 0.5908087578125001 0.3596821828125 0.597646821875 0.37814495625 0.5962792078125 0.391137278125 0.5928601765625 0.3966077296875 0.5832868859375
8 0.42259237499999996 0.577132628125 0.41438669843750003 0.58807353125 0.4075486328125 0.601749659375 0.4075486328125 0.6161095953125 0.40823243906249995 0.643461853125 0.40276198750000003 0.7268862375 0.41438669843750003 0.719364365625 0.43011424531250003 0.5730297890625 0.4273790203125 0.571662178125 0.42259237499999996 0.577132628125
5 0.6557703671875 0.553199403125 0.6496161109374999 0.552515596875 0.6338885624999999 0.5600374671874999 0.6311533359375 0.5634565 0.63252095 0.56824314375 0.6605570125 0.5675593375 0.6557703671875 0.553199403125
0 0.5778164343750001 0.6208962390625 0.6202124328124999 0.599698240625 0.6899606890625 0.5846544984375 0.7241510109375 0.539523275 0.7132101078125 0.506700565625 0.624315271875 0.566191725 0.42669521250000003 0.5949115953125 0.40481340781249997 0.595595403125 0.387718246875 0.624999078125 0.42874663281250003 0.6318371421875 0.459517921875 0.6564541734375 0.5025977265625 0.6762845609375 0.5272147578124999 0.6427780453125 0.5477289515625 0.63457236875 0.5778164343750001 0.6208962390625
6 0.5169576625000001 0.70637204375 0.5176414687500001 0.70637204375 0.5203766937500001 0.7111586890625 0.5272147578124999 0.718680559375 0.529949984375 0.7234672046874999 0.5354204359375 0.7255186234375001 0.5408908875 0.7248348171875 0.539523275 0.7132101078125 0.539523275 0.6995339796875 0.5354204359375 0.690644496875 0.5203766937500001 0.6892768828125 0.5121710171875 0.6940635281249999 0.503281534375 0.7022692046875 0.4896054046875 0.7118424953125 0.484134953125 0.7220995921875 0.484134953125 0.7248348171875 0.4991786953125 0.7159453328125001 0.5169576625000001 0.70637204375
5 0.6817550125 0.434217084375 0.6906444953124999 0.42190856718749997 0.6879092703125 0.413019084375 0.6803874000000001 0.41028385937499995 0.6660274640625 0.41028385937499995 0.6578217875 0.410967665625 0.6434618515625 0.414386696875 0.648248496875 0.42806282656250005 0.6502999171875 0.432849471875 0.6537189484375 0.434900890625 0.6667112703125 0.43831992187499996 0.6817550125 0.434217084375
