8 0.21778124999999998 0.3696328125 0.21612499999999998 0.38282343750000003 0.2144671875 0.40311874999999997 0.22661718749999998 0.40920781249999993 0.2315859375 0.40616250000000004 0.229378125 0.39500156249999996 0.2255125 0.37775 0.21778124999999998 0.3696328125
8 0.25809375 0.407178125 0.2586453125 0.4010890625 0.25698906250000003 0.38789843749999997 0.2531234375 0.38079375 0.24263125 0.38586875 0.2354515625 0.40616250000000004 0.2470484375 0.40616250000000004 0.253675 0.40616250000000004 0.25809375 0.407178125
2 0.5932906250000001 0.5522875 0.58169375 0.5431546875000001 0.5695453125000001 0.5380796875 0.55684375 0.5421390625 0.5596046875 0.5928765625 0.56623125 0.624334375 0.5767234375 0.6354968750000001 0.5883203124999999 0.6233187499999999 0.591634375 0.6040390625 0.5932906250000001 0.5522875
1 0.441665625 0.5796187500000001 0.444065625 0.568278125 0.44337968749999995 0.5518953125 0.43994999999999995 0.538034375 0.43686406250000004 0.5418140625000001 0.43549375 0.5493750000000001 0.43274999999999997 0.5600859375 0.428978125 0.5689078125 0.4286359375 0.5789890625 0.43000625000000003 0.58655 0.4358359375 0.5859203125 0.441665625 0.5796187500000001
1 0.4245203125 0.53929375 0.4207484375 0.5487453125 0.41732031249999996 0.5569359375 0.41697656250000004 0.5689078125 0.4162921875 0.5720578125 0.41766249999999994 0.5808796875 0.42109218750000005 0.5852890625 0.4262359375 0.5833999999999999 0.42486406250000003 0.564496875 0.42520625 0.5525249999999999 0.4245203125 0.53929375
1 0.4025765625 0.59348125 0.4060046875 0.5897 0.40840468750000003 0.58655 0.4121765625 0.5796187500000001 0.41046250000000006 0.568278125 0.40463281249999994 0.5638671875 0.40086093749999996 0.5758390624999999 0.4001765625 0.5972609375 0.4025765625 0.59348125
0 0.3837958984375 0.620257828125 0.5032394890624999 0.63602195625 0.6028379515625 0.6374214578124999 0.6048722765625001 0.5777479578125 0.398347403125 0.5620518140625 0.38076433593750003 0.6214704531249999 0.3837958984375 0.620257828125
0 0.1648123375 0.36102813125 0.171755628125 0.40827858125 0.2995122578125 0.4471906875 0.393940959375 0.4722056109375 0.46615125625 0.4708159125 0.5189202093749999 0.4694261625 0.5619687015625 0.4638673203125 0.5952964171875 0.4624775703125 0.6633406953125001 0.44858038593750005 0.6883365875 0.42356546249999993 0.7015638171874999 0.39047214218750004 0.61057174375 0.42634491093750004 0.5230862265625 0.4430215421875 0.3828317578125 0.4471906875 0.274652746875 0.4135416671875 0.2689617109375 0.412447725 0.2425772875 0.40271968593749996 0.21063810468750002 0.3735356171875 0.1648123375 0.36102813125
0 0.3897750484375 0.6292437890625 0.30228953125 0.630633540625 0.26340716249999996 0.6153466046875 0.235633996875 0.588941984375 0.1981401578125 0.5541990218749999 0.18263885625 0.5524305578125001 0.1898082296875 0.6042289734375 0.235633996875 0.6361923828125 0.274516365625 0.6612073046875 0.37311108593750003 0.680663490625 0.40227299375000003 0.634802684375 0.3897750484375 0.6292437890625
0 0.696668621875 0.641751278125 0.6466768390625 0.64731011875 0.599462434375 0.6264643421875 0.62187496875 0.6635416671875001 0.7022231703124999 0.6792736875000001 0.7341623546875 0.644530725 0.7536034859375 0.5917213796875 0.7508262125 0.565316759375 0.7050004453125001 0.6278540921875 0.696668621875 0.641751278125
