7 0.25341562500000003 0.45547343749999997 0.25155 0.4252671875 0.2504296875 0.3978078125 0.2493109375 0.4362515625 0.25341562500000003 0.45547343749999997
7 0.2556546875 0.44105625000000004 0.25677343750000003 0.4506671875 0.2668484375 0.3696625 0.2556546875 0.44105625000000004
2 0.2612515625 0.5405968750000001 0.2661015625 0.546775 0.2717 0.5440296874999999 0.278415625 0.5419703124999999 0.287371875 0.553640625 0.29446249999999996 0.5474625 0.30117812499999996 0.5440296874999999 0.30602968750000004 0.5303 0.30565625 0.5117640625 0.3041640625 0.49872187500000004 0.2967 0.4863640625 0.286625 0.4863640625 0.277296875 0.4829328125 0.26908750000000003 0.489796875 0.2623703125 0.5062734375 0.259759375 0.5268671875 0.2593859375 0.5337328125 0.2612515625 0.5405968750000001
2 0.3388671875 0.561878125 0.34110625 0.545403125 0.342225 0.5268671875 0.34110625 0.5049 0.332896875 0.49322968749999996 0.321328125 0.489796875 0.3161046875 0.49597499999999994 0.3090140625 0.5103921875 0.304909375 0.5289265624999999 0.3052828125 0.55089375 0.306775 0.5687421875 0.3172234375 0.5728625 0.3254328125 0.5687421875 0.3343890625 0.5708015625 0.3388671875 0.561878125
4 0.31834375000000004 0.388884375 0.3090140625 0.3772140625 0.3026703125 0.3916296875 0.2940890625 0.42114843750000003 0.287371875 0.44998125 0.281028125 0.47126250000000003 0.28028125 0.48155937499999996 0.29782031249999996 0.4884234375 0.2993125 0.48155937499999996 0.30304375 0.473321875 0.3071484375 0.45410000000000006 0.3123734375 0.42458125 0.31834375000000004 0.388884375
4 0.3370015625 0.49597499999999994 0.3399859375 0.49254375 0.344090625 0.46920312500000005 0.3500609375 0.42801406249999996 0.35043437499999996 0.388196875 0.336628125 0.38682500000000003 0.33065781250000004 0.41497031250000005 0.32244843749999996 0.46851562500000005 0.32244843749999996 0.4863640625 0.3370015625 0.49597499999999994
7 0.625621984375 0.5352569328125 0.6228343749999999 0.506959375 0.61350625 0.44174375 0.6173019281250001 0.5375680593750001 0.625621984375 0.5352569328125
1 0.6538062499999999 0.5392234375 0.6452234375 0.5303 0.6414921875 0.532359375 0.6426109375 0.5543265625 0.6470890625 0.5865921875 0.6515671875 0.58521875 0.6642546874999999 0.5879640625 0.6735828125000001 0.5845312500000001 0.6743296875 0.5762937499999999 0.668359375 0.561878125 0.6538062499999999 0.5392234375
7 0.5943734375 0.7217359375 0.589740625 0.7213093749999999 0.6124113015625 0.8132998125 0.602946875 0.7664921875 0.6008609375 0.7468843749999999 0.59808125 0.7174734375 0.5943734375 0.7217359375
7 0.573984375 0.8010187500000001 0.5688875 0.804003125 0.576765625 0.8453484375 0.5797765625 0.8440703125000001 0.573984375 0.8010187500000001
2 0.5552859375 0.6576234375000001 0.5396140625 0.6672343749999999 0.5399875 0.6823359375 0.5422265625 0.722153125 0.5478234375000001 0.7400015625 0.55379375 0.7489250000000001 0.563121875 0.7489250000000001 0.5702125 0.7400015625 0.5754359375 0.7290171875 0.5769296875000001 0.7146015625000001 0.5787953124999999 0.70705 0.5750625 0.6892015625 0.572078125 0.6734125 0.564615625 0.662428125 0.5552859375 0.6576234375000001
0 0.6883365875 0.7098475046875 0.7369396296875 0.694560675 0.7813766531249999 0.6195157499999999 0.72860759375 0.66676630625 0.6772272781249999 0.694560675 0.5925191421875 0.7015092671875001 0.5147542984375 0.7251343875 0.4328234359375 0.71818579375 0.3592245015625 0.7001194640625 0.2995122578125 0.6528691203125 0.253686490625 0.611177565625 0.23472219062500002 0.604513890625 0.28701431093749996 0.66676630625 0.3106214609375 0.6973400171875 0.3828317578125 0.737641875 0.5008677140625 0.7348623734374999 0.600851071875 0.7279137828125 0.6883365875 0.7098475046875
0 0.7188870281249999 0.502779428125 0.7299963375 0.484713096875 0.7022231703124999 0.4861027953125 0.6647294390625 0.5208457578125001 0.617515034375 0.530573796875 0.56752325 0.5347429421875 0.5050336265625 0.5389120875 0.47587182187500005 0.5389120875 0.4328234359375 0.530573796875 0.374499828125 0.5097280203125 0.3175647515625 0.490271940625 0.296734878125 0.47776450625000005 0.2647958 0.44580093749999994 0.23146797968750002 0.42078601562499995 0.22604163437499997 0.4343750015625 0.2578525078125 0.4749850578125 0.356447228125 0.526404653125 0.49114704218750005 0.5667064578125001 0.580021196875 0.561147615625 0.660563421875 0.5319634953125 0.7188870281249999 0.502779428125
