2 0.3792914078125 0.5130144546875 0.3981090578125 0.44784100000000004 0.3483542140625 0.433476203125 0.3295364203125 0.4986494140625 0.3792914078125 0.5130144546875
2 0.597158959375 0.4451573890625 0.5609652406250001 0.44678591093750003 0.564499590625 0.525330978125 0.6006933078125 0.523702465625 0.597158959375 0.4451573890625
2 0.6153391921875 0.43600698906249996 0.5920510421875 0.438966484375 0.6008629937500001 0.5083027875 0.624151140625 0.5053433078125 0.6153391921875 0.43600698906249996
2 0.63669628125 0.428545790625 0.6083077375 0.4377167875 0.627307134375 0.49652506875 0.6556956609375 0.4873541125 0.63669628125 0.428545790625
2 0.63268535 0.48858046406250005 0.6920660187500001 0.4861448421875 0.6889092359375 0.4091941671875 0.629529184375 0.4116297765625 0.63268535 0.48858046406250005
1 0.737854625 0.41978306249999997 0.7502127140625 0.41783774375 0.74366356875 0.376235059375 0.7313055421875 0.3781803734375 0.737854625 0.41978306249999997
2 0.34033082812500004 0.5895995968750001 0.3752041390625 0.594088771875 0.382707184375 0.535807196875 0.347834215625 0.5313180453124999 0.34033082812500004 0.5895995968750001
2 0.357462178125 0.5244484078125 0.3102733375 0.516197075 0.2988385890625 0.5815857984374999 0.34602741875 0.589837084375 0.357462178125 0.5244484078125
8 0.3250111875 0.6060482171875 0.31877811718750004 0.5916202953125 0.3008069078125 0.5993832671875 0.30703994843750004 0.6138111625 0.3250111875 0.6060482171875
2 0.239642634375 0.5846283859375 0.30128637187499996 0.5986411265625 0.31878020625 0.5216894437499999 0.2571372578125 0.507676796875 0.239642634375 0.5846283859375
1 0.2542626453125 0.5210615484375001 0.24558515781249998 0.5184281265624999 0.23432306875000003 0.5555350359375 0.2430005515625 0.5581684499999999 0.2542626453125 0.5210615484375001
5 0.6900158515625 0.5898300437499999 0.6859449859375 0.5192825015625 0.6282384796875 0.5226121640625 0.6323089796875 0.5931593546875 0.6900158515625 0.5898300437499999
