2 0.3622350125 0.50170666875 0.3689006390625 0.51001448125 0.373999075 0.51084416875 0.3810568890625 0.50503010625 0.3861537640625 0.48924729375 0.3861537640625 0.46432854375000004 0.381449075 0.45602229375 0.3689006390625 0.43940823125 0.360274075 0.43691760625000003 0.351255325 0.43442541874999996 0.3418443875 0.45602229375 0.336355325 0.47761916875 0.3410600125 0.49506291874999997 0.343805325 0.50170666875 0.3551772 0.50503010625 0.3622350125 0.50170666875
7 0.365284375 0.385875 0.3629265625 0.345934375 0.356740625 0.3197234375 0.35998125000000003 0.3609125 0.3608640625 0.3871234375 0.365284375 0.385875
7 0.3528171875 0.415409375 0.35676718749999997 0.4038234375 0.352209375 0.38386718750000004 0.351296875 0.3619796875 0.3458265625 0.33945 0.348865625 0.3735671875 0.349778125 0.3993171875 0.3528171875 0.415409375
7 0.3288078125 0.413478125 0.323640625 0.3619796875 0.3215125 0.33365625 0.31908125 0.31820624999999997 0.31665 0.3252875 0.31634687499999997 0.3587609375 0.315434375 0.3793609375 0.32029687500000004 0.3812921875 0.322425 0.38644218750000003 0.32759218749999997 0.420559375 0.3288078125 0.413478125
7 0.31725781249999996 0.42828437499999994 0.31026875 0.405109375 0.299934375 0.3748546875 0.3099640625 0.417340625 0.3145234375 0.431503125 0.31725781249999996 0.42828437499999994
7 0.543475 0.450178125 0.55130625 0.451215625 0.5498375 0.3859 0.5488593749999999 0.34028437500000003 0.5483703125 0.306071875 0.5469015625 0.38901093750000004 0.5444546875 0.4398109375 0.543475 0.450178125
2 0.59193125 0.4481046875 0.5777375 0.44603125 0.56696875 0.44706875 0.5630531249999999 0.4615828125 0.5625640625 0.48231718749999997 0.56354375 0.5040890625000001 0.5655015624999999 0.5196390625 0.5757796875000001 0.5248234375 0.58850625 0.5196390625 0.5992734375000001 0.5051249999999999 0.5987843749999999 0.4812796875 0.59193125 0.4481046875
2 0.601721875 0.4377375 0.592421875 0.441884375 0.5968265625 0.4740234375 0.5992734375000001 0.49579531250000003 0.6031890625 0.5020156250000001 0.6095531249999999 0.5071984375 0.6164046875 0.5040890625000001 0.6217890625 0.49786875 0.6213 0.4833546875 0.618853125 0.46365625 0.6115109375000001 0.44603125 0.601721875 0.4377375
2 0.6178734375 0.4346265625 0.6129781249999999 0.442921875 0.6183625 0.4688390625 0.6247265625 0.48853749999999996 0.6359843749999999 0.49372187500000003 0.6467515625 0.48853749999999996 0.6501781249999999 0.47920625 0.6487093749999999 0.4657296875 0.6443046875 0.4553625 0.6335359375 0.441884375 0.6252156249999999 0.432553125 0.6178734375 0.4346265625
2 0.690803125 0.4553625 0.689825 0.4315171875 0.68541875 0.41181875 0.6722046875000001 0.41181875 0.6609468749999999 0.41181875 0.6501781249999999 0.41078281250000004 0.6340265625 0.4221859375 0.6306 0.4377375 0.6340265625 0.459509375 0.6491984375000001 0.4729859375 0.6589890625 0.4875015625 0.6682875 0.4833546875 0.6780781250000001 0.47920625 0.6878671875 0.476096875 0.690803125 0.4553625
1 0.7419984375 0.383678125 0.7371359375 0.383034375 0.7331859374999999 0.377884375 0.7334890625 0.389471875 0.7353125 0.40363437500000005 0.73865625 0.4158640625 0.7423031250000001 0.4190828125 0.7462546875 0.41522031249999997 0.7480781249999999 0.404278125 0.74595 0.390759375 0.7419984375 0.383678125
7 0.6678437500000001 0.3289609375 0.6638921875 0.29806093749999996 0.6590296875 0.265875 0.66115625 0.3263859375 0.6590296875 0.350846875 0.6590296875 0.374665625 0.6578140625 0.38882812499999997 0.6638921875 0.395265625 0.66693125 0.40363437500000005 0.6699703125 0.4081390625 0.670275 0.397196875 0.6799999999999999 0.36307812500000003 0.682734375 0.3315359375 0.6711859375 0.382390625 0.669059375 0.355996875 0.6678437500000001 0.3289609375
7 0.6553828125 0.36307812500000003 0.658725 0.350203125 0.6614609375 0.3379734375 0.655990625 0.354065625 0.65234375 0.37015937499999996 0.6517359375 0.390759375 0.65234375 0.399771875 0.6569015625 0.392690625 0.6544703125 0.378528125 0.6553828125 0.36307812500000003
7 0.72006875 0.5684984375 0.732125 0.5865859375 0.7411671875 0.6083984375 0.74845 0.6275515625 0.7547296875 0.644575 0.7579953125000001 0.6456390625 0.7419203125 0.5998875 0.7333796875 0.57435 0.721575 0.5525375 0.722078125 0.5621140625 0.72006875 0.5684984375
7 0.72685 0.644575 0.7205703125 0.6264875 0.71605 0.6046750000000001 0.7110265625000001 0.5770109375 0.7042437500000001 0.5764781250000001 0.7072578125 0.5881828125 0.7130359375 0.6121234375 0.7198171875 0.6360640625 0.7271015625 0.650428125 0.7371484374999999 0.6653234375 0.7346359375 0.6578765625 0.72685 0.644575
2 0.3543765625 0.5359281250000001 0.3483078125 0.5427828124999999 0.3442625 0.5590609375 0.34385937499999997 0.5821953125 0.3531625 0.5856234375 0.36934374999999997 0.593334375 0.376625 0.5830515625 0.3790515625 0.5642031249999999 0.375815625 0.5479234374999999 0.3701515625 0.54106875 0.3636796875 0.5333578125 0.3543765625 0.5359281250000001
2 0.334959375 0.526503125 0.32889218750000004 0.527359375 0.3195875 0.5179343750000001 0.3090703125 0.5230765625 0.305025 0.546209375 0.3062390625 0.5676296875 0.3098796875 0.5813390625 0.32241875000000003 0.5856234375 0.3317234375 0.5873359375 0.3361734375 0.5864796875 0.3418359375 0.5873359375 0.3483078125 0.5659156249999999 0.3527578125 0.55135 0.34669062500000003 0.5290734375 0.3398140625 0.5213625000000001 0.334959375 0.526503125
8 0.311496875 0.6079 0.31675624999999996 0.6096140625 0.32322812500000003 0.603615625 0.318778125 0.5916203125 0.30684778125 0.596773809375 0.30430951875 0.6074909203125001 0.311496875 0.6079
2 0.2989578125 0.5924765625 0.305025 0.5821953125 0.310284375 0.5590609375 0.31109375 0.5402125 0.305025 0.5230765625 0.2916765625 0.5205046875 0.2815640625 0.5136515625 0.2645734375 0.5093671875 0.253246875 0.5247890625 0.2455609375 0.560775 0.2536515625 0.573628125 0.2637640625 0.58048125 0.27792343750000004 0.5873359375 0.2892484375 0.5959046875 0.2989578125 0.5924765625
1 0.251225 0.5222187500000001 0.24960624999999997 0.5196484375 0.24313437499999999 0.526503125 0.23949375 0.5384984375 0.237471875 0.556490625 0.2419203125 0.556490625 0.2455609375 0.5479234374999999 0.25001093750000003 0.5350703125 0.251225 0.5222187500000001
7 0.26295625 0.631890625 0.27751875 0.595046875 0.27185468749999997 0.5890500000000001 0.2682140625 0.6010453124999999 0.2487984375 0.652453125 0.26295625 0.631890625
7 0.22477728125000002 0.646975009375 0.22562336875 0.6520515359375 0.2383146828125 0.6165158546875 0.23295612812500002 0.6170799125 0.22477728125000002 0.646975009375
5 0.6692239578125 0.5534631875 0.6790146703125 0.5471280203125 0.67959059375 0.545976171875 0.6669202609375 0.541944703125 0.6554017765625 0.5407928531249999 0.6473388375 0.5436724749999999 0.6392758984375 0.5546150359375 0.6467629125000001 0.5597983531249999 0.66116101875 0.55807058125 0.6692239578125 0.5534631875
