2 0.3792914078125 0.5130144546875 0.3981090578125 0.44784100000000004 0.3483542140625 0.433476203125 0.3295364203125 0.4986494140625 0.3792914078125 0.5130144546875
7 0.3613059375 0.31944415 0.356740625 0.3197234375 0.3608640484375 0.3871234390625 0.365429359375 0.38684415156249996 0.3613059375 0.31944415
7 0.3518976078125 0.4155295875 0.35819005625 0.41470700000000005 0.3483090953125 0.33912546718750003 0.3420167015625 0.33994805 0.3518976078125 0.4155295875
7 0.3192692171875 0.421320021875 0.32943964062500003 0.42039053437499996 0.3200920015625 0.318113875 0.30992169375 0.3190433578125 0.3192692171875 0.421320021875
7 0.3142591953125 0.43158281093750006 0.31791966718750003 0.4304789515625 0.30104372968750004 0.374520146875 0.2973832828125 0.375624003125 0.3142591953125 0.43158281093750006
7 0.5434991796875 0.45137353906250005 0.5513063218750001 0.45121562343750005 0.5483703125 0.306071875 0.540563309375 0.3062297890625 0.5434991796875 0.45137353906250005
2 0.597158959375 0.4451573890625 0.5609652406250001 0.44678591093750003 0.564499590625 0.525330978125 0.6006933078125 0.523702465625 0.597158959375 0.4451573890625
2 0.6153391921875 0.43600698906249996 0.5920510421875 0.438966484375 0.6008629937500001 0.5083027875 0.624151140625 0.5053433078125 0.6153391921875 0.43600698906249996
2 0.63669628125 0.428545790625 0.6083077375 0.4377167875 0.627307134375 0.49652506875 0.6556956609375 0.4873541125 0.63669628125 0.428545790625
2 0.63268535 0.48858046406250005 0.6920660187500001 0.4861448421875 0.6889092359375 0.4091941671875 0.629529184375 0.4116297765625 0.63268535 0.48858046406250005
1 0.737854625 0.41978306249999997 0.7502127140625 0.41783774375 0.74366356875 0.376235059375 0.7313055421875 0.3781803734375 0.737854625 0.41978306249999997
7 0.683381171875 0.2661157515625 0.65902968125 0.265875 0.65762434375 0.40801700468749996 0.6819758359375 0.40825775468750003 0.683381171875 0.2661157515625
7 0.64989324375 0.3995676921875 0.65628415625 0.4001002015625 0.6614609375 0.3379734375 0.6550700703125 0.3374409296875 0.64989324375 0.3995676921875
7 0.723121059375 0.5518331875 0.71430570625 0.55584905 0.7556922078125 0.6466882421875 0.7645075375 0.642672415625 0.723121059375 0.5518331875
7 0.7291698859375 0.6676831421875 0.7371487375 0.6653233484375 0.710335996875 0.5746762921874999 0.702357278125 0.5770360640625001 0.7291698859375 0.6676831421875
2 0.34033082812500004 0.5895995968750001 0.3752041390625 0.594088771875 0.382707184375 0.535807196875 0.347834215625 0.5313180453124999 0.34033082812500004 0.5895995968750001
2 0.357462178125 0.5244484078125 0.3102733375 0.516197075 0.2988385890625 0.5815857984374999 0.34602741875 0.589837084375 0.357462178125 0.5244484078125
8 0.3250111875 0.6060482171875 0.31877811718750004 0.5916202953125 0.3008069078125 0.5993832671875 0.30703994843750004 0.6138111625 0.3250111875 0.6060482171875
2 0.239642634375 0.5846283859375 0.30128637187499996 0.5986411265625 0.31878020625 0.5216894437499999 0.2571372578125 0.507676796875 0.239642634375 0.5846283859375
1 0.2542626453125 0.5210615484375001 0.24558515781249998 0.5184281265624999 0.23432306875000003 0.5555350359375 0.2430005515625 0.5581684499999999 0.2542626453125 0.5210615484375001
7 0.22104952500000002 0.650418215625 0.22562336875 0.6520515359375 0.23831471406250002 0.616515865625 0.2337409015625 0.614882553125 0.22104952500000002 0.650418215625
5 0.6900158515625 0.5898300437499999 0.6859449859375 0.5192825015625 0.6282384796875 0.5226121640625 0.6323089796875 0.5931593546875 0.6900158515625 0.5898300437499999
