1 0.274759953125 0.5539670453125 0.28092784375 0.5534087171875 0.278071084375 0.52185284375 0.271903225 0.5224111703125 0.274759953125 0.5539670453125
7 0.24965569843750002 0.45982190312500004 0.24393125000000002 0.46012031249999996 0.246543740625 0.5102328125 0.2522681890625 0.5099344046875001 0.24965569843750002 0.45982190312500004
7 0.2679256015625 0.44445587968750006 0.25923124999999997 0.44501718749999997 0.263707790625 0.5143515640625 0.272402140625 0.5137902578125 0.2679256015625 0.44445587968750006
7 0.28614519843749997 0.438336496875 0.28073999375 0.43913401875 0.2935609125 0.526021878125 0.298966115625 0.5252243625 0.28614519843749997 0.438336496875
7 0.30880203125 0.43994613749999995 0.30214375000000004 0.4408984375 0.31392983750000003 0.5232986656249999 0.3205881171875 0.522346371875 0.30880203125 0.43994613749999995
7 0.30218934375 0.42631129687499997 0.297665625 0.42648281250000003 0.30102341718750003 0.5150390640625 0.3055471359375 0.5148675500000001 0.30218934375 0.42631129687499997
6 0.2900306078125 0.41199574375000003 0.2662970484375 0.41715472499999995 0.27428280781250003 0.4538906265625 0.29801636249999996 0.44873165625 0.2900306078125 0.41199574375000003
7 0.33690539375 0.4403337515625 0.34212344687499996 0.44000000000000006 0.34048124999999996 0.4143265625 0.335263215625 0.41466031406250003 0.33690539375 0.4403337515625
7 0.5355105671875 0.538491828125 0.5416110187500001 0.5381671828125 0.5358640625 0.43018437499999995 0.5297637125 0.4305090171875 0.5355105671875 0.538491828125
7 0.5895458125 0.37464663125 0.5829403953125001 0.3737984078125 0.561705140625 0.5391549484375 0.5683105562499999 0.5400031609375 0.5895458125 0.37464663125
1 0.5740000078125 0.54192030625 0.57399998125 0.5684187546875 0.5898937531249999 0.568418746875 0.5898937453124999 0.541920334375 0.5740000078125 0.54192030625
1 0.605865315625 0.5317079921875 0.5919192359375 0.5331512968750001 0.597263121875 0.5847823390625 0.6112092015624999 0.5833390406250001 0.605865315625 0.5317079921875
2 0.6120334734374999 0.5980092421875 0.641337640625 0.5971240250000001 0.639690003125 0.54259036875 0.6103861140625 0.5434755828125 0.6120334734374999 0.5980092421875
7 0.65096360625 0.43770996718750005 0.6392717015625 0.43549996718750006 0.6179379421875 0.5483572234375 0.6296298421875 0.5505672046875 0.65096360625 0.43770996718750005
2 0.688616571875 0.5528192125 0.6379959890625 0.5499281609375 0.6343418828125 0.6139029093749999 0.6849624640624999 0.6167939453125 0.688616571875 0.5528192125
7 0.654072640625 0.546065434375 0.6601562515625 0.5462815875 0.6633265625 0.45705937499999993 0.6572430359375 0.4568432234375 0.654072640625 0.546065434375
7 0.6793157484375001 0.44573650468750003 0.6747358609375 0.445145303125 0.6630171875 0.5359203124999999 0.667597075 0.5365115109375 0.6793157484375001 0.44573650468750003
7 0.6861329203125 0.472624615625 0.6817686984375 0.4719359296875 0.671108946875 0.5394818531250001 0.6754731671875 0.5401705375 0.6861329203125 0.472624615625
6 0.5823501953125 0.8384398578125 0.5982647828125 0.8369972156250001 0.5956658781249999 0.8083338484375 0.57975140625 0.8097764843749999 0.5823501953125 0.8384398578125
2 0.60108028125 0.6368232093749999 0.57264835625 0.638677690625 0.5775263140625 0.7134538109374999 0.6059582375 0.71159934375 0.60108028125 0.6368232093749999
1 0.38436380468750003 0.686425421875 0.397736134375 0.6904354796875001 0.409853125 0.6500343749999999 0.396480903125 0.6460243343750001 0.38436380468750003 0.686425421875
7 0.40985611093749996 0.703148865625 0.40137336718750005 0.702964403125 0.39915 0.8051921875 0.40763274374999997 0.805376646875 0.40985611093749996 0.703148865625
2 0.3305201015625 0.541247459375 0.28034802812500004 0.5437248453125 0.2832060890625 0.6016007531249999 0.33337816249999996 0.59912338125 0.3305201015625 0.541247459375
6 0.16673221093749999 0.7642173640625 0.20784836874999998 0.7534656171874999 0.18236275156249998 0.6560224875 0.14124744843749998 0.6667741171875 0.16673221093749999 0.7642173640625
5 0.7425605828124999 0.8023638765625 0.7414579703124999 0.6649167890625 0.58928186875 0.6661376640625 0.5903820984375 0.8035823390625 0.7425605828124999 0.8023638765625
5 0.4151222359375 0.77163776875 0.393554275 0.6582009578125 0.24757433125 0.6859519859375001 0.26914015 0.799386903125 0.4151222359375 0.77163776875
