1 0.3821609375 0.539215625 0.3833703125 0.523284375 0.3803484375 0.5073531250000001 0.3610109375 0.5196078125 0.3561765625 0.5465687499999999 0.36584531249999996 0.567403125 0.37853593750000003 0.561275 0.3821609375 0.539215625
1 0.541696875 0.5637265625000001 0.538675 0.54411875 0.532028125 0.5379906250000001 0.5265890625 0.5563734375 0.5302156250000001 0.5808828125 0.5332359375 0.5808828125 0.538675 0.5735296875 0.541696875 0.5637265625000001
1 0.88929375 0.567934375 0.8837125 0.5798828125 0.8781296875000001 0.5905750000000001 0.8772 0.606296875 0.8793703125000001 0.6163578125 0.8880531250000001 0.6257921875 0.896115625 0.63019375 0.8989062499999999 0.6257921875 0.8942546874999999 0.606296875 0.8920843749999999 0.5849140625 0.88929375 0.567934375
1 0.9054187499999999 0.6100703125 0.9066593749999999 0.614471875 0.9125515625 0.6264203125 0.9144125000000001 0.63019375 0.9265062500000001 0.63019375 0.9345687500000001 0.6213890625 0.9404609374999999 0.609440625 0.9404609374999999 0.593090625 0.94015 0.5823984375 0.9382890625 0.5616453124999999 0.9351890624999999 0.5509546875 0.9305375 0.5484390625 0.925265625 0.5528421875 0.9203046875 0.5616453124999999 0.9137921875 0.574853125 0.90635 0.5823984375 0.9047984375 0.5886875 0.902628125 0.6050390625000001 0.9054187499999999 0.6100703125
1 0.9326234375 0.70314375 0.9329046875 0.6957109375 0.9309312500000001 0.6831343750000001 0.9283953125 0.671128125 0.921346875 0.6774171875 0.9148624999999999 0.6808468750000001 0.909225 0.6751296875 0.9013312499999999 0.6877078125 0.8979484375 0.6848484375 0.8914640625000001 0.6739859375 0.8852625 0.67913125 0.8835703125000001 0.6985703125 0.8858265624999999 0.7168640625 0.8934374999999999 0.7363015625 0.9007671875 0.742590625 0.9111984375000001 0.7460218750000001 0.9174 0.7454500000000001 0.9247296875 0.7368734375 0.929240625 0.723153125 0.9326234375 0.70314375
1 0.870603125 0.7174359375 0.8731406249999999 0.7242968750000001 0.8776515625 0.7237250000000001 0.875678125 0.7180078125 0.8748312500000001 0.710575 0.8737046875000001 0.7002843750000001 0.870603125 0.7077171875 0.870603125 0.7174359375
1 0.5337203125000001 0.69228125 0.5348484375 0.67913125 0.5323109374999999 0.6676968750000001 0.5283640625 0.66826875 0.526390625 0.6785593750000001 0.526109375 0.6939953125 0.5297734375 0.6985703125 0.5337203125000001 0.69228125
7 0.5058109375 0.8100531249999999 0.50609375 0.7923296875 0.5069390625 0.7711765625 0.50609375 0.7403046875 0.502146875 0.7414468750000001 0.502146875 0.7500234375 0.5018640624999999 0.7797515625 0.502146875 0.8111953125 0.4936890625 0.8529296875 0.49791718749999997 0.8443546874999999 0.5029921875000001 0.8272031249999999 0.5058109375 0.8100531249999999
7 0.456759375 0.8677953125 0.46155156249999996 0.8672234375000001 0.4657796875 0.858646875 0.4680359375 0.8460703125 0.4711359375 0.829490625 0.4742375 0.808909375 0.478184375 0.7780375 0.483821875 0.7494515625 0.4790296875 0.74430625 0.478184375 0.7540250000000001 0.4722640625 0.7894703125 0.4669078125 0.82891875 0.46211562500000003 0.8569328125 0.456759375 0.8677953125
9 0.40102895937499994 0.65622920625 0.385895790625 0.648662621875 0.3762655921875 0.6459111359375 0.36457178125 0.64797475 0.346687128125 0.6975014828125 0.3398084140625 0.7883004921875 0.3411841578125 0.8027457890624999 0.34462351406249997 0.810312371875 0.356317325 0.8171910859375 0.37764133437499997 0.8061851453125 0.39552598906249997 0.7766066796875 0.41272277031250004 0.7236405921875 0.4134106421875 0.6679230171875 0.40102895937499994 0.65622920625
5 0.4237287109375 0.58675420625 0.42648019687499994 0.58675420625 0.4306074234375 0.5846905921875 0.43404678125 0.5819391078125 0.43611039375000005 0.5805633640625001 0.4388618796875 0.577811878125 0.44505272187499995 0.5709331671875 0.4326710375 0.568869553125 0.42304084062499997 0.5674938093749999 0.4196014828125 0.5729967796875 0.4175378703125 0.577811878125 0.4175378703125 0.582626978125 0.4237287109375 0.58675420625
5 0.5186549484375 0.582626978125 0.5186549484375 0.5805633640625001 0.5241579187500001 0.5716210375 0.5007702953125001 0.5771240078125001 0.5000824234375 0.5771240078125001 0.5021460375 0.5819391078125 0.5076490078125 0.586066334375 0.5104004921875 0.586066334375 0.5186549484375 0.582626978125
5 0.7814217796875 0.7257042046875 0.78348539375 0.7291435625 0.7993064328124999 0.7291435625 0.804809403125 0.7298314328125 0.8151274718750001 0.7277678187500001 0.8178789578125001 0.72088910625 0.8096245015625 0.716761878125 0.796554946875 0.713322521875 0.7876126203125 0.71744975 0.7841732640625 0.7195133625000001 0.78210965 0.7222648484375 0.7814217796875 0.7257042046875
6 0.937354221875 0.839903840625 0.9319702234375 0.8361350406250001 0.9265862234375 0.840442240625 0.9238942234374999 0.8490566375 0.9282014234375 0.8544406375 0.935739021875 0.8565942375000001 0.9438150203125 0.8565942375000001 0.9448918203125001 0.8517486375000001 0.95081421875 0.8436726390624999 0.937354221875 0.839903840625
