1 0.35309703593749997 0.5653083999999999 0.37722176093750004 0.5692724375 0.3872115 0.5084808296875 0.3630870140625 0.5045168109375 0.35309703593749997 0.5653083999999999
1 0.5377632890624999 0.537142096875 0.52404383125 0.5391719171875 0.5302803218750001 0.5813201 0.543999778125 0.5792902875 0.5377632890624999 0.537142096875
1 0.8815716328125 0.6326098296875 0.899543096875 0.6296243703125 0.88929375 0.567934375 0.871322490625 0.5709198171875001 0.8815716328125 0.6326098296875
1 0.9026280281249999 0.63019375 0.9404610484375 0.63019375 0.9404608046874999 0.5484390625 0.9026283421875 0.5484390625 0.9026280281249999 0.63019375
1 0.936646328125 0.744052690625 0.9309864578125 0.670927315625 0.8817259578125001 0.674739565625 0.8873854109374999 0.74786455 0.936646328125 0.744052690625
1 0.871827165625 0.724705546875 0.8776515874999999 0.7237249953125 0.8737046875000001 0.7002843750000001 0.8678802937500001 0.7012649234375 0.871827165625 0.724705546875
1 0.535055865625 0.66774688125 0.5265904421875 0.667592659375 0.526027259375 0.698502065625 0.5344926828125 0.6986562875 0.535055865625 0.66774688125
7 0.511073753125 0.7406824265624999 0.5022555 0.7400135515625 0.4936890625 0.8529296875 0.5025073140625 0.8535985546875 0.511073753125 0.7406824265624999
7 0.4862627953125 0.7456104140625001 0.47902935781249995 0.7443061906249999 0.456759375 0.8677953125 0.4639928078125 0.8690995171875 0.4862627953125 0.7456104140625001
9 0.41836963593750004 0.6491003046875 0.35074177500000003 0.643977834375 0.337726403125 0.81578294375 0.40535425312499995 0.820905315625 0.41836963593750004 0.6491003046875
6 0.943980909375 0.8607523859375 0.95081425 0.843672559375 0.9288144859375 0.834872759375 0.921981125 0.8519525328125 0.943980909375 0.8607523859375
6 0.46890354843750004 0.905537640625 0.5021833265625 0.9115870656249999 0.51707958125 0.8296554296875 0.48380052031250004 0.8236060703125 0.46890354843750004 0.905537640625
6 0.7759047640625 0.86102473125 0.76106863125 0.8575154796875 0.7445008203125 0.9275427359374999 0.7593369421875 0.931051953125 0.7759047640625 0.86102473125
5 0.40671829531250003 0.6260767875 0.4541019546875 0.624999990625 0.451760159375 0.5219815234375 0.4043773296875 0.5230583109375 0.40671829531250003 0.6260767875
5 0.8398438562500001 0.7089830453125 0.7714843140625 0.7011718671875 0.7608640953125 0.7940992578125 0.829223625 0.8019103515625 0.8398438562500001 0.7089830453125
5 0.50085689375 0.6061876953125 0.5359638796875 0.6042901875 0.5302734375 0.4990234375 0.49516706875 0.500920928125 0.50085689375 0.6061876953125
