1 0.3833703125 0.523284375 0.3803484375 0.5073531250000001 0.3610109375 0.5196078125 0.3561765625 0.5465687499999999 0.36584531249999996 0.567403125 0.37853593750000003 0.561275 0.3821609375 0.539215625 0.3833703125 0.523284375
1 0.538675 0.54411875 0.532028125 0.5379906250000001 0.5265890625 0.5563734375 0.5302156250000001 0.5808828125 0.5332359375 0.5808828125 0.538675 0.5735296875 0.541696875 0.5637265625000001 0.538675 0.54411875
1 0.8793703125000001 0.6163578125 0.8880531250000001 0.6257921875 0.896115625 0.63019375 0.8989062499999999 0.6257921875 0.8942546874999999 0.606296875 0.8920843749999999 0.5849140625 0.88929375 0.567934375 0.8837125 0.5798828125 0.8781296875000001 0.5905750000000001 0.8772 0.606296875 0.8793703125000001 0.6163578125
1 0.925265625 0.5528421875 0.9203046875 0.5616453124999999 0.9137921875 0.574853125 0.90635 0.5823984375 0.9047984375 0.5886875 0.902628125 0.6050390625000001 0.9054187499999999 0.6100703125 0.9066593749999999 0.614471875 0.9125515625 0.6264203125 0.9144125000000001 0.63019375 0.9265062500000001 0.63019375 0.9345687500000001 0.6213890625 0.9404609374999999 0.609440625 0.9404609374999999 0.593090625 0.94015 0.5823984375 0.9382890625 0.5616453124999999 0.9351890624999999 0.5509546875 0.9305375 0.5484390625 0.925265625 0.5528421875
1 0.8934374999999999 0.7363015625 0.9007671875 0.742590625 0.9111984375000001 0.7460218750000001 0.9174 0.7454500000000001 0.9247296875 0.7368734375 0.929240625 0.723153125 0.9326234375 0.70314375 0.9329046875 0.6957109375 0.9309312500000001 0.6831343750000001 0.9283953125 0.671128125 0.921346875 0.6774171875 0.9148624999999999 0.6808468750000001 0.909225 0.6751296875 0.9013312499999999 0.6877078125 0.8979484375 0.6848484375 0.8914640625000001 0.6739859375 0.8852625 0.67913125 0.8835703125000001 0.6985703125 0.8858265624999999 0.7168640625 0.8934374999999999 0.7363015625
1 0.8731406249999999 0.7242968750000001 0.8776515625 0.7237250000000001 0.875678125 0.7180078125 0.8748312500000001 0.710575 0.8737046875000001 0.7002843750000001 0.870603125 0.7077171875 0.870603125 0.7174359375 0.8731406249999999 0.7242968750000001
1 0.5348484375 0.67913125 0.5323109374999999 0.6676968750000001 0.5283640625 0.66826875 0.526390625 0.6785593750000001 0.526109375 0.6939953125 0.5297734375 0.6985703125 0.5337203125000001 0.69228125 0.5348484375 0.67913125
6 0.494253125 0.9146750000000001 0.504965625 0.8986671875000001 0.510040625 0.879228125 0.513140625 0.8552171875000001 0.5108859375 0.8232015625000001 0.5080671875 0.828346875 0.5055296874999999 0.8460703125 0.4965078125 0.8660796875000001 0.49087031249999996 0.871796875 0.486359375 0.8592187499999999 0.48720468749999996 0.841496875 0.49256093749999996 0.8232015625000001 0.48805156250000004 0.828346875 0.48072187499999997 0.8454984375000001 0.47029062499999996 0.8666515625000001 0.46775312500000005 0.8878046875000001 0.4801578125 0.9169609375000001 0.494253125 0.9146750000000001
5 0.43491831718749996 0.5541599921875 0.4236217375 0.553532403125 0.41797344843750006 0.5711048609375 0.43868384374999997 0.5786359140624999 0.43805625625 0.56169104375 0.43491831718749996 0.5541599921875
6 0.9344781734375 0.8579124671875 0.9376161125 0.8591676421875001 0.9388712874999999 0.86544351875 0.9489126921875 0.857284878125 0.9495402796875 0.8541469390625 0.9495402796875 0.847243475 0.9495402796875 0.8453607109375 0.9495402796875 0.8428503609375 0.9482851046875 0.8415951843749999 0.947029928125 0.8415951843749999 0.9438919890624999 0.8409675968749999 0.9351057609375 0.8422227718749999 0.9275747078125001 0.8428503609375 0.9231815937500001 0.8422227718749999 0.9125126015625 0.843477946875 0.9187884796875 0.853519353125 0.9288298828125001 0.8541469390625 0.9344781734375 0.8579124671875
5 0.811470971875 0.721725921875 0.8196296125 0.7091741671875 0.7807191718750001 0.7104293421875 0.7700501796875 0.720470746875 0.7763260578125 0.7261190375 0.7951536906250001 0.726746625 0.8058226828124999 0.7242362734375 0.811470971875 0.721725921875
5 0.507718496875 0.5729876234375 0.5146219624999999 0.5742428 0.516504725 0.5736152125 0.5202702515625 0.5711048609375 0.523408190625 0.567339334375 0.5240357796875 0.5660841578125 0.5252909546875 0.5604358687500001 0.5190150765625 0.55980828125 0.5158771375 0.5591806921875 0.5121116109375 0.55980828125 0.506463321875 0.566711746875 0.505835734375 0.569222096875 0.507718496875 0.5729876234375
