1 0.31259525312499997 0.5228843750000001 0.337926621875 0.5228843750000001 0.3379265421875 0.4653484375 0.3125953921875 0.4653484375 0.31259525312499997 0.5228843750000001
6 0.1717559515625 0.6498314 0.1841846484375 0.646042590625 0.171950171875 0.6059140578125 0.15952156875 0.6097028515625 0.1717559515625 0.6498314
8 0.3324429125 0.5840447828124999 0.3073155203125 0.578439728125 0.279982459375 0.7009588250000001 0.3051098296875 0.706563809375 0.3324429125 0.5840447828124999
8 0.35843747812500004 0.60481495625 0.3341080375 0.5989355093750001 0.308889653125 0.7032773609375 0.33321907031250003 0.7091567453125001 0.35843747812500004 0.60481495625
1 0.3624395859375 0.6028434781249999 0.356567425 0.6021982828125 0.35350128281250004 0.630101153125 0.3593734421875 0.6307463484375 0.3624395859375 0.6028434781249999
1 0.3741825890625 0.6442473046875 0.38643124218749997 0.64661586875 0.39269685781249997 0.6142180109375001 0.3804482796875 0.6118494546875 0.3741825890625 0.6442473046875
6 0.2621818234375 0.7351560171875 0.3075736546875 0.75526424375 0.3512983984375 0.656575328125 0.30590748125 0.6364673375 0.2621818234375 0.7351560171875
1 0.573124478125 0.6431806296875 0.578221646875 0.642524178125 0.57500278125 0.6175336625 0.5699056375 0.6181901125 0.573124478125 0.6431806296875
1 0.5994712625 0.6030200484375 0.5929453359375 0.6037473828125 0.5957018453125 0.62847705625 0.602227771875 0.6277497234375 0.5994712625 0.6030200484375
1 0.6074668390625 0.5905632562500001 0.5982983984375 0.591514153125 0.6017099781249999 0.6244045796875 0.6108784171874999 0.6234536859375 0.6074668390625 0.5905632562500001
1 0.6220359203125 0.6277469953125 0.6341303265625 0.6265171296875 0.6311312499999999 0.597028125 0.619036909375 0.5982579859375 0.6220359203125 0.6277469953125
1 0.6773741249999999 0.55624441875 0.630335734375 0.5615988062499999 0.6400262328124999 0.646720840625 0.687064615625 0.6413664953125 0.6773741249999999 0.55624441875
1 0.6923107859375001 0.46978759062500003 0.70088551875 0.4686034671875 0.6976178609375 0.44494261562500004 0.6890431546875 0.44612673750000004 0.6923107859375001 0.46978759062500003
1 0.6498116375 0.502138878125 0.65429396875 0.502058684375 0.6537286124999999 0.4704617921875 0.6492462999999999 0.47054198593749996 0.6498116375 0.502138878125
1 0.643278490625 0.5054546921874999 0.649641715625 0.504644834375 0.6460522906249999 0.47644419843749997 0.6396890921875 0.47725405624999995 0.643278490625 0.5054546921874999
1 0.6104120296875 0.5371944625 0.6207862078125 0.5350607921874999 0.6114965609375 0.489897228125 0.6011224562499999 0.492030890625 0.6104120296875 0.5371944625
1 0.5310486015625 0.5673664421875 0.5405115890625 0.5676930328124999 0.5419131140625 0.52708665 0.532450190625 0.526760059375 0.5310486015625 0.5673664421875
1 0.4958766671875 0.5931016578125 0.5264860812500001 0.5954996390625 0.5315249640624999 0.531184525 0.5009158890625 0.5287865578125001 0.4958766671875 0.5931016578125
1 0.4612430328125 0.5824746234375 0.4926859875 0.5806517296875 0.4897889828125 0.5306883874999999 0.4583462921875 0.5325112734374999 0.4612430328125 0.5824746234375
1 0.456581534375 0.5157940828124999 0.43346718749999996 0.516259375 0.43434601875 0.5599133671875001 0.457460365625 0.5594480765625 0.456581534375 0.5157940828124999
7 0.47142809375 0.53203125 0.4813625609375 0.53203125 0.48136245312500003 0.337753125 0.4714282515625 0.337753125 0.47142809375 0.53203125
7 0.5398786171875 0.3604671015625 0.5152543390625001 0.3581783765625 0.4980034546875 0.5437692000000001 0.522627728125 0.5460578953125 0.5398786171875 0.3604671015625
6 0.6786014265625 0.747034446875 0.69830768125 0.7376446328124999 0.6774554968750001 0.6938897359375 0.65774941875 0.7032795000000001 0.6786014265625 0.747034446875
6 0.6898589171875 0.730770525 0.7133436265624999 0.7260416671875001 0.7015720703125 0.6675907609375 0.678087653125 0.6723195890625 0.6898589171875 0.730770525
