1 0.3762640625 0.5508453125 0.3734453125 0.545128125 0.3700625 0.5537046875 0.369215625 0.5651390625 0.3711890625 0.576 0.37288125 0.576 0.37767343750000004 0.5725703125 0.379928125 0.5702843750000001 0.37936562500000004 0.565709375 0.37851875 0.559421875 0.3762640625 0.5508453125
7 0.5792796874999999 0.4300265625 0.5775734375 0.45493125 0.5799609375 0.466690625 0.5837140625 0.4659984375 0.5847359375 0.44801250000000004 0.5861015625 0.4203421875 0.5895125 0.38644531249999997 0.5973578125000001 0.34355625 0.5912171875000001 0.3580828125 0.585078125 0.3871375 0.58064375 0.4085828125 0.5792796874999999 0.4300265625
8 0.6212359375000001 0.5068125 0.6147546875 0.4964359375 0.6211112296875 0.395823759375 0.61356015 0.39078970625 0.6088058015625 0.40366813593749995 0.60315625 0.49436093750000004 0.5976984375 0.49989531249999997 0.5932640625000001 0.516496875 0.59360625 0.5303328125 0.596334375 0.5379421875 0.60315625 0.5365593750000001 0.612025 0.5282578124999999 0.6195296875 0.5344828125000001 0.6239640625 0.5185734375 0.6212359375000001 0.5068125
2 0.6543234375 0.5539114203125 0.653640625 0.5456098578125 0.651253125 0.5207067328125 0.6478421875 0.5082551703125 0.6304453125 0.5068707953125 0.6232828125000001 0.5151723578125 0.6208953125 0.5345411078125 0.6239640625 0.5546036078125 0.6256703124999999 0.5615207953125 0.6297640624999999 0.5677457953125 0.63965625 0.5795067328125 0.64681875 0.5718973578125001 0.6519359375 0.5642879828125 0.6543234375 0.5539114203125
7 0.6406796875 0.41826718749999997 0.6430671875 0.3940546875 0.64681875 0.36776875000000003 0.6389734375 0.39613125 0.633346771875 0.502776046875 0.6418417359374999 0.506866215625 0.6406796875 0.41826718749999997
1 0.7443765625000001 0.5151140625 0.7467640624999999 0.51580625 0.7491531250000001 0.5088874999999999 0.74949375 0.499203125 0.7477875 0.4902109375 0.7419890625 0.48536875 0.7413062499999999 0.49297812499999993 0.7413062499999999 0.5019703125 0.7443765625000001 0.5151140625
7 0.7177296875 0.41214218750000003 0.7153421875 0.39697499999999997 0.714546875 0.39826562499999996 0.7159796875 0.4215 0.7174109375 0.446671875 0.718525 0.4637765625 0.7194796875 0.4702296875 0.7213890625 0.466034375 0.719003125 0.4337640625 0.7177296875 0.41214218750000003
7 0.7112046875 0.47184375 0.7118421875000001 0.4782984375 0.7132734375 0.4737796875 0.7107281249999999 0.45409531249999996 0.7096140625 0.43344062499999997 0.7083406250000001 0.41407812499999996 0.708021875 0.3992328125 0.7061124999999999 0.406978125 0.70675 0.43666875000000005 0.7083406250000001 0.45151250000000004 0.7097734375 0.4637765625 0.7112046875 0.47184375
2 0.690775 0.6362203125 0.6948765625 0.6538906250000001 0.6987203125 0.663765625 0.7005140625 0.6710421875 0.7099968750000001 0.6746796875000001 0.717940625 0.6674046875 0.7235796875 0.6580484375 0.7271671875 0.65233125 0.7371624999999999 0.6434968750000001 0.739725 0.640378125 0.73793125 0.6185484375 0.7361375 0.6034765625 0.73280625 0.5904828125 0.7263984375 0.586325 0.7184546875 0.5920421874999999 0.711278125 0.6013984375 0.705896875 0.604515625 0.6974390625 0.6034765625 0.6902625 0.60919375 0.68744375 0.6185484375 0.690775 0.6362203125
7 0.7603140625 0.729384375 0.7667953125 0.7508296875 0.76065625 0.717625 0.754515625 0.7024046875 0.7473515625 0.6871859375 0.7459875 0.696871875 0.749740625 0.7024046875 0.7551984375 0.71278125 0.7603140625 0.729384375
2 0.6607093749999999 0.6913375 0.6750359375 0.6934125 0.68629375 0.6830359374999999 0.6927749999999999 0.6719671875000001 0.691409375 0.6429140624999999 0.6845875 0.622853125 0.6767421875 0.61524375 0.6695796875 0.618009375 0.6613921875 0.61731875 0.6521828125 0.6145515625 0.6433140625 0.6166265625 0.6371734375 0.6263109375 0.63615 0.644296875 0.64024375 0.6602078125 0.64263125 0.6698921875 0.6484296875 0.6830359374999999 0.6607093749999999 0.6913375
7 0.713678125 0.7713281249999999 0.6988140625 0.7287109375 0.6949687499999999 0.7235140624999999 0.6900999999999999 0.7084406249999999 0.68471875 0.69700625 0.6806171875 0.69336875 0.6949687499999999 0.7287109375 0.7013765624999999 0.7453421875 0.713678125 0.7713281249999999
7 0.6772859375 0.78224375 0.6744671875 0.76925 0.6711343750000001 0.7520984375 0.668059375 0.7339078125 0.664728125 0.7120796875 0.664471875 0.6907703125 0.6593453125 0.68973125 0.660115625 0.6964875 0.6616531250000001 0.7193562499999999 0.663446875 0.7422234375000001 0.668571875 0.7650921875 0.6780546875 0.7895187499999999 0.6772859375 0.78224375
2 0.3763205046875 0.6418305578125 0.3681189421875 0.6418305578125 0.3624814421875 0.6402711828125 0.3596626921875 0.6465086828125 0.3599189421875 0.66417899375 0.3614564421875 0.6750930578125 0.3658126921875 0.6813305578125 0.3717080046875 0.6849680578124999 0.3796517546875 0.6849680578124999 0.38759706718750003 0.68236961875 0.3947720671875 0.65742274375 0.3914408171875 0.6480680578125 0.3855470671875 0.64598836875 0.3811892546875 0.64235086875 0.3763205046875 0.6418305578125
7 0.35693281250000003 0.7635328125 0.3523203125 0.7926375 0.3502703125 0.8061515625 0.3487328125 0.8222625000000001 0.35155156249999997 0.8196640625 0.35590781250000003 0.7864015625 0.3594953125 0.76925 0.361290625 0.7562562500000001 0.3594953125 0.747940625 0.35693281250000003 0.7635328125
1 0.38794375 0.6710203124999999 0.3848671875 0.6777765625 0.38563749999999997 0.69336875 0.38845625 0.6860921875 0.39153125 0.678815625 0.3938375 0.6663421875 0.3917875 0.665303125 0.38794375 0.6710203124999999
0 0.5091996437499999 0.7056783078125 0.38560903125 0.6959502671875 0.3092328234375 0.6778839375 0.2592411453125 0.6403615281249999 0.2397999078125 0.6500895671875 0.2786823828125 0.691781121875 0.32450804375 0.714016596875 0.37311108593750003 0.714016596875 0.4536533109375 0.7154064 0.559191321875 0.729303584375 0.65084275 0.7112372031249999 0.7341623546875 0.680663490625 0.7642360796875 0.635763890625 0.7522149546875 0.622295196875 0.741105646875 0.633412934375 0.7063891875 0.665376503125 0.638344909375 0.691781121875 0.5091996437499999 0.7056783078125
0 0.40227299375000003 0.5208457578125001 0.3258967875 0.5111177171875 0.32311940625 0.530573796875 0.3508925734375 0.537522390625 0.4411553640625 0.537522390625 0.559191321875 0.5458606796875001 0.6258469640625 0.5319634953125 0.7052083015624999 0.4968750015625 0.7050004453125001 0.48332334687499995 0.6869478453125 0.48332334687499995 0.630012875 0.5083382703125 0.5397500828124999 0.525014903125 0.40227299375000003 0.5208457578125001
