1 0.3707177421875 0.576291378125 0.380611475 0.574958903125 0.3765373984375 0.5447116859375 0.3666437171875 0.5460441578124999 0.3707177421875 0.576291378125
7 0.5742397109375 0.4660531375 0.5835918484375 0.46709519843749997 0.5973578500000001 0.3435562546875 0.5880058578125 0.3425142015625 0.5742397109375 0.4660531375
2 0.6253377296875 0.5808793484375 0.6567335890625 0.5778696484375 0.6497492015625 0.50502025625 0.61835371875 0.5080299375 0.6253377296875 0.5808793484375
1 0.74949375 0.48536875 0.7413062499999999 0.48536875 0.7413062499999999 0.51580625 0.74949375 0.51580625 0.74949375 0.48536875
7 0.7344034171875 0.406013346875 0.7294879937500001 0.405607246875 0.7235467546875001 0.47751589375 0.728462178125 0.47792199062499996 0.7344034171875 0.406013346875
7 0.7189655515625 0.470264596875 0.7216638890625 0.47008138437499997 0.7166935750000001 0.39688324375 0.7139952640625 0.397066453125 0.7189655515625 0.470264596875
7 0.709693340625 0.4784498078125 0.7135831796875001 0.4781757984375 0.708021875 0.3992328125 0.7041320765625 0.3995068203125 0.709693340625 0.4784498078125
2 0.732681134375 0.5851408140625 0.6829144656249999 0.5945210078125001 0.6984356109375 0.6768587765625 0.7482022578125 0.6674786593750001 0.732681134375 0.5851408140625
7 0.7487153578125 0.6866601 0.742912390625 0.68889754375 0.7667951921875 0.750829734375 0.77259815 0.7485923062500001 0.7487153578125 0.6866601
7 0.7387895656250001 0.7757063375000001 0.7504223390625 0.7722732999999999 0.721428125 0.6740437499999999 0.7097955984375 0.677476746875 0.7387895656250001 0.7757063375000001
2 0.6385390156249999 0.695127790625 0.6937419890625 0.6925333484375 0.6899925203125 0.612774559375 0.6347904203125 0.6153689796874999 0.6385390156249999 0.695127790625
7 0.6702259171875 0.7906152671875 0.6783004781249999 0.7894843234375 0.664230465625 0.689047015625 0.6561560859375 0.6901779453125 0.6702259171875 0.7906152671875
2 0.3914654609375 0.68716441875 0.3962614515625 0.644026246875 0.3603821265625 0.6400378156250001 0.355586 0.68317583125 0.3914654609375 0.68716441875
7 0.3476784171875 0.8220963906250001 0.3510837625 0.8226328703125001 0.3627717078125 0.74845679375 0.35936642343749997 0.7479203203125 0.3476784171875 0.8220963906250001
1 0.379550765625 0.69090408125 0.38563749999999997 0.69336875 0.3962686921875 0.667117675 0.3901819890625 0.6646530125 0.379550765625 0.69090408125
8 0.6290760093750001 0.3705511015625 0.6013003984374999 0.3698567609375 0.596875 0.546875 0.6246506109375 0.5475693328125 0.6290760093750001 0.3705511015625
