1 0.2777171875 0.4852484375 0.2743234375 0.5004953125 0.2739453125 0.519209375 0.2769625 0.5101984374999999 0.2811125 0.5011890625000001 0.286015625 0.4921796875 0.29091875 0.4817828125 0.2879015625 0.467228125 0.28450625 0.45544531250000003 0.2769625 0.44435624999999995 0.273190625 0.43811875 0.27168281250000004 0.44574218749999994 0.2728140625 0.45891093749999995 0.2769625 0.4713859375 0.2777171875 0.4852484375
1 0.372765625 0.5594078125 0.3746515625 0.5538640625 0.3769140625 0.5476265625 0.38106249999999997 0.5337640625 0.38144062500000003 0.5233671875 0.378421875 0.5150515625 0.3754046875 0.5108921875 0.37125625 0.5011890625000001 0.367484375 0.499803125 0.3655984375 0.5074265625 0.365221875 0.5233671875 0.367484375 0.5365359375 0.3697484375 0.56079375 0.372765625 0.5594078125
1 0.3584328125 0.5074265625 0.355415625 0.522675 0.35390625 0.5302984375 0.3523984375 0.538615625 0.3520203125 0.55525 0.356546875 0.5601015625 0.3584328125 0.5074265625
1 0.5688953125 0.5663390625 0.5711578125 0.5566359375000001 0.569271875 0.5413875 0.5651234374999999 0.5434671875 0.5617296875 0.54831875 0.5590890625 0.5587156249999999 0.556071875 0.5711906250000001 0.5587109375 0.5829734375 0.5643687500000001 0.5857453125000001 0.569271875 0.5899046875 0.5688953125 0.577428125 0.5688953125 0.5663390625
1 0.6066125 0.6411921875 0.6152875 0.6391125 0.616796875 0.6287171875 0.61189375 0.6058453125 0.60548125 0.5587156249999999 0.6013328125 0.5614874999999999 0.6024640625 0.5725765625 0.6039718749999999 0.5822796875 0.60774375 0.598221875 0.6043499999999999 0.607925 0.59680625 0.6190140625 0.5998234375 0.6328750000000001 0.6066125 0.6411921875
1 0.5956750000000001 0.47000000000000003 0.6013328125 0.466534375 0.6073671875 0.4582171875 0.611515625 0.4512875 0.6134015625 0.441584375 0.6111390625 0.42772187500000003 0.6066125 0.434653125 0.6009546875 0.4519796875 0.5956750000000001 0.47000000000000003
5 0.4419970453125 0.454808553125 0.48343835312500005 0.454808553125 0.5014790484375 0.4602992 0.5426588984375 0.4630445234375 0.5627912687500001 0.4667049546875 0.5810934234375 0.46121430781250006 0.5527250828125 0.4456574765625 0.49964883281250005 0.43742150625000004 0.45846898437499994 0.431930859375 0.37702439375 0.43376107499999994 0.313881959375 0.43101575312499996 0.31937260625 0.45023301406250005 0.4419970453125 0.454808553125
0 0.5984804703125 0.4200344578125 0.5902445015625 0.49873372656250003 0.6268488109375 0.507884803125 0.6341696734375 0.49873372656250003 0.6515567203125 0.43742150625000004 0.5984804703125 0.4200344578125
0 0.2214560765625 0.4346761828125 0.2123049984375 0.49690351093749996 0.26721146406249996 0.5023941578125 0.3340143296875 0.4978186171875 0.3239481453125 0.43376107499999994 0.2214560765625 0.4346761828125
0 0.603056009375 0.6396603203125 0.6359998890624999 0.6652833375 0.6149524109375 0.5664517 0.51703588125 0.53625314375 0.3230330375 0.539913575 0.333099221875 0.5948200390625 0.33218411406250004 0.6012257937500001 0.36878842500000003 0.5774329921875 0.4063078421875 0.5911596078125 0.46945027812499995 0.602140903125 0.511545234375 0.5902445015625 0.5472344359375 0.5984804703125 0.603056009375 0.6396603203125
5 0.47585603125000003 0.5325927125 0.4786013546875 0.530762496875 0.4804315703125 0.5243567421875001 0.4602992 0.519781203125 0.45114812187500003 0.519781203125 0.44931790781250003 0.5243567421875001 0.4557236609375 0.53625314375 0.46945027812499995 0.5344229281249999 0.47585603125000003 0.5325927125
6 0.6424056421875 0.766860296875 0.65430204375 0.7641149734375 0.6588775828125 0.7613696515624999 0.6533869359375 0.74947325 0.64332075 0.743067496875 0.6323394578125 0.7311710953125 0.6250185953125 0.71927469375 0.6213581640625 0.722935125 0.62044305625 0.7256804484375 0.61586751875 0.7275106640625 0.6112919796875 0.7339164171875 0.6131221953125 0.740322171875 0.617697734375 0.7503883578125 0.6369149968750001 0.7622847578124999 0.6424056421875 0.766860296875
5 0.6872459234375 0.6122070875000001 0.7046329703125 0.599395578125 0.705548078125 0.595735146875 0.6771797375 0.5920747171875 0.6533869359375 0.5966502546875 0.6396603187500001 0.5966502546875 0.6359998890624999 0.6122070875000001 0.6469811828124999 0.6176977328125 0.663453121875 0.614037303125 0.6872459234375 0.6122070875000001
5 0.7073782937499999 0.48500710937499997 0.7073782937499999 0.46945027812499995 0.6661984453125 0.4538934453125 0.6405754265625 0.4667049546875 0.6405754265625 0.48317689374999995 0.6424056421875 0.492327971875 0.652471828125 0.4978186171875 0.6927365703125 0.5069696953125 0.7073782937499999 0.48500710937499997
5 0.298325128125 0.5783481 0.3230330375 0.571942346875 0.33218411406250004 0.5664517 0.310221528125 0.5545552984375 0.2818531875 0.5508948671875 0.25897549375 0.5481495437499999 0.23335247812499998 0.549979759375 0.23152226250000002 0.553640190625 0.2562301703125 0.5737725625000001 0.298325128125 0.5783481
0 0.2237118015625 0.6626433125 0.202872946875 0.6265003265625 0.19175884999999998 0.605648621875 0.165362946875 0.5792364953125 0.165362946875 0.612599190625 0.1862018 0.6487421765625 0.212597703125 0.6682037359375 0.2667787453125 0.6807147796875 0.3098456875 0.6709839734374999 0.33541663437499997 0.604513890625 0.318181209375 0.6112090968749999 0.3070672171875 0.632060803125 0.298731590625 0.6487421765625 0.27789273593749997 0.6654235515625 0.2237118015625 0.6626433125
0 0.7280120015625 0.622329996875 0.716898009375 0.6570828375 0.68633429375 0.6626433125 0.6543814484375 0.6570828375 0.6390995375 0.634841040625 0.619650025 0.615379428125 0.6210392609375 0.6529125078125 0.646045821875 0.67654445 0.7002268625 0.6807147796875 0.746072384375 0.6487421765625 0.7613541890625 0.6000881984374999 0.7752467578125 0.57367601875 0.7280120015625 0.622329996875
0 0.6974483921875 0.452736121875 0.7419045703125 0.4332745359375 0.7349582859375 0.4193734 0.7071731484375 0.415203121875 0.679388009375 0.42215369062499997 0.672441725 0.4332745359375 0.6307640171875 0.42771408749999995 0.5974218296875 0.4096426203125 0.5474086015624999 0.397131603125 0.47377804843750004 0.38462055781250004 0.46127471406250004 0.3693293296875 0.38069777031249996 0.3734997125 0.3473555828125 0.3943514171875 0.33190438125 0.431714890625 0.35291263125 0.4096426203125 0.3737514859375 0.40408217031250004 0.44877138125 0.402692053125 0.469610234375 0.402692053125 0.5154557546875 0.41242283124999995 0.5571334640625001 0.42354375624999996 0.612703740625 0.43744489218749993 0.6974483921875 0.452736121875
0 0.329158234375 0.4346001234375 0.23204732187500002 0.430494325 0.19826385625 0.41006944531249995 0.19175884999999998 0.42354375624999996 0.1959266625 0.43883501249999995 0.19870513437499998 0.452736121875 0.2709464515625 0.4569065046875 0.3098456875 0.45551635937499996 0.32512749375 0.43883501249999995 0.329158234375 0.4346001234375
