1 0.2895585578125 0.43761471875 0.27144969375 0.43817235937500004 0.2739453 0.519209375 0.2920541640625 0.5186517375 0.2895585578125 0.43761471875
1 0.3784305859375 0.49847935000000004 0.3624456359375 0.5004124828125 0.36974842343750003 0.5607937515625 0.385733371875 0.5588606281249999 0.3784305859375 0.49847935000000004
1 0.351635453125 0.5599257328125 0.3565468890625 0.5601015625 0.3584328125 0.5074265625 0.35352141718749996 0.5072507328125 0.351635453125 0.5599257328125
1 0.5550566625 0.589098934375 0.569271909375 0.5899046890624999 0.5720133875 0.541542896875 0.5577982578125 0.5407371453125001 0.5550566625 0.589098934375
1 0.6005497125 0.6421721218750001 0.6185029890625 0.6392703171874999 0.60548125 0.5587156249999999 0.5875282421875 0.5616174078125 0.6005497125 0.6421721218750001
1 0.6184330328125001 0.4301035015625 0.609093875 0.42705408125 0.595128590625 0.46982158749999997 0.60446774375 0.47287099843749997 0.6184330328125001 0.4301035015625
5 0.48043159375 0.5362531421875001 0.4804315609375 0.5197811640625 0.44931790937500005 0.5197812078124999 0.44931789999999994 0.53625314375 0.48043159375 0.5362531421875001
6 0.6424808390625001 0.776770171875 0.6618979078125 0.758532828125 0.62483936875 0.7190839046875 0.605422428125 0.7373211359375 0.6424808390625001 0.776770171875
5 0.1694714765625 0.5324514625 0.1694693578125 0.67668266875 0.33653853749999996 0.6766826734375 0.33653843437500003 0.5324536796875 0.1694714765625 0.5324514625
5 0.7617969671875 0.686639075 0.7667557656249999 0.5589003984375001 0.6106369593750001 0.5528402906250001 0.60567634375 0.6805770843750001 0.7617969671875 0.686639075
5 0.5924698921875 0.44650691093750006 0.625 0.5300480765625 0.778644259375 0.47022298124999995 0.7461137515625 0.3866827359375 0.5924698921875 0.44650691093750006
5 0.328766328125 0.3713543703125 0.32430241406250004 0.49122053125000004 0.604225796875 0.501640534375 0.6086874203125 0.3817765390625 0.328766328125 0.3713543703125
