1 0.36325628125 0.5014644374999999 0.3417690765625 0.496926953125 0.33018281250000003 0.5517890624999999 0.3516700109375 0.5563265265624999 0.36325628125 0.5014644374999999
1 0.3657998640625 0.51718104375 0.356612909375 0.5174824546875 0.35755625 0.5462328125 0.3667432046875 0.5459314015625 0.3657998640625 0.51718104375
1 0.46116163437499996 0.59700291875 0.4664075546875 0.596859046875 0.465329221875 0.5575449796874999 0.46008333749999997 0.5576888515625 0.46116163437499996 0.59700291875
1 0.609068384375 0.6904656625000001 0.6201933625 0.6898076078125001 0.617903853125 0.6511075453124999 0.6067789640625 0.651765596875 0.609068384375 0.6904656625000001
1 0.5980505765624999 0.70788279375 0.609784428125 0.7071122234375 0.60784275625 0.677550178125 0.5961089765625001 0.6783207453125 0.5980505765624999 0.70788279375
1 0.3539768765625 0.6908833125 0.3636305890625 0.6927516453125 0.372273353125 0.6481002828125 0.362619728125 0.6462319578125 0.3539768765625 0.6908833125
7 0.3978002765625 0.8476250328124999 0.405192559375 0.8481941718750001 0.4155125 0.714178125 0.40812045 0.7136089937500001 0.3978002765625 0.8476250328124999
7 0.3820649203125 0.727788353125 0.3746095484375 0.7261207609375 0.347184375 0.848709375 0.3546397390625 0.8503769421875 0.3820649203125 0.727788353125
7 0.2981710328125 0.683932809375 0.286337046875 0.6796826499999999 0.247925 0.7866187499999999 0.259758959375 0.7908688546875 0.2981710328125 0.683932809375
7 0.233591975 0.7842984609375 0.2465640625 0.7879984375 0.283915625 0.65706498125 0.2709439046875 0.6533650609375 0.233591975 0.7842984609375
1 0.2736129828125 0.647160940625 0.26560155937499996 0.6451875 0.261338040625 0.6624935328125 0.2693494625 0.6644669703125 0.2736129828125 0.647160940625
1 0.3121741546875 0.669226584375 0.317873771875 0.6694275484375 0.31921271406249996 0.63145755 0.313513140625 0.6312565875 0.3121741546875 0.669226584375
1 0.2712727046875 0.5914347578125 0.25055875 0.5885196875 0.24166946875 0.6516780515625 0.2623834203125 0.6545931046875 0.2712727046875 0.5914347578125
9 0.322738746875 0.24588928906250002 0.273180715625 0.23521524062500002 0.23185717499999997 0.42706843125000005 0.2814151734375 0.4377423703125 0.322738746875 0.24588928906250002
9 0.27543591875 0.591872765625 0.22799399999999997 0.5800860343750001 0.1835040875 0.7591360921875 0.23094592656250001 0.7709226015625 0.27543591875 0.591872765625
