8 0.20686129531250003 0.3930659125 0.22857096562499998 0.39641360937500003 0.23838412031249998 0.33277787187499996 0.21667460468750002 0.32943018749999997 0.20686129531250003 0.3930659125
8 0.24982656250000002 0.34879375 0.232540625 0.34879375 0.232540625 0.417009375 0.24982656250000002 0.417009375 0.24982656250000002 0.34879375
8 0.3737713171875 0.322038409375 0.341173778125 0.323633871875 0.3474365265625 0.45158510312500005 0.3800340640625 0.44998965156250004 0.3737713171875 0.322038409375
5 0.344673896875 0.383062571875 0.3719512140625 0.37944343125 0.36199044062499997 0.304372984375 0.334713334375 0.3079921109375 0.344673896875 0.383062571875
8 0.58648045 0.4827756703125 0.60674738125 0.4817419703125 0.600535925 0.3599695265625 0.5802693234375 0.3610032171875 0.58648045 0.4827756703125
8 0.7419820953125 0.3344607515625 0.705989553125 0.3316293515625 0.6947684421875 0.47426471562500006 0.73076098125 0.477096090625 0.7419820953125 0.3344607515625
5 0.69823838125 0.3906101375 0.7368410359374999 0.38889655156249997 0.7327262828125 0.29620946875 0.69412399375 0.297923046875 0.69823838125 0.3906101375
5 0.27321364843749996 0.6627744015625 0.3100980328125 0.6652831515625001 0.313475 0.6156375 0.2765909703125 0.6131287624999999 0.27321364843749996 0.6627744015625
5 0.666947784375 0.6661788328125 0.639414965625 0.6708300875 0.6515410421875 0.7425990140625001 0.6790738515625 0.7379477953125 0.666947784375 0.6661788328125
5 0.2843667421875 0.65847928125 0.2698451296875 0.6555753625 0.2615470859375 0.6970656281250001 0.2760686953125 0.6999695328125 0.2843667421875 0.65847928125
5 0.29423224375 0.7049937374999999 0.31360230312500004 0.712832853125 0.32486739375 0.6850013625 0.30549744375 0.6771622703125 0.29423224375 0.7049937374999999
5 0.7008495015625 0.71479949375 0.6906446296875 0.6960934859375 0.6756602468749999 0.7042668296875 0.6858650796875 0.722972803125 0.7008495015625 0.71479949375
8 0.639725896875 0.3332253015625 0.6082297234375 0.33459461875 0.6154245281249999 0.5000766453125001 0.6469207 0.4987073421875 0.639725896875 0.3332253015625
