8 0.2131828123839009 0.36119375000000004 0.20725000000000002 0.3905453130952381 0.21227031269349844 0.3939 0.22185468730650154 0.38886875 0.22870000000000001 0.3955765619047619 0.23098281238390092 0.38048125 0.23372031269349844 0.359515625 0.23645937523219815 0.345259375 0.226875 0.331003125 0.22185468730650154 0.34274374999999996 0.2131828123839009 0.36119375000000004
8 0.2401921876160991 0.34879374999999996 0.234525 0.3498359380952381 0.23395781238390093 0.36910312500000003 0.23254062476780185 0.397221875 0.23254062476780185 0.407115625 0.23254062476780185 0.415446875 0.236225 0.41700937499999996 0.2427421876160991 0.4133640630952381 0.2475609374613003 0.41180156309523813 0.24982656222910216 0.3977421869047619 0.24869374984520123 0.3800375 0.24557656222910218 0.362853125 0.2401921876160991 0.34879374999999996
8 0.3688453126934984 0.3623328119047619 0.36431093746130033 0.3498359380952381 0.3558093752321982 0.32952656190476187 0.3484421876160991 0.323278125 0.3416406247678018 0.333171875 0.343625 0.347753125 0.348725 0.37014375 0.3518421876160991 0.398784375 0.34645781238390094 0.4315890619047619 0.3473093752321981 0.4378375 0.35467656222910215 0.449815625 0.3623281250773994 0.45085624999999996 0.3694125003095975 0.4440875 0.37507968730650154 0.4274234369047619 0.37649687492260064 0.41440625 0.37762968730650154 0.40086718690476186 0.3762125003095975 0.3805578130952381 0.3688453126934984 0.3623328119047619
6 0.37139531269349846 0.3795171880952381 0.37082968730650157 0.37326875 0.3691281250773994 0.3581671869047619 0.3674281250773994 0.3482734380952381 0.3662953126934984 0.3368171869047619 0.3648781250773994 0.3269234369047619 0.3631781250773994 0.3191125 0.35722656222910215 0.30817812499999997 0.3490093752321981 0.30609531309523813 0.34050781238390093 0.3139046869047619 0.33824062476780187 0.32380000000000003 0.33909062476780183 0.3409828130952381 0.34305781238390093 0.35972968690476187 0.34702500000000003 0.378475 0.34815937523219814 0.3612921869047619 0.3456078123839009 0.3513984380952381 0.343342187616099 0.34202499999999997 0.34390781238390095 0.33525468690476196 0.348725 0.32848593690476185 0.3526921876160991 0.33265156190476186 0.36119374984520125 0.3456703130952381 0.3660109374613003 0.3581671869047619 0.37139531269349846 0.3795171880952381
8 0.5961531250773994 0.3801109369047619 0.5882312501547987 0.3863484380952381 0.5863453126934984 0.4085265619047619 0.5844609374613003 0.4355578119047619 0.5855921876160991 0.4653609380952381 0.5878546873065016 0.4778359369047619 0.5935125003095976 0.48199375 0.6018109374613003 0.48199375 0.6063359374613003 0.4736765630952381 0.6052046873065016 0.4514984380952381 0.6014328123839009 0.43486406190476196 0.6014328123839009 0.4154578119047619 0.5991703126934985 0.39189375 0.5961531250773994 0.3801109369047619
8 0.7202187498452013 0.3360390619047619 0.7135812501547988 0.3322265619047619 0.7069437498452013 0.3611984369047619 0.7003046873065015 0.40389218690476186 0.695326562229102 0.46717031190476194 0.6998890625386998 0.47403281190476193 0.7069437498452013 0.47250781190476193 0.7177296873065016 0.4664078119047619 0.7305921876160991 0.47708281309523815 0.7314218749226006 0.46869531190476194 0.7326656247678018 0.4313390630952381 0.7222937498452012 0.3855953119047619 0.7251984377708979 0.3581484380952381 0.7202187498452013 0.3360390619047619
6 0.727717187616099 0.3893015619047619 0.7297781250773994 0.38172812500000003 0.7357031250773993 0.363265625 0.7346734377708978 0.3400703130952381 0.7331265622291021 0.3287078119047619 0.7282328123839009 0.3116671880952381 0.722307812383901 0.30030468690476186 0.7150937498452012 0.29699218690476187 0.7060781250773994 0.300778125 0.6998953126934985 0.31355937500000003 0.6978343752321982 0.33154843809523815 0.6962890625386997 0.34669687499999996 0.6978343752321982 0.360425 0.7032437498452012 0.37746718809523805 0.7065937498452012 0.368 0.7058203126934984 0.356165625 0.7065937498452012 0.34385625 0.7099421876160991 0.3343890619047619 0.7150937498452012 0.330128125 0.7217921876160991 0.34196249999999995 0.7248843752321982 0.3500109369047619 0.7269453126934984 0.3703671869047619 0.727717187616099 0.3893015619047619
6 0.298825 0.631676563095238 0.29072031269349846 0.643132811904762 0.2832390625386997 0.64656875 0.28074531269349845 0.63855 0.28199218761609907 0.626521875 0.2816812501547987 0.6156375 0.27638125015479875 0.63053125 0.27451093746130034 0.6437046869047619 0.2782515622291022 0.65630625 0.2876031250773994 0.663753125 0.29820156222910216 0.654015625 0.30817656222910217 0.6419859369047619 0.3122281250773994 0.633967188095238 0.313475 0.6156375 0.30724062476780184 0.6179296880952381 0.298825 0.631676563095238
6 0.6555015622291022 0.6681125 0.6586187498452012 0.6879000000000001 0.6628687498452012 0.704564063095238 0.6642859374613004 0.7160187499999999 0.6614531250773994 0.723309375 0.6557843752321981 0.7186234369047619 0.6501171876160992 0.704564063095238 0.64615 0.6884203130952381 0.6419 0.6800890630952381 0.643882812383901 0.697273436904762 0.6464343752321982 0.712375 0.6546515622291021 0.731640625 0.6640031250773993 0.7404937500000001 0.6710874996904025 0.731640625 0.6744875003095976 0.7139359369047619 0.6719375003095975 0.6957109369047619 0.6657031250773994 0.6832140630952381 0.6586187498452012 0.673840625 0.6555015622291022 0.6681125
6 0.2659514681114551 0.6762884440476191 0.2642918643962848 0.6833417595238095 0.2634620625386997 0.6920546773809524 0.26387696346749223 0.696203686904762 0.2696855758513932 0.6986930916666667 0.2730047826625387 0.6982781904761904 0.27715379195046436 0.6908099750000001 0.2800580978328174 0.6800225523809523 0.27881339504643965 0.6796076511904762 0.27093027863777086 0.6862460654761905 0.2671961702786378 0.6787778488095239 0.27176008049535605 0.6559583 0.2667812693498452 0.6708947321428571 0.2659514681114551 0.6762884440476191
6 0.29789883591331273 0.6999377940476191 0.3012180433436532 0.7078209107142858 0.3095160606811146 0.7094805142857142 0.3178140786377709 0.7024272 0.3248673938080495 0.6850013630952382 0.3178140786377709 0.688320569047619 0.3153246730650155 0.693714280952381 0.31283526811145507 0.6891503714285714 0.3095160606811146 0.682097055952381 0.3057819529411765 0.6779480476190476 0.29997334055727554 0.6908099750000001 0.29789883591331273 0.6999377940476191
6 0.6756602470588235 0.7042668297619048 0.6851957746130031 0.7178890130952381 0.6926879752321982 0.7192512309523809 0.6947313021671826 0.7158456857142858 0.6906446476780186 0.6960935202380952 0.6899635386996904 0.6974557392857144 0.6756602470588235 0.7042668297619048
8 0.6327503727554179 0.4229687630952381 0.6211715176470588 0.3344245773809524 0.6191281900928792 0.3371490142857143 0.6116359900928792 0.36575559761904763 0.6204904080495356 0.4740519476190476 0.6238959541795666 0.48426858452380955 0.6313881541795665 0.49039856666666665 0.636155918266254 0.4774574928571429 0.6327503727554179 0.4229687630952381
