8 0.20686129531250003 0.3930659125 0.22857096562499998 0.39641360937500003 0.23838412031249998 0.33277787187499996 0.21667460468750002 0.32943018749999997 0.20686129531250003 0.3930659125
8 0.24982656250000002 0.34879375 0.232540625 0.34879375 0.232540625 0.417009375 0.24982656250000002 0.417009375 0.24982656250000002 0.34879375
2 0.34362943437500004 0.5003189124999999 0.3474513171875 0.44348083125000004 0.29533476875 0.43997669375 0.2915126890625 0.4968145609375 0.34362943437500004 0.5003189124999999
7 0.30029900781249996 0.3452702125 0.2956787890625 0.3460748234375 0.3084859296875 0.4196125015625 0.313106146875 0.41880789375000005 0.30029900781249996 0.3452702125
7 0.33022629375 0.340493225 0.319254675 0.3399421875 0.3158546875 0.4076359375 0.32682630625 0.4081869734375 0.33022629375 0.340493225
8 0.3737713171875 0.322038409375 0.341173778125 0.323633871875 0.3474365265625 0.45158510312500005 0.3800340640625 0.44998965156250004 0.3737713171875 0.322038409375
1 0.39148061093750003 0.472053925 0.3743773203125 0.469202625 0.36743590625 0.5108371234375 0.3845391953125 0.5136884140625 0.39148061093750003 0.472053925
1 0.576739653125 0.5325640593750001 0.5867989328125 0.5307398546875 0.5782609375 0.4836625 0.5682017296875 0.4854866984375 0.576739653125 0.5325640593750001
8 0.5864804484375 0.4827756703125 0.606747378125 0.4817419703125 0.6004819921875 0.3589120953125 0.5802153953125 0.35994578593750004 0.5864804484375 0.4827756703125
2 0.6928525734375001 0.470600725 0.6435182078125 0.47372235781249994 0.6470009515624999 0.5287596453125001 0.6963353140625 0.5256380265625 0.6928525734375001 0.470600725
7 0.6553131734375001 0.45221808750000003 0.6607937078125 0.45215034843749996 0.6596359374999999 0.3584859375 0.6541554671875 0.358553675 0.6553131734375001 0.45221808750000003
7 0.661226953125 0.453498878125 0.67405756875 0.45427481406250003 0.6817061421874999 0.3278057390625 0.6688757296875 0.3270298109375 0.661226953125 0.453498878125
8 0.7419820953125 0.3344607515625 0.705989553125 0.3316293515625 0.6947684421875 0.47426471562500006 0.73076098125 0.477096090625 0.7419820953125 0.3344607515625
1 0.7976941 0.47650123281249995 0.7749463609375 0.44730688125 0.7296395328124999 0.48260678593749995 0.7523871390625 0.511801015625 0.7976941 0.47650123281249995
2 0.6624758671875 0.5336695812500001 0.683774146875 0.5894364546874999 0.7400601515624999 0.5679416875000001 0.7187617562499999 0.512175096875 0.6624758671875 0.5336695812500001
7 0.7405438765625 0.66944853125 0.7470937109375 0.667238909375 0.715609375 0.5739234375 0.7090596515625001 0.5761330390625 0.7405438765625 0.66944853125
7 0.7145169328125001 0.6791482921875 0.72307989375 0.677595275 0.7070041375 0.5889690953125 0.69844131875 0.5905221 0.7145169328125001 0.6791482921875
2 0.67627336875 0.5423849015625 0.625953140625 0.5417759375 0.625074446875 0.6143773765625 0.6753946749999999 0.6149863375 0.67627336875 0.5423849015625
7 0.66480105625 0.6084071046874999 0.6580745609374999 0.6108544640625 0.6880450953125 0.6932172671875 0.6947715796875 0.6907699265625 0.66480105625 0.6084071046874999
7 0.649090390625 0.7063287859375 0.6558422828125 0.7059984328125 0.6514640625 0.616528125 0.6447122890625 0.6168584765625 0.649090390625 0.7063287859375
1 0.619679140625 0.6086904328125 0.62766006875 0.6077432015625 0.622353125 0.563034375 0.614372259375 0.563981603125 0.619679140625 0.6086904328125
1 0.4258844234375 0.6015445515625 0.4121012015625 0.5984197906250001 0.3985582796875 0.6581501000000001 0.412341496875 0.66127484375 0.4258844234375 0.6015445515625
1 0.411775959375 0.5560371765625 0.3899856296875 0.5541315109375 0.383156840625 0.632207175 0.40494716875 0.6341128265625 0.411775959375 0.5560371765625
1 0.36409748125 0.54212185625 0.35174457812500004 0.54031811875 0.346070709375 0.5791719765625001 0.35842361093749997 0.5809757078125 0.36409748125 0.54212185625
2 0.34214541875000004 0.5040642859375 0.28791735625000003 0.5165479046875 0.30644603125000003 0.597027984375 0.3606740640625 0.584544453125 0.34214541875000004 0.5040642859375
7 0.3139947953125 0.585819925 0.30724055625 0.5829890328125 0.27402007500000003 0.6622408984375 0.2807743015625 0.6650717671875 0.3139947953125 0.585819925
1 0.27827457187500004 0.5580321578125 0.2882915359375 0.560824396875 0.298444146875 0.5244058140625001 0.2884272421875 0.521613584375 0.27827457187500004 0.5580321578125
6 0.2803992984375 0.671069796875 0.2645228359375 0.6707585375 0.26394301875 0.7003292484375 0.27981948125 0.70064050625 0.2803992984375 0.671069796875
6 0.2736841828125 0.65563614375 0.2800043578125 0.65652020625 0.2854501453125 0.61759289375 0.2791300171875 0.616708834375 0.2736841828125 0.65563614375
6 0.32156213437500003 0.622866725 0.3117520609375 0.615767603125 0.279371625 0.6605076750000001 0.2891816640625 0.667606759375 0.32156213437500003 0.622866725
6 0.3268321953125 0.6748450046875 0.30594523749999997 0.6704361671875 0.2993255859375 0.701792440625 0.3202125390625 0.7062012625 0.3268321953125 0.6748450046875
6 0.6494824578125 0.7342143640625001 0.6711181703125 0.73279580625 0.6681515421875 0.687557534375 0.6465160421875 0.6889760859375 0.6494824578125 0.7342143640625001
6 0.7133274625 0.6970142125 0.732923125 0.6970142125 0.7329230546875001 0.651748459375 0.7133275734375 0.651748459375 0.7133274625 0.6970142125
6 0.26498378749999996 0.6328976640625 0.255182825 0.623020796875 0.22873545312500002 0.6492616640625 0.23853638125 0.6591384953125 0.26498378749999996 0.6328976640625
8 0.611718615625 0.49921875 0.6429688453125 0.49921875 0.64296844375 0.328125 0.611718890625 0.328125 0.611718615625 0.49921875
