8 0.2287 0.3955765625 0.23098281250000002 0.38048125 0.23372031249999997 0.359515625 0.236459375 0.34525937500000003 0.226875 0.331003125 0.22185468749999998 0.34274375 0.2131828125 0.36119375 0.20725 0.3905453125 0.2122703125 0.39390000000000003 0.22185468749999998 0.38886875 0.2287 0.3955765625
8 0.232540625 0.407115625 0.232540625 0.41544687500000005 0.236225 0.417009375 0.24274218749999998 0.4133640625 0.2475609375 0.4118015625 0.24982656250000002 0.3977421875 0.24869375 0.3800375 0.2455765625 0.362853125 0.24019218750000002 0.34879375 0.234525 0.3498359375 0.2339578125 0.369103125 0.232540625 0.397221875 0.232540625 0.407115625
1 0.2954515625 0.4487734375 0.29715156249999997 0.43887968749999995 0.294884375 0.4331515625 0.2892171875 0.4373171875 0.285815625 0.44617031249999994 0.2861 0.4586671875 0.2895 0.46647812499999997 0.293184375 0.46127031250000006 0.2954515625 0.4487734375
1 0.257478125 0.4076359375 0.25294374999999997 0.39930468750000003 0.250678125 0.4102390625 0.24614375000000002 0.42898593749999997 0.24869375 0.42690312500000005 0.25351093750000003 0.4232578125 0.2577625 0.41805000000000003 0.257478125 0.4076359375
2 0.3317234375 0.45189843749999997 0.32293906250000004 0.455021875 0.3184046875 0.45450156249999996 0.30848593750000003 0.45033593749999995 0.29375 0.46022968750000004 0.2934671875 0.4810578125 0.2997015625 0.49511874999999994 0.3096203125 0.5044906250000001 0.318971875 0.5081359375 0.3288890625 0.50865625 0.335690625 0.5044906250000001 0.34135781249999997 0.49876250000000005 0.344475 0.479496875 0.3458921875 0.463353125 0.34362499999999996 0.45293906249999993 0.3385234375 0.45293906249999993 0.3317234375 0.45189843749999997
8 0.34164062500000003 0.333171875 0.34362499999999996 0.347753125 0.348725 0.37014375 0.3518421875 0.398784375 0.3464578125 0.43158906249999995 0.347309375 0.4378375 0.3546765625 0.449815625 0.362328125 0.45085625 0.36941250000000003 0.4440875 0.3750796875 0.4274234375 0.376496875 0.41440625000000003 0.3776296875 0.4008671875 0.3762125 0.3805578125 0.3688453125 0.3623328125 0.3643109375 0.3498359375 0.355809375 0.3295265625 0.3484421875 0.32327812499999997 0.34164062500000003 0.333171875
6 0.3662953125 0.3368171875 0.364878125 0.32692343749999997 0.363178125 0.3191125 0.3572265625 0.308178125 0.349009375 0.3060953125 0.3405078125 0.3139046875 0.33824062499999996 0.3238 0.339090625 0.3409828125 0.3430578125 0.3597296875 0.34702500000000003 0.378475 0.348159375 0.36129218750000003 0.3456078125 0.3513984375 0.3433421875 0.34202499999999997 0.3439078125 0.3352546875 0.348725 0.3284859375 0.35269218750000003 0.3326515625 0.36119375 0.3456703125 0.3660109375 0.3581671875 0.3713953125 0.37951718749999996 0.3708296875 0.37326875 0.369128125 0.3581671875 0.367428125 0.3482734375 0.3662953125 0.3368171875
1 0.37196250000000003 0.48522499999999996 0.3702625 0.497721875 0.3677125 0.509178125 0.369978125 0.5112609375 0.376496875 0.5117812500000001 0.3810296875 0.51021875 0.38443125 0.5055328125 0.3875484375 0.4956390625 0.3821640625 0.47793437499999997 0.3767796875 0.469603125 0.3730953125 0.4768921875 0.37196250000000003 0.48522499999999996
1 0.5740093749999999 0.51490625 0.57684375 0.5232375 0.5808109375 0.530528125 0.582228125 0.53156875 0.58449375 0.5180296875 0.5816609374999999 0.5039703125 0.5782609375 0.4836625 0.57514375 0.4914734375 0.5725921875 0.500325 0.572309375 0.5081359375 0.5740093749999999 0.51490625
8 0.5855921875 0.4653609375 0.5878546874999999 0.4778359375 0.5935125 0.48199375 0.6018109375 0.48199375 0.6063359375 0.4736765625 0.6052046875 0.4514984375 0.6014328124999999 0.4348640625 0.6014328124999999 0.41545781249999997 0.5991703125 0.39189375000000004 0.5961531250000001 0.38011093749999997 0.58823125 0.38634843750000003 0.5863453125 0.40852656249999997 0.5844609375 0.43555781250000003 0.5855921875 0.4653609375
2 0.645184375 0.5069453125 0.6463171875 0.525659375 0.6534828125 0.5360546875 0.6647984375 0.5332828125 0.6746046875 0.52843125 0.6855421875000001 0.5228859375 0.694971875 0.51595625 0.6930859375 0.48199375 0.6783765625 0.479221875 0.6674390625 0.4806078125 0.6553687499999999 0.4847671875 0.64443125 0.49585625 0.645184375 0.5069453125
8 0.6953265625 0.46717031249999996 0.6998890624999999 0.47403281249999996 0.70694375 0.47250781249999996 0.7177296875 0.46640781249999996 0.7305921875 0.47708281250000006 0.731421875 0.46869531249999996 0.732665625 0.43133906250000004 0.72229375 0.3855953125 0.7251984375 0.3581484375 0.72021875 0.3360390625 0.7135812500000001 0.3322265625 0.70694375 0.3611984375 0.7003046875 0.4038921875 0.6953265625 0.46717031249999996
6 0.7331265625000001 0.3287078125 0.7282328125 0.3116671875 0.7223078125 0.3003046875 0.7150937500000001 0.2969921875 0.706078125 0.300778125 0.6998953125 0.313559375 0.697834375 0.3315484375 0.6962890625 0.346696875 0.697834375 0.360425 0.7032437500000001 0.3774671875 0.70659375 0.368 0.7058203125 0.356165625 0.70659375 0.34385625000000003 0.7099421875 0.3343890625 0.7150937500000001 0.330128125 0.7217921875 0.3419625 0.724884375 0.3500109375 0.7269453125 0.3703671875 0.7277171874999999 0.3893015625 0.7297781249999999 0.38172812500000003 0.735703125 0.36326562500000004 0.7346734374999999 0.3400703125 0.7331265625000001 0.3287078125
1 0.7666171875 0.4565234375 0.76326875 0.46646406249999994 0.759146875 0.4754578125 0.7563125 0.47593125000000003 0.7537359375 0.4801921875 0.7470390625000001 0.4830328125 0.746265625 0.476878125 0.741628125 0.473565625 0.7369921875000001 0.476878125 0.7364765625 0.48113906249999994 0.739309375 0.4910796875 0.74214375 0.4986546875 0.7524484375 0.4977078125 0.7594046875 0.4996015625 0.7650718750000001 0.4977078125 0.77048125 0.49676093750000005 0.7789828125 0.4910796875 0.78104375 0.4711984375 0.7789828125 0.45368281250000003 0.7751187500000001 0.447528125 0.76919375 0.45178906249999995 0.7666171875 0.4565234375
2 0.688559375 0.5246906250000001 0.6751640625 0.5317921875 0.673103125 0.5369984375 0.6728453125 0.5474140625 0.6756796875 0.5682421875 0.6785125 0.5743968749999999 0.6821203125 0.57865625 0.6864984375 0.58244375 0.6921671875000001 0.58623125 0.7019562500000001 0.5819703125 0.7120031250000001 0.57865625 0.7197312499999999 0.5710828125 0.7272015625 0.555934375 0.7290046875 0.5436265625 0.7246265625 0.52753125 0.7194734375 0.5156968749999999 0.7058203125 0.5171171875 0.688559375 0.5246906250000001
2 0.6257015625 0.5625625000000001 0.62544375 0.5838640625 0.63136875 0.596171875 0.6362640625 0.61179375 0.6463109375 0.614634375 0.6563578125 0.6136874999999999 0.6635718749999999 0.60469375 0.6728453125 0.5890718749999999 0.6759375000000001 0.5701359375 0.6723296875 0.5545140625 0.6615109375 0.54220625 0.6517203125 0.5426796875 0.64064375 0.5459937499999999 0.629309375 0.5526203125 0.6257015625 0.5625625000000001
1 0.62544375 0.5890718749999999 0.6226109375 0.5743968749999999 0.622353125 0.563034375 0.617715625 0.5682421875 0.6161703125 0.5791296874999999 0.6184890625 0.5904921875 0.623640625 0.6013796874999999 0.62544375 0.6080062500000001 0.62544375 0.5890718749999999
1 0.4020921875 0.6425640625 0.4008046875 0.6586593749999999 0.4038953125 0.6562921875 0.4121390625 0.64871875 0.41755000000000003 0.638303125 0.41677656250000006 0.624575 0.4172921875 0.6151078125 0.41471562500000003 0.5990125 0.4095640625 0.61179375 0.40595625 0.625521875 0.4020921875 0.6425640625
1 0.405184375 0.5791296874999999 0.4031234375 0.565875 0.3997734375 0.5549875 0.39822812500000004 0.5672953125 0.3984859375 0.577709375 0.39281875 0.577709375 0.38792343749999997 0.577709375 0.38689375 0.5923859375 0.3856046875 0.6042203125000001 0.38534687500000003 0.61179375 0.39049999999999996 0.6231546875 0.39874375 0.6335703125000001 0.4010625 0.6226812500000001 0.406471875 0.612740625 0.40801718749999993 0.5990125 0.407503125 0.5914390625 0.405184375 0.5791296874999999
1 0.35057031250000004 0.548359375 0.3500546875 0.558775 0.3477359375 0.56776875 0.3469625 0.5791296874999999 0.3490234375 0.579603125 0.3523734375 0.577709375 0.3572671875 0.570609375 0.36138906249999997 0.5606687499999999 0.3595859375 0.5511999999999999 0.3549484375 0.5407859375 0.3528875 0.5417328125 0.35057031250000004 0.548359375
2 0.3513421875 0.548359375 0.3500546875 0.5384187500000001 0.3464484375 0.5280046875 0.341553125 0.5270578125000001 0.3340828125 0.5251640625 0.328671875 0.519009375 0.3212015625 0.50906875 0.31012343750000004 0.5114359375 0.304971875 0.5152234375 0.2987890625 0.5298984375 0.2941515625 0.5436265625 0.2964703125 0.552146875 0.2982734375 0.558775 0.29981874999999997 0.5682421875 0.30419843750000003 0.5791296874999999 0.31038125 0.587178125 0.31965625000000003 0.5919125000000001 0.32661093750000003 0.5923859375 0.333309375 0.5895453125000001 0.3394921875 0.5843375 0.34438749999999996 0.5772375000000001 0.3482515625 0.5682421875 0.3500546875 0.557828125 0.3513421875 0.548359375
6 0.2819921875 0.626521875 0.28168125 0.6156375 0.27638124999999997 0.63053125 0.2745109375 0.6437046875 0.2782515625 0.65630625 0.287603125 0.663753125 0.29820156249999996 0.654015625 0.30817656250000003 0.6419859375 0.31222812499999997 0.6339671874999999 0.313475 0.6156375 0.307240625 0.6179296875 0.298825 0.6316765625 0.2907203125 0.6431328125 0.28323906249999997 0.6465687499999999 0.2807453125 0.6385500000000001 0.2819921875 0.626521875
1 0.29009687500000003 0.5543484375000001 0.2922796875 0.5446109375 0.2944609375 0.5371640625 0.29664375 0.5308640625 0.2969546875 0.5239906249999999 0.2897859375 0.530290625 0.285109375 0.53945625 0.2810578125 0.5480484375 0.2835515625 0.559503125 0.29009687500000003 0.5543484375000001
6 0.661453125 0.723309375 0.655784375 0.7186234375 0.6501171875 0.7045640625 0.64615 0.6884203125 0.6418999999999999 0.6800890625 0.6438828125 0.6972734375 0.646434375 0.712375 0.6546515625 0.731640625 0.664003125 0.74049375 0.6710875 0.731640625 0.6744875 0.7139359375 0.6719375000000001 0.6957109375 0.6657031250000001 0.6832140625 0.65861875 0.673840625 0.6555015625 0.6681125 0.65861875 0.6879 0.66286875 0.7045640625 0.6642859375 0.71601875 0.661453125 0.723309375
6 0.26968557656250003 0.6986930921875001 0.2730047828125 0.698278190625 0.27715379218749997 0.690809975 0.28005809843749996 0.6800225531249999 0.2788133953125 0.6796076515625 0.270930278125 0.686246065625 0.2671961703125 0.6787778484375 0.27176008125 0.6559583 0.26678126875 0.6708947328125 0.26595146875000003 0.6762884437500001 0.2642918640625 0.683341759375 0.26346206250000004 0.692054678125 0.2638769640625 0.6962036875 0.26968557656250003 0.6986930921875001
6 0.32486739375 0.6850013625 0.317814078125 0.68832056875 0.31532467343750004 0.69371428125 0.31283526875 0.6891503718750001 0.3095160609375 0.6820970562500001 0.305781953125 0.677948046875 0.299973340625 0.690809975 0.2978988359375 0.69993779375 0.30121804375 0.7078209109375 0.3095160609375 0.7094805140625 0.317814078125 0.7024272 0.32486739375 0.6850013625
6 0.6906446484375001 0.6960935203124999 0.6899635390625 0.6974557390625 0.6756602468749999 0.7042668296875 0.6851957750000001 0.7178890124999999 0.692687975 0.71925123125 0.6947313015625001 0.7158456859375 0.6906446484375001 0.6960935203124999
8 0.6204904078125 0.47405194687499996 0.6238959546875 0.484268584375 0.6313881546875 0.49039856718749997 0.63615591875 0.4774574921875 0.6327503734375 0.42296876250000004 0.6211715171875001 0.33442457812500004 0.619128190625 0.33714901406250003 0.611635990625 0.36575559687500003 0.6204904078125 0.47405194687499996
