8 0.2287 0.3955765625 0.23098281250000002 0.38048125 0.23372031249999997 0.359515625 0.236459375 0.34525937500000003 0.226875 0.331003125 0.22185468749999998 0.34274375 0.2131828125 0.36119375 0.20725 0.3905453125 0.2122703125 0.39390000000000003 0.22185468749999998 0.38886875 0.2287 0.3955765625
8 0.232540625 0.407115625 0.232540625 0.41544687500000005 0.236225 0.417009375 0.24274218749999998 0.4133640625 0.2475609375 0.4118015625 0.24982656250000002 0.3977421875 0.24869375 0.3800375 0.2455765625 0.362853125 0.24019218750000002 0.34879375 0.234525 0.3498359375 0.2339578125 0.369103125 0.232540625 0.397221875 0.232540625 0.407115625
8 0.34164062500000003 0.333171875 0.34362499999999996 0.347753125 0.348725 0.37014375 0.3518421875 0.398784375 0.3464578125 0.43158906249999995 0.347309375 0.4378375 0.3546765625 0.449815625 0.362328125 0.45085625 0.36941250000000003 0.4440875 0.3750796875 0.4274234375 0.376496875 0.41440625000000003 0.3776296875 0.4008671875 0.3762125 0.3805578125 0.3688453125 0.3623328125 0.3643109375 0.3498359375 0.355809375 0.3295265625 0.3484421875 0.32327812499999997 0.34164062500000003 0.333171875
5 0.3662953125 0.3368171875 0.364878125 0.32692343749999997 0.363178125 0.3191125 0.3572265625 0.308178125 0.349009375 0.3060953125 0.3405078125 0.3139046875 0.33824062499999996 0.3238 0.339090625 0.3409828125 0.3430578125 0.3597296875 0.34702500000000003 0.378475 0.348159375 0.36129218750000003 0.3456078125 0.3513984375 0.3433421875 0.34202499999999997 0.3439078125 0.3352546875 0.348725 0.3284859375 0.35269218750000003 0.3326515625 0.36119375 0.3456703125 0.3660109375 0.3581671875 0.3713953125 0.37951718749999996 0.3708296875 0.37326875 0.369128125 0.3581671875 0.367428125 0.3482734375 0.3662953125 0.3368171875
8 0.5855921875 0.4653609375 0.5878546874999999 0.4778359375 0.5935125 0.48199375 0.6018109375 0.48199375 0.6063359375 0.4736765625 0.6052046875 0.4514984375 0.6014328124999999 0.4348640625 0.6014328124999999 0.41545781249999997 0.5991703125 0.39189375000000004 0.5961531250000001 0.38011093749999997 0.58823125 0.38634843750000003 0.5863453125 0.40852656249999997 0.5844609375 0.43555781250000003 0.5855921875 0.4653609375
8 0.6953265625 0.46717031249999996 0.6998890624999999 0.47403281249999996 0.70694375 0.47250781249999996 0.7177296875 0.46640781249999996 0.7305921875 0.47708281250000006 0.731421875 0.46869531249999996 0.732665625 0.43133906250000004 0.72229375 0.3855953125 0.7251984375 0.3581484375 0.72021875 0.3360390625 0.7135812500000001 0.3322265625 0.70694375 0.3611984375 0.7003046875 0.4038921875 0.6953265625 0.46717031249999996
5 0.7331265625000001 0.3287078125 0.7282328125 0.3116671875 0.7223078125 0.3003046875 0.7150937500000001 0.2969921875 0.706078125 0.300778125 0.6998953125 0.313559375 0.697834375 0.3315484375 0.6962890625 0.346696875 0.697834375 0.360425 0.7032437500000001 0.3774671875 0.70659375 0.368 0.7058203125 0.356165625 0.70659375 0.34385625000000003 0.7099421875 0.3343890625 0.7150937500000001 0.330128125 0.7217921875 0.3419625 0.724884375 0.3500109375 0.7269453125 0.3703671875 0.7277171874999999 0.3893015625 0.7297781249999999 0.38172812500000003 0.735703125 0.36326562500000004 0.7346734374999999 0.3400703125 0.7331265625000001 0.3287078125
5 0.2819921875 0.626521875 0.28168125 0.6156375 0.27638124999999997 0.63053125 0.2745109375 0.6437046875 0.2782515625 0.65630625 0.287603125 0.663753125 0.29820156249999996 0.654015625 0.30817656250000003 0.6419859375 0.31222812499999997 0.6339671874999999 0.313475 0.6156375 0.307240625 0.6179296875 0.298825 0.6316765625 0.2907203125 0.6431328125 0.28323906249999997 0.6465687499999999 0.2807453125 0.6385500000000001 0.2819921875 0.626521875
5 0.661453125 0.723309375 0.655784375 0.7186234375 0.6501171875 0.7045640625 0.64615 0.6884203125 0.6418999999999999 0.6800890625 0.6438828125 0.6972734375 0.646434375 0.712375 0.6546515625 0.731640625 0.664003125 0.74049375 0.6710875 0.731640625 0.6744875 0.7139359375 0.6719375000000001 0.6957109375 0.6657031250000001 0.6832140625 0.65861875 0.673840625 0.6555015625 0.6681125 0.65861875 0.6879 0.66286875 0.7045640625 0.6642859375 0.71601875 0.661453125 0.723309375
5 0.26968557656250003 0.6986930921875001 0.2730047828125 0.698278190625 0.27715379218749997 0.690809975 0.28005809843749996 0.6800225531249999 0.2788133953125 0.6796076515625 0.270930278125 0.686246065625 0.2671961703125 0.6787778484375 0.27176008125 0.6559583 0.26678126875 0.6708947328125 0.26595146875000003 0.6762884437500001 0.2642918640625 0.683341759375 0.26346206250000004 0.692054678125 0.2638769640625 0.6962036875 0.26968557656250003 0.6986930921875001
5 0.32486739375 0.6850013625 0.317814078125 0.68832056875 0.31532467343750004 0.69371428125 0.31283526875 0.6891503718750001 0.3095160609375 0.6820970562500001 0.305781953125 0.677948046875 0.299973340625 0.690809975 0.2978988359375 0.69993779375 0.30121804375 0.7078209109375 0.3095160609375 0.7094805140625 0.317814078125 0.7024272 0.32486739375 0.6850013625
5 0.6906446484375001 0.6960935203124999 0.6899635390625 0.6974557390625 0.6756602468749999 0.7042668296875 0.6851957750000001 0.7178890124999999 0.692687975 0.71925123125 0.6947313015625001 0.7158456859375 0.6906446484375001 0.6960935203124999
8 0.6204904078125 0.47405194687499996 0.6238959546875 0.484268584375 0.6313881546875 0.49039856718749997 0.63615591875 0.4774574921875 0.6327503734375 0.42296876250000004 0.6211715171875001 0.33442457812500004 0.619128190625 0.33714901406250003 0.611635990625 0.36575559687500003 0.6204904078125 0.47405194687499996
