8 0.20686129531250003 0.3930659125 0.22857096562499998 0.39641360937500003 0.23838412031249998 0.33277787187499996 0.21667460468750002 0.32943018749999997 0.20686129531250003 0.3930659125
8 0.24982656250000002 0.34879375 0.232540625 0.34879375 0.232540625 0.417009375 0.24982656250000002 0.417009375 0.24982656250000002 0.34879375
8 0.3737713171875 0.322038409375 0.341173778125 0.323633871875 0.3474365265625 0.45158510312500005 0.3800340640625 0.44998965156250004 0.3737713171875 0.322038409375
8 0.5864804484375 0.4827756703125 0.606747378125 0.4817419703125 0.6004819921875 0.3589120953125 0.5802153953125 0.35994578593750004 0.5864804484375 0.4827756703125
8 0.7419820953125 0.3344607515625 0.705989553125 0.3316293515625 0.6947684421875 0.47426471562500006 0.73076098125 0.477096090625 0.7419820953125 0.3344607515625
5 0.2803992984375 0.671069796875 0.2645228359375 0.6707585375 0.26394301875 0.7003292484375 0.27981948125 0.70064050625 0.2803992984375 0.671069796875
5 0.2736841828125 0.65563614375 0.2800043578125 0.65652020625 0.2854501453125 0.61759289375 0.2791300171875 0.616708834375 0.2736841828125 0.65563614375
5 0.32156213437500003 0.622866725 0.3117520609375 0.615767603125 0.279371625 0.6605076750000001 0.2891816640625 0.667606759375 0.32156213437500003 0.622866725
5 0.3268321953125 0.6748450046875 0.30594523749999997 0.6704361671875 0.2993255859375 0.701792440625 0.3202125390625 0.7062012625 0.3268321953125 0.6748450046875
5 0.6494824578125 0.7342143640625001 0.6711181703125 0.73279580625 0.6681515421875 0.687557534375 0.6465160421875 0.6889760859375 0.6494824578125 0.7342143640625001
5 0.7133274625 0.6970142125 0.732923125 0.6970142125 0.7329230546875001 0.651748459375 0.7133275734375 0.651748459375 0.7133274625 0.6970142125
5 0.26498378749999996 0.6328976640625 0.255182825 0.623020796875 0.22873545312500002 0.6492616640625 0.23853638125 0.6591384953125 0.26498378749999996 0.6328976640625
8 0.611718615625 0.49921875 0.6429688453125 0.49921875 0.64296844375 0.328125 0.611718890625 0.328125 0.611718615625 0.49921875
