8 0.2131828125 0.36119375 0.20725 0.3905453125 0.2122703125 0.39390000000000003 0.22185468749999998 0.38886875 0.2287 0.3955765625 0.23098281250000002 0.38048125 0.23372031249999997 0.359515625 0.236459375 0.34525937500000003 0.226875 0.331003125 0.22185468749999998 0.34274375 0.2131828125 0.36119375
8 0.24869375 0.3800375 0.2455765625 0.362853125 0.24019218750000002 0.34879375 0.234525 0.3498359375 0.2339578125 0.369103125 0.232540625 0.397221875 0.232540625 0.407115625 0.232540625 0.41544687500000005 0.236225 0.417009375 0.24274218749999998 0.4133640625 0.2475609375 0.4118015625 0.24982656250000002 0.3977421875 0.24869375 0.3800375
2 0.30055769374999997 0.4857013078125 0.31047644375 0.4950731828125 0.31982800624999996 0.49871849687500003 0.32974519375 0.49923880781249996 0.33654675625 0.4950731828125 0.34221394374999997 0.4893450578125 0.34533113125 0.47007943281250003 0.34674831875 0.4539356828125 0.34448113125 0.443521621875 0.33937956874999997 0.443521621875 0.33257956875 0.442480996875 0.32379519375 0.44560443281250006 0.31926081875 0.445084121875 0.30934206875000003 0.440918496875 0.29460613125 0.450812246875 0.29432331875 0.47164037187499996 0.30055769374999997 0.4857013078125
7 0.307353125 0.39201406250000004 0.2980015625 0.3456703125 0.30310156250000003 0.37170625 0.3039515625 0.3935765625 0.30848593750000003 0.41961250000000005 0.3118859375 0.4118015625 0.307353125 0.39201406250000004
7 0.3226546875 0.37326875 0.3209546875 0.39305625 0.3158546875 0.4076359375 0.323221875 0.4060734375 0.32690625 0.40659531250000003 0.32605625 0.374309375 0.324071875 0.3555640625 0.3192546875 0.3399421875 0.3226546875 0.37326875
8 0.3546765625 0.449815625 0.362328125 0.45085625 0.36941250000000003 0.4440875 0.3750796875 0.4274234375 0.376496875 0.41440625000000003 0.3776296875 0.4008671875 0.3762125 0.3805578125 0.3688453125 0.3623328125 0.3643109375 0.3498359375 0.355809375 0.3295265625 0.3484421875 0.32327812499999997 0.34164062500000003 0.333171875 0.34362499999999996 0.347753125 0.348725 0.37014375 0.3518421875 0.398784375 0.3464578125 0.43158906249999995 0.347309375 0.4378375 0.3546765625 0.449815625
1 0.38443125 0.5055328125 0.3875484375 0.4956390625 0.3821640625 0.47793437499999997 0.3767796875 0.469603125 0.3730953125 0.4768921875 0.37196250000000003 0.48522499999999996 0.3702625 0.497721875 0.3677125 0.509178125 0.369978125 0.5112609375 0.376496875 0.5117812500000001 0.3810296875 0.51021875 0.38443125 0.5055328125
1 0.5782609375 0.4836625 0.57514375 0.4914734375 0.5725921875 0.500325 0.572309375 0.5081359375 0.5740093749999999 0.51490625 0.57684375 0.5232375 0.5808109375 0.530528125 0.582228125 0.53156875 0.58449375 0.5180296875 0.5816609374999999 0.5039703125 0.5782609375 0.4836625
8 0.6014328124999999 0.4348640625 0.6014328124999999 0.41545781249999997 0.5991703125 0.39189375000000004 0.5961531250000001 0.38011093749999997 0.58823125 0.38634843750000003 0.5863453125 0.40852656249999997 0.5844609375 0.43555781250000003 0.5855921875 0.4653609375 0.5878546874999999 0.4778359375 0.5935125 0.48199375 0.6018109375 0.48199375 0.6063359375 0.4736765625 0.6052046875 0.4514984375 0.6014328124999999 0.4348640625
1 0.623309375 0.4736765625 0.6153890625 0.485459375 0.615765625 0.49239062499999997 0.619159375 0.4951625 0.624440625 0.4951625 0.6312296875000001 0.493084375 0.6383953124999999 0.4903109375 0.640659375 0.48268750000000005 0.6383953124999999 0.46951875000000004 0.6300984374999999 0.4702125 0.623309375 0.4736765625
2 0.694971875 0.5082510703125 0.6930859375 0.47428857031250005 0.6783765625 0.4715166953125 0.6674390625 0.4729026328125 0.6553687499999999 0.47706200781249997 0.64443125 0.48815107031249994 0.645184375 0.4992401328125 0.6463171875 0.5179541953125 0.6534828125 0.5283495078125 0.6647984375 0.5255776328125 0.6746046875 0.5207260703125 0.6855421875000001 0.5151807578125001 0.694971875 0.5082510703125
7 0.654534375 0.38920937499999997 0.6553859375 0.4183703125 0.6553859375 0.45221718749999995 0.66076875 0.45013437500000003 0.65906875 0.43138750000000003 0.6573687500000001 0.4095171875 0.6596359374999999 0.3584859375 0.654534375 0.38920937499999997
7 0.6755046874999999 0.41212187499999997 0.6723874999999999 0.42461874999999993 0.6743718750000001 0.3938953125 0.6723874999999999 0.3272421875 0.6706875 0.367859375 0.6704046875 0.40326874999999995 0.6678531249999999 0.4267015625 0.6613359375 0.451696875 0.6658703125 0.4537796875 0.6740875 0.4537796875 0.6755046874999999 0.430346875 0.6786218749999999 0.35952812500000003 0.676921875 0.377753125 0.6755046874999999 0.41212187499999997
8 0.732665625 0.43133906250000004 0.72229375 0.3855953125 0.7251984375 0.3581484375 0.72021875 0.3360390625 0.7135812500000001 0.3322265625 0.70694375 0.3611984375 0.7003046875 0.4038921875 0.6953265625 0.46717031249999996 0.6998890624999999 0.47403281249999996 0.70694375 0.47250781249999996 0.7177296875 0.46640781249999996 0.7305921875 0.47708281250000006 0.731421875 0.46869531249999996 0.732665625 0.43133906250000004
1 0.746265625 0.476878125 0.741628125 0.473565625 0.7369921875000001 0.476878125 0.7364765625 0.48113906249999994 0.739309375 0.4910796875 0.74214375 0.4986546875 0.7524484375 0.4977078125 0.7594046875 0.4996015625 0.7650718750000001 0.4977078125 0.77048125 0.49676093750000005 0.7789828125 0.4910796875 0.78104375 0.4711984375 0.7789828125 0.45368281250000003 0.7751187500000001 0.447528125 0.76919375 0.45178906249999995 0.7666171875 0.4565234375 0.76326875 0.46646406249999994 0.759146875 0.4754578125 0.7563125 0.47593125000000003 0.7537359375 0.4801921875 0.7470390625000001 0.4830328125 0.746265625 0.476878125
2 0.6821203125 0.57865625 0.6864984375 0.58244375 0.6921671875000001 0.58623125 0.7019562500000001 0.5819703125 0.7120031250000001 0.57865625 0.7197312499999999 0.5710828125 0.7272015625 0.555934375 0.7290046875 0.5436265625 0.7246265625 0.52753125 0.7194734375 0.5156968749999999 0.7058203125 0.5171171875 0.688559375 0.5246906250000001 0.6751640625 0.5317921875 0.673103125 0.5369984375 0.6728453125 0.5474140625 0.6756796875 0.5682421875 0.6785125 0.5743968749999999 0.6821203125 0.57865625
7 0.7444625 0.6681265625 0.73158125 0.6212625 0.7235953125 0.599959375 0.7187015625 0.5885984375 0.715609375 0.5739234375 0.7140640625 0.590965625 0.7228234375 0.6113203125 0.733384375 0.6397234375 0.7444625 0.6681265625
7 0.7076234375 0.608953125 0.70788125 0.5938046875 0.69860625 0.5904921875 0.7040171875000001 0.6212625 0.7094265625 0.6482453125000001 0.7230796875000001 0.6775953125 0.7102 0.6373562500000001 0.7076234375 0.608953125
2 0.6635718749999999 0.60469375 0.6728453125 0.5890718749999999 0.6759375000000001 0.5701359375 0.6723296875 0.5545140625 0.6615109375 0.54220625 0.6517203125 0.5426796875 0.64064375 0.5459937499999999 0.629309375 0.5526203125 0.6257015625 0.5625625000000001 0.62544375 0.5838640625 0.63136875 0.596171875 0.6362640625 0.61179375 0.6463109375 0.614634375 0.6563578125 0.6136874999999999 0.6635718749999999 0.60469375
7 0.6880453125 0.6932171874999999 0.6785125 0.6562921875 0.6787703125 0.6506125 0.6756796875 0.638303125 0.6646015625 0.6084796875 0.65945 0.614634375 0.6674359375 0.6354640625 0.67619375 0.6562921875 0.6880453125 0.6932171874999999
7 0.6558421875 0.7059984375 0.6509484375000001 0.6652875 0.6509484375000001 0.6406703125 0.6517203125 0.625521875 0.6514640625 0.616528125 0.644765625 0.6179484375000001 0.647084375 0.6430374999999999 0.6486296874999999 0.6752281250000001 0.6558421875 0.7059984375
1 0.623640625 0.6013796874999999 0.62544375 0.6080062500000001 0.62544375 0.5890718749999999 0.6226109375 0.5743968749999999 0.622353125 0.563034375 0.617715625 0.5682421875 0.6161703125 0.5791296874999999 0.6184890625 0.5904921875 0.623640625 0.6013796874999999
1 0.4172921875 0.6151078125 0.41471562500000003 0.5990125 0.4095640625 0.61179375 0.40595625 0.625521875 0.4020921875 0.6425640625 0.4008046875 0.6586593749999999 0.4038953125 0.6562921875 0.4121390625 0.64871875 0.41755000000000003 0.638303125 0.41677656250000006 0.624575 0.4172921875 0.6151078125
1 0.38792343749999997 0.577709375 0.38689375 0.5923859375 0.3856046875 0.6042203125000001 0.38534687500000003 0.61179375 0.39049999999999996 0.6231546875 0.39874375 0.6335703125000001 0.4010625 0.6226812500000001 0.406471875 0.612740625 0.40801718749999993 0.5990125 0.407503125 0.5914390625 0.405184375 0.5791296874999999 0.4031234375 0.565875 0.3997734375 0.5549875 0.39822812500000004 0.5672953125 0.3984859375 0.577709375 0.39281875 0.577709375 0.38792343749999997 0.577709375
1 0.3572671875 0.570609375 0.36138906249999997 0.5606687499999999 0.3595859375 0.5511999999999999 0.3549484375 0.5407859375 0.3528875 0.5417328125 0.35057031250000004 0.548359375 0.3500546875 0.558775 0.3477359375 0.56776875 0.3469625 0.5791296874999999 0.3490234375 0.579603125 0.3523734375 0.577709375 0.3572671875 0.570609375
2 0.3212015625 0.50906875 0.31012343750000004 0.5114359375 0.304971875 0.5152234375 0.2987890625 0.5298984375 0.2941515625 0.5436265625 0.2964703125 0.552146875 0.2982734375 0.558775 0.29981874999999997 0.5682421875 0.30419843750000003 0.5791296874999999 0.31038125 0.587178125 0.31965625000000003 0.5919125000000001 0.32661093750000003 0.5923859375 0.333309375 0.5895453125000001 0.3394921875 0.5843375 0.34438749999999996 0.5772375000000001 0.3482515625 0.5682421875 0.3500546875 0.557828125 0.3513421875 0.548359375 0.3500546875 0.5384187500000001 0.3464484375 0.5280046875 0.341553125 0.5270578125000001 0.3340828125 0.5251640625 0.328671875 0.519009375 0.3212015625 0.50906875
7 0.32095625 0.5967359375 0.319709375 0.6110562500000001 0.32095625 0.63053125 0.3165921875 0.6608890625 0.3106703125 0.6878109375 0.317528125 0.6723453125 0.32345 0.6477140625 0.3256328125 0.6288125 0.32719062499999996 0.5990265625 0.32095625 0.5967359375
7 0.2897859375 0.632821875 0.2985140625 0.619075 0.305059375 0.603609375 0.3094234375 0.5938718749999999 0.312540625 0.5892890625 0.307240625 0.5829890625 0.2894734375 0.625375 0.277628125 0.663753125 0.2897859375 0.632821875
1 0.285109375 0.53945625 0.2810578125 0.5480484375 0.2835515625 0.559503125 0.29009687500000003 0.5543484375000001 0.2922796875 0.5446109375 0.2944609375 0.5371640625 0.29664375 0.5308640625 0.2969546875 0.5239906249999999 0.2897859375 0.530290625 0.285109375 0.53945625
0 0.334228715625 0.46108787187500005 0.44532138125 0.47915420312499996 0.596685159375 0.47359530781250003 0.6744500046875 0.46108787187500005 0.738328371875 0.45413928124999997 0.74687496875 0.4343750015625 0.660563421875 0.42495516093749997 0.5216975890625 0.44858038593750005 0.40505026875 0.44024209531249997 0.3467266625 0.40271968593749996 0.2689617109375 0.387432803125 0.334228715625 0.46108787187500005
