1 0.29829374999999997 0.47643281249999997 0.2907296875 0.47643281249999997 0.2893109375 0.495553125 0.291675 0.5085890625 0.292146875 0.5251015625 0.28978281250000004 0.5442203125 0.29025625 0.5581265625 0.29782031249999996 0.5737703125 0.3063296875 0.5737703125 0.318621875 0.5755078124999999 0.32193125 0.5729 0.3242953125 0.5711625 0.3323328125 0.5581265625 0.334696875 0.55551875 0.3408421875 0.546828125 0.3370609375 0.521625 0.3309140625 0.5059812499999999 0.32287656249999996 0.4998984375 0.314840625 0.49729062500000004 0.3077484375 0.4842546875 0.29829374999999997 0.47643281249999997
1 0.6685296875 0.6368406249999999 0.663040625 0.6380281250000001 0.66465625 0.6463390625 0.666915625 0.6540546875000001 0.6701453125 0.6647390625 0.6730515625 0.6665203125 0.675634375 0.663553125 0.6778953125 0.6570234375 0.6769265625 0.6445578125 0.6733734375 0.6368406249999999 0.6685296875 0.6368406249999999
1 0.44490468749999995 0.6256296875 0.44622812500000003 0.621575 0.44622812500000003 0.6106281250000001 0.44534531250000003 0.6008984374999999 0.443140625 0.595221875 0.4407140625 0.59400625 0.43850937500000003 0.5948171875 0.43564218749999994 0.5972500000000001 0.4318921875 0.5980609375 0.4303484375 0.6008984374999999 0.43145156250000005 0.6061687499999999 0.43520000000000003 0.6061687499999999 0.43718593749999995 0.613871875 0.4413765625 0.621575 0.44490468749999995 0.6256296875
6 0.3051511171875 0.4224676328125 0.3089975609375 0.425031928125 0.3102797078125 0.428237296875 0.31156185625 0.43272481406249996 0.3141261515625 0.4384944796875 0.3154082984375 0.4314426671875 0.3160493734375 0.41926226250000004 0.30707433906250003 0.4051586578125 0.30579219062499996 0.4051586578125 0.3013046734375 0.40131221562499997 0.298740378125 0.40195328906250005 0.294893934375 0.404517584375 0.2923296390625 0.4070818796875 0.28784212187499997 0.4134925984375 0.277584940625 0.44682843906249997 0.2865600140625 0.45195706874999997 0.2891242703125 0.44362307031250003 0.28976534374999996 0.43528910937500004 0.291688565625 0.42759622343750003 0.29681715625 0.42310870781250004 0.3051511171875 0.4224676328125
5 0.3679763546875 0.5365787796875 0.389772865625 0.5365787796875 0.396824678125 0.540425221875 0.40515863906250005 0.5429895171875 0.43016051875 0.5455538125 0.4551624 0.5449127390624999 0.47888213281249997 0.52503945 0.4763178375 0.5154233625 0.45708562031250005 0.5109358453125 0.407722934375 0.5160644359375001 0.38336212812500003 0.520551953125 0.3519495078125 0.523757321875 0.35002628750000003 0.5243983953125 0.3436155484375 0.5333734109375 0.3519495078125 0.537219853125 0.358360246875 0.537219853125 0.3679763546875 0.5365787796875
5 0.5717895109375 0.5385552578125 0.5725903375 0.53695360625 0.5713890984375001 0.5317482390625 0.5681857953125 0.525742046875 0.56578331875 0.524941221875 0.5621796031249999 0.526142459375 0.5589763 0.529746175 0.556173409375 0.5289453484375 0.561779190625 0.5385552578125 0.5649824921875 0.539756496875 0.5677853828125 0.539756496875 0.5717895109375 0.5385552578125
5 0.6086274671874999 0.6274469078125 0.62344274375 0.628247721875 0.646266275 0.6234427796875 0.6522724671875 0.614633696875 0.6458658625 0.61022915625 0.6298493484375001 0.6098287421874999 0.6150340734374999 0.6098287421874999 0.598216734375 0.6106295687500001 0.5930113671874999 0.614633696875 0.5938121921875 0.621040303125 0.598216734375 0.62624566875 0.6086274671874999 0.6274469078125
5 0.38559754062499996 0.613432446875 0.37638804531250003 0.61102996875 0.370782265625 0.6086275046875 0.3583694671875 0.61102996875 0.32353355 0.614233271875 0.285019421875 0.614233271875 0.2999091921875 0.629849371875 0.3035129078125 0.6338535015625 0.3099195140625 0.636656390625 0.33114139374999996 0.63945928125 0.3511620359375 0.63985969375 0.37438598125 0.6386584546875 0.3920041453125 0.6246440062499999 0.38559754062499996 0.613432446875
0 0.5570661375 0.520133640625 0.6594001281249999 0.5178253546875 0.73018755 0.4947425 0.7271098359375 0.44549907656250004 0.686330125 0.47089021718749996 0.648628128125 0.4739679296875 0.6178509890624999 0.477815071875 0.57630185 0.46858193125 0.498589571875 0.4655042171875 0.323159921875 0.462426503125 0.28391906875 0.47012078749999997 0.25160307187500003 0.47242907343749996 0.24083107187500002 0.47242907343749996 0.24006164375 0.5193642125 0.30315478125 0.5216724968750001 0.41549134062500004 0.5255196390625 0.5570661375 0.520133640625
0 0.5824572781249999 0.686330171875 0.634778415625 0.7032575984375 0.674788696875 0.6678638875 0.7171072656249999 0.649397628125 0.7032575515625 0.6201593453124999 0.6240064171874999 0.6447810578125 0.5362915687500001 0.65016705625 0.4431907671875 0.6509364843750001 0.3901002 0.6532447703125001 0.3901002 0.6955633140625 0.4031804859375 0.697102171875 0.4562710515625 0.6909467421875 0.48089271718750004 0.6901773140625 0.5216724265625 0.6786358875 0.55014128125 0.6786358875 0.5632215656249999 0.686330171875 0.5824572781249999 0.686330171875
