1 0.20140937499999997 0.32513593749999997 0.2134177984375 0.32586204531249996 0.2148758265625 0.30174958749999997 0.20286743125 0.30102348125 0.20140937499999997 0.32513593749999997
2 0.2685265953125 0.33473128750000003 0.21761312500000002 0.32328879062500004 0.2039317234375 0.3841620171875 0.2548451796875 0.3956044734375 0.2685265953125 0.33473128750000003
7 0.228310853125 0.2991047359375 0.2323187734375 0.29871093593750003 0.2262296875 0.236740625 0.2222217890625 0.23713442499999998 0.228310853125 0.2991047359375
7 0.24602326093750002 0.222782534375 0.24285780781250002 0.22253906250000002 0.23981249999999998 0.26213125000000004 0.2429779515625 0.262374721875 0.24602326093750002 0.222782534375
7 0.24866976875 0.2415358734375 0.2444968734375 0.24147500000000002 0.2434675640625 0.312033128125 0.24764045937499998 0.3120940015625 0.24866976875 0.2415358734375
1 0.23273743750000003 0.288541196875 0.21723561875000003 0.28921546249999996 0.21873437343750002 0.323671875 0.23423619218749997 0.3229976109375 0.23273743750000003 0.288541196875
2 0.3109640296875 0.3251797078125 0.2638131796875 0.3235567203125 0.2614206140625 0.393062584375 0.3085714640625 0.3946855671875 0.3109640296875 0.3251797078125
7 0.294965978125 0.2326115546875 0.2864171875 0.2328671875 0.2891735 0.3250411328125 0.2977222890625 0.32478550156249997 0.294965978125 0.2326115546875
7 0.26378830625 0.23259453749999998 0.25925 0.2332984375 0.2725999546875 0.3193687578125 0.2771382609375 0.318664859375 0.26378830625 0.23259453749999998
7 0.289112225 0.21273106249999998 0.28384061875 0.212640625 0.2822015625 0.3081796875 0.28747316875 0.308270125 0.289112225 0.21273106249999998
7 0.3580844859375 0.32696597656250004 0.36400626406250003 0.326684375 0.3591372109375 0.22429685156249998 0.353215484375 0.224578453125 0.3580844859375 0.32696597656250004
2 0.47091554531249996 0.4279890625 0.5090438890625 0.4279890625 0.5090436859375 0.3442 0.47091571718749997 0.3442 0.47091554531249996 0.4279890625
1 0.5705263765625 0.3932576875 0.5783422171875 0.392484371875 0.5742203124999999 0.3508265625 0.5664045093750001 0.351599875 0.5705263765625 0.3932576875
2 0.6188716140625 0.5019236593749999 0.6687726281249999 0.488889225 0.6536709140625 0.43107849218750005 0.6037703078125001 0.444112871875 0.6188716140625 0.5019236593749999
7 0.6826285109375 0.5887074218749999 0.6906611546875 0.5854374124999999 0.662040625 0.5151390625000001 0.654008071875 0.5184090515625 0.6826285109375 0.5887074218749999
7 0.611177115625 0.5229264 0.6031373984374999 0.5242412328125 0.6195342484374999 0.6244922078124999 0.6275739640625 0.6231773875 0.611177115625 0.5229264
5 0.345475840625 0.3096673921875 0.2985918109375 0.31137219531250004 0.30175780625000004 0.3984375 0.3486418359375 0.396732703125 0.345475840625 0.3096673921875
5 0.631835803125 0.3955078125 0.6679689359375 0.3955078125 0.66796875 0.298828125 0.6318359765625 0.298828125 0.631835803125 0.3955078125
