1 0.20140937499999997 0.32513593749999997 0.2054609375 0.3188359375 0.2101375 0.3188359375 0.21356562499999998 0.3234171875 0.2148125 0.30279687499999997 0.2132546875 0.30165156249999997 0.21044843750000003 0.302225 0.2067078125 0.306234375 0.2020328125 0.31654375 0.20140937499999997 0.32513593749999997
2 0.2107609375 0.3537765625 0.2095140625 0.36122187499999997 0.2107609375 0.36695 0.2129421875 0.374396875 0.2169953125 0.380125 0.22229375 0.3852796875 0.22728125000000002 0.3812703125 0.23195625 0.38184375 0.23694375 0.39158125 0.2447375 0.3927265625 0.25408906249999996 0.38814375 0.258453125 0.3795515625 0.2615703125 0.36236875 0.258453125 0.3423203125 0.24660781250000002 0.332009375 0.23663281249999998 0.3325828125 0.22541093750000002 0.3302921875 0.22073593749999998 0.32399062500000003 0.2166828125 0.327428125 0.2157484375 0.33544687500000003 0.21450156250000002 0.34632968750000004 0.2107609375 0.3537765625
1 0.2177984375 0.30215468749999996 0.2194375 0.31506406249999996 0.218734375 0.323671875 0.23208437499999998 0.32238125 0.23325468749999997 0.31635625 0.23325468749999997 0.3004328125 0.2288046875 0.2944078125 0.2264640625 0.2888140625 0.22131093750000003 0.2944078125 0.2177984375 0.30215468749999996
2 0.2620967234375 0.373421146875 0.2620967234375 0.3755727109375 0.2623310984375 0.3871914609375 0.27240141093750003 0.3902039609375 0.2761482859375 0.3884820859375 0.2813014109375 0.389343021875 0.2909029734375 0.394077396875 0.2979279734375 0.394077396875 0.30425141093749997 0.386330521875 0.3091701609375 0.377293021875 0.3091701609375 0.3471695859375 0.30261234843749996 0.337271146875 0.2939467234375 0.3303852109375 0.2871560984375 0.3243602109375 0.27521234843750003 0.3243602109375 0.2700592234375 0.3256508359375 0.2642045359375 0.33253677187499997 0.2632670359375 0.3394227109375 0.2635014109375 0.353624271875 0.2620967234375 0.373421146875
2 0.47890156250000004 0.3621890625 0.471946875 0.37544374999999997 0.47091562500000006 0.389171875 0.47117343749999996 0.42278125 0.4747796875 0.42514843750000003 0.4922984375 0.4279890625 0.50904375 0.4223078125 0.50904375 0.370709375 0.5064671875 0.3527203125 0.49848125000000004 0.3442 0.4886921875 0.348459375 0.47890156250000004 0.3621890625
1 0.5742203124999999 0.3508265625 0.5706125 0.35698124999999997 0.5690671875 0.3621890625 0.5682953125 0.370709375 0.5690671875 0.37591718749999997 0.5713859375 0.3811234375 0.5749921875 0.38727812500000003 0.5783421875 0.392484375 0.5739625 0.374496875 0.5742203124999999 0.35792812500000004 0.5742203124999999 0.3508265625
2 0.613634375 0.4455046875 0.6089984375 0.4573390625 0.61415 0.4838484375 0.6193015625 0.4871625 0.622909375 0.49284375 0.6285765624999999 0.49615625 0.6391390625 0.4966296875 0.6486703125 0.49047656249999994 0.6563984375 0.48526875 0.6610359375 0.4810078125 0.6636124999999999 0.477221875 0.663096875 0.4720140625 0.660778125 0.4582859375 0.6558828125 0.4431375 0.6545953124999999 0.43461718749999995 0.6491859375 0.43224999999999997 0.6440328125 0.43461718749999995 0.63424375 0.4398234375 0.630121875 0.4426640625 0.6244546875 0.442190625 0.620075 0.4436109375 0.613634375 0.4455046875
5 0.3369777578125 0.3694346375 0.341750815625 0.3675254140625 0.3388869796875 0.353206240625 0.31979475 0.352251628125 0.3140670796875 0.3579792984375 0.31311246875 0.366570803125 0.31979475 0.371343859375 0.3331593109375 0.3703892484375 0.3369777578125 0.3694346375
5 0.6590039734375 0.349707309375 0.6570611546875 0.345433109375 0.6473470625 0.349707309375 0.644627115625 0.353592946875 0.646569934375 0.357478584375 0.65356408125 0.3590328390625 0.65783828125 0.3528158203125 0.6590039734375 0.349707309375
0 0.5703006296875001 0.501389678125 0.5439161015625 0.5236252046875001 0.46892853125 0.537522390625 0.396718340625 0.530573796875 0.295346240625 0.484713096875 0.2245246875 0.45413928124999997 0.192585503125 0.4624775703125 0.2036948125 0.4749850578125 0.273127728125 0.5152868625 0.314787478125 0.525014903125 0.43976672656250004 0.5625374171875 0.516142934375 0.5583681671875 0.6522314921875 0.502779428125 0.74687496875 0.45868055781250006 0.7327736125000001 0.4388523453125 0.7147210109375 0.43746264687499997 0.6800045531250001 0.4708159125 0.6522314921875 0.4888822421875 0.5703006296875001 0.501389678125
0 0.44393274375 0.351300090625 0.40227299375000003 0.3568589859375 0.332840078125 0.3429618015625 0.2800710203125 0.3221160234375 0.1981401578125 0.3082188375 0.202306175 0.31655712812500003 0.270350453125 0.3429618015625 0.3481152984375 0.374925315625 0.3814431203125 0.3763150125 0.5022563515625 0.3707561703125 0.588353125 0.33879265625 0.6827820390625 0.29154220625 0.6744500046875 0.2748655734375 0.606405725 0.3096085359375 0.578632559375 0.33740290625 0.5258635 0.344351496875 0.44393274375 0.351300090625
