1 0.31307448125000004 0.5015800984375 0.28790213593749997 0.5011028515625 0.28627421875 0.5869599062499999 0.31144656406250004 0.5874371484375 0.31307448125000004 0.5015800984375
6 0.6654377828125 0.7381529765625 0.6392988453124999 0.74266360625 0.6517942828125001 0.815061146875 0.6779332109375 0.8105505578125 0.6654377828125 0.7381529765625
6 0.6113745078124999 0.8406244546874999 0.6380869078125 0.8402006312499999 0.6365201593750001 0.7414861796875 0.609808396875 0.741909996875 0.6113745078124999 0.8406244546874999
7 0.614025221875 0.7602703953125001 0.6183156265624999 0.7605078125 0.6217265624999999 0.698878125 0.617436215625 0.698640709375 0.614025221875 0.7602703953125001
7 0.3867996171875 0.7065678234375 0.3807781140625 0.7064250000000001 0.37922656250000003 0.7718281250000001 0.385248065625 0.7719709484374999 0.3867996171875 0.7065678234375
7 0.3582273484375 0.767059446875 0.36310156875 0.7674265625000001 0.3665125 0.722146875 0.3616383296875 0.7217797609375001 0.3582273484375 0.767059446875
7 0.36446233281249996 0.6880138921875 0.3593796359375 0.6863015453125 0.335218653125 0.7580065968749999 0.3403013453125 0.75971893125 0.36446233281249996 0.6880138921875
8 0.24512750625000002 0.5290873765625 0.2827464171875 0.5290873765625 0.2827461484375 0.4101640671875 0.24512787343750003 0.4101640671875 0.24512750625000002 0.5290873765625
1 0.3591675609375 0.5280273328125 0.381573146875 0.546357634375 0.40297298281250005 0.5202022078125 0.3805674734375 0.50187195625 0.3591675609375 0.5280273328125
5 0.6743271140625 0.59344061875 0.7593535328125001 0.5676311562499999 0.734375 0.4853515625 0.6493496953125 0.5111608453125001 0.6743271140625 0.59344061875
